0.2578,473.3541,23360760.7164,473.3541,0.7123,219.8287,216.9968,2.8318,3.4617,0.0016,1.4450,-0.5349,0.9201,0.9750,1
0.2747,512.0946,22985249.5831,512.0946,0.7314,221.4122,218.7036,2.7086,3.2476,0.0017,1.3488,-0.5504,0.9153,0.9785,1
0.2644,434.1749,24037726.5028,434.1749,0.7323,224.2099,221.4364,2.7735,3.3397,0.0017,1.3283,-0.5608,0.9261,0.9799,1
0.2785,432.3908,22952613.4635,432.3908,0.7354,221.4369,218.7245,2.7125,3.2289,0.0017,1.3170,-0.5663,0.9220,0.9826,1
0.2693,451.2635,23751221.3600,451.2635,0.7347,224.0279,221.3203,2.7075,3.2723,0.0017,1.3393,-0.5485,0.9160,0.9781,1
0.2725,404.9126,24346697.1614,404.9126,0.7344,227.1216,224.4011,2.7205,3.2353,0.0017,1.3211,-0.5656,0.9222,0.9834,1
0.2767,486.3910,23034831.4779,486.3910,0.7326,221.7364,219.0298,2.7066,3.2423,0.0017,1.3433,-0.5534,0.9166,0.9785,1
0.2774,458.4356,23455523.6511,458.4356,0.7437,224.1940,221.5363,2.6576,3.1568,0.0018,1.2830,-0.5653,0.9169,0.9813,1
0.2768,426.2474,22231706.5713,426.2474,0.7056,216.8279,214.0089,2.8190,3.4700,0.0016,1.4547,-0.5320,0.9192,0.9809,1
0.2732,427.2975,21607529.6830,427.2975,0.7097,213.8660,211.0793,2.7867,3.4116,0.0016,1.4469,-0.5314,0.9155,0.9775,1
0.2754,459.8083,22835608.5403,459.8083,0.7141,220.3256,217.5698,2.7558,3.3552,0.0016,1.4267,-0.5375,0.9151,0.9789,1
0.2647,468.3581,24065706.7601,468.3581,0.7127,223.7596,220.8896,2.8699,3.4779,0.0016,1.4162,-0.5496,0.9285,0.9796,1
0.2740,373.4874,21404305.4088,373.4874,0.7076,212.7698,210.0066,2.7632,3.3805,0.0016,1.4242,-0.5360,0.9159,0.9805,1
0.2672,437.1843,23326726.0377,437.1843,0.7051,220.8809,218.0354,2.8456,3.4734,0.0016,1.4738,-0.5360,0.9214,0.9789,1
0.2540,445.6887,25362505.8873,445.6887,0.6932,227.5670,224.6377,2.9294,3.5693,0.0015,1.4761,-0.5379,0.9278,0.9797,1
0.2683,425.3595,21717296.4035,425.3595,0.7065,213.4528,210.6436,2.8092,3.4523,0.0016,1.4360,-0.5331,0.9187,0.9803,1
0.2650,416.6195,24126057.2473,416.6195,0.7176,224.3974,221.5594,2.8380,3.4156,0.0016,1.3816,-0.5588,0.9294,0.9827,1
0.2732,365.1378,22632855.3581,365.1378,0.7145,218.1590,215.3289,2.8301,3.4549,0.0016,1.4061,-0.5493,0.9272,0.9827,1
0.2546,474.6057,25411312.3925,474.6057,0.7089,228.2953,225.3946,2.9007,3.5019,0.0016,1.4134,-0.5537,0.9315,0.9822,1
0.2628,510.6949,24864917.8710,510.6949,0.7117,227.5765,224.7488,2.8277,3.4175,0.0016,1.4131,-0.5441,0.9223,0.9791,1
0.2609,422.0266,25552801.9777,422.0266,0.7128,230.0717,227.2253,2.8464,3.4128,0.0016,1.3859,-0.5585,0.9290,0.9835,1
0.2612,412.9576,25097416.1189,412.9576,0.7127,228.3667,225.5460,2.8207,3.3989,0.0016,1.3967,-0.5499,0.9244,0.9824,1
0.2738,417.1220,23526989.7963,417.1220,0.7173,222.9925,220.2112,2.7814,3.3672,0.0016,1.3803,-0.5505,0.9225,0.9832,1
0.2581,410.7394,23505130.5909,410.7394,0.7145,220.8180,218.0211,2.7969,3.3972,0.0016,1.3885,-0.5435,0.9208,0.9792,1
0.2637,490.4090,23491883.3572,490.4090,0.7066,221.1854,218.3392,2.8462,3.4736,0.0016,1.4563,-0.5367,0.9218,0.9798,1
0.2690,456.2198,20768088.2318,456.2198,0.7056,208.8414,206.0173,2.8241,3.4949,0.0016,1.4605,-0.5284,0.9189,0.9775,1
0.2577,451.2682,24781731.2413,451.2682,0.7093,225.7330,222.8412,2.8919,3.4974,0.0016,1.4309,-0.5525,0.9307,0.9835,1
0.2657,448.8759,24644568.6838,448.8759,0.7082,226.6612,223.7909,2.8703,3.4577,0.0016,1.4350,-0.5507,0.9278,0.9811,1
0.2569,432.2698,23008573.6067,432.2698,0.6983,217.0925,214.1422,2.9503,3.6068,0.0015,1.4819,-0.5429,0.9320,0.9801,1
0.2624,433.1125,24508427.7330,433.1125,0.6951,225.7764,222.9272,2.8492,3.5148,0.0015,1.5292,-0.5172,0.9139,0.9780,1
0.2649,486.1395,21748868.9299,486.1395,0.7100,212.7311,209.8385,2.8926,3.5272,0.0016,1.4536,-0.5468,0.9297,0.9781,1
0.2539,452.1092,25579541.8725,452.1092,0.7017,229.3134,226.4455,2.8679,3.4720,0.0016,1.4427,-0.5377,0.9223,0.9784,1
0.2534,397.9367,26283994.0069,397.9367,0.7076,231.8562,228.9825,2.8737,3.4595,0.0016,1.4141,-0.5512,0.9281,0.9834,1
0.2731,436.9764,22757483.8355,436.9764,0.7134,218.7594,215.8926,2.8668,3.4542,0.0016,1.4210,-0.5570,0.9306,0.9831,1
0.2781,342.2853,21324883.7199,342.2853,0.7206,213.2982,210.5894,2.7088,3.2948,0.0016,1.3751,-0.5438,0.9148,0.8720,1
0.2759,428.6943,21944685.3649,428.6943,0.7167,215.6014,212.8031,2.7983,3.3841,0.0016,1.4001,-0.5522,0.9246,0.9808,1
0.2702,502.8807,23696928.8073,502.8807,0.7210,223.0497,220.1970,2.8526,3.4350,0.0016,1.3811,-0.5609,0.9313,0.9799,1
0.2650,451.9548,22136504.6341,451.9548,0.7053,214.8308,211.9605,2.8703,3.5217,0.0016,1.4591,-0.5367,0.9246,0.9754,1
0.2728,406.9479,22369449.1197,406.9479,0.7025,216.2742,213.3286,2.9455,3.6043,0.0016,1.4581,-0.5499,0.9350,0.9784,1
0.2649,413.0831,22971806.5169,413.0831,0.7044,218.4923,215.6092,2.8831,3.5082,0.0016,1.4582,-0.5455,0.9282,0.9814,1
0.2511,450.1655,26083762.1592,450.1655,0.6912,231.0753,228.2292,2.8461,3.4993,0.0015,1.4856,-0.5211,0.9153,0.9820,1
0.2661,409.8717,23646215.5991,409.8717,0.7178,222.5431,219.7521,2.7910,3.3717,0.0016,1.3770,-0.5521,0.9236,0.9830,1
0.2667,468.1498,23676534.0119,468.1498,0.7071,222.2685,219.3945,2.8740,3.4857,0.0016,1.4506,-0.5475,0.9277,0.9805,1
0.2756,479.7748,22310549.2899,479.7748,0.7102,217.4607,214.6248,2.8359,3.4541,0.0016,1.4593,-0.5371,0.9211,0.9773,1
0.2689,420.0831,22073069.3021,420.0831,0.7059,215.3133,212.5067,2.8066,3.4318,0.0016,1.4342,-0.5344,0.9182,0.9786,1
0.2535,520.9809,23915069.0289,520.9809,0.6927,221.3900,218.4762,2.9139,3.5757,0.0015,1.5085,-0.5253,0.9217,0.9730,1
0.2699,435.5848,22998449.4263,435.5848,0.7073,219.3567,216.4703,2.8865,3.4964,0.0016,1.4359,-0.5503,0.9297,0.9818,1
0.2700,453.0948,23198147.9240,453.0948,0.7112,220.6757,217.8245,2.8512,3.4514,0.0016,1.4156,-0.5495,0.9270,0.9805,1
0.2653,388.3450,22447592.3973,388.3450,0.7118,216.3458,213.5092,2.8365,3.4492,0.0016,1.4058,-0.5504,0.9272,0.9815,1
0.2658,430.7461,24284801.3145,430.7461,0.7225,225.8695,223.1217,2.7478,3.3157,0.0016,1.3609,-0.5482,0.9184,0.9813,1
0.2504,365.6390,26071205.1323,365.6390,0.7146,230.0707,227.2034,2.8673,3.4813,0.0016,1.3874,-0.5518,0.9297,0.9813,2
0.2459,402.1499,27064375.1854,402.1499,0.7173,234.0827,231.2222,2.8604,3.4410,0.0016,1.3747,-0.5561,0.9299,0.9811,2
0.2484,470.8924,26815335.6310,470.8924,0.7061,234.6099,231.8066,2.8033,3.3893,0.0016,1.4319,-0.5311,0.9138,0.9785,2
0.2485,405.2509,26456944.2793,405.2509,0.7149,231.6746,228.7950,2.8797,3.4938,0.0016,1.4011,-0.5476,0.9284,0.9811,2
0.2376,460.0228,29044301.9780,460.0228,0.7136,241.1090,238.2385,2.8705,3.4482,0.0016,1.3817,-0.5511,0.9274,0.9797,2
0.2296,459.6214,29943171.3606,459.6214,0.7020,242.1209,239.1434,2.9775,3.5924,0.0015,1.4438,-0.5485,0.9338,0.9796,2
0.2351,477.9929,29080873.3902,477.9929,0.7018,239.5276,236.5279,2.9998,3.6150,0.0015,1.4579,-0.5521,0.9365,0.9789,2
0.2347,534.5949,28954912.7262,534.5949,0.7109,240.3747,237.4967,2.8780,3.4683,0.0016,1.4200,-0.5407,0.9236,0.9779,2
0.2306,549.8434,29208217.0133,549.8434,0.7063,239.4288,236.4352,2.9936,3.6178,0.0015,1.4261,-0.5497,0.9356,0.9741,2
0.2289,577.0550,29838458.9249,577.0550,0.7009,241.7724,238.7522,3.0202,3.6435,0.0015,1.4673,-0.5465,0.9355,0.9756,2
0.2517,506.8650,26904886.3502,506.8650,0.7140,234.4865,231.5988,2.8877,3.4642,0.0016,1.4177,-0.5510,0.9285,0.9775,2
0.2453,471.3933,26650751.8570,471.3933,0.7078,231.5007,228.5399,2.9608,3.5725,0.0016,1.4475,-0.5536,0.9352,0.9781,2
0.2415,373.4085,26313396.1290,373.4085,0.7095,230.1790,227.3245,2.8544,3.4586,0.0016,1.4064,-0.5437,0.9245,0.9817,2
0.2449,514.2832,27647856.6293,514.2832,0.7005,236.4221,233.4932,2.9290,3.5430,0.0015,1.4795,-0.5398,0.9273,0.9788,2
0.2551,401.9022,26210141.2746,401.9022,0.7200,232.0058,229.1760,2.8298,3.4089,0.0016,1.3684,-0.5550,0.9275,0.9826,2
0.2549,378.8728,25952812.1489,378.8728,0.7192,231.5743,228.8138,2.7605,3.3334,0.0016,1.3623,-0.5419,0.9166,0.9812,2
0.2469,454.9482,27800552.1112,454.9482,0.7136,237.7122,234.8565,2.8557,3.4235,0.0016,1.3941,-0.5520,0.9266,0.9809,2
0.2414,612.9840,27258723.2276,612.9840,0.7033,234.8027,231.9054,2.8973,3.5114,0.0015,1.4685,-0.5303,0.9207,0.9720,2
0.2444,494.0368,28439023.0642,494.0368,0.7199,239.8124,236.9253,2.8870,3.4445,0.0016,1.3823,-0.5602,0.9315,0.9796,2
0.2355,427.1308,29233302.2680,427.1308,0.7011,241.1593,238.2571,2.9022,3.5034,0.0015,1.4456,-0.5394,0.9251,0.9788,2
0.2237,601.9067,29532153.1580,601.9067,0.6789,239.1493,236.0839,3.0654,3.7534,0.0014,1.5801,-0.5214,0.9292,0.9711,2
0.2495,477.5566,26573492.9284,477.5566,0.7140,232.3243,229.4001,2.9242,3.5142,0.0016,1.4137,-0.5585,0.9343,0.9798,2
0.2334,489.9163,30039384.9895,489.9163,0.7007,244.0387,241.1014,2.9373,3.5311,0.0015,1.4468,-0.5446,0.9288,0.9790,2
0.2428,435.0558,25692088.0816,435.0558,0.7214,229.3347,226.6042,2.7305,3.3306,0.0016,1.3569,-0.5312,0.9104,0.9784,2
0.2373,476.4654,29565734.5166,476.4654,0.7045,243.8163,240.9614,2.8549,3.4571,0.0016,1.4503,-0.5320,0.9184,0.9794,2
0.2339,524.4220,29855523.2852,524.4220,0.7061,243.1365,240.1648,2.9718,3.5637,0.0016,1.4319,-0.5531,0.9345,0.9788,2
0.2420,487.9953,28210336.9723,487.9953,0.7076,237.9382,234.9962,2.9420,3.5306,0.0016,1.4219,-0.5509,0.9321,0.9780,2
0.2444,394.6211,28219965.6869,394.6211,0.7061,238.1146,235.1959,2.9188,3.5118,0.0016,1.4172,-0.5528,0.9318,0.9803,2
0.2356,492.7004,29434554.9361,492.7004,0.7042,241.7951,238.8442,2.9509,3.5352,0.0016,1.4367,-0.5514,0.9323,0.9800,2
0.2386,540.1362,28925002.9732,540.1362,0.7090,240.4855,237.5441,2.9415,3.5224,0.0016,1.4257,-0.5512,0.9315,0.9755,2
0.2394,412.9905,28013508.3124,412.9905,0.7197,236.6920,233.8154,2.8766,3.4728,0.0016,1.3828,-0.5533,0.9300,0.9790,2
0.2356,478.4168,28898942.8940,478.4168,0.7132,238.9677,235.9781,2.9895,3.5809,0.0016,1.4035,-0.5647,0.9403,0.9804,2
0.2462,535.6832,26497266.7512,535.6832,0.7122,232.4436,229.6074,2.8362,3.4134,0.0016,1.4119,-0.5408,0.9205,0.9759,2
0.2356,490.2673,27191874.8745,490.2673,0.7130,232.2815,229.3282,2.9534,3.5531,0.0016,1.4076,-0.5560,0.9352,0.9753,2
0.2402,489.2029,28353331.9598,489.2029,0.7169,238.5142,235.6039,2.9103,3.4766,0.0016,1.3914,-0.5578,0.9324,0.9790,2
0.2432,510.6147,28398932.7845,510.6147,0.7057,239.9618,237.0964,2.8654,3.4398,0.0016,1.4277,-0.5404,0.9219,0.9793,2
0.2282,587.0257,29334726.1619,587.0257,0.7065,240.7008,237.7774,2.9235,3.5314,0.0016,1.4631,-0.5332,0.9234,0.9726,2
0.2424,447.4860,26712911.8056,447.4860,0.7122,233.8752,231.1460,2.7292,3.3317,0.0016,1.4126,-0.5180,0.9028,0.9781,2
0.2517,440.6983,27368673.5071,440.6983,0.7259,237.4402,234.6909,2.7492,3.2816,0.0017,1.3340,-0.5513,0.9182,0.9808,2
0.2417,440.4591,28798673.3500,440.4591,0.7080,240.8454,237.9898,2.8555,3.4397,0.0016,1.4142,-0.5424,0.9229,0.9805,2
0.2461,481.6931,27207666.8954,481.6931,0.7095,235.8816,233.0756,2.8060,3.3964,0.0016,1.4243,-0.5309,0.9148,0.9769,2
0.2483,527.0953,27243495.8941,527.0953,0.7179,235.8335,232.9838,2.8497,3.4142,0.0016,1.3919,-0.5515,0.9261,0.9798,2
0.2384,527.0235,29045760.6396,527.0235,0.7023,241.4180,238.5064,2.9117,3.5053,0.0015,1.4584,-0.5389,0.9251,0.9765,2
0.2274,475.3854,30671395.2174,475.3854,0.6880,245.2332,242.2996,2.9335,3.5805,0.0015,1.5135,-0.5196,0.9193,0.9775,2
0.2317,567.5779,30446812.9162,567.5779,0.7038,246.7872,243.9348,2.8524,3.4269,0.0016,1.4386,-0.5304,0.9163,0.9759,2
0.2258,549.4112,30430047.6436,549.4112,0.7076,244.2762,241.3474,2.9288,3.5254,0.0015,1.4146,-0.5440,0.9284,0.9751,2
0.2529,464.6057,26147729.7763,464.6057,0.7211,231.1395,228.2569,2.8826,3.4701,0.0016,1.3870,-0.5594,0.9325,0.9810,2
0.2331,543.2411,29692518.0113,543.2411,0.7043,242.8383,239.9071,2.9312,3.5247,0.0015,1.4515,-0.5422,0.9276,0.9793,2
0.2370,447.5437,29519327.3570,447.5437,0.7055,242.3888,239.4724,2.9164,3.5025,0.0016,1.4215,-0.5500,0.9299,0.9817,2
0.2405,559.0643,28339460.2599,559.0643,0.7015,238.7040,235.7937,2.9103,3.5140,0.0015,1.4718,-0.5354,0.9234,0.9779,2
0.2575,525.7955,26196013.0183,525.7955,0.7276,232.9972,230.1849,2.8123,3.3713,0.0017,1.3664,-0.5551,0.9250,0.9779,3
0.2419,676.3927,28322343.4078,676.3927,0.7152,240.0199,237.1488,2.8711,3.4313,0.0016,1.4499,-0.5416,0.9218,0.9747,3
0.2689,507.7816,24753192.6117,507.7816,0.7286,228.5646,225.8055,2.7591,3.2878,0.0017,1.3611,-0.5578,0.9215,0.9793,3
0.2523,692.0933,26358081.1059,692.0933,0.7181,233.9654,231.1605,2.8048,3.3581,0.0016,1.4217,-0.5365,0.9149,0.9710,3
0.2576,498.3032,26218282.7314,498.3032,0.7294,233.2400,230.4451,2.7949,3.3343,0.0017,1.3539,-0.5607,0.9257,0.9801,3
0.2589,561.2448,25971040.5444,561.2448,0.7292,232.8723,230.1198,2.7525,3.2720,0.0017,1.3630,-0.5524,0.9177,0.9760,3
0.2695,514.4583,24711750.9889,514.4583,0.7351,228.9599,226.2460,2.7139,3.2192,0.0017,1.3305,-0.5597,0.9181,0.9784,3
0.2567,460.3003,26733316.7860,460.3003,0.7210,235.4198,232.6340,2.7858,3.3389,0.0016,1.3770,-0.5498,0.9205,0.9801,3
0.2609,563.7651,24811651.5466,563.7651,0.7400,229.8350,227.2265,2.6086,3.1241,0.0017,1.2968,-0.5356,0.8983,0.9731,3
0.2581,478.0358,26710853.9782,478.0358,0.7363,236.3705,233.6772,2.6933,3.2021,0.0017,1.3041,-0.5566,0.9154,0.9803,3
0.2747,527.8414,23578963.4824,527.8414,0.7395,224.2513,221.5549,2.6964,3.2239,0.0017,1.3284,-0.5543,0.9156,0.9774,3
0.2520,531.0336,26826891.1172,531.0336,0.7242,235.2584,232.4827,2.7758,3.3311,0.0016,1.3694,-0.5454,0.9179,0.9763,3
0.2564,462.8140,26047397.1912,462.8140,0.7210,232.1634,229.3568,2.8066,3.3662,0.0016,1.3899,-0.5524,0.9235,0.9809,3
0.2527,518.7907,26835666.4052,518.7907,0.7234,235.5310,232.7517,2.7793,3.3260,0.0016,1.3809,-0.5477,0.9188,0.9775,3
0.2736,264.7250,24499823.6609,264.7250,0.7418,228.4145,225.8084,2.6061,3.1428,0.0017,1.2663,-0.5524,0.9098,0.9876,3
0.2705,350.6995,24364784.1474,350.6995,0.7282,226.7829,224.0824,2.7006,3.2455,0.0017,1.3347,-0.5515,0.9162,0.9841,3
0.2573,580.2046,25987845.7436,580.2046,0.7154,232.6165,229.8383,2.7782,3.3596,0.0016,1.4020,-0.5333,0.9131,0.9754,3
0.2636,498.9247,25200107.7924,498.9247,0.7176,229.4206,226.6354,2.7852,3.3439,0.0016,1.3908,-0.5459,0.9188,0.9800,3
0.2669,633.8002,24463865.5692,633.8002,0.7284,226.9430,224.1396,2.8034,3.3595,0.0017,1.3765,-0.5541,0.9238,0.9744,3
0.2576,560.1518,25746928.5294,560.1518,0.7225,231.2447,228.4383,2.8064,3.3713,0.0016,1.3744,-0.5468,0.9210,0.9748,3
0.2616,555.7890,25408869.7636,555.7890,0.7175,230.4993,227.6996,2.7997,3.3699,0.0016,1.4136,-0.5431,0.9189,0.9768,3
0.2575,455.8900,24659664.8372,455.8900,0.7073,225.3212,222.4204,2.9008,3.5126,0.0016,1.4435,-0.5464,0.9287,0.9811,3
0.2566,475.5735,25583851.1287,475.5735,0.7145,230.0590,227.2452,2.8138,3.3863,0.0016,1.4008,-0.5453,0.9211,0.9781,3
0.2600,576.1790,25219355.9725,576.1790,0.7099,229.2130,226.3871,2.8259,3.4138,0.0016,1.4476,-0.5352,0.9176,0.9769,3
0.2508,504.6884,26586091.5913,504.6884,0.7111,233.6892,230.8770,2.8122,3.4008,0.0016,1.4266,-0.5345,0.9163,0.9772,3
0.2734,480.4894,22947133.9882,480.4894,0.7403,221.0770,218.3992,2.6778,3.2090,0.0017,1.3109,-0.5545,0.9149,0.9783,3
0.2543,525.0045,26648942.3656,525.0045,0.7239,235.2146,232.4528,2.7618,3.3117,0.0016,1.3738,-0.5457,0.9167,0.9798,3
0.2696,490.8569,24061608.4798,490.8569,0.7283,225.9199,223.2245,2.6954,3.2408,0.0017,1.3631,-0.5433,0.9109,0.9783,3
0.2666,484.4201,24537229.9193,484.4201,0.7251,226.6656,223.8444,2.8212,3.3714,0.0017,1.3693,-0.5622,0.9286,0.9802,3
0.2605,526.3704,25948072.5680,526.3704,0.7333,233.4934,230.7747,2.7187,3.2332,0.0017,1.3304,-0.5555,0.9169,0.9790,3
0.2553,500.1985,25250362.5163,500.1985,0.7111,228.3019,225.4675,2.8344,3.4254,0.0016,1.4273,-0.5403,0.9208,0.9768,3
0.2663,492.0596,24919110.9783,492.0596,0.7225,228.6691,225.8740,2.7950,3.3511,0.0017,1.3795,-0.5537,0.9232,0.9800,3
0.2552,547.5394,26273255.9307,547.5394,0.7213,232.5618,229.7013,2.8604,3.4285,0.0016,1.3799,-0.5554,0.9284,0.9753,3
0.2563,486.2480,26289271.8191,486.2480,0.7126,232.7030,229.8489,2.8541,3.4504,0.0016,1.4253,-0.5440,0.9241,0.9787,3
0.2521,515.9887,25316499.3205,515.9887,0.7175,227.3778,224.4658,2.9121,3.5198,0.0016,1.4203,-0.5519,0.9317,0.9745,3
0.2689,457.8109,24753342.9054,457.8109,0.7190,228.4534,225.7014,2.7520,3.3300,0.0016,1.3938,-0.5373,0.9139,0.9794,3
0.2643,528.6918,24487329.2972,528.6918,0.7064,226.1171,223.2763,2.8409,3.4467,0.0016,1.4669,-0.5326,0.9181,0.9768,3
0.2651,552.1918,24988260.8151,552.1918,0.7149,229.5746,226.8297,2.7449,3.3260,0.0016,1.4165,-0.5292,0.9087,0.9775,3
0.2714,482.1866,24242622.3609,482.1866,0.7241,226.7000,223.9846,2.7154,3.2876,0.0017,1.3724,-0.5405,0.9124,0.9782,3
0.2587,532.7464,25524516.5963,532.7464,0.7115,229.4784,226.5943,2.8840,3.4725,0.0016,1.4268,-0.5537,0.9300,0.9804,3
0.2486,471.0772,26405522.3682,471.0772,0.7063,231.3460,228.4178,2.9282,3.5336,0.0016,1.4330,-0.5493,0.9315,0.9794,3
0.2570,450.6011,23348697.2948,450.6011,0.7247,220.3898,217.6254,2.7644,3.3572,0.0016,1.3646,-0.5438,0.9186,0.9776,3
0.2605,531.3632,24955458.9221,531.3632,0.7109,227.8533,225.0143,2.8390,3.4233,0.0016,1.4432,-0.5415,0.9213,0.9770,3
0.2603,576.1897,24735825.6475,576.1897,0.7103,226.8173,223.9898,2.8275,3.4107,0.0016,1.4533,-0.5370,0.9182,0.9756,3
0.2648,427.0524,23505665.1386,427.0524,0.7157,221.3067,218.4789,2.8278,3.4534,0.0016,1.4036,-0.5426,0.9236,0.9774,3
0.2542,447.9098,26952833.9028,447.9098,0.7170,236.0931,233.3311,2.7620,3.3257,0.0016,1.3771,-0.5392,0.9142,0.9794,3
0.2688,487.9577,23607451.5393,487.9577,0.7240,223.4031,220.6502,2.7529,3.3265,0.0017,1.3938,-0.5433,0.9164,0.9762,3
0.2524,442.2692,26635118.8443,442.2692,0.7142,233.5077,230.6692,2.8386,3.4295,0.0016,1.4076,-0.5471,0.9246,0.9818,3
0.2699,530.9355,23188339.8222,530.9355,0.7210,220.6060,217.7631,2.8429,3.4364,0.0016,1.4201,-0.5509,0.9268,0.9781,3
0.2631,464.7424,25081080.7071,464.7424,0.7147,228.7650,225.9604,2.8046,3.4029,0.0016,1.4253,-0.5385,0.9186,0.9792,3
0.2226,581.3682,29723504.2908,581.3682,0.6826,239.7165,236.6754,3.0411,3.7219,0.0014,1.5330,-0.5250,0.9294,0.9727,4
0.2168,548.3761,30806384.3793,548.3761,0.6916,243.0944,240.0868,3.0076,3.6696,0.0015,1.5126,-0.5248,0.9266,0.9724,4
0.2417,417.3477,27000233.4470,417.3477,0.7088,234.3399,231.5803,2.7596,3.3738,0.0016,1.4167,-0.5201,0.9067,0.9791,4
0.2249,587.7467,30045771.2663,587.7467,0.6896,242.1746,239.1812,2.9934,3.6284,0.0015,1.5040,-0.5286,0.9263,0.9724,4
0.2329,448.9993,28727724.5127,448.9993,0.7121,239.5636,236.7507,2.8129,3.4108,0.0016,1.3855,-0.5343,0.9170,0.9780,4
0.2335,492.7818,28343423.5199,492.7818,0.7001,237.0806,234.1697,2.9110,3.5486,0.0015,1.4672,-0.5313,0.9233,0.9772,4
0.2223,613.5103,29891232.4803,613.5103,0.6971,241.1203,238.1412,2.9792,3.6286,0.0015,1.5066,-0.5298,0.9270,0.9702,4
0.2300,622.2629,28375028.8612,622.2629,0.6954,237.9942,235.1170,2.8772,3.5208,0.0015,1.4976,-0.5110,0.9108,0.9682,4
0.2287,626.0582,28519254.1344,626.0582,0.7083,239.3304,236.5211,2.8093,3.4194,0.0016,1.4318,-0.5157,0.9074,0.9693,4
0.2174,582.4965,31745795.7220,582.4965,0.6854,247.0833,244.0991,2.9842,3.6240,0.0015,1.5112,-0.5256,0.9245,0.9738,4
0.2483,418.0224,26404327.2025,418.0224,0.7223,233.1675,230.4624,2.7051,3.2927,0.0016,1.3714,-0.5284,0.9065,0.9794,4
0.2274,420.3329,30412680.0725,420.3329,0.6787,243.2851,240.2848,3.0003,3.6763,0.0014,1.5202,-0.5246,0.9269,0.9801,4
0.2336,470.8376,27654363.7387,470.8376,0.6798,233.9069,230.9453,2.9616,3.6419,0.0015,1.5419,-0.5160,0.9207,0.9766,4
0.2297,511.2717,27662745.8091,511.2717,0.6793,232.9314,229.9175,3.0139,3.7060,0.0014,1.5550,-0.5187,0.9255,0.9766,4
0.2257,530.6088,28617379.5761,530.6088,0.6770,236.8256,233.8620,2.9636,3.6736,0.0014,1.5590,-0.5032,0.9154,0.9733,4
0.2306,555.1836,28935835.6300,555.1836,0.6797,238.1977,235.1579,3.0398,3.7440,0.0014,1.5643,-0.5191,0.9279,0.9729,4
0.2238,528.9908,29799656.3775,528.9908,0.6739,239.6427,236.5623,3.0804,3.7798,0.0014,1.5654,-0.5228,0.9312,0.9754,4
0.2358,451.4575,28338151.7582,451.4575,0.6815,236.2413,233.1939,3.0474,3.7170,0.0015,1.5201,-0.5384,0.9355,0.9800,4
0.2190,614.4053,30599463.9428,614.4053,0.6631,242.9625,239.9232,3.0393,3.7543,0.0014,1.6221,-0.4971,0.9168,0.9690,4
0.2203,529.7137,30425871.1116,529.7137,0.6596,241.7273,238.6588,3.0685,3.7816,0.0014,1.6227,-0.5050,0.9224,0.9742,4
0.2569,316.2410,25789405.2335,316.2410,0.6977,230.2062,227.3700,2.8362,3.4644,0.0015,1.4437,-0.5323,0.9196,0.9840,4
0.2264,515.6879,30779780.0992,515.6879,0.6851,245.0328,242.0363,2.9965,3.6422,0.0015,1.5181,-0.5287,0.9271,0.9783,4
0.2287,485.4020,30234072.9359,485.4020,0.6848,243.0032,239.9963,3.0069,3.6441,0.0015,1.4994,-0.5356,0.9305,0.9803,4
0.2328,487.5218,27688131.1700,487.5218,0.6716,233.5258,230.5117,3.0142,3.7169,0.0014,1.5808,-0.5146,0.9240,0.9789,4
0.2188,618.1291,31354177.9191,618.1291,0.6605,245.3766,242.2925,3.0840,3.7939,0.0014,1.6400,-0.5045,0.9227,0.9731,4
0.2197,542.3023,30596749.2785,542.3023,0.6916,246.1652,243.3636,2.8016,3.4376,0.0015,1.4985,-0.4947,0.8957,0.9726,4
0.2209,581.8443,32275918.6898,581.8443,0.7049,250.2880,247.3458,2.9421,3.5243,0.0015,1.4282,-0.5447,0.9287,0.9766,4
0.2183,607.1439,32758650.4290,607.1439,0.6923,251.6353,248.6495,2.9858,3.6102,0.0015,1.5152,-0.5275,0.9247,0.9729,4
0.2204,646.5688,30168397.6299,646.5688,0.6974,242.6730,239.7367,2.9364,3.5711,0.0015,1.4924,-0.5228,0.9202,0.9696,4
0.2364,490.9575,28756984.0590,490.9575,0.7201,240.7369,237.9184,2.8184,3.3951,0.0016,1.3955,-0.5407,0.9193,0.9781,4
0.2214,575.1334,31308420.6889,575.1334,0.7014,247.5971,244.7215,2.8757,3.4708,0.0015,1.4353,-0.5263,0.9164,0.9733,4
0.2446,331.8761,28807564.8166,331.8761,0.7286,242.0268,239.2749,2.7519,3.2947,0.0017,1.3180,-0.5543,0.9202,0.9848,4
0.2302,578.7308,30286597.2582,578.7308,0.6977,244.6313,241.7025,2.9288,3.5396,0.0015,1.4758,-0.5314,0.9228,0.9748,4
0.2278,539.8491,30284001.2518,539.8491,0.7082,244.3122,241.4260,2.8862,3.4772,0.0016,1.4358,-0.5378,0.9225,0.9757,4
0.2417,533.3496,28649993.1264,533.3496,0.7149,240.6801,237.8524,2.8277,3.4079,0.0016,1.4037,-0.5396,0.9194,0.9762,4
0.2305,540.1168,30419551.1698,540.1168,0.7078,244.8536,241.8965,2.9571,3.5411,0.0016,1.4436,-0.5507,0.9323,0.9780,4
0.2313,401.8855,30570739.6638,401.8855,0.7039,245.6928,242.7903,2.9025,3.5077,0.0015,1.4384,-0.5411,0.9261,0.9818,4
0.2386,462.3441,28857542.9337,462.3441,0.7146,240.1868,237.3018,2.8849,3.4766,0.0016,1.4055,-0.5461,0.9269,0.9786,4
0.2231,446.7715,31939209.3518,446.7715,0.6886,248.7066,245.7140,2.9926,3.6382,0.0015,1.5046,-0.5290,0.9271,0.9790,4
0.2273,782.8725,29027517.8520,782.8725,0.7160,240.6827,237.8215,2.8612,3.4560,0.0016,1.4370,-0.5258,0.9150,0.9648,4
0.2312,466.4867,28992120.2288,466.4867,0.7160,240.2711,237.4381,2.8329,3.4353,0.0016,1.4086,-0.5340,0.9183,0.9766,4
0.2254,501.0210,30229309.1345,501.0210,0.7182,243.2774,240.3691,2.9083,3.4871,0.0016,1.3792,-0.5541,0.9309,0.9782,4
0.2243,574.7114,30904639.2971,574.7114,0.7143,246.2448,243.3460,2.8988,3.4739,0.0016,1.4086,-0.5446,0.9259,0.9737,4
0.2360,527.2187,29286439.6702,527.2187,0.6998,243.1569,240.3361,2.8209,3.4269,0.0015,1.4827,-0.5158,0.9079,0.9752,4
0.2362,441.3599,27797439.6891,441.3599,0.7187,235.7046,232.8511,2.8535,3.4448,0.0016,1.3842,-0.5479,0.9259,0.9799,4
0.2318,382.5416,31308058.2971,382.5416,0.7146,249.2802,246.4407,2.8395,3.3931,0.0016,1.3716,-0.5498,0.9243,0.9821,4
0.2401,532.1593,29139437.1075,532.1593,0.7156,242.5165,239.6626,2.8539,3.4121,0.0016,1.4078,-0.5458,0.9229,0.9781,4
0.2276,564.5456,30541652.4260,564.5456,0.6991,245.6341,242.7378,2.8964,3.4954,0.0015,1.4715,-0.5287,0.9191,0.9768,4
0.2188,587.0088,32774854.6669,587.0088,0.6947,251.0725,248.0463,3.0263,3.6377,0.0015,1.5081,-0.5413,0.9328,0.9766,4
0.2318,434.7534,30908862.3591,434.7534,0.7159,247.4442,244.5803,2.8639,3.4094,0.0016,1.3652,-0.5565,0.9281,0.9814,4
0.2074,582.4272,32116736.3399,582.4272,0.6796,244.3613,241.2208,3.1405,3.8330,0.0014,1.5362,-0.5333,0.9386,0.9739,5
0.2051,570.7258,36202319.2305,570.7258,0.6861,260.6352,257.6092,3.0260,3.6387,0.0015,1.5138,-0.5295,0.9274,0.9764,5
0.2116,611.3948,33158411.3689,611.3948,0.7046,252.1615,249.2267,2.9348,3.5315,0.0015,1.4394,-0.5332,0.9233,0.9753,5
0.1977,621.6399,36744066.9946,621.6399,0.6677,259.1910,256.0586,3.1324,3.8216,0.0014,1.5962,-0.5156,0.9297,0.9721,5
0.2044,545.2803,35324472.9503,545.2803,0.6983,256.6631,253.6282,3.0349,3.6563,0.0015,1.4782,-0.5390,0.9330,0.9760,5
0.2081,547.8904,33727233.4615,547.8904,0.6602,251.3340,248.2232,3.1108,3.8297,0.0014,1.6241,-0.5070,0.9259,0.9718,5
0.2158,506.3096,32898841.6218,506.3096,0.6672,249.9899,246.9207,3.0692,3.7733,0.0014,1.5887,-0.5116,0.9254,0.9749,5
0.2215,502.0956,31594711.0772,502.0956,0.6805,246.4001,243.3319,3.0682,3.7441,0.0014,1.5536,-0.5309,0.9334,0.9778,5
0.2154,442.1272,31903819.9072,442.1272,0.6537,245.8741,242.7990,3.0751,3.8253,0.0013,1.6379,-0.4975,0.9208,0.9779,5
0.2202,498.1625,31079446.3967,498.1625,0.6835,244.7027,241.6927,3.0100,3.6724,0.0015,1.5018,-0.5290,0.9290,0.9749,5
0.2087,575.4154,34112853.6281,575.4154,0.6656,253.3064,250.2224,3.0840,3.7833,0.0014,1.6102,-0.5112,0.9256,0.9754,5
0.2271,319.4566,31509567.0582,319.4566,0.6858,248.4614,245.5775,2.8839,3.5506,0.0015,1.4762,-0.5159,0.9157,0.9835,5
0.2175,460.5214,32560305.4929,460.5214,0.6717,248.6541,245.5791,3.0751,3.7677,0.0014,1.5657,-0.5229,0.9308,0.9788,5
0.2130,543.5454,33274341.3556,543.5454,0.6718,251.4011,248.3640,3.0370,3.7265,0.0014,1.5771,-0.5114,0.9228,0.9744,5
0.2113,636.6680,33557493.2883,636.6680,0.6485,251.7640,248.6605,3.1035,3.8439,0.0013,1.6825,-0.4911,0.9182,0.9699,5
0.2175,513.5468,31804115.9685,513.5468,0.6666,245.4970,242.3567,3.1403,3.8473,0.0014,1.6106,-0.5236,0.9349,0.9765,5
0.2052,467.5281,35242927.1137,467.5281,0.6579,254.9215,251.7756,3.1459,3.8835,0.0014,1.6343,-0.5115,0.9310,0.9781,5
0.2159,470.3060,31455582.6886,470.3060,0.6773,244.9704,241.9628,3.0076,3.7011,0.0014,1.5208,-0.5186,0.9252,0.9766,5
0.2076,510.5638,33836951.7060,510.5638,0.6638,250.4368,247.2557,3.1811,3.8943,0.0014,1.6038,-0.5239,0.9374,0.9773,5
0.2153,576.0926,32455326.6559,576.0926,0.6816,248.2311,245.1440,3.0872,3.7595,0.0014,1.5301,-0.5310,0.9341,0.9755,5
0.2098,457.7800,33538769.2338,457.7800,0.6741,249.8042,246.6614,3.1429,3.8359,0.0014,1.5551,-0.5347,0.9396,0.9804,5
0.2115,575.0104,30785967.3444,575.0104,0.6689,241.2297,238.1380,3.0918,3.8060,0.0014,1.6043,-0.5112,0.9267,0.9732,5
0.2163,492.6660,30425332.7518,492.6660,0.6871,241.7827,238.7982,2.9844,3.6704,0.0015,1.5092,-0.5212,0.9251,0.9755,5
0.2049,612.3568,34339800.1341,612.3568,0.6647,251.7541,248.5459,3.2082,3.9075,0.0014,1.6200,-0.5263,0.9388,0.9767,5
0.2035,565.3322,34985411.3246,565.3322,0.6692,253.7407,250.5639,3.1768,3.8615,0.0014,1.5732,-0.5305,0.9385,0.9745,5
0.2057,455.8960,34417593.8279,455.8960,0.6515,251.1538,247.9198,3.2340,3.9790,0.0013,1.6373,-0.5222,0.9400,0.9796,5
0.2144,532.9030,32556055.1292,532.9030,0.6595,248.7214,245.6279,3.0935,3.8011,0.0014,1.6321,-0.5054,0.9235,0.9759,5
0.2528,353.1665,26010171.6863,353.1665,0.7013,229.8881,226.9620,2.9261,3.5774,0.0015,1.4556,-0.5417,0.9306,0.9844,5
0.2089,543.1659,33862862.5311,543.1659,0.6627,251.2273,248.0545,3.1727,3.8721,0.0014,1.6199,-0.5232,0.9356,0.9774,5
0.2160,511.0973,32477628.8394,511.0973,0.6689,248.6953,245.6155,3.0798,3.7661,0.0014,1.5895,-0.5178,0.9283,0.9778,5
0.2356,328.8890,28404837.0389,328.8890,0.6964,236.2926,233.2932,2.9994,3.6427,0.0015,1.4582,-0.5507,0.9376,0.9861,5
0.2051,540.1991,34720827.5634,540.1991,0.6597,253.2059,250.0250,3.1809,3.8959,0.0014,1.6203,-0.5187,0.9347,0.9771,5
0.2033,626.0327,34936002.4262,626.0327,0.6310,253.7327,250.5186,3.2141,3.9795,0.0013,1.7327,-0.4882,0.9235,0.9707,5
0.2142,526.3018,33450753.1366,526.3018,0.6660,252.3227,249.2647,3.0581,3.7315,0.0014,1.5948,-0.5163,0.9257,0.9798,5
0.2036,525.0396,35440527.6075,525.0396,0.6418,255.8696,252.6883,3.1813,3.9253,0.0013,1.7064,-0.5003,0.9272,0.9766,5
0.1982,524.5486,36997557.2860,524.5486,0.6691,259.8201,256.6873,3.1329,3.8059,0.0014,1.5492,-0.5267,0.9343,0.9760,5
0.2432,387.9271,28296910.8332,387.9271,0.6902,238.5743,235.6735,2.9008,3.5457,0.0015,1.5025,-0.5226,0.9192,0.9807,5
0.2252,490.4118,30640673.7857,490.4118,0.6842,243.3145,240.2320,3.0825,3.7531,0.0015,1.5243,-0.5348,0.9356,0.9758,5
0.2047,465.6510,31323034.3213,465.6510,0.6686,241.3234,238.2641,3.0593,3.7810,0.0014,1.5704,-0.5107,0.9253,0.9765,5
0.2276,430.1547,30841688.3459,430.1547,0.6900,245.6656,242.7073,2.9584,3.5927,0.0015,1.4931,-0.5300,0.9255,0.9803,5
0.2442,394.4540,27969342.8068,394.4540,0.6997,238.1104,235.2909,2.8195,3.4290,0.0015,1.4529,-0.5264,0.9144,0.9819,5
0.2266,427.0150,31196612.1617,427.0150,0.6839,246.0413,243.0253,3.0159,3.6740,0.0015,1.5253,-0.5301,0.9299,0.9802,5
0.2214,425.3053,31963530.1169,425.3053,0.6847,248.0559,245.0596,2.9962,3.6589,0.0015,1.5179,-0.5248,0.9265,0.9803,5
0.2165,458.7437,30913324.0372,458.7437,0.6561,241.4321,238.2784,3.1537,3.9195,0.0013,1.6071,-0.5147,0.9339,0.9761,5
0.2193,526.6838,31318140.2527,526.6838,0.6644,244.4098,241.2844,3.1254,3.8334,0.0014,1.6179,-0.5202,0.9325,0.9773,5
0.2220,405.2597,29635546.7945,405.2597,0.6710,238.3739,235.3298,3.0441,3.7573,0.0014,1.5507,-0.5202,0.9288,0.9799,5
0.2075,559.0870,33685846.1233,559.0870,0.6713,251.9228,248.8886,3.0342,3.7152,0.0014,1.5734,-0.5098,0.9213,0.9731,5
0.2129,538.4172,31933579.4871,538.4172,0.6919,247.1218,244.1547,2.9671,3.6117,0.0015,1.4798,-0.5246,0.9234,0.9750,5
0.2316,425.1167,30112804.5985,425.1167,0.6970,244.2511,241.3710,2.8802,3.4973,0.0015,1.4588,-0.5278,0.9189,0.9800,5
0.2016,447.3575,31277349.9373,447.3575,0.6576,239.9397,236.8374,3.1023,3.8641,0.0013,1.6314,-0.4993,0.9239,0.9775,5
0.2770,481.8782,19458858.5149,481.8782,0.6634,201.6648,198.5705,3.0943,3.9163,0.0014,1.6796,-0.5090,0.9310,0.9744,6
0.2886,474.9321,20664940.1709,474.9321,0.7138,211.2408,208.5048,2.7360,3.3777,0.0016,1.4499,-0.5238,0.9090,0.9740,6
0.2892,517.1712,20478171.3233,517.1712,0.7188,210.3787,207.6419,2.7368,3.3534,0.0016,1.4200,-0.5334,0.9130,0.9738,6
0.2832,491.9833,20228988.9124,491.9833,0.7064,208.2275,205.4649,2.7626,3.4326,0.0016,1.4743,-0.5172,0.9088,0.9752,6
0.2922,517.4886,19598618.8984,517.4886,0.7109,206.1104,203.3571,2.7533,3.3981,0.0016,1.4742,-0.5246,0.9109,0.9748,6
0.2838,491.0846,20547061.5002,491.0846,0.7051,209.9707,207.1927,2.7780,3.4365,0.0016,1.4862,-0.5220,0.9118,0.9739,6
0.2909,512.2264,20389998.0750,512.2264,0.7196,210.5555,207.8738,2.6818,3.2912,0.0017,1.4278,-0.5275,0.9054,0.9756,6
0.3018,427.4956,20341299.3193,427.4956,0.7245,211.6097,209.0066,2.6030,3.1914,0.0017,1.3623,-0.5322,0.9013,0.9816,6
0.2999,520.8010,20217240.9709,520.8010,0.7210,210.8611,208.2409,2.6202,3.2117,0.0017,1.4209,-0.5194,0.8949,0.9753,6
0.2939,617.9380,20222225.4266,617.9380,0.7212,209.9682,207.2488,2.7193,3.3210,0.0017,1.4476,-0.5305,0.9091,0.9749,6
0.2899,571.6176,21166919.3066,571.6176,0.7199,214.4867,211.7819,2.7048,3.2757,0.0017,1.4154,-0.5355,0.9089,0.9768,6
0.2754,528.5960,21445037.5462,528.5960,0.7125,213.6879,210.9155,2.7724,3.4100,0.0016,1.4558,-0.5270,0.9129,0.9733,6
0.2773,560.2299,22045183.3844,560.2299,0.7062,216.8064,214.0087,2.7976,3.4121,0.0016,1.4747,-0.5299,0.9145,0.9746,6
0.2980,448.8742,20572536.0757,448.8742,0.7297,212.4854,209.8633,2.6222,3.1684,0.0017,1.3565,-0.5428,0.9056,0.9800,6
0.2896,421.4951,20241318.8265,421.4951,0.7303,209.7314,207.1021,2.6293,3.2177,0.0017,1.3473,-0.5387,0.9068,0.9780,6
0.2849,530.3573,21628443.6937,530.3573,0.7155,215.6602,212.9034,2.7568,3.3580,0.0016,1.4334,-0.5343,0.9136,0.9758,6
0.2695,762.0298,21142919.0098,762.0298,0.7021,211.5510,208.7072,2.8437,3.5046,0.0016,1.5365,-0.5127,0.9107,0.9635,6
0.2864,583.7900,21057140.1792,583.7900,0.7171,213.2811,210.5430,2.7382,3.3500,0.0016,1.4408,-0.5287,0.9100,0.9738,6
0.2776,565.1554,22626297.7420,565.1554,0.7043,219.8795,217.1095,2.7700,3.3989,0.0016,1.4818,-0.5200,0.9083,0.9721,6
0.2805,619.2063,21978808.3720,619.2063,0.7054,216.5982,213.7608,2.8375,3.4498,0.0016,1.5044,-0.5324,0.9182,0.9737,6
0.2861,568.3776,21333397.7673,568.3776,0.7146,214.8281,212.1111,2.7170,3.3197,0.0016,1.4474,-0.5242,0.9056,0.9748,6
0.2823,571.1829,20475822.6562,571.1829,0.7218,209.8786,207.1544,2.7242,3.3382,0.0016,1.4129,-0.5320,0.9112,0.9731,6
0.2871,476.2308,21565386.1883,476.2308,0.7137,215.1315,212.3287,2.8028,3.4163,0.0016,1.4588,-0.5408,0.9205,0.9785,6
0.2790,503.8886,22944569.5488,503.8886,0.7099,221.2979,218.5477,2.7502,3.3542,0.0016,1.4456,-0.5300,0.9110,0.9793,6
0.2855,561.0110,21228238.4243,561.0110,0.7173,213.9412,211.2231,2.7181,3.3318,0.0016,1.4437,-0.5253,0.9069,0.9746,6
0.2833,469.1552,22416798.7799,469.1552,0.7123,219.5514,216.8248,2.7266,3.3320,0.0016,1.4333,-0.5276,0.9082,0.9769,6
0.2783,493.2833,22748753.0952,493.2833,0.7115,220.1657,217.3937,2.7721,3.3725,0.0016,1.4389,-0.5386,0.9168,0.9804,6
0.2929,427.0610,21673807.9088,427.0610,0.7190,216.7675,214.0679,2.6995,3.2847,0.0017,1.3983,-0.5410,0.9125,0.9830,6
0.2747,580.4046,22467433.4654,580.4046,0.7003,217.7815,214.8962,2.8853,3.5475,0.0016,1.5121,-0.5278,0.9215,0.9742,6
0.2911,531.2703,19993086.2756,531.2703,0.7158,208.2972,205.5627,2.7345,3.3590,0.0016,1.4601,-0.5297,0.9111,0.9751,6
0.2780,468.8762,22392785.5520,468.8762,0.7151,218.1924,215.4006,2.7918,3.4094,0.0016,1.4346,-0.5389,0.9191,0.9779,6
0.2746,660.6480,23015521.0005,660.6480,0.7129,221.5653,218.8142,2.7511,3.3717,0.0016,1.4551,-0.5212,0.9072,0.9717,6
0.2954,432.2618,21189777.8375,432.2618,0.7283,215.6175,213.0480,2.5696,3.1488,0.0017,1.3454,-0.5248,0.8940,0.9786,6
0.2928,511.5310,20812388.0206,511.5310,0.7179,212.3556,209.5956,2.7600,3.3706,0.0016,1.4367,-0.5410,0.9179,0.9772,6
0.2842,480.4339,18444790.7285,480.4339,0.7199,199.9489,197.3096,2.6393,3.2721,0.0016,1.4205,-0.5152,0.8968,0.9721,6
0.2924,496.2412,20007325.3154,496.2412,0.7226,208.3724,205.6543,2.7181,3.3162,0.0017,1.4037,-0.5392,0.9135,0.9768,6
0.2935,544.0732,21178787.2628,544.0732,0.7249,214.6186,211.9163,2.7023,3.2811,0.0017,1.4018,-0.5417,0.9126,0.9784,6
0.2840,492.4726,21738496.6011,492.4726,0.7075,215.7193,212.9123,2.8070,3.4337,0.0016,1.4651,-0.5331,0.9175,0.9792,6
0.2922,476.0016,19713813.1730,476.0016,0.7218,206.9896,204.2893,2.7003,3.3233,0.0017,1.3969,-0.5314,0.9098,0.9742,6
0.2907,623.1412,19988967.3952,623.1412,0.7094,208.0370,205.2341,2.8029,3.4573,0.0016,1.5152,-0.5197,0.9118,0.9712,6
0.2949,544.9409,20212982.8883,544.9409,0.7055,209.5774,206.7840,2.7934,3.4403,0.0016,1.5171,-0.5198,0.9108,0.9729,6
0.2901,556.4568,21422557.6535,556.4568,0.7240,215.5778,212.8837,2.6941,3.2724,0.0017,1.4059,-0.5365,0.9092,0.9776,6
0.2904,491.9745,20276472.8994,491.9745,0.7166,209.1074,206.3433,2.7641,3.3828,0.0016,1.4279,-0.5386,0.9174,0.9757,6
0.2979,544.9045,20182417.0610,544.9045,0.7214,209.8960,207.1833,2.7127,3.3039,0.0017,1.4222,-0.5370,0.9116,0.9761,6
0.2805,548.5782,21769111.4900,548.5782,0.7142,215.9026,213.1279,2.7747,3.3871,0.0016,1.4486,-0.5326,0.9144,0.9752,6
0.2851,572.4795,21301962.8031,572.4795,0.7169,213.9044,211.0989,2.8055,3.4066,0.0016,1.4279,-0.5452,0.9222,0.9767,6
0.2784,510.3048,22271803.2553,510.3048,0.7085,217.4907,214.6426,2.8481,3.4516,0.0016,1.4573,-0.5452,0.9248,0.9780,6
0.2823,440.9705,21959897.2128,440.9705,0.7131,216.3112,213.4917,2.8195,3.4223,0.0016,1.4305,-0.5487,0.9248,0.9823,6
0.2897,430.4423,21742442.5934,430.4423,0.7241,216.4804,213.7365,2.7439,3.3284,0.0017,1.3709,-0.5522,0.9210,0.9816,6
0.2865,533.1802,21134697.4668,533.1802,0.7118,212.9383,210.1291,2.8092,3.4295,0.0016,1.4672,-0.5368,0.9193,0.9777,6
0.2795,518.5051,22204978.8877,518.5051,0.6959,217.9175,215.1487,2.7688,3.4208,0.0016,1.5144,-0.5079,0.9026,0.9766,7
0.2674,443.3576,24091121.7973,443.3576,0.7052,224.5225,221.7173,2.8052,3.4264,0.0016,1.4444,-0.5345,0.9178,0.9825,7
0.2631,555.2112,22814231.3277,555.2112,0.7148,219.1429,216.3911,2.7518,3.3533,0.0016,1.4248,-0.5277,0.9096,0.9733,7
0.2654,458.1379,24155134.1478,458.1379,0.6935,224.4262,221.5980,2.8281,3.4997,0.0015,1.5121,-0.5128,0.9105,0.9759,7
0.2597,599.2176,25024914.7165,599.2176,0.7010,227.8481,224.9742,2.8739,3.4879,0.0016,1.4814,-0.5294,0.9188,0.9738,7
0.2783,479.0041,22436973.3805,479.0041,0.7036,218.2866,215.4617,2.8249,3.5022,0.0016,1.5152,-0.5155,0.9122,0.9746,7
0.2755,395.1633,23226650.6314,395.1633,0.7134,221.8095,219.0432,2.7664,3.3698,0.0016,1.4056,-0.5397,0.9172,0.9834,7
0.2662,455.1220,22309227.9512,455.1220,0.7039,216.2495,213.4799,2.7696,3.4497,0.0016,1.4660,-0.5140,0.9082,0.9765,7
0.2720,455.3104,23589691.8477,455.3104,0.7121,223.2299,220.4374,2.7925,3.3889,0.0016,1.4188,-0.5434,0.9203,0.9815,7
0.2696,473.3701,24234735.9234,473.3701,0.7201,226.6388,223.9271,2.7117,3.2786,0.0016,1.3841,-0.5373,0.9101,0.9795,7
0.2701,496.1083,23999290.6063,496.1083,0.7059,224.4225,221.5761,2.8464,3.4750,0.0016,1.4507,-0.5368,0.9219,0.9791,7
0.2694,432.9002,23940999.0947,432.9002,0.7098,224.2006,221.3663,2.8344,3.4171,0.0016,1.4153,-0.5512,0.9258,0.9816,7
0.2719,477.1768,22322129.5349,477.1768,0.7160,216.9253,214.1281,2.7972,3.4163,0.0016,1.3985,-0.5401,0.9204,0.9762,7
0.2608,570.9468,24755967.4897,570.9468,0.7036,226.7741,223.9023,2.8718,3.4992,0.0016,1.4710,-0.5315,0.9206,0.9742,7
0.2910,482.6688,20936377.8555,482.6688,0.7246,213.1673,210.4809,2.6865,3.2753,0.0017,1.3823,-0.5372,0.9101,0.9759,7
0.2716,434.9076,21415181.6469,434.9076,0.7048,212.2428,209.4135,2.8293,3.4833,0.0016,1.4571,-0.5331,0.9205,0.9788,7
0.2721,508.1820,22824759.2899,508.1820,0.7057,219.5595,216.7371,2.8224,3.4496,0.0016,1.4579,-0.5312,0.9176,0.9769,7
0.2722,569.7652,23324884.1736,569.7652,0.7071,222.1309,219.3278,2.8031,3.4250,0.0016,1.4508,-0.5282,0.9144,0.9750,7
0.2651,490.9930,23975674.1320,490.9930,0.7006,223.3605,220.4689,2.8916,3.5306,0.0016,1.4720,-0.5376,0.9254,0.9791,7
0.2613,572.1899,23459747.3910,572.1899,0.7030,221.0567,218.2155,2.8413,3.4905,0.0016,1.4866,-0.5219,0.9151,0.9721,7
0.2551,517.0559,24262265.1229,517.0559,0.6898,223.1718,220.2715,2.9003,3.5860,0.0015,1.5259,-0.5164,0.9176,0.9730,7
0.2669,462.3458,23091685.9672,462.3458,0.7109,220.3117,217.5408,2.7709,3.4145,0.0016,1.4403,-0.5241,0.9116,0.9753,7
0.2784,451.2405,22762178.7438,451.2405,0.7188,219.9617,217.1888,2.7728,3.3657,0.0016,1.3907,-0.5452,0.9200,0.9781,7
0.2577,589.9825,24806472.5325,589.9825,0.6922,226.1671,223.2312,2.9358,3.5841,0.0015,1.5309,-0.5266,0.9228,0.9730,7
0.2745,480.4555,23297257.4584,480.4555,0.7113,222.5639,219.8193,2.7445,3.3374,0.0016,1.4159,-0.5328,0.9114,0.9772,7
0.2126,390.7737,33825416.0470,390.7737,0.6641,251.9853,248.9045,3.0808,3.7706,0.0014,1.5555,-0.5217,0.9303,0.9820,7
0.2685,520.4055,22913532.4174,520.4055,0.7107,219.5696,216.7776,2.7920,3.4084,0.0016,1.4209,-0.5324,0.9157,0.9745,7
0.2679,573.5621,22586454.2066,573.5621,0.6981,218.1925,215.3906,2.8019,3.4503,0.0016,1.5014,-0.5115,0.9068,0.9714,7
0.2563,676.9047,24878881.2043,676.9047,0.6917,226.3528,223.4202,2.9326,3.6057,0.0015,1.5403,-0.5175,0.9193,0.9694,7
0.2652,591.0505,22914553.7661,591.0505,0.6962,219.9215,217.1765,2.7450,3.4126,0.0015,1.5336,-0.4917,0.8921,0.9702,7
0.2568,564.6964,24280376.3434,564.6964,0.6951,223.7263,220.8112,2.9151,3.5766,0.0015,1.5134,-0.5241,0.9211,0.9723,7
0.2764,595.5592,22505555.6784,595.5592,0.7027,219.2804,216.4993,2.7811,3.4015,0.0016,1.4924,-0.5183,0.9075,0.9709,7
0.2560,564.4574,24200341.3944,564.4574,0.6905,223.9891,221.1641,2.8250,3.5116,0.0015,1.5419,-0.5000,0.9038,0.9715,7
0.2702,536.6021,24001856.9565,536.6021,0.7054,225.0205,222.2334,2.7871,3.4428,0.0016,1.4730,-0.5167,0.9093,0.9744,7
0.2756,401.0902,20050964.1541,401.0902,0.7142,206.5820,203.8635,2.7185,3.3895,0.0016,1.4563,-0.5192,0.9071,0.9766,7
0.2713,466.9329,23726351.3768,466.9329,0.7178,224.0374,221.2806,2.7568,3.3521,0.0016,1.4030,-0.5368,0.9145,0.9773,7
0.2664,478.0078,23912356.2624,478.0078,0.7022,223.5141,220.6633,2.8508,3.4913,0.0016,1.4861,-0.5301,0.9195,0.9770,7
0.2711,483.0441,22210945.3749,483.0441,0.7074,217.1946,214.4801,2.7146,3.3572,0.0016,1.4589,-0.5124,0.9011,0.9751,7
0.2644,485.1549,22672457.3993,485.1549,0.7038,217.6477,214.8539,2.7938,3.4565,0.0016,1.4702,-0.5181,0.9110,0.9753,7
0.2693,521.4430,22335398.3366,521.4430,0.7021,216.7078,213.8868,2.8210,3.4840,0.0016,1.4893,-0.5197,0.9134,0.9713,7
0.2497,566.3938,26458755.0514,566.3938,0.6987,232.0680,229.1534,2.9146,3.5435,0.0015,1.4810,-0.5353,0.9250,0.9769,7
0.2550,538.5097,25233644.1552,538.5097,0.7018,228.1017,225.2677,2.8340,3.4548,0.0016,1.4542,-0.5286,0.9165,0.9761,7
0.2554,496.9568,23944934.1514,496.9568,0.7027,221.8933,219.0420,2.8514,3.5073,0.0016,1.4654,-0.5250,0.9176,0.9747,7
0.2649,526.6008,21584742.5275,526.6008,0.7097,212.6796,209.8763,2.8034,3.4508,0.0016,1.4426,-0.5256,0.9146,0.9701,7
0.2018,562.3473,27154870.3908,562.3473,0.6535,223.8123,220.6702,3.1420,3.9604,0.0013,1.6512,-0.4904,0.9237,0.9640,7
0.2638,438.5521,18778764.7132,438.5521,0.7287,198.3384,195.5603,2.7780,3.4078,0.0017,1.3467,-0.5473,0.9233,0.9762,7
0.2757,410.8374,17372260.0074,410.8374,0.7328,192.7719,190.1178,2.6541,3.2867,0.0017,1.3434,-0.5338,0.9087,0.9757,7
0.2536,435.5428,18926388.7230,435.5428,0.7167,198.0943,195.3390,2.7552,3.4232,0.0016,1.3965,-0.5241,0.9121,0.9725,7
0.2576,447.9516,19037420.4387,447.9516,0.7216,199.5357,196.8151,2.7206,3.3694,0.0016,1.3750,-0.5252,0.9093,0.9726,7
0.2681,376.6852,18447218.9401,376.6852,0.7273,197.4129,194.7285,2.6844,3.3429,0.0016,1.3375,-0.5356,0.9134,0.9776,7
