0.2509,1315.8772,23578311.6847,1315.8772,0.6761,222.9254,220.0366,2.8888,3.5531,0.0014,1.6807,-0.4907,0.9007,0.9421,1
0.2678,1370.0692,23203183.7008,1370.0692,0.6983,224.4238,221.6617,2.7620,3.3218,0.0016,1.5446,-0.5074,0.8960,0.9529,1
0.2598,1210.3617,24105643.6052,1210.3617,0.6921,226.8293,224.0069,2.8225,3.4061,0.0015,1.5430,-0.5191,0.9086,0.9510,1
0.2734,1214.0591,22672542.5233,1214.0591,0.7065,222.2667,219.5100,2.7566,3.3020,0.0016,1.4929,-0.5221,0.9030,0.9574,1
0.2652,1214.2716,23869533.6950,1214.2716,0.6983,226.7954,224.0411,2.7543,3.3394,0.0016,1.5301,-0.5044,0.8957,0.9476,1
0.2678,1058.8892,23789628.2484,1058.8892,0.7062,226.3255,223.5676,2.7580,3.3063,0.0016,1.4995,-0.5274,0.9068,0.9648,1
0.2701,1337.1218,22852476.5448,1337.1218,0.6938,223.2494,220.4847,2.7647,3.3230,0.0015,1.5499,-0.5074,0.8964,0.9462,1
0.2711,1319.1068,23170608.4368,1319.1068,0.7068,224.9172,222.2028,2.7144,3.2494,0.0016,1.4877,-0.5140,0.8944,0.9554,1
0.2698,1093.2784,21574711.6219,1093.2784,0.6723,215.1657,212.2972,2.8685,3.5424,0.0015,1.6591,-0.4971,0.9041,0.9570,1
0.2667,1091.0269,21314736.3860,1091.0269,0.6791,214.0384,211.2113,2.8271,3.4649,0.0015,1.6451,-0.5006,0.9016,0.9525,1
0.2692,1186.0743,22274128.5074,1186.0743,0.6701,219.2983,216.4971,2.8012,3.4397,0.0014,1.6722,-0.4973,0.8975,0.9536,1
0.2583,1202.9187,23820578.8851,1202.9187,0.6735,224.3674,221.4430,2.9244,3.5589,0.0014,1.6356,-0.5110,0.9137,0.9588,1
0.2695,1065.2887,22022152.5084,1065.2887,0.6775,217.7954,214.9892,2.8061,3.4378,0.0015,1.6080,-0.5011,0.8996,0.9591,1
0.2616,1224.6318,23771279.7050,1224.6318,0.6699,225.1013,222.2056,2.8957,3.5231,0.0014,1.6822,-0.5040,0.9069,0.9555,1
0.2488,1163.3795,25085173.2449,1163.3795,0.6574,228.3699,225.3916,2.9783,3.6520,0.0014,1.6974,-0.4952,0.9099,0.9527,1
0.2610,1249.5139,22742688.2539,1249.5139,0.6577,220.3485,217.4689,2.8796,3.5488,0.0014,1.6953,-0.4850,0.8970,0.9509,1
0.2609,1141.2382,24014873.3750,1141.2382,0.6826,226.1644,223.2858,2.8786,3.4779,0.0015,1.5797,-0.5189,0.9131,0.9589,1
0.2674,1030.4069,22359514.0293,1030.4069,0.6784,218.6347,215.7582,2.8765,3.5397,0.0015,1.6221,-0.5048,0.9091,0.9562,1
0.2470,1321.5976,25426782.4760,1321.5976,0.6674,230.5584,227.5983,2.9601,3.5941,0.0014,1.6465,-0.5086,0.9138,0.9587,1
0.2580,1258.9385,24317904.3427,1258.9385,0.6803,227.2498,224.3845,2.8653,3.4700,0.0015,1.5915,-0.5086,0.9064,0.9544,1
0.2566,1186.4634,24687888.3224,1186.4634,0.6887,228.3506,225.4656,2.8850,3.4726,0.0015,1.5449,-0.5225,0.9143,0.9608,1
0.2566,1106.1815,25096645.1384,1106.1815,0.6819,230.2066,227.3437,2.8629,3.4562,0.0015,1.5775,-0.5168,0.9109,0.9599,1
0.2668,1134.3121,23113661.7157,1134.3121,0.6812,222.5991,219.7750,2.8241,3.4582,0.0015,1.5774,-0.5053,0.9035,0.9594,1
0.2509,1168.4976,23873275.5134,1168.4976,0.6799,224.1182,221.2530,2.8651,3.4860,0.0015,1.5952,-0.5018,0.9034,0.9514,1
0.2569,1313.1217,22806683.7016,1313.1217,0.6727,220.2121,217.3225,2.8896,3.5479,0.0014,1.6739,-0.4950,0.9032,0.9532,1
0.2628,1215.1765,20678747.3017,1215.1765,0.6730,210.4214,207.5482,2.8732,3.5566,0.0014,1.6699,-0.4922,0.9025,0.9521,1
0.2524,1324.4565,24928692.4670,1324.4565,0.6675,229.2438,226.2954,2.9484,3.5670,0.0014,1.6748,-0.5114,0.9138,0.9608,1
0.2592,1211.0128,24257753.1878,1211.0128,0.6732,226.7934,223.8763,2.9171,3.5319,0.0015,1.6358,-0.5113,0.9116,0.9600,1
0.2509,1288.6074,24560174.3302,1288.6074,0.6551,226.7199,223.7052,3.0147,3.6704,0.0014,1.7314,-0.5063,0.9171,0.9553,1
0.2586,1182.3714,24146186.5352,1182.3714,0.6568,226.5512,223.6676,2.8835,3.5759,0.0014,1.7582,-0.4766,0.8934,0.9491,1
0.2600,1238.5764,21609385.6286,1238.5764,0.6741,214.5476,211.6048,2.9428,3.5855,0.0015,1.6768,-0.5095,0.9138,0.9521,1
0.2490,1265.7669,25464313.6406,1265.7669,0.6768,231.2401,228.3266,2.9135,3.5174,0.0015,1.6101,-0.5073,0.9086,0.9542,1
0.2492,1103.6094,25828631.0883,1103.6094,0.6695,231.8494,228.9347,2.9146,3.5346,0.0014,1.6388,-0.5117,0.9120,0.9597,1
0.2670,1173.5831,22796275.0873,1173.5831,0.6788,220.8974,217.9805,2.9170,3.5280,0.0015,1.6276,-0.5171,0.9149,0.9619,1
0.2728,988.7546,23253766.6616,988.7546,0.6869,224.3353,221.5738,2.7615,3.3599,0.0015,1.5769,-0.5056,0.8975,0.9618,1
0.2705,1124.0144,21957035.3425,1124.0144,0.6801,217.4591,214.6107,2.8485,3.4570,0.0015,1.6136,-0.5141,0.9092,0.9612,1
0.2627,1315.6343,23319191.3640,1315.6343,0.6855,222.8755,219.9690,2.9065,3.5001,0.0015,1.5831,-0.5246,0.9171,0.9584,1
0.2589,1201.9464,22064175.0647,1201.9464,0.6672,216.5333,213.6143,2.9190,3.5989,0.0014,1.6972,-0.4966,0.9077,0.9463,1
0.2657,1081.5240,22057025.7216,1081.5240,0.6632,216.2292,213.2240,3.0051,3.6820,0.0014,1.6913,-0.5147,0.9220,0.9547,1
0.2594,1164.7666,23664583.5024,1164.7666,0.6661,223.8343,220.8938,2.9405,3.5776,0.0014,1.6865,-0.5083,0.9133,0.9575,1
0.2446,1186.3735,25671289.7066,1186.3735,0.6552,231.3118,228.4212,2.8906,3.5818,0.0014,1.7055,-0.4772,0.8946,0.9585,1
0.2585,1146.4700,24083138.2634,1146.4700,0.6819,225.8862,223.0255,2.8607,3.4592,0.0015,1.5875,-0.5154,0.9097,0.9636,1
0.2605,1309.3085,23691964.8282,1309.3085,0.6682,224.7015,221.7710,2.9305,3.5555,0.0014,1.6803,-0.5082,0.9113,0.9548,1
0.2696,1297.2671,22317777.6654,1297.2671,0.6754,219.6375,216.7489,2.8886,3.5151,0.0015,1.6770,-0.5033,0.9066,0.9474,1
0.2641,1124.9967,21860688.3831,1124.9967,0.6734,216.5270,213.6861,2.8409,3.4942,0.0015,1.6227,-0.4946,0.8996,0.9508,1
0.2468,1279.8990,21725190.1491,1279.8990,0.6594,213.3802,210.4322,2.9480,3.6376,0.0014,1.7093,-0.4893,0.9053,0.9401,1
0.2630,1214.4440,23071200.4716,1214.4440,0.6783,221.6107,218.6689,2.9418,3.5614,0.0015,1.6437,-0.5173,0.9167,0.9590,1
0.2636,1250.9744,22776778.8492,1250.9744,0.6753,220.7505,217.8507,2.8998,3.5286,0.0015,1.6287,-0.5087,0.9102,0.9547,1
0.2587,1089.5519,21883387.1060,1089.5519,0.6802,215.2671,212.3810,2.8860,3.5202,0.0015,1.6080,-0.5163,0.9137,0.9615,1
0.2610,1126.7050,23877368.0600,1126.7050,0.6909,225.9427,223.1470,2.7957,3.3860,0.0015,1.5556,-0.5128,0.9035,0.9604,1
0.2458,994.1320,26529087.3467,994.1320,0.6756,233.7677,230.8533,2.9143,3.5762,0.0014,1.6193,-0.5056,0.9117,0.9583,2
0.2407,1106.5860,27714425.0205,1106.5860,0.6808,238.6681,235.7501,2.9181,3.5142,0.0015,1.5701,-0.5168,0.9151,0.9558,2
0.2425,1254.3739,27220466.2925,1254.3739,0.6745,238.4956,235.6371,2.8585,3.4620,0.0014,1.6479,-0.4945,0.8972,0.9496,2
0.2441,1098.6316,26727977.6712,1098.6316,0.6776,234.8679,231.9367,2.9312,3.5792,0.0015,1.6240,-0.5046,0.9110,0.9518,2
0.2323,1305.3820,29052313.3411,1305.3820,0.6765,243.2917,240.3713,2.9204,3.5341,0.0014,1.5829,-0.5050,0.9082,0.9506,2
0.2247,1271.7450,29922055.6466,1271.7450,0.6620,244.2746,241.2369,3.0377,3.6783,0.0014,1.6850,-0.5076,0.9181,0.8268,2
0.2299,1271.7093,28830663.5712,1271.7093,0.6608,240.8467,237.7959,3.0508,3.6911,0.0014,1.6848,-0.5132,0.9218,0.9554,2
0.2283,1362.8772,29061783.8388,1362.8772,0.6710,242.7692,239.8241,2.9451,3.5577,0.0014,1.6348,-0.4991,0.9067,0.9558,2
0.2263,1291.5786,28177954.7842,1291.5786,0.6689,237.7809,234.7484,3.0324,3.6859,0.0014,1.6396,-0.5095,0.9196,0.9465,2
0.2222,1440.6308,29249375.0358,1440.6308,0.6603,241.5622,238.4889,3.0733,3.7290,0.0014,1.6976,-0.5039,0.9192,0.9485,2
0.2450,1246.8007,26260005.7554,1246.8007,0.6822,233.4399,230.4923,2.9475,3.5493,0.0015,1.6202,-0.5133,0.9144,0.9544,2
0.2398,1327.4791,27084393.0119,1327.4791,0.6658,235.8205,232.8117,3.0088,3.6293,0.0014,1.6693,-0.5177,0.9210,0.9498,2
0.2370,1132.8799,28180379.7306,1132.8799,0.6701,240.3323,237.4195,2.9128,3.5354,0.0014,1.6179,-0.5016,0.9066,0.9557,2
0.2392,1378.3828,27115725.8009,1378.3828,0.6681,236.7593,233.7908,2.9685,3.6058,0.0014,1.6820,-0.4995,0.9098,0.9564,2
0.2497,1059.0652,26148779.9156,1059.0652,0.6895,233.0557,230.1783,2.8774,3.4910,0.0015,1.5656,-0.5161,0.9129,0.9589,2
0.2490,1031.0185,25871987.2894,1031.0185,0.6808,232.5443,229.7369,2.8074,3.4373,0.0015,1.5703,-0.4913,0.8952,0.9528,2
0.2418,1263.0263,27228355.5061,1263.0263,0.6813,237.5197,234.6222,2.8975,3.5043,0.0015,1.5941,-0.5062,0.9073,0.9552,2
0.2337,1495.6323,26939879.1754,1495.6323,0.6672,235.5125,232.5566,2.9559,3.5845,0.0014,1.6837,-0.4960,0.9061,0.9432,2
0.2375,1342.1720,28014966.6487,1342.1720,0.6846,239.9650,237.0178,2.9472,3.5276,0.0015,1.5993,-0.5230,0.9178,0.9562,2
0.2326,1192.3220,29122345.3042,1192.3220,0.6717,243.4634,240.5383,2.9251,3.5393,0.0014,1.6264,-0.5057,0.9098,0.9476,2
0.2180,1517.5830,29415006.6755,1517.5830,0.6412,241.5864,238.4610,3.1254,3.8207,0.0013,1.8000,-0.4829,0.9122,0.9377,2
0.2447,1311.4943,26221239.5594,1311.4943,0.6705,233.4338,230.4607,2.9731,3.5989,0.0014,1.6381,-0.5128,0.9165,0.9500,2
0.2269,1356.9531,29520927.6648,1356.9531,0.6647,244.3295,241.3399,2.9896,3.6185,0.0014,1.6632,-0.5011,0.9110,0.9516,2
0.2385,1206.0672,25758369.6369,1206.0672,0.6832,232.1084,229.3371,2.7713,3.3946,0.0015,1.5555,-0.4861,0.8878,0.9432,2
0.2314,1315.0694,28961973.6811,1315.0694,0.6661,243.5611,240.6593,2.9017,3.5423,0.0014,1.6783,-0.4887,0.8989,0.9531,2
0.2275,1361.7987,29339319.7007,1361.7987,0.6630,242.9543,239.9247,3.0296,3.6717,0.0014,1.6769,-0.5067,0.9176,0.9513,2
0.2377,1209.7064,27451359.0516,1209.7064,0.6784,237.1369,234.1606,2.9763,3.5697,0.0015,1.5982,-0.5240,0.9215,0.9525,2
0.2406,1089.4382,27475758.8329,1089.4382,0.6759,237.1314,234.1758,2.9555,3.5772,0.0015,1.5997,-0.5155,0.9172,0.9527,2
0.2303,1325.2954,28819302.4059,1325.2954,0.6723,242.0529,239.0579,2.9950,3.6053,0.0014,1.6355,-0.5110,0.9159,0.9547,2
0.2314,1399.8611,28447539.5868,1399.8611,0.6754,240.6770,237.6833,2.9936,3.5850,0.0014,1.6135,-0.5184,0.9186,0.9495,2
0.2339,1175.7215,28148039.2934,1175.7215,0.6809,238.9814,236.0446,2.9368,3.5616,0.0015,1.5878,-0.5112,0.9141,0.9430,2
0.2310,1275.9015,28485674.2537,1275.9015,0.6699,239.9665,236.9289,3.0375,3.6658,0.0014,1.6369,-0.5187,0.9233,0.9584,2
0.2408,1302.7993,26286397.4381,1302.7993,0.6827,233.5439,230.6679,2.8760,3.4767,0.0015,1.5976,-0.5009,0.9024,0.9449,2
0.2289,1429.0366,28789830.6372,1429.0366,0.6712,241.4112,238.3916,3.0196,3.6407,0.0014,1.6519,-0.5105,0.9175,0.9471,2
0.2342,1347.2822,28356906.1566,1347.2822,0.6758,240.7846,237.8205,2.9640,3.5672,0.0014,1.6335,-0.5114,0.9149,0.9527,2
0.2375,1396.2652,27782698.1313,1396.2652,0.6692,240.0276,237.1108,2.9168,3.5187,0.0014,1.6407,-0.4963,0.9027,0.9521,2
0.2197,1473.2775,29252607.2098,1473.2775,0.6653,242.2385,239.2474,2.9912,3.6276,0.0014,1.6903,-0.4933,0.9073,0.9449,2
0.2367,1197.7295,27406779.4975,1197.7295,0.6799,238.9916,236.2037,2.7878,3.4068,0.0015,1.6100,-0.4772,0.8823,0.9425,2
0.2465,1120.2350,26730194.4388,1120.2350,0.6931,236.3419,233.5548,2.7871,3.3576,0.0015,1.5014,-0.5082,0.8998,0.9547,2
0.2383,1135.1937,28238104.5487,1135.1937,0.6722,241.1086,238.2252,2.8834,3.5097,0.0014,1.6144,-0.4975,0.9026,0.9527,2
0.2405,1283.9163,27259397.3256,1283.9163,0.6764,238.1341,235.2687,2.8655,3.4559,0.0015,1.6074,-0.4947,0.8988,0.9457,2
0.2428,1336.8144,26971012.0449,1336.8144,0.6843,236.8181,233.9171,2.9010,3.5013,0.0015,1.5927,-0.5053,0.9076,0.9561,2
0.2333,1382.0368,28172621.7620,1382.0368,0.6687,240.4086,237.4519,2.9567,3.5602,0.0014,1.6432,-0.5032,0.9098,0.9472,2
0.2209,1286.0652,30632770.0269,1286.0652,0.6500,246.9785,243.9801,2.9984,3.6767,0.0013,1.7307,-0.4755,0.8999,0.9464,2
0.2237,1405.4681,29797837.9127,1405.4681,0.6738,245.7263,242.8095,2.9168,3.5162,0.0014,1.6281,-0.4900,0.8994,0.9468,2
0.2189,1570.0474,30514878.1232,1570.0474,0.6662,247.1661,244.1597,3.0064,3.6072,0.0014,1.6398,-0.5015,0.9111,0.9421,2
0.2470,1208.1838,26018625.2340,1208.1838,0.6837,232.4539,229.5096,2.9443,3.5499,0.0015,1.5961,-0.5208,0.9181,0.9574,2
0.2270,1408.9765,28583850.5740,1408.9765,0.6788,240.7167,237.7373,2.9794,3.5889,0.0014,1.6396,-0.5048,0.9121,0.9569,2
0.2318,1232.0055,28704274.5495,1232.0055,0.6671,241.3286,238.3729,2.9557,3.6008,0.0014,1.6481,-0.5002,0.9094,0.9576,2
0.2347,1412.8779,27721636.3198,1412.8779,0.6655,238.5872,235.6309,2.9563,3.6044,0.0014,1.6911,-0.4870,0.9018,0.9516,2
0.2489,1450.8837,25265700.1370,1450.8837,0.6884,230.8190,227.9410,2.8780,3.4970,0.0015,1.6061,-0.4999,0.9028,0.9453,3
0.2333,1811.9222,27344473.1638,1811.9222,0.6753,238.8009,235.8691,2.9318,3.5305,0.0015,1.6887,-0.4872,0.8973,0.9399,3
0.2620,1389.8187,24284188.2572,1389.8187,0.6950,228.5958,225.7834,2.8123,3.3858,0.0015,1.5738,-0.5088,0.9011,0.9530,3
0.2436,1838.6709,25929042.2537,1838.6709,0.6822,234.7929,231.9275,2.8653,3.4433,0.0015,1.6302,-0.4867,0.8911,0.9373,3
0.2501,1400.4329,25534957.8975,1400.4329,0.6919,232.3753,229.5233,2.8520,3.4455,0.0015,1.5781,-0.5064,0.9037,0.9502,3
0.2532,1505.1958,25374524.6483,1505.1958,0.6864,232.9141,230.1257,2.7884,3.3776,0.0015,1.5866,-0.4873,0.8865,0.9415,3
0.2632,1378.9642,24469216.1280,1378.9642,0.7011,230.0008,227.2374,2.7634,3.3162,0.0016,1.5320,-0.5071,0.8949,0.9496,3
0.2505,1280.7234,26067797.4476,1280.7234,0.6774,234.7813,231.9479,2.8334,3.4541,0.0015,1.6281,-0.4921,0.8951,0.9497,3
0.2531,1507.2717,25090762.3809,1507.2717,0.6963,233.2902,230.6163,2.6739,3.2440,0.0015,1.5262,-0.4706,0.8643,0.9297,3
0.2547,1234.6059,25467754.4275,1234.6059,0.7028,233.6483,230.9387,2.7096,3.2767,0.0016,1.4881,-0.4998,0.8873,0.9543,3
0.2687,1355.4756,23327514.2055,1355.4756,0.6970,225.2618,222.5172,2.7446,3.3154,0.0016,1.5465,-0.5028,0.8921,0.9501,3
0.2442,1368.4878,26449130.6587,1368.4878,0.6875,235.1621,232.3255,2.8366,3.4443,0.0015,1.5806,-0.4930,0.8953,0.9421,3
0.2512,1267.3646,25773598.6283,1267.3646,0.6824,233.0679,230.2123,2.8556,3.4439,0.0015,1.6030,-0.5075,0.9042,0.9540,3
0.2468,1382.1055,26518418.2992,1382.1055,0.6802,236.3267,233.4911,2.8356,3.4346,0.0015,1.6252,-0.4947,0.8958,0.9454,3
0.2714,813.0337,24113649.5400,813.0337,0.7098,228.0481,225.4156,2.6324,3.2216,0.0016,1.4220,-0.5014,0.8862,0.9600,3
0.2662,996.6957,24225380.7384,996.6957,0.6941,227.8065,225.0714,2.7350,3.3248,0.0015,1.5127,-0.5049,0.8962,0.9598,3
0.2492,1471.5357,24869059.9862,1471.5357,0.6711,229.8201,226.9717,2.8484,3.4962,0.0014,1.6786,-0.4742,0.8862,0.9410,3
0.2580,1189.5166,24959638.8131,1189.5166,0.6776,230.2870,227.4594,2.8276,3.4619,0.0015,1.6262,-0.4906,0.8947,0.9554,3
0.2585,1661.6481,23949784.0319,1661.6481,0.6869,227.0358,224.1703,2.8655,3.4648,0.0015,1.6180,-0.4972,0.8990,0.9429,3
0.2507,1504.8661,25219984.4653,1504.8661,0.6794,231.0932,228.2310,2.8622,3.4829,0.0015,1.6199,-0.4892,0.8955,0.9362,3
0.2546,1513.6491,24914357.6792,1513.6491,0.6855,230.6849,227.8294,2.8555,3.4478,0.0015,1.6236,-0.5002,0.8997,0.9450,3
0.2528,1288.3390,24487680.5984,1288.3390,0.6655,227.5316,224.5980,2.9336,3.5861,0.0014,1.6769,-0.4973,0.9069,0.9574,3
0.2506,1324.8350,25357035.4316,1324.8350,0.6817,231.0409,228.1824,2.8586,3.4656,0.0015,1.6094,-0.5022,0.9025,0.9498,3
0.2526,1410.4481,25105262.3776,1410.4481,0.6659,230.5927,227.7237,2.8690,3.5124,0.0014,1.6798,-0.4848,0.8946,0.9513,3
0.2448,1352.7934,25803091.5350,1352.7934,0.6728,232.6545,229.7971,2.8574,3.4932,0.0015,1.6507,-0.4854,0.8935,0.9496,3
0.2663,1242.7145,23068117.4752,1242.7145,0.7001,223.2578,220.5168,2.7410,3.3122,0.0016,1.5374,-0.5043,0.8935,0.9503,3
0.2468,1426.2173,26122621.8240,1426.2173,0.6845,235.3035,232.4818,2.8217,3.4145,0.0015,1.6042,-0.4943,0.8937,0.9536,3
0.2623,1298.4646,23711220.2694,1298.4646,0.6927,225.8560,223.1109,2.7451,3.3361,0.0015,1.5600,-0.4920,0.8867,0.9495,3
0.2611,1325.0808,23718395.2475,1325.0808,0.6882,225.2207,222.3478,2.8729,3.4596,0.0015,1.5804,-0.5154,0.9102,0.9531,3
0.2527,1472.8869,25544214.3630,1472.8869,0.6946,233.7933,231.0109,2.7824,3.3382,0.0015,1.5507,-0.5036,0.8945,0.9523,3
0.2487,1439.8585,25697706.1870,1439.8585,0.6704,232.9172,230.0233,2.8940,3.5162,0.0014,1.6612,-0.4922,0.8993,0.9471,3
0.2599,1259.8065,24529376.8094,1259.8065,0.6832,228.7385,225.8929,2.8455,3.4492,0.0015,1.6021,-0.5065,0.9037,0.9565,3
0.2478,1512.6226,25536284.7897,1512.6226,0.6830,231.7983,228.8784,2.9199,3.5124,0.0015,1.5949,-0.5104,0.9099,0.9389,3
0.2487,1382.9286,25866241.9824,1382.9286,0.6709,232.6822,229.7685,2.9138,3.5716,0.0014,1.6764,-0.4868,0.8996,0.9441,3
0.2453,1355.5704,24434312.5199,1355.5704,0.6743,225.7489,222.7863,2.9626,3.6036,0.0014,1.6580,-0.5090,0.9147,0.9399,3
0.2640,1228.4642,24289152.9709,1228.4642,0.6798,228.0219,225.2213,2.8006,3.4161,0.0015,1.6132,-0.4946,0.8958,0.9494,3
0.2580,1394.3356,23988029.6261,1394.3356,0.6742,226.1613,223.2721,2.8892,3.5194,0.0015,1.6738,-0.4908,0.8986,0.9446,3
0.2590,1442.1657,24483648.0527,1442.1657,0.6692,229.8547,227.0614,2.7933,3.4268,0.0014,1.6752,-0.4748,0.8818,0.9416,3
0.2632,1358.6726,24130838.4329,1358.6726,0.6824,227.9946,225.2141,2.7805,3.4098,0.0015,1.6153,-0.4828,0.8859,0.9404,3
0.2544,1287.8566,25038308.6460,1287.8566,0.6759,229.8316,226.9204,2.9112,3.5462,0.0015,1.6386,-0.5079,0.9107,0.9547,3
0.2437,1275.9277,26042555.2377,1275.9277,0.6678,232.1133,229.1421,2.9712,3.6118,0.0014,1.6477,-0.5030,0.9128,0.9495,3
0.2513,1264.3419,23500914.0905,1264.3419,0.6833,222.7786,219.9544,2.8242,3.4422,0.0015,1.5758,-0.4999,0.8994,0.9498,3
0.2535,1437.2457,24718956.6891,1437.2457,0.6740,229.0273,226.1302,2.8972,3.5188,0.0015,1.6594,-0.4955,0.9015,0.9477,3
0.2539,1469.9163,24500686.7019,1469.9163,0.6781,228.3879,225.5173,2.8705,3.4627,0.0015,1.6341,-0.5013,0.9014,0.9485,3
0.2597,1132.7706,24225475.6517,1132.7706,0.6768,226.5823,223.7027,2.8796,3.5405,0.0015,1.6309,-0.4975,0.9042,0.9476,3
0.2508,1236.7702,26074008.3958,1236.7702,0.6868,235.0342,232.2442,2.7900,3.3913,0.0015,1.5564,-0.4944,0.8922,0.9467,3
0.2622,1185.4805,22437469.6216,1185.4805,0.6885,219.6896,216.8978,2.7918,3.4133,0.0015,1.6035,-0.4940,0.8936,0.9501,3
0.2477,1192.9879,26695949.4475,1192.9879,0.6691,235.9294,233.0491,2.8803,3.5300,0.0014,1.6514,-0.4927,0.9011,0.9565,3
0.2625,1392.8694,23207223.7966,1392.8694,0.6767,223.0624,220.1580,2.9044,3.5421,0.0015,1.6986,-0.4985,0.9052,0.9493,3
0.2570,1267.4517,24417443.0817,1267.4517,0.6765,227.9663,225.1150,2.8513,3.4780,0.0015,1.6344,-0.4968,0.8997,0.9522,3
0.2156,1495.6960,30251982.5028,1495.6960,0.6429,244.1783,241.0685,3.1098,3.8180,0.0013,1.7681,-0.4820,0.9119,0.9427,4
0.2095,1445.0520,31175838.5594,1445.0520,0.6461,246.5480,243.4637,3.0843,3.7486,0.0013,1.7488,-0.4891,0.9119,0.9414,4
0.2387,1103.6003,27904305.3057,1103.6003,0.6752,240.4644,237.6679,2.7965,3.4329,0.0014,1.6037,-0.4791,0.8851,0.9519,4
0.2188,1606.3716,30175888.3100,1606.3716,0.6528,245.3084,242.2649,3.0435,3.7091,0.0013,1.7284,-0.4798,0.9041,0.9357,4
0.2277,1265.6367,28714067.0348,1265.6367,0.6735,241.9142,239.0477,2.8665,3.5010,0.0014,1.6050,-0.4842,0.8937,0.9488,4
0.2276,1297.2135,29317553.2395,1297.2135,0.6622,243.2240,240.2494,2.9747,3.6303,0.0014,1.6987,-0.4910,0.9058,0.9518,4
0.2133,1576.4405,29796732.3465,1576.4405,0.6615,242.6554,239.6077,3.0477,3.7208,0.0014,1.7290,-0.4889,0.9103,0.9430,4
0.2230,1561.8030,26907432.1406,1561.8030,0.6543,234.9843,232.0479,2.9364,3.6009,0.0013,1.7181,-0.4673,0.8887,0.9267,4
0.2206,1645.9791,28196915.2432,1645.9791,0.6707,240.8568,237.9794,2.8774,3.5058,0.0014,1.6412,-0.4670,0.8828,0.9266,4
0.2117,1579.0828,31857535.6327,1579.0828,0.6519,251.0683,248.0307,3.0375,3.6984,0.0013,1.7342,-0.4812,0.9040,0.9431,4
0.2445,1083.1576,26963034.0339,1083.1576,0.6895,237.6231,234.8775,2.7456,3.3648,0.0015,1.5675,-0.4847,0.8854,0.9494,4
0.2225,1149.0583,29978913.4051,1149.0583,0.6379,243.5975,240.5572,3.0403,3.7629,0.0013,1.7511,-0.4816,0.9084,0.9533,4
0.2291,1280.3321,28726388.4835,1280.3321,0.6516,240.8853,237.8769,3.0084,3.6913,0.0014,1.7444,-0.4844,0.9060,0.9490,4
0.2243,1369.3683,28555738.5359,1369.3683,0.6384,239.2825,236.2136,3.0689,3.7605,0.0013,1.7846,-0.4850,0.9104,0.9512,4
0.2200,1346.1413,27878622.2575,1346.1413,0.6392,236.1838,233.1764,3.0074,3.7324,0.0013,1.7793,-0.4635,0.8948,0.9373,4
0.2234,1491.7299,28626388.1648,1491.7299,0.6435,239.6063,236.5085,3.0978,3.8143,0.0013,1.7914,-0.4797,0.9109,0.9359,4
0.2185,1302.1154,29890699.5338,1302.1154,0.6295,242.4021,239.2797,3.1224,3.8629,0.0013,1.8191,-0.4806,0.9132,0.9468,4
0.2293,1215.6940,28276328.7378,1215.6940,0.6403,237.4477,234.3395,3.1082,3.8040,0.0013,1.7658,-0.5036,0.9231,0.9591,4
0.2123,1443.3315,29237589.9214,1443.3315,0.6336,239.9393,236.8511,3.0881,3.8184,0.0013,1.8116,-0.4658,0.9023,0.9371,4
0.2143,1294.9974,29311020.8536,1294.9974,0.6286,239.5687,236.4580,3.1107,3.8563,0.0013,1.8293,-0.4670,0.9050,0.9436,4
0.2547,858.1768,25891432.0451,858.1768,0.6670,232.4841,229.6295,2.8546,3.5156,0.0014,1.6197,-0.4950,0.9028,0.9591,4
0.2202,1448.3716,30516162.1749,1448.3716,0.6470,246.4144,243.3699,3.0445,3.7185,0.0013,1.7308,-0.4905,0.9110,0.9520,4
0.2235,1258.7209,29968192.6777,1258.7209,0.6489,244.1696,241.1157,3.0540,3.7473,0.0013,1.7271,-0.4884,0.9115,0.9572,4
0.2274,1316.6667,28394688.6653,1316.6667,0.6347,238.9257,235.8611,3.0646,3.7721,0.0013,1.8085,-0.4788,0.9072,0.9536,4
0.2117,1577.1203,31397101.5267,1577.1203,0.6284,248.5669,245.4252,3.1416,3.8372,0.0013,1.8373,-0.4748,0.9083,0.9475,4
0.2142,1420.8152,30627957.6159,1420.8152,0.6561,248.6776,245.8280,2.8497,3.5115,0.0014,1.6939,-0.4513,0.8709,0.9331,4
0.2154,1561.9745,31728657.4673,1561.9745,0.6662,251.5378,248.5394,2.9984,3.6017,0.0014,1.6446,-0.4977,0.9085,0.9453,4
0.2106,1572.6805,31897224.3354,1572.6805,0.6586,250.5778,247.5401,3.0378,3.6883,0.0014,1.7152,-0.4889,0.9081,0.9451,4
0.2126,1565.2842,29465199.6292,1565.2842,0.6552,242.5009,239.5015,2.9993,3.6433,0.0013,1.7095,-0.4823,0.9013,0.9355,4
0.2301,1368.9578,28462768.0114,1368.9578,0.6855,241.8618,239.0005,2.8613,3.4611,0.0015,1.5902,-0.4969,0.8988,0.9464,4
0.2162,1397.9480,30680625.3594,1397.9480,0.6671,247.4920,244.5700,2.9220,3.5611,0.0014,1.6178,-0.4812,0.8957,0.9442,4
0.2415,930.4384,28393301.2017,930.4384,0.6873,242.1050,239.3241,2.7808,3.3852,0.0015,1.5185,-0.5040,0.8983,0.9580,4
0.2233,1447.8088,30129121.8586,1447.8088,0.6628,245.9306,242.9391,2.9915,3.6286,0.0014,1.6905,-0.4902,0.9052,0.9463,4
0.2220,1385.1057,29614840.1534,1385.1057,0.6711,244.0327,241.0988,2.9340,3.5608,0.0014,1.6517,-0.4950,0.9039,0.9450,4
0.2384,1300.8593,27644734.4406,1300.8593,0.6748,239.1180,236.2604,2.8577,3.4915,0.0014,1.6171,-0.4922,0.8979,0.9520,4
0.2250,1447.8914,29471315.0802,1447.8914,0.6790,244.0622,241.0563,3.0059,3.5926,0.0014,1.6273,-0.5192,0.9196,0.9544,4
0.2268,1117.7756,30406377.1431,1117.7756,0.6654,247.3708,244.4183,2.9525,3.5733,0.0014,1.6522,-0.5026,0.9099,0.9547,4
0.2340,1161.9170,28614240.8743,1161.9170,0.6770,241.5956,238.6650,2.9306,3.5520,0.0014,1.6196,-0.5028,0.9088,0.9506,4
0.2181,1219.8818,31338194.3426,1219.8818,0.6488,248.5760,245.5435,3.0325,3.7335,0.0013,1.7361,-0.4812,0.9067,0.9490,4
0.2195,1876.5187,29418343.7878,1876.5187,0.6744,245.0821,242.1445,2.9376,3.5377,0.0014,1.6534,-0.4806,0.8934,0.9346,4
0.2247,1224.1539,28629761.1998,1224.1539,0.6771,240.6659,237.7791,2.8867,3.5293,0.0014,1.6220,-0.4907,0.8996,0.9503,4
0.2195,1453.9052,30712574.9194,1453.9052,0.6746,247.8833,244.9125,2.9708,3.5942,0.0014,1.6303,-0.5032,0.9108,0.9515,4
0.2174,1469.5666,30076508.9829,1469.5666,0.6762,245.4937,242.5385,2.9552,3.5503,0.0014,1.6123,-0.5013,0.9077,0.9419,4
0.2292,1410.1377,28880246.4492,1410.1377,0.6730,243.1114,240.2393,2.8721,3.5056,0.0014,1.6696,-0.4773,0.8897,0.9448,4
0.2320,1070.3267,27565154.5737,1070.3267,0.6752,236.7323,233.8413,2.8909,3.5165,0.0014,1.5965,-0.5044,0.9075,0.9554,4
0.2298,1032.4280,30601023.6173,1032.4280,0.6827,248.7290,245.8663,2.8626,3.4474,0.0015,1.5325,-0.5118,0.9082,0.9533,4
0.2330,1343.1071,28802208.7423,1343.1071,0.6760,242.9167,240.0084,2.9083,3.5208,0.0014,1.6379,-0.4972,0.9032,0.9480,4
0.2209,1475.0837,30297172.3762,1475.0837,0.6633,246.8384,243.8902,2.9483,3.6019,0.0014,1.6971,-0.4777,0.8962,0.9465,4
0.2129,1481.9933,32103531.8889,1481.9933,0.6604,251.3667,248.2935,3.0732,3.7017,0.0014,1.7231,-0.5050,0.9180,0.9520,4
0.2272,1151.7732,30408852.3814,1151.7732,0.6823,247.3349,244.4257,2.9092,3.5004,0.0015,1.5522,-0.5132,0.9117,0.9607,4
0.2015,1574.3443,33744979.2514,1574.3443,0.6308,253.6797,250.4687,3.2110,3.9092,0.0013,1.7927,-0.4905,0.9215,0.9467,5
0.1965,1519.8214,35921976.5990,1519.8214,0.6423,261.8589,258.7544,3.1045,3.7583,0.0013,1.7707,-0.4816,0.9083,0.9482,5
0.2056,1622.6919,33668848.8044,1622.6919,0.6537,257.0995,254.1011,2.9984,3.6591,0.0013,1.7179,-0.4706,0.8950,0.9387,5
0.1907,1515.3394,36566227.0320,1515.3394,0.6299,260.9869,257.7784,3.2086,3.9251,0.0012,1.8504,-0.4724,0.9118,0.9374,5
0.1992,1407.6399,34937853.0112,1407.6399,0.6590,257.9298,254.8399,3.0898,3.7266,0.0014,1.6897,-0.4983,0.9168,0.9489,5
0.2009,1441.9567,33857234.2417,1441.9567,0.6238,253.9760,250.8049,3.1711,3.9231,0.0012,1.8817,-0.4667,0.9085,0.9351,5
0.2119,1331.6763,32257863.5633,1331.6763,0.6282,250.6347,247.5237,3.1110,3.8472,0.0013,1.8231,-0.4683,0.9052,0.9419,5
0.2176,1339.1613,31009639.9319,1339.1613,0.6400,247.1516,244.0441,3.1074,3.7912,0.0013,1.7933,-0.4946,0.9178,0.9512,5
0.2116,1248.1197,32424658.0244,1248.1197,0.6134,250.5459,247.4294,3.1164,3.9106,0.0012,1.8866,-0.4475,0.8956,0.9407,5
0.2137,1305.0933,31574133.2440,1305.0933,0.6414,248.5777,245.5062,3.0714,3.7708,0.0013,1.7400,-0.4870,0.9123,0.9453,5
0.2043,1461.4997,33130052.1050,1461.4997,0.6268,252.7900,249.6685,3.1215,3.8513,0.0012,1.8455,-0.4712,0.9071,0.9463,5
0.2249,849.4050,31356560.0278,849.4050,0.6455,249.7686,246.8494,2.9191,3.6413,0.0013,1.7063,-0.4731,0.8967,0.9591,5
0.2126,1167.5134,32482070.0150,1167.5134,0.6292,250.0562,246.9370,3.1193,3.8636,0.0013,1.8066,-0.4765,0.9116,0.9497,5
0.2056,1453.2161,33804414.7576,1453.2161,0.6269,255.4469,252.3371,3.1097,3.8390,0.0012,1.8394,-0.4634,0.9016,0.9437,5
0.2048,1537.4220,32708722.1066,1537.4220,0.6151,250.9743,247.8215,3.1527,3.9229,0.0012,1.9093,-0.4528,0.8996,0.9358,5
0.2127,1256.8349,31194304.5627,1256.8349,0.6270,245.6972,242.5150,3.1822,3.9355,0.0012,1.8671,-0.4829,0.9189,0.9512,5
0.1999,1259.1283,34823565.6814,1259.1283,0.6234,255.5790,252.3920,3.1870,3.9534,0.0012,1.8520,-0.4723,0.9141,0.9473,5
0.2095,1229.9022,31021191.2032,1229.9022,0.6419,245.0760,242.0018,3.0742,3.7910,0.0013,1.7347,-0.4834,0.9111,0.9512,5
0.2028,1319.2640,33549732.8008,1319.2640,0.6253,252.1704,248.9460,3.2245,3.9723,0.0012,1.8446,-0.4821,0.9210,0.9486,5
0.2099,1480.4762,31643362.2211,1480.4762,0.6418,248.3410,245.2077,3.1333,3.8349,0.0013,1.7564,-0.4883,0.9162,0.9500,5
0.2059,1161.4888,33252453.9795,1161.4888,0.6328,251.3964,248.2067,3.1897,3.9063,0.0013,1.7885,-0.4978,0.9262,0.9576,5
0.2051,1491.7852,31600822.4612,1491.7852,0.6259,247.1700,244.0182,3.1518,3.8832,0.0012,1.8545,-0.4721,0.9093,0.9468,5
0.2089,1413.1453,32276484.8800,1413.1453,0.6325,251.0350,247.9703,3.0647,3.7827,0.0013,1.7921,-0.4687,0.9021,0.9411,5
0.1984,1496.6594,33571436.9896,1496.6594,0.6203,251.8425,248.5819,3.2606,3.9959,0.0012,1.8781,-0.4843,0.9227,0.9551,5
0.1976,1477.9324,34201030.6820,1477.9324,0.6274,253.4672,250.2348,3.2323,3.9566,0.0012,1.8200,-0.4855,0.9209,0.9465,5
0.2008,1255.7848,33592229.0724,1255.7848,0.6127,250.7554,247.4784,3.2769,4.0671,0.0012,1.8856,-0.4782,0.9229,0.9513,5
0.2078,1419.1591,32342353.3516,1419.1591,0.6176,250.1962,247.0501,3.1460,3.8914,0.0012,1.8814,-0.4617,0.9033,0.9457,5
0.2507,875.1038,25256695.4021,875.1038,0.6725,228.6349,225.6963,2.9385,3.6286,0.0014,1.6520,-0.5021,0.9144,0.9600,5
0.2026,1411.4022,32465669.1089,1411.4022,0.6247,248.6801,245.4606,3.2195,3.9572,0.0012,1.8654,-0.4829,0.9195,0.9506,5
0.2098,1270.9283,32044074.4468,1270.9283,0.6288,249.1910,246.0620,3.1290,3.8658,0.0013,1.8381,-0.4720,0.9092,0.9498,5
0.2328,782.8388,28509722.0036,782.8388,0.6555,238.3160,235.2924,3.0236,3.7082,0.0014,1.6777,-0.5144,0.9245,0.9701,5
0.1984,1367.2186,34229451.4062,1367.2186,0.6212,253.7493,250.5106,3.2387,3.9844,0.0012,1.8746,-0.4787,0.9187,0.9484,5
0.1949,1617.6422,34127116.5978,1617.6422,0.5982,252.9251,249.6493,3.2758,4.0607,0.0011,1.9601,-0.4526,0.9070,0.9365,5
0.2067,1198.7030,31532313.5806,1198.7030,0.6408,246.4910,243.3864,3.1046,3.8128,0.0013,1.7889,-0.4847,0.9133,0.9585,5
0.1991,1336.3585,34567143.4193,1336.3585,0.6076,255.5036,252.2912,3.2124,3.9863,0.0012,1.9394,-0.4623,0.9092,0.9492,5
0.1909,1411.9477,36832600.8228,1411.9477,0.6305,261.0115,257.8165,3.1950,3.8992,0.0012,1.7700,-0.4856,0.9185,0.9471,5
0.2395,984.3208,27528066.8903,984.3208,0.6572,237.0957,234.1634,2.9323,3.6088,0.0014,1.6893,-0.4853,0.9028,0.9521,5
0.2181,1320.6932,30639001.3908,1320.6932,0.6439,244.9390,241.7919,3.1471,3.8576,0.0013,1.7779,-0.4939,0.9209,0.9452,5
0.1981,1314.1780,35144685.4762,1314.1780,0.6202,257.2639,254.1186,3.1453,3.8777,0.0012,1.8419,-0.4681,0.9067,0.9498,5
0.2221,1067.8788,30199552.6022,1067.8788,0.6486,244.7443,241.7405,3.0038,3.7011,0.0013,1.7355,-0.4810,0.9057,0.9534,5
0.2406,1056.7527,27022152.1648,1056.7527,0.6659,235.9456,233.0971,2.8485,3.5044,0.0014,1.6611,-0.4836,0.8951,0.9559,5
0.2223,1084.7811,30747603.3936,1084.7811,0.6498,246.1886,243.1324,3.0562,3.7592,0.0013,1.7370,-0.4860,0.9122,0.9512,5
0.2169,1058.3669,31825694.7017,1058.3669,0.6428,249.1009,246.0612,3.0396,3.7440,0.0013,1.7485,-0.4824,0.9089,0.9527,5
0.2106,1177.9258,29832083.0463,1177.9258,0.6141,239.0928,235.8953,3.1975,4.0239,0.0012,1.8544,-0.4696,0.9155,0.9445,5
0.2135,1413.7027,30876059.9282,1413.7027,0.6259,245.4511,242.2801,3.1710,3.8913,0.0012,1.8573,-0.4835,0.9165,0.9495,5
0.2182,1053.8936,28552520.5529,1053.8936,0.6382,236.2983,233.2305,3.0679,3.8179,0.0013,1.7518,-0.4837,0.9127,0.9524,5
0.2013,1556.3185,34653686.7009,1556.3185,0.6343,258.1617,255.0662,3.0955,3.7858,0.0013,1.7948,-0.4701,0.9026,0.9405,5
0.2075,1420.9987,31899223.1134,1420.9987,0.6632,249.7356,246.7356,3.0000,3.6706,0.0014,1.6677,-0.4845,0.9045,0.9442,5
0.2285,1097.9582,29844642.6413,1097.9582,0.6685,245.5149,242.6127,2.9021,3.5693,0.0014,1.6586,-0.4853,0.8997,0.9518,5
0.1957,1264.4040,35307391.2850,1264.4040,0.6149,256.7387,253.5614,3.1773,3.9192,0.0012,1.8772,-0.4704,0.9111,0.9531,5
0.2693,1212.7509,18913922.2952,1212.7509,0.6247,200.8005,197.6502,3.1503,3.9498,0.0013,1.9277,-0.4897,0.9228,0.9492,6
0.2812,1251.1303,19913783.1340,1251.1303,0.6768,209.3434,206.5715,2.7719,3.4454,0.0015,1.6478,-0.4812,0.8873,0.9407,6
0.2825,1392.8673,20818929.2538,1392.8673,0.6819,214.4090,211.6076,2.8014,3.4345,0.0015,1.6486,-0.4901,0.8933,0.9410,6
0.2763,1355.5754,20929214.3427,1355.5754,0.6629,213.8437,211.0242,2.8195,3.5229,0.0014,1.7385,-0.4643,0.8812,0.9371,6
0.2848,1430.4935,20275660.9797,1430.4935,0.6665,211.7605,208.9417,2.8189,3.4646,0.0015,1.7253,-0.4850,0.8914,0.9439,6
0.2760,1287.1982,20338575.7534,1287.1982,0.6620,210.5906,207.7588,2.8318,3.5257,0.0014,1.7316,-0.4752,0.8889,0.9381,6
0.2847,1312.5332,20543938.5479,1312.5332,0.6786,213.3451,210.6113,2.7338,3.3808,0.0015,1.6610,-0.4767,0.8796,0.9438,6
0.2957,1186.8619,20022002.1422,1186.8619,0.6899,211.9225,209.2769,2.6456,3.2799,0.0016,1.5702,-0.4810,0.8750,0.9510,6
0.2915,1448.0533,19579167.7651,1448.0533,0.6850,209.6676,207.0008,2.6668,3.3016,0.0015,1.6378,-0.4646,0.8644,0.9343,6
0.2845,1474.9516,20115946.5650,1474.9516,0.6789,211.2156,208.4391,2.7765,3.4134,0.0015,1.6886,-0.4827,0.8860,0.9487,6
0.2808,1589.2502,21212052.7904,1589.2502,0.6820,217.0379,214.2753,2.7626,3.3612,0.0015,1.6283,-0.4878,0.8857,0.9467,6
0.2681,1494.7782,21978678.3128,1494.7782,0.6768,218.7772,215.9368,2.8404,3.4769,0.0015,1.6896,-0.4873,0.8937,0.9392,6
0.2698,1495.2631,21782012.1123,1495.2631,0.6691,217.6135,214.7543,2.8592,3.5040,0.0014,1.7251,-0.4843,0.8935,0.9415,6
0.2911,1265.7146,20591409.7889,1265.7146,0.6984,214.3345,211.6625,2.6720,3.2535,0.0016,1.5577,-0.4992,0.8853,0.9517,6
0.2856,1149.3370,20093657.4731,1149.3370,0.6923,211.0767,208.4244,2.6523,3.2878,0.0015,1.5534,-0.4867,0.8793,0.9467,6
0.2767,1383.4220,21051957.5733,1383.4220,0.6822,214.6820,211.8714,2.8105,3.4441,0.0015,1.6416,-0.4919,0.8943,0.9449,6
0.2606,1937.9026,22542093.5550,1937.9026,0.6616,221.1615,218.2367,2.9248,3.5688,0.0014,1.7781,-0.4715,0.8894,0.9231,6
0.2776,1573.8741,21044851.0551,1573.8741,0.6767,215.4228,212.6198,2.8030,3.4402,0.0015,1.6903,-0.4820,0.8875,0.9399,6
0.2685,1607.5362,22616402.6435,1607.5362,0.6624,222.2227,219.3818,2.8409,3.5038,0.0014,1.7442,-0.4690,0.8834,0.9306,6
0.2743,1578.8384,21544574.4676,1578.8384,0.6685,217.7884,214.9012,2.8871,3.5055,0.0015,1.7400,-0.4929,0.8992,0.9429,6
0.2782,1551.8316,21335376.2004,1551.8316,0.6772,217.0508,214.2748,2.7760,3.4109,0.0015,1.6720,-0.4772,0.8825,0.9431,6
0.2763,1478.6376,21738404.2555,1478.6376,0.6801,218.5397,215.7549,2.7848,3.4080,0.0015,1.6414,-0.4878,0.8892,0.9464,6
0.2798,1267.9327,21004560.0760,1267.9327,0.6832,214.2347,211.3839,2.8509,3.4745,0.0015,1.6484,-0.5086,0.9065,0.9550,6
0.2726,1285.1881,22860546.4484,1285.1881,0.6738,222.9917,220.1930,2.7987,3.4349,0.0015,1.6642,-0.4869,0.8906,0.9517,6
0.2790,1453.2033,20953511.8198,1453.2033,0.6819,214.9847,212.2176,2.7671,3.4098,0.0015,1.6716,-0.4790,0.8834,0.9391,6
0.2768,1286.9075,21818685.8187,1286.9075,0.6735,218.3900,215.6097,2.7803,3.4317,0.0015,1.6755,-0.4802,0.8856,0.9407,6
0.2715,1412.9513,22711580.7236,1412.9513,0.6752,222.4953,219.6663,2.8291,3.4352,0.0015,1.6657,-0.4999,0.8988,0.9495,6
0.2884,1149.5348,21086040.9970,1149.5348,0.6806,216.2851,213.5587,2.7264,3.3515,0.0015,1.6282,-0.4964,0.8908,0.9569,6
0.2677,1465.8341,22157796.3819,1465.8341,0.6608,218.8149,215.8706,2.9443,3.6251,0.0014,1.7450,-0.4858,0.9026,0.9469,6
0.2847,1409.9366,20261678.8987,1409.9366,0.6770,211.9622,209.1718,2.7904,3.4213,0.0015,1.6846,-0.4891,0.8908,0.9477,6
0.2719,1288.4335,22203135.9355,1288.4335,0.6766,219.3949,216.5551,2.8397,3.4808,0.0015,1.6573,-0.4986,0.9009,0.9468,6
0.2687,1731.3022,22513531.3115,1731.3022,0.6767,222.2680,219.4653,2.8027,3.4299,0.0015,1.6762,-0.4779,0.8840,0.9395,6
0.2912,1163.0487,20960655.1027,1163.0487,0.6945,216.4866,213.8902,2.5964,3.2286,0.0015,1.5503,-0.4698,0.8638,0.9419,6
0.2852,1459.4197,20563939.8900,1459.4197,0.6761,213.5802,210.7598,2.8204,3.4549,0.0015,1.6792,-0.4920,0.8950,0.9421,6
0.2777,1366.4842,20317165.9736,1366.4842,0.6735,212.1552,209.4440,2.7112,3.3547,0.0015,1.6864,-0.4683,0.8714,0.9417,6
0.2856,1360.4436,20165261.5119,1360.4436,0.6787,211.5211,208.7438,2.7772,3.4052,0.0015,1.6609,-0.4911,0.8910,0.9477,6
0.2870,1348.7451,20840412.0667,1348.7451,0.6840,215.2203,212.4642,2.7562,3.3669,0.0015,1.6322,-0.4962,0.8916,0.9482,6
0.2760,1370.0084,21590240.6608,1370.0084,0.6713,217.0260,214.1642,2.8618,3.5253,0.0015,1.7205,-0.4879,0.8972,0.9495,6
0.2867,1309.6667,20408823.2480,1309.6667,0.6831,212.7450,209.9916,2.7534,3.3944,0.0015,1.6220,-0.4860,0.8870,0.9373,6
0.2818,1685.6259,20524550.7762,1685.6259,0.6652,213.3584,210.4860,2.8724,3.5326,0.0015,1.7747,-0.4747,0.8891,0.9332,6
0.2866,1377.7178,19899150.8432,1377.7178,0.6679,209.8360,206.9835,2.8525,3.5305,0.0015,1.7583,-0.4760,0.8898,0.9368,6
0.2837,1411.4844,21213486.6165,1411.4844,0.6867,216.7432,214.0083,2.7350,3.3346,0.0015,1.6078,-0.4946,0.8882,0.9529,6
0.2832,1357.8746,20103970.4963,1357.8746,0.6812,210.5980,207.7795,2.8185,3.4639,0.0015,1.6549,-0.4915,0.8954,0.9376,6
0.2919,1437.1740,19697029.3785,1437.1740,0.6910,209.9447,207.1968,2.7478,3.3670,0.0016,1.6192,-0.4899,0.8877,0.9424,6
0.2732,1469.4242,21705630.8189,1469.4242,0.6751,218.0726,215.2448,2.8278,3.4714,0.0015,1.6884,-0.4857,0.8921,0.9433,6
0.2775,1566.8165,20732629.6109,1566.8165,0.6806,213.7055,210.8473,2.8581,3.4798,0.0015,1.6429,-0.4982,0.9006,0.9465,6
0.2719,1385.0403,22235136.6283,1385.0403,0.6733,219.7584,216.8596,2.8988,3.5103,0.0015,1.6748,-0.5082,0.9085,0.9521,6
0.2773,1144.0380,21573514.9222,1144.0380,0.6788,216.7152,213.8556,2.8596,3.4901,0.0015,1.6397,-0.5085,0.9074,0.9604,6
0.2838,1157.8540,21382223.6039,1157.8540,0.6926,216.3974,213.6090,2.7884,3.3931,0.0015,1.5665,-0.5153,0.9051,0.9554,6
0.2780,1427.8110,20778038.1264,1427.8110,0.6785,213.4947,210.6294,2.8653,3.4915,0.0015,1.6705,-0.5001,0.9025,0.9514,6
0.2719,1421.3027,22216829.1054,1421.3027,0.6578,220.1959,217.3770,2.8189,3.5061,0.0014,1.7484,-0.4615,0.8780,0.9430,7
0.2618,1195.6372,23931237.4320,1195.6372,0.6737,226.0150,223.1831,2.8319,3.4866,0.0015,1.6375,-0.4921,0.8972,0.9602,7
0.2573,1515.7098,22833565.6405,1515.7098,0.6826,222.1695,219.3648,2.8047,3.4193,0.0015,1.6310,-0.4842,0.8875,0.9392,7
0.2603,1251.5632,24182617.2437,1251.5632,0.6590,226.7719,223.9047,2.8672,3.5569,0.0014,1.7165,-0.4750,0.8909,0.9361,7
0.2526,1488.9745,24291459.8164,1488.9745,0.6627,226.4679,223.5416,2.9262,3.5633,0.0014,1.7069,-0.4927,0.9026,0.9430,7
0.2710,1241.9274,21859035.8273,1241.9274,0.6744,217.2655,214.3861,2.8793,3.5434,0.0015,1.7030,-0.4945,0.9025,0.9452,7
0.2705,985.9451,22895150.0114,985.9451,0.6782,221.7568,218.9544,2.8025,3.4441,0.0015,1.6107,-0.4977,0.8980,0.9588,7
0.2614,1261.5962,22599725.6778,1261.5962,0.6729,220.1622,217.3439,2.8183,3.4974,0.0015,1.6594,-0.4820,0.8919,0.9450,7
0.2658,1255.4689,23105038.4970,1255.4689,0.6830,222.9387,220.0904,2.8483,3.4459,0.0015,1.6074,-0.5142,0.9081,0.9600,7
0.2633,1313.2966,24082212.7362,1313.2966,0.6884,228.1059,225.3476,2.7583,3.3438,0.0015,1.5618,-0.4964,0.8901,0.9477,7
0.2646,1291.0448,23289129.5147,1291.0448,0.6668,223.3508,220.4566,2.8942,3.5592,0.0014,1.6900,-0.4933,0.9028,0.9525,7
0.2648,1196.7992,23326915.2142,1196.7992,0.6822,223.5026,220.6292,2.8734,3.4749,0.0015,1.6010,-0.5166,0.9111,0.9608,7
0.2653,1257.3278,22161437.4516,1257.3278,0.6870,218.2484,215.3952,2.8532,3.4756,0.0015,1.5873,-0.5079,0.9067,0.9414,7
0.2519,1533.1152,24325748.2807,1533.1152,0.6655,227.0970,224.1571,2.9399,3.5855,0.0014,1.6908,-0.4892,0.9019,0.9472,7
0.2847,1198.2944,20810518.8094,1198.2944,0.6853,214.3757,211.6358,2.7399,3.3592,0.0015,1.6058,-0.4930,0.8898,0.9464,7
0.2651,1150.6041,22146138.5458,1150.6041,0.6678,217.4012,214.5246,2.8766,3.5606,0.0014,1.6760,-0.4933,0.9028,0.9561,7
0.2643,1346.1736,23048109.0889,1346.1736,0.6651,222.7587,219.8710,2.8877,3.5424,0.0014,1.6902,-0.4861,0.8974,0.9449,7
0.2632,1553.8511,23147813.2582,1553.8511,0.6702,223.1422,220.2744,2.8678,3.5243,0.0014,1.6749,-0.4811,0.8927,0.9425,7
0.2587,1366.1428,23454174.9272,1366.1428,0.6645,223.1483,220.2045,2.9438,3.6103,0.0014,1.6835,-0.4943,0.9066,0.9500,7
0.2539,1411.4017,24240715.1534,1411.4017,0.6603,226.3116,223.3975,2.9140,3.5742,0.0014,1.7386,-0.4851,0.8991,0.9428,7
0.2485,1473.9894,24908425.4222,1473.9894,0.6516,228.6751,225.7108,2.9643,3.6489,0.0014,1.7492,-0.4800,0.9002,0.9371,7
0.2603,1317.8478,23200533.4362,1317.8478,0.6707,222.8928,220.0541,2.8387,3.5010,0.0015,1.6679,-0.4791,0.8901,0.9427,7
0.2726,1268.3168,22335375.0737,1268.3168,0.6807,220.2894,217.4730,2.8164,3.4363,0.0015,1.5909,-0.5020,0.9006,0.9429,7
0.2506,1485.8574,24510479.1113,1485.8574,0.6529,227.0941,224.0944,2.9997,3.6653,0.0014,1.7685,-0.4844,0.9040,0.9373,7
0.2685,1327.8017,23124544.9339,1327.8017,0.6799,224.2173,221.4279,2.7894,3.4090,0.0015,1.6068,-0.4876,0.8890,0.9479,7
0.2078,1014.3761,33108502.0824,1014.3761,0.6268,251.2260,248.1083,3.1177,3.8612,0.0012,1.7637,-0.4779,0.9120,0.9559,7
0.2613,1472.7158,23092060.5387,1472.7158,0.6746,222.9621,220.1070,2.8551,3.4944,0.0015,1.6384,-0.4876,0.8949,0.9395,7
0.2607,1520.2123,22451555.8976,1520.2123,0.6653,220.1069,217.2461,2.8609,3.5161,0.0014,1.7081,-0.4722,0.8868,0.9401,7
0.2470,1794.0943,24319508.0909,1794.0943,0.6488,226.5481,223.5459,3.0022,3.6983,0.0014,1.7813,-0.4717,0.8980,0.9359,7
0.2577,1410.4902,23564939.2798,1410.4902,0.6652,224.6335,221.8323,2.8013,3.4789,0.0014,1.7277,-0.4586,0.8743,0.9396,7
0.2505,1507.5213,24232211.9590,1507.5213,0.6566,226.5666,223.5991,2.9675,3.6461,0.0014,1.7426,-0.4826,0.9017,0.9349,7
0.2703,1606.6001,22321229.4916,1606.6001,0.6700,221.4756,218.6404,2.8352,3.4381,0.0015,1.6913,-0.4865,0.8903,0.9297,7
0.2482,1450.2677,23957348.7309,1450.2677,0.6594,225.2219,222.3371,2.8848,3.5541,0.0014,1.7354,-0.4698,0.8874,0.9373,7
0.2641,1383.7152,23066139.3662,1383.7152,0.6726,222.7967,219.9650,2.8317,3.4944,0.0014,1.6604,-0.4838,0.8929,0.9413,7
0.2691,1176.8079,22494685.2131,1176.8079,0.6702,220.5444,217.7554,2.7890,3.4436,0.0015,1.6964,-0.4875,0.8913,0.9512,7
0.2657,1259.1636,23496973.6540,1259.1636,0.6835,225.1757,222.3769,2.7988,3.4241,0.0015,1.6007,-0.4924,0.8932,0.9446,7
0.2603,1283.1933,23914535.3976,1283.1933,0.6705,225.6397,222.7298,2.9099,3.5560,0.0015,1.6941,-0.4952,0.9041,0.9459,7
0.2633,1242.0021,22346804.0737,1242.0021,0.6646,219.5102,216.7234,2.7868,3.4362,0.0014,1.6970,-0.4784,0.8850,0.9443,7
0.2588,1284.1558,24252888.2890,1284.1558,0.6687,227.1974,224.3423,2.8551,3.5255,0.0014,1.6915,-0.4789,0.8918,0.9439,7
0.2631,1323.8424,22044287.3768,1323.8424,0.6653,217.4440,214.5723,2.8717,3.5467,0.0014,1.7015,-0.4856,0.8971,0.9430,7
0.2417,1554.0617,26174653.2089,1554.0617,0.6616,233.6289,230.6435,2.9854,3.6249,0.0014,1.7123,-0.4946,0.9076,0.9546,7
0.2478,1429.2482,25276744.3664,1429.2482,0.6689,230.6718,227.7850,2.8868,3.5374,0.0014,1.6530,-0.4835,0.8953,0.9484,7
0.2496,1379.1626,25277096.5786,1379.1626,0.6619,230.5974,227.6788,2.9186,3.5739,0.0014,1.6920,-0.4848,0.8985,0.9392,7
0.2595,1302.9971,20817286.5134,1302.9971,0.6767,211.3960,208.5461,2.8500,3.5214,0.0015,1.6514,-0.4813,0.8928,0.9282,7
0.1939,1461.8759,26099253.2566,1461.8759,0.6206,222.3456,219.1364,3.2092,4.0291,0.0012,1.8613,-0.4527,0.9054,0.9153,7
0.2548,1120.9567,18342020.7845,1120.9567,0.6941,197.6743,194.8319,2.8424,3.4851,0.0015,1.5496,-0.5101,0.9081,0.9522,7
0.2677,1020.6148,16959457.7495,1020.6148,0.6963,191.9682,189.2478,2.7204,3.3717,0.0015,1.5386,-0.4971,0.8927,0.9495,7
0.2448,1112.3719,18629479.3602,1112.3719,0.6864,198.1873,195.3628,2.8245,3.4943,0.0015,1.5909,-0.4878,0.8951,0.9370,7
0.2484,1157.4995,18608236.8643,1157.4995,0.6896,199.1154,196.3252,2.7902,3.4650,0.0015,1.5869,-0.4788,0.8872,0.9346,7
0.2620,1033.9271,18344192.3712,1033.9271,0.6933,199.0675,196.3285,2.7389,3.3772,0.0015,1.5270,-0.5017,0.8960,0.9462,7
