0.1956,9520.1429,21055926.0589,9520.1429,0.5123,232.3810,229.6186,2.7624,3.0320,0.0009,2.3066,-0.5734,0.9126,0.8617,1
0.2550,4535.7937,21834208.2646,4535.7937,0.6099,228.3492,225.9160,2.4332,2.6767,0.0012,1.8797,-0.5926,0.9144,0.8887,1
0.2467,6087.9841,20194474.7193,6087.9841,0.5542,221.1587,218.6408,2.5180,2.7683,0.0011,2.0720,-0.6151,0.9295,0.8204,1
0.2467,4709.6508,21628943.5682,4709.6508,0.6039,226.8571,224.3475,2.5096,2.7615,0.0013,1.8912,-0.6050,0.9294,0.9345,1
0.2798,4049.9286,19435190.9204,4049.9286,0.6217,217.9603,215.6076,2.3527,2.5124,0.0013,1.8240,-0.6031,0.9071,0.9295,1
0.2331,5711.7222,20955434.7144,5711.7222,0.6032,220.6746,218.0692,2.6054,2.7457,0.0012,1.9823,-0.6319,0.9340,0.9271,1
0.2249,7226.0635,20455925.5631,7226.0635,0.5775,226.4444,223.8559,2.5886,2.8128,0.0012,2.0734,-0.5613,0.9089,0.8508,1
0.2172,6112.0159,23280198.5474,6112.0159,0.5659,232.5079,229.9141,2.5938,2.8860,0.0011,2.0435,-0.5995,0.9331,0.8672,1
0.2169,6175.8016,22082572.9040,6175.8016,0.5248,229.1508,226.4773,2.6735,2.9080,0.0010,2.2156,-0.6415,0.9488,0.8290,1
0.1955,8221.3175,21417644.3419,8221.3175,0.5037,230.0317,227.2824,2.7494,3.0430,0.0009,2.3858,-0.6024,0.9315,0.8197,1
0.2244,5350.3095,23784099.7989,5350.3095,0.5917,232.3571,229.7590,2.5981,2.8499,0.0012,2.0119,-0.6426,0.9380,0.8936,1
0.2392,5917.0159,20481906.0082,5917.0159,0.5692,223.4444,220.8199,2.6246,2.7801,0.0011,2.0651,-0.6882,0.9468,0.9662,1
0.1762,8491.6667,25749141.5333,8491.6667,0.4996,245.5714,242.6176,2.9538,3.1024,0.0009,2.3325,-0.6607,0.9532,0.9386,1
0.2239,5556.3175,23199311.7972,5556.3175,0.5564,232.9206,230.2440,2.6766,2.8940,0.0011,2.1742,-0.6421,0.9480,0.9062,1
0.2542,5080.0714,19888650.8724,5080.0714,0.5597,219.8651,217.3527,2.5124,2.7427,0.0011,2.0553,-0.6081,0.9305,0.9131,1
0.2318,6348.6667,20731217.5612,6348.6667,0.5662,225.2857,222.6715,2.6142,2.8164,0.0011,2.1162,-0.5967,0.9308,0.8853,1
0.2100,7364.5952,21616546.3209,7364.5952,0.5726,228.5159,225.7301,2.7858,2.9193,0.0011,2.1100,-0.6119,0.9271,0.8711,1
0.2236,5698.8968,22249111.0268,5698.8968,0.5447,229.0079,226.3512,2.6567,2.9160,0.0010,2.1779,-0.6863,0.9532,0.8791,1
0.1891,8144.7857,24201926.8230,8144.7857,0.5042,240.0873,237.2481,2.8392,3.0497,0.0009,2.3177,-0.6275,0.9509,0.9676,1
0.1823,7786.7222,24763019.8560,7786.7222,0.5105,239.3095,236.4597,2.8499,3.1002,0.0009,2.2929,-0.6123,0.9407,0.9401,1
0.2095,7251.5238,22756845.5241,7251.5238,0.5386,234.9841,232.2272,2.7569,2.9633,0.0010,2.1611,-0.5776,0.9214,0.8586,1
0.2390,5354.7063,21936573.8160,5354.7063,0.5931,228.9444,226.3713,2.5732,2.8021,0.0012,2.0021,-0.6428,0.9349,0.8545,1
0.2468,4764.7143,21108850.9072,4764.7143,0.5649,224.7302,222.2115,2.5186,2.7505,0.0011,2.0150,-0.5889,0.9217,0.9241,1
0.2167,6538.2937,23418453.7304,6538.2937,0.5430,231.7540,229.0440,2.7100,2.9232,0.0011,2.1067,-0.5939,0.9329,0.8575,1
0.1961,8280.4444,22159149.0171,8280.4444,0.5029,233.6667,230.8843,2.7824,3.0017,0.0009,2.3695,-0.6240,0.9390,0.8955,1
0.2241,5072.0952,23729963.0909,5072.0952,0.5479,233.4921,230.7715,2.7206,2.8788,0.0011,2.1215,-0.6734,0.9562,0.9448,1
0.1959,6838.3810,24705074.5755,6838.3810,0.5070,235.8730,233.0226,2.8504,3.0237,0.0009,2.3183,-0.6366,0.9556,0.8954,1
0.1694,8190.1905,27317848.0204,8190.1905,0.4931,248.8095,245.8522,2.9573,3.1747,0.0008,2.4178,-0.6083,0.9464,0.9459,1
0.2465,4470.8889,20949322.0372,4470.8889,0.5871,219.5397,216.9254,2.6143,2.7725,0.0012,2.0733,-0.6941,0.9619,0.9405,1
0.2313,5629.4603,22601705.0197,5629.4603,0.5624,230.1111,227.4680,2.6431,2.8536,0.0011,2.1876,-0.6148,0.9375,0.9420,1
0.2027,6628.9921,23784063.2652,6628.9921,0.5477,232.9286,230.0891,2.8394,2.9812,0.0010,2.1577,-0.6507,0.9539,1.0000,1
0.1960,7556.3333,22541985.3493,7556.3333,0.5124,231.3968,228.5731,2.8237,2.9990,0.0009,2.2934,-0.5798,0.9301,0.9112,1
0.2392,4314.9921,23029986.0076,4314.9921,0.5707,229.2143,226.6682,2.5461,2.7869,0.0011,2.0304,-0.5917,0.9281,0.9059,1
0.2171,4373.4286,24546637.6042,4373.4286,0.5274,233.1429,230.4040,2.7388,2.8902,0.0010,2.1918,-0.6215,0.9425,0.9183,1
0.2246,7113.1984,20518528.2133,7113.1984,0.5189,226.1667,223.5341,2.6326,2.8348,0.0009,2.2999,-0.6058,0.9243,0.8963,1
0.2546,4033.1746,21160794.8154,4033.1746,0.5574,222.5873,220.0592,2.5281,2.7097,0.0011,2.0968,-0.6679,0.9499,0.9763,1
0.2312,6772.7698,20156653.2222,6772.7698,0.5414,223.2460,220.5919,2.6541,2.8646,0.0010,2.1875,-0.6251,0.9415,0.9378,1
0.2168,5718.0635,22040544.0422,5718.0635,0.5550,227.4762,224.7388,2.7374,2.9122,0.0010,2.1655,-0.6335,0.9477,0.8905,1
0.2168,6191.0000,20127252.5523,6191.0000,0.5221,218.5873,215.7935,2.7938,2.9190,0.0010,2.2987,-0.6740,0.9572,0.8904,1
0.2171,5436.5794,23171674.2696,5436.5794,0.5536,228.5317,225.7902,2.7415,2.9122,0.0011,2.1676,-0.7107,0.9670,0.8979,1
0.2467,3425.1587,23313193.3693,3425.1587,0.5840,230.3016,227.7782,2.5233,2.7615,0.0011,2.0000,-0.6470,0.9417,0.8879,1
0.2171,4758.3095,25766312.0444,4758.3095,0.5335,237.3254,234.6409,2.6845,2.8970,0.0010,2.0677,-0.6436,0.9490,0.9247,1
0.1960,8638.8571,22480029.3585,8638.8571,0.5127,235.9524,233.1947,2.7577,2.9990,0.0009,2.3255,-0.6125,0.9292,0.8548,1
0.1898,7385.3730,24126260.0056,7385.3730,0.5155,239.6429,236.8147,2.8282,2.9974,0.0009,2.3232,-0.6073,0.9318,0.9030,1
0.2314,3805.0952,25043903.1929,3805.0952,0.5365,236.3492,233.7858,2.5634,2.8426,0.0010,2.1139,-0.6558,0.9516,0.7804,1
0.1829,8773.7302,25531650.4476,8773.7302,0.5023,245.8571,243.0664,2.7907,3.0521,0.0008,2.3625,-0.5902,0.9361,0.8911,1
0.2319,5609.0714,21384865.3541,5609.0714,0.5501,225.6270,222.9812,2.6458,2.7986,0.0011,2.1770,-0.6525,0.9525,0.9348,1
0.2242,6268.8175,21674985.7570,6268.8175,0.5690,228.7698,226.1690,2.6008,2.8609,0.0011,2.0632,-0.5947,0.9312,0.8858,1
0.2100,7632.5714,21351419.0551,7632.5714,0.5418,230.1587,227.5048,2.6539,2.9193,0.0010,2.1993,-0.5973,0.9224,0.8541,1
0.2182,5814.7222,24250385.6926,5814.7222,0.5534,237.6429,235.0752,2.5676,2.8269,0.0010,2.0576,-0.6185,0.9353,0.8658,1
0.2094,5544.5714,25720200.1475,5544.5714,0.5259,241.5556,238.7698,2.7858,2.9743,0.0010,2.2250,-0.6431,0.9482,0.9146,2
0.2177,7115.8095,21495843.0080,7115.8095,0.5364,230.4762,227.8337,2.6425,2.8572,0.0010,2.1536,-0.5695,0.9158,0.8896,2
0.2106,7352.2778,22890024.2062,7352.2778,0.5837,236.9286,234.3187,2.6099,2.8643,0.0011,2.0051,-0.5592,0.9044,0.8645,2
0.2244,4241.0794,25295077.4256,4241.0794,0.5694,238.8571,236.2459,2.6113,2.8568,0.0011,1.9467,-0.6343,0.9422,0.9397,2
0.2318,5909.1905,22085825.9053,5909.1905,0.5891,230.2698,227.6598,2.6101,2.8096,0.0011,2.0255,-0.5854,0.9138,0.9031,2
0.2314,4180.3810,23195449.9631,4180.3810,0.5674,228.5714,225.9462,2.6252,2.8494,0.0011,2.0631,-0.6205,0.9352,0.9288,2
0.2244,4806.6825,24009144.8501,4806.6825,0.5570,234.0476,231.4102,2.6374,2.8568,0.0010,2.1402,-0.6412,0.9506,0.9027,2
0.2108,5319.1984,25545806.7163,5319.1984,0.5504,242.1032,239.4644,2.6387,2.8738,0.0010,2.0834,-0.6127,0.9337,0.8900,2
0.2092,3826.7222,26989987.8104,3826.7222,0.5570,239.9286,237.1716,2.7569,2.9853,0.0011,2.0188,-0.6752,0.9593,0.9398,2
0.2167,6014.8333,23622093.6146,6014.8333,0.5495,231.6270,228.9336,2.6934,2.9300,0.0010,2.1674,-0.6316,0.9480,0.8393,2
0.2318,4415.1984,23885597.7031,4415.1984,0.5763,233.9762,231.3786,2.5976,2.8164,0.0011,2.0287,-0.6313,0.9422,0.9515,2
0.2026,6327.1825,24839100.7012,6327.1825,0.5235,239.1667,236.4138,2.7529,2.9922,0.0009,2.2618,-0.6202,0.9461,0.8566,2
0.2470,3587.3254,23651884.4716,3587.3254,0.5939,229.3254,226.8336,2.4918,2.7285,0.0012,1.9226,-0.6517,0.9413,0.9285,2
0.1972,6839.8730,25102411.7248,6839.8730,0.5512,242.6984,239.9561,2.7423,2.9462,0.0011,2.1067,-0.5901,0.9304,0.7669,2
0.2469,3818.0000,22922653.9005,3818.0000,0.5671,229.8571,227.3847,2.4725,2.7395,0.0011,1.9445,-0.6454,0.9388,0.9535,2
0.2240,6094.9286,22850740.3391,6094.9286,0.5723,234.5635,231.9879,2.5756,2.8829,0.0011,2.1090,-0.5660,0.9137,0.8806,2
0.2177,4450.5952,27106855.1587,4450.5952,0.5559,245.9286,243.2819,2.6467,2.8572,0.0011,1.9783,-0.6295,0.9415,0.9473,2
0.2176,6213.7540,23663921.9282,6213.7540,0.5606,237.5000,234.8245,2.6755,2.8530,0.0010,2.0745,-0.5923,0.9236,0.8932,2
0.1893,7103.8095,26491980.3431,7103.8095,0.5527,246.6190,243.8217,2.7973,3.0345,0.0010,2.0434,-0.6006,0.9334,0.8631,2
0.2249,4239.1984,25750852.7146,4239.1984,0.5634,242.1984,239.6641,2.5343,2.8128,0.0011,1.9819,-0.6024,0.9236,0.7811,2
0.1505,7296.2619,32642739.9985,7296.2619,0.4839,259.4048,256.3547,3.0500,3.3175,0.0009,2.3425,-0.6147,0.9572,0.9109,2
0.2099,6247.9921,23180805.6769,6247.9921,0.5363,232.3571,229.5797,2.7775,2.9371,0.0010,2.1552,-0.6060,0.9356,0.8903,2
0.1900,6162.2222,27513931.1385,6162.2222,0.5241,249.5397,246.8690,2.6707,2.9932,0.0009,2.2424,-0.5813,0.9316,0.9275,2
0.2475,5491.7698,21576095.6604,5491.7698,0.5973,229.1667,226.7126,2.4541,2.6913,0.0012,1.8728,-0.5954,0.9144,0.8094,2
0.1822,6979.8889,27972509.8264,6979.8889,0.4901,252.3016,249.5028,2.7988,3.1112,0.0008,2.3303,-0.5538,0.9204,0.8230,2
0.2101,4723.0794,26458327.6494,4723.0794,0.5662,239.4762,236.7364,2.7398,2.9303,0.0011,2.1332,-0.6894,0.9641,0.8186,2
0.2167,6215.2143,22777974.8155,6215.2143,0.5843,228.7698,226.0797,2.6901,2.9232,0.0012,1.9826,-0.6261,0.9470,0.9098,2
0.2320,5366.7857,21172199.4805,5366.7857,0.5823,220.6429,218.0699,2.5729,2.8013,0.0012,1.9863,-0.6647,0.9482,0.9343,2
0.1963,6929.6032,24823927.4405,6929.6032,0.5440,242.0476,239.2936,2.7541,2.9990,0.0010,2.1724,-0.5855,0.9241,0.6348,2
0.1827,7795.6746,26146345.4338,7795.6746,0.5430,244.9444,242.1213,2.8232,3.0672,0.0010,2.1887,-0.5869,0.9341,0.8863,2
0.2633,4846.0952,19480180.6430,4846.0952,0.5952,219.0635,216.6431,2.4204,2.6165,0.0012,1.9426,-0.6132,0.9226,0.8857,2
0.1628,7097.7619,31538066.5987,7097.7619,0.4903,257.7302,254.7641,2.9661,3.2399,0.0008,2.4041,-0.6284,0.9582,0.8733,2
0.2168,5123.8889,23485666.3042,5123.8889,0.5352,232.0635,229.4215,2.6420,2.9122,0.0010,2.0898,-0.5903,0.9279,0.7418,2
0.2027,5400.8254,26731669.6433,5400.8254,0.5471,240.4921,237.7659,2.7262,2.9812,0.0010,2.1237,-0.6572,0.9573,0.8541,2
0.2239,6882.5714,21416462.6305,6882.5714,0.5632,229.6349,226.9749,2.6600,2.8940,0.0011,2.0759,-0.5657,0.9134,0.8546,2
0.1961,5418.6984,27704212.9130,5418.6984,0.5001,248.5556,245.8413,2.7142,2.9880,0.0009,2.1569,-0.5847,0.9332,0.9258,2
0.1969,7730.0238,24186640.7959,7730.0238,0.5576,242.4365,239.7505,2.6860,2.9357,0.0010,2.1101,-0.5501,0.9102,0.8930,2
0.1761,7547.1429,29387423.1422,7547.1429,0.4861,258.8730,256.1579,2.7151,3.1134,0.0008,2.2681,-0.5376,0.9030,0.7745,2
0.2404,5216.3492,22008390.2824,5216.3492,0.5451,230.7302,228.2851,2.4451,2.7016,0.0010,2.0229,-0.5924,0.9144,0.9402,2
0.2169,4044.7143,27696445.8854,4044.7143,0.5758,247.5714,244.9488,2.6227,2.9012,0.0011,2.0208,-0.5992,0.9313,0.8797,2
0.2395,5001.7063,21165390.0265,5001.7063,0.5724,224.3413,221.7524,2.5889,2.7649,0.0012,1.9140,-0.5632,0.9082,0.8530,2
0.2473,5712.9286,19957793.0183,5712.9286,0.5828,219.8651,217.3513,2.5138,2.7133,0.0012,1.9413,-0.5994,0.9212,0.9157,2
0.2472,5694.0317,20535113.4338,5694.0317,0.5707,224.8571,222.3255,2.5317,2.7175,0.0011,2.0154,-0.5803,0.9142,0.8802,2
0.1891,7082.3095,25956104.5298,7082.3095,0.5148,241.8968,239.1655,2.7313,3.0566,0.0009,2.2807,-0.5481,0.9146,0.8127,2
0.2040,7666.0635,24121025.5741,7666.0635,0.5330,242.8730,240.2441,2.6289,2.9001,0.0010,2.1221,-0.5240,0.8944,0.8744,2
0.1633,7779.4206,31792728.5751,7779.4206,0.4957,261.2778,258.4149,2.8629,3.1959,0.0008,2.2773,-0.5585,0.9331,0.8843,2
0.2252,7015.6984,20829747.9529,7015.6984,0.5769,224.9365,222.2834,2.6531,2.7949,0.0011,1.9701,-0.6273,0.9373,0.9439,2
0.1634,8162.8492,28953948.6010,8162.8492,0.4936,255.0873,252.1364,2.9509,3.1917,0.0008,2.3258,-0.5929,0.9356,0.8597,2
0.2096,4954.4048,25601381.5169,4954.4048,0.5528,238.5794,235.8307,2.7486,2.9523,0.0011,2.1589,-0.6170,0.9477,0.9273,2
0.1694,8791.5397,27375207.7026,8791.5397,0.5011,248.7302,245.8692,2.8610,3.1678,0.0009,2.2977,-0.5861,0.9399,0.8315,2
0.1820,9143.7778,23891872.0520,9143.7778,0.5065,239.7302,236.8886,2.8416,3.1222,0.0009,2.3199,-0.6002,0.9397,0.8889,3
0.2033,5201.1270,26588108.7287,5201.1270,0.5675,244.2698,241.5321,2.7377,2.9482,0.0010,2.0352,-0.5869,0.9316,0.9152,3
0.2024,6096.5397,25195520.4737,6096.5397,0.5362,240.9524,238.2010,2.7514,3.0032,0.0009,2.2123,-0.5893,0.9335,0.8996,3
0.2171,6925.5238,23188143.5982,6925.5238,0.5797,238.0635,235.4486,2.6149,2.8902,0.0012,1.9977,-0.5080,0.8786,0.7623,3
0.2099,7015.3095,23366862.4937,7015.3095,0.5337,237.6429,234.9906,2.6523,2.9303,0.0010,2.0927,-0.5411,0.9046,0.8763,3
0.1766,8702.2857,26152276.5970,8702.2857,0.4806,248.8730,246.0496,2.8234,3.0831,0.0008,2.3291,-0.5932,0.9300,0.9104,3
0.2035,8531.0159,22305213.1094,8531.0159,0.5311,236.3810,233.7751,2.6058,2.9221,0.0010,2.0941,-0.5645,0.9088,0.8668,3
0.1887,7253.8175,24242073.3172,7253.8175,0.5245,237.8810,234.9909,2.8901,3.0827,0.0009,2.2565,-0.5663,0.9220,0.8604,3
0.2250,3876.5476,24213236.4404,3876.5476,0.5276,233.7381,231.2325,2.5056,2.8155,0.0010,2.0332,-0.5714,0.9124,0.8542,3
0.2399,4961.8254,23109221.2899,4961.8254,0.6056,234.7937,232.3581,2.4355,2.7251,0.0012,1.8424,-0.5573,0.9001,0.8532,3
0.2246,4617.5317,25051047.7105,4617.5317,0.5403,238.6270,236.0184,2.6086,2.8348,0.0010,2.1117,-0.6283,0.9420,0.9286,3
0.2240,4385.5476,24109734.8497,4385.5476,0.5683,231.3730,228.8099,2.5631,2.8829,0.0011,2.0406,-0.5744,0.9218,0.9015,3
0.2171,6287.7222,23167260.7951,6287.7222,0.5349,234.1349,231.4567,2.6782,2.8970,0.0010,2.1538,-0.6188,0.9416,0.9106,3
0.2172,5722.4365,24574891.1290,5722.4365,0.5648,239.2778,236.6091,2.6687,2.8860,0.0011,1.9485,-0.5882,0.9272,0.8719,3
0.2703,3217.2302,20141914.4261,3217.2302,0.6175,216.6429,214.2145,2.4283,2.6498,0.0013,1.8681,-0.6197,0.9231,0.9076,3
0.2706,4920.0159,19061739.7082,4920.0159,0.6019,216.9683,214.5886,2.3796,2.6278,0.0012,1.9171,-0.6080,0.9159,0.8887,3
0.2169,6064.8810,23450374.4781,6064.8810,0.6049,236.2778,233.5913,2.6865,2.9012,0.0012,1.9686,-0.5693,0.9144,0.8756,3
0.2028,5645.7937,26803875.6296,5645.7937,0.5105,245.5714,242.8640,2.7074,2.9771,0.0009,2.2763,-0.6240,0.9427,0.9280,3
0.1955,8898.7778,22399974.8281,8898.7778,0.5023,233.9524,231.1749,2.7775,3.0430,0.0009,2.3451,-0.5427,0.9202,0.8606,3
0.2237,5405.6984,22774233.7869,5405.6984,0.5679,226.1587,223.4973,2.6614,2.9050,0.0011,2.0515,-0.6015,0.9354,0.9104,3
0.1955,7371.5873,24881233.7669,7371.5873,0.5362,242.1746,239.3668,2.8078,3.0430,0.0010,2.2311,-0.5727,0.9312,0.8927,3
0.2242,5107.8968,23377117.8619,5107.8968,0.5506,232.5794,229.9551,2.6243,2.8609,0.0011,2.1561,-0.6357,0.9478,0.9500,3
0.2245,5212.6111,23629247.7190,5212.6111,0.5486,233.5635,231.0177,2.5458,2.8458,0.0010,2.0604,-0.6374,0.9389,0.9587,3
0.2317,5499.8810,21083772.0730,5499.8810,0.5730,223.3413,220.7463,2.5949,2.8206,0.0011,2.0892,-0.6001,0.9321,0.9365,3
0.1892,6987.0873,26987688.3647,6987.0873,0.5095,249.0873,246.3423,2.7450,3.0455,0.0009,2.2482,-0.5811,0.9290,0.6971,3
0.2394,4863.4444,23080729.2311,4863.4444,0.5714,233.7302,231.2046,2.5256,2.7691,0.0012,1.8955,-0.5892,0.9131,0.8919,3
0.1959,7983.3571,24053079.8026,7983.3571,0.5379,241.4524,238.7299,2.7225,3.0100,0.0010,2.1658,-0.5509,0.9081,0.8291,3
0.2630,4410.0079,20167698.6043,4410.0079,0.6113,219.3889,216.9374,2.4515,2.6317,0.0013,1.8767,-0.6150,0.9198,0.8610,3
0.2314,6240.3333,21118452.1747,6240.3333,0.5629,225.5397,222.9081,2.6315,2.8426,0.0011,2.0313,-0.6495,0.9405,0.8927,3
0.2036,7796.4921,22294456.5550,7796.4921,0.5472,234.2222,231.5938,2.6284,2.9179,0.0010,2.1719,-0.5296,0.8929,0.8242,3
0.1963,6598.1825,23704409.8311,6598.1825,0.5122,227.1349,224.3437,2.7912,2.9839,0.0009,2.2264,-0.6082,0.9461,0.9303,3
0.2100,6809.8095,23009584.3294,6809.8095,0.5198,235.2222,232.5685,2.6538,2.9330,0.0009,2.1627,-0.5986,0.9298,0.9119,3
0.1893,8130.4127,23654305.9799,8130.4127,0.5114,233.6508,230.8693,2.7815,3.0345,0.0008,2.3075,-0.6046,0.9459,0.8916,3
0.2236,4696.7540,25095905.4258,4696.7540,0.5175,238.5317,235.8703,2.6614,2.9160,0.0010,2.2107,-0.6153,0.9424,0.8750,3
0.2095,7054.9921,20816812.9823,7054.9921,0.5205,222.2143,219.4767,2.7376,2.9633,0.0010,2.2738,-0.5909,0.9333,0.8592,3
0.2634,5832.5159,19108981.5533,5832.5159,0.6046,219.2302,216.8687,2.3614,2.6055,0.0012,1.8763,-0.5869,0.9105,0.9356,3
0.1890,8710.2302,23171092.4779,8710.2302,0.4895,237.9921,235.1336,2.8585,3.0607,0.0008,2.3478,-0.5861,0.9301,0.8631,3
0.2326,5343.1111,22544166.7287,5343.1111,0.5597,233.5238,231.0429,2.4809,2.7641,0.0011,2.0095,-0.5723,0.9101,0.5943,3
0.2551,6192.3810,18223929.5330,6192.3810,0.5860,215.7460,213.3211,2.4249,2.6725,0.0012,1.9592,-0.5628,0.8940,0.8812,3
0.2622,3392.3968,21061291.8590,3392.3968,0.5767,220.4921,218.0274,2.4646,2.7018,0.0012,1.8991,-0.6702,0.9473,0.9510,3
0.2470,5602.2619,20056870.0987,5602.2619,0.5482,221.4683,218.9068,2.5614,2.7353,0.0011,2.0350,-0.6103,0.9303,0.9019,3
0.2240,5690.6270,22209812.0542,5690.6270,0.5863,230.0873,227.4457,2.6416,2.8829,0.0011,2.0323,-0.5870,0.9242,0.9631,3
0.1890,7659.2222,24838163.5840,7659.2222,0.5078,241.9206,239.1186,2.8020,3.0676,0.0009,2.3048,-0.6159,0.9419,0.9419,3
0.2106,8335.7381,21712941.7926,8335.7381,0.5756,228.1825,225.4648,2.7178,2.8931,0.0012,2.0884,-0.5847,0.9229,0.9081,3
0.2465,4459.4206,21364363.2335,4459.4206,0.5762,222.4206,219.8614,2.5593,2.7725,0.0011,2.0541,-0.6521,0.9395,0.9294,3
0.2173,4631.2698,26697927.8093,4631.2698,0.5479,245.0000,242.4250,2.5750,2.8750,0.0010,2.0457,-0.5844,0.9277,0.7073,3
0.2318,6767.6270,20761716.5892,6767.6270,0.5664,226.8016,224.1737,2.6279,2.8164,0.0011,2.0649,-0.5860,0.9217,0.8942,3
0.2317,4805.1270,23997189.3990,4805.1270,0.5594,235.6667,233.0414,2.6252,2.8206,0.0011,2.1043,-0.6272,0.9386,0.9167,3
0.2240,5703.6270,22717321.2945,5703.6270,0.5604,229.9921,227.3362,2.6558,2.8829,0.0011,2.2226,-0.6453,0.9495,0.9406,3
0.2169,4972.8492,24777161.7896,4972.8492,0.5460,236.7698,234.0682,2.7017,2.9012,0.0010,2.2006,-0.6527,0.9537,0.9691,3
0.1693,8415.5873,27202794.6237,8415.5873,0.4905,250.7143,247.7680,2.9463,3.1788,0.0008,2.4030,-0.5580,0.9293,0.8843,4
0.1960,7026.0476,24954118.2017,7026.0476,0.5440,240.1587,237.4225,2.7362,3.0059,0.0010,2.1536,-0.5586,0.9205,0.8617,4
0.2244,4464.8413,26341720.4835,4464.8413,0.5498,239.5079,236.9434,2.5646,2.8499,0.0010,2.0751,-0.6125,0.9350,0.8897,4
0.1830,8334.7063,25355324.7772,8334.7063,0.5333,246.4048,243.5968,2.8080,3.0411,0.0010,2.1864,-0.5323,0.9077,0.8211,4
0.1968,6072.0556,27823593.5241,6072.0556,0.5504,250.0714,247.4566,2.6148,2.9467,0.0010,2.0512,-0.5886,0.9291,0.8895,4
0.2028,5237.8333,25710677.8444,5237.8333,0.5376,239.5635,236.8436,2.7199,2.9771,0.0010,2.1329,-0.5794,0.9288,0.8930,4
0.2098,6417.5952,22762105.1421,6417.5952,0.5526,232.0873,229.4115,2.6758,2.9413,0.0010,2.0307,-0.5500,0.9125,0.8864,4
0.1518,10104.7937,27519902.9109,10104.7937,0.4821,253.6667,250.7130,2.9537,3.2281,0.0008,2.3917,-0.5660,0.9270,0.8839,4
0.2111,6664.3413,24048997.7416,6664.3413,0.5736,241.6905,239.1838,2.5067,2.8491,0.0011,1.9646,-0.5104,0.8810,0.8595,4
0.2324,4024.7460,25388519.8924,4024.7460,0.6027,241.2381,238.7242,2.5139,2.7614,0.0013,1.9201,-0.5645,0.9075,0.8672,4
0.2334,5349.7698,23348810.7612,5349.7698,0.5769,235.9286,233.5126,2.4160,2.7264,0.0012,1.8758,-0.6115,0.9217,0.8927,4
0.2104,7475.9286,22805954.8173,7475.9286,0.5284,236.5952,233.9016,2.6936,2.8931,0.0010,2.2540,-0.5693,0.9188,0.8616,4
0.2022,6300.7698,25462613.8643,6300.7698,0.5292,242.0714,239.3269,2.7446,3.0252,0.0010,2.1976,-0.5913,0.9371,0.9239,4
0.1891,6556.5238,26530517.2247,6556.5238,0.5178,245.0952,242.2450,2.8502,3.0566,0.0009,2.2887,-0.6108,0.9474,0.9191,4
0.1834,7030.1587,27592222.0029,7030.1587,0.5110,250.6032,247.7548,2.8484,3.0149,0.0009,2.2166,-0.5859,0.9342,0.9023,4
0.1832,8415.5714,24061585.6018,8415.5714,0.5191,240.0952,237.2777,2.8176,3.0521,0.0009,2.2602,-0.5797,0.9304,0.8956,4
0.2022,5191.2857,27228679.6202,5191.2857,0.5440,245.4921,242.7213,2.7707,3.0252,0.0010,2.2233,-0.6167,0.9444,0.8710,4
0.2096,5133.3651,24944252.8267,5133.3651,0.5319,235.3175,232.5647,2.7528,2.9523,0.0010,2.1855,-0.6401,0.9517,0.9100,4
0.1759,6327.8889,30254231.8135,6327.8889,0.4875,255.6349,252.7745,2.8604,3.1286,0.0008,2.3520,-0.6072,0.9483,0.9238,4
0.1820,6285.1905,29922535.2448,6285.1905,0.4999,252.9048,250.0129,2.8919,3.1222,0.0009,2.3902,-0.6335,0.9526,0.9269,4
0.2790,3135.6270,20689122.5634,3135.6270,0.6111,221.6746,219.3293,2.3453,2.5647,0.0013,1.8186,-0.6402,0.9218,0.7602,4
0.2104,6045.3492,24049598.2715,6045.3492,0.5192,237.2698,234.5997,2.6701,2.8931,0.0010,2.1284,-0.6038,0.9361,0.9168,4
0.1956,4332.6905,28531995.3089,4332.6905,0.5426,245.9286,243.1090,2.8195,3.0389,0.0010,2.1217,-0.6419,0.9554,0.9289,4
0.1823,5124.9762,30206987.6543,5124.9762,0.5029,252.6746,249.8350,2.8396,3.1002,0.0009,2.3676,-0.6518,0.9605,0.9583,4
0.1512,9022.5794,30104681.1667,9022.5794,0.4779,254.4048,251.3941,3.0107,3.2762,0.0008,2.4751,-0.6048,0.9504,0.9191,4
0.1837,9070.1746,25715176.8461,9070.1746,0.5377,251.6190,248.9591,2.6599,2.9929,0.0010,2.1144,-0.4901,0.8707,0.8599,4
0.1896,7449.0079,24914377.7227,7449.0079,0.5180,241.1825,238.4752,2.7073,3.0277,0.0009,2.1892,-0.5412,0.9131,0.8769,4
0.1759,7851.7937,28810411.6347,7851.7937,0.5182,253.1429,250.3279,2.8149,3.1286,0.0009,2.2846,-0.5839,0.9377,0.9153,4
0.1757,8913.5556,26419237.5003,8913.5556,0.5046,250.4444,247.6131,2.8313,3.1396,0.0009,2.2294,-0.5594,0.9193,0.8301,4
0.2036,6970.4683,24033073.3300,6970.4683,0.5866,238.5794,235.9165,2.6628,2.9111,0.0012,1.9743,-0.5588,0.9090,0.8816,4
0.2323,5286.4206,23413399.5884,5286.4206,0.5901,236.2778,233.7949,2.4829,2.7724,0.0012,1.8463,-0.5573,0.9025,0.8682,4
0.2317,3625.9683,26365813.5186,3625.9683,0.5753,242.6032,240.1004,2.5028,2.8206,0.0011,1.8973,-0.6286,0.9312,0.9085,4
0.1832,6752.3016,29619960.8167,6752.3016,0.5588,257.7619,255.0277,2.7342,3.0452,0.0010,2.1809,-0.5652,0.9243,0.9117,4
0.1902,7115.9286,27042922.6032,7115.9286,0.5582,251.2778,248.5313,2.7465,2.9795,0.0011,2.0343,-0.5289,0.9080,0.8539,4
0.2318,3856.4206,25871137.6210,3856.4206,0.5773,240.7698,238.2959,2.4739,2.8164,0.0011,2.0002,-0.6288,0.9301,0.9497,4
0.1769,6467.4921,29155366.2700,6467.4921,0.5366,254.0317,251.1508,2.8809,3.0694,0.0010,2.1644,-0.5875,0.9402,0.7796,4
0.2026,5981.3889,26441608.2394,5981.3889,0.5106,245.2302,242.5316,2.6986,2.9922,0.0009,2.2587,-0.5683,0.9231,0.8649,4
0.2096,5596.6111,24418720.6226,5596.6111,0.5737,233.1984,230.5488,2.6496,2.9523,0.0011,1.9152,-0.5977,0.9357,0.9134,4
0.2028,4848.7143,28472803.9092,4848.7143,0.5188,247.7460,245.0219,2.7242,2.9702,0.0009,2.2406,-0.6170,0.9459,0.9221,4
0.1968,6211.1746,27713601.6018,6211.1746,0.5385,250.5238,247.8295,2.6944,2.9536,0.0009,2.1450,-0.6040,0.9387,0.9051,4
0.2036,5571.1429,26462938.7404,5571.1429,0.5730,246.4286,243.7625,2.6661,2.9331,0.0011,2.0037,-0.5579,0.9099,0.8649,4
0.1759,5847.3095,31745077.8437,5847.3095,0.5144,259.5476,256.7436,2.8041,3.1286,0.0009,2.2883,-0.6220,0.9526,0.7929,4
0.2470,4028.7937,23254172.4206,4028.7937,0.5876,232.8413,230.3542,2.4871,2.7285,0.0012,1.8179,-0.5882,0.9175,0.8830,4
0.1756,6225.4683,28638167.9822,6225.4683,0.5062,249.9762,247.0774,2.8988,3.1506,0.0009,2.2864,-0.5512,0.9242,0.8831,4
0.2183,4005.6032,25208659.8494,4005.6032,0.5697,235.8413,233.2585,2.5828,2.8242,0.0011,2.0122,-0.6093,0.9285,0.9194,4
0.2404,5834.7302,21367981.1262,5834.7302,0.6064,228.3651,225.9235,2.4416,2.7016,0.0013,1.7715,-0.5698,0.9024,0.8647,4
0.2395,3493.3730,25156582.8017,3493.3730,0.6131,238.3095,235.7399,2.5696,2.7581,0.0013,1.8161,-0.6431,0.9385,0.9080,4
0.1963,5144.4048,28768241.2074,5144.4048,0.5460,252.7063,249.9481,2.7582,2.9839,0.0010,2.1775,-0.5912,0.9309,0.8779,4
0.1505,6544.7143,34025178.4236,6544.7143,0.4661,262.8889,259.8300,3.0589,3.3175,0.0007,2.3967,-0.5745,0.9434,0.8528,4
0.2036,5605.6349,25507513.9941,5605.6349,0.5649,239.9365,237.2250,2.7116,2.9111,0.0010,2.0172,-0.5946,0.9320,0.9543,4
0.1571,7283.1905,31711685.8049,7283.1905,0.4682,259.1587,256.0973,3.0614,3.2416,0.0008,2.3923,-0.6238,0.9598,0.9504,5
0.1901,5474.0000,29552600.4707,5474.0000,0.5416,254.9683,252.1772,2.7910,2.9905,0.0010,2.1090,-0.6297,0.9445,0.9282,5
0.1708,6810.4524,31232883.0056,6810.4524,0.5247,260.5794,257.8358,2.7436,3.0825,0.0009,2.1348,-0.5749,0.9293,0.9068,5
0.1340,5737.3095,41444330.5650,5737.3095,0.5084,278.8651,275.7659,3.0992,3.3694,0.0008,2.2551,-0.6059,0.9530,0.8624,5
0.2098,5962.0397,23741946.6125,5962.0397,0.5824,232.6746,229.9884,2.6862,2.9413,0.0011,1.9624,-0.5656,0.9159,0.9020,5
0.1629,6940.9762,29586764.4873,6940.9762,0.5042,248.5476,245.5816,2.9661,3.2357,0.0008,2.3230,-0.6175,0.9562,0.9756,5
0.1820,6284.3968,29271164.3123,6284.3968,0.5146,251.3651,248.5805,2.7845,3.1222,0.0009,2.3063,-0.6245,0.9536,0.9162,5
0.1896,5835.4524,27375979.0525,5835.4524,0.5320,244.2778,241.5239,2.7539,3.0277,0.0010,2.2088,-0.6085,0.9487,0.9114,5
0.1825,5411.3254,30787814.4152,5411.3254,0.5016,256.0556,253.2553,2.8002,3.0851,0.0009,2.2773,-0.6232,0.9511,0.9128,5
0.2026,6411.6508,24420039.4053,6411.6508,0.5386,238.8254,236.1070,2.7184,2.9922,0.0010,2.1148,-0.5925,0.9330,0.8953,5
0.1888,4363.2857,30472984.7197,4363.2857,0.5246,251.9365,249.1276,2.8089,3.0717,0.0009,2.2098,-0.6385,0.9517,0.9346,5
0.2394,3068.0794,25992582.5044,3068.0794,0.5787,240.8889,238.4189,2.4700,2.7691,0.0011,1.9378,-0.6568,0.9413,0.9677,5
0.2386,4645.4365,21967761.7023,4645.4365,0.5583,224.7063,222.0598,2.6466,2.8351,0.0011,2.1138,-0.6514,0.9459,0.9485,5
0.1961,4603.3254,30389581.6280,4603.3254,0.5296,254.5317,251.7741,2.7577,2.9949,0.0009,2.1381,-0.6330,0.9517,0.9266,5
0.1761,5102.8254,32148252.6928,5102.8254,0.5019,258.8730,255.9219,2.9511,3.1134,0.0009,2.2814,-0.6380,0.9568,0.9202,5
0.2313,3009.4048,26608610.5966,3009.4048,0.5780,240.0714,237.4922,2.5792,2.8536,0.0011,1.9746,-0.7017,0.9627,0.9262,5
0.2101,5877.3095,24738218.1593,5877.3095,0.5272,238.7222,236.0526,2.6696,2.9151,0.0010,2.2798,-0.6267,0.9463,0.9108,5
0.2469,4742.4921,21614925.4596,4742.4921,0.5952,226.9841,224.4750,2.5091,2.7395,0.0012,1.9413,-0.6275,0.9318,0.8930,5
0.2026,5861.1429,24290031.9593,5861.1429,0.5456,232.7302,229.9861,2.7440,2.9922,0.0011,2.0566,-0.6269,0.9510,0.9074,5
0.1891,5400.0635,29670767.0754,5400.0635,0.5156,252.5714,249.8024,2.7690,3.0497,0.0009,2.2087,-0.6441,0.9578,0.9423,5
0.2176,4452.0476,26315350.0628,4452.0476,0.5636,240.2381,237.6133,2.6248,2.8599,0.0011,2.0213,-0.6809,0.9595,0.9829,5
0.1694,7005.5635,28897078.4849,7005.5635,0.4896,248.0238,245.1565,2.8673,3.1678,0.0008,2.3080,-0.5915,0.9440,0.9228,5
0.1762,7894.3016,27092649.3655,7894.3016,0.5138,250.3175,247.5108,2.8066,3.1024,0.0009,2.3053,-0.5612,0.9258,0.8294,5
0.1517,8181.8095,31972079.8513,8181.8095,0.5352,263.7143,260.6931,3.0212,3.2254,0.0009,2.2521,-0.6105,0.9479,0.8818,5
0.1628,7426.9603,29599145.3411,7426.9603,0.4640,253.6111,250.6079,3.0032,3.2399,0.0007,2.4716,-0.6073,0.9544,0.8995,5
0.2026,4127.3730,27537271.4619,4127.3730,0.5087,242.2460,239.4795,2.7666,2.9922,0.0010,2.2268,-0.6871,0.9673,0.9709,5
0.1577,7023.7937,30421307.9928,7023.7937,0.4822,254.3016,251.3783,2.9233,3.2018,0.0008,2.3900,-0.6003,0.9496,0.9240,5
0.2546,4911.9683,19964230.4635,4911.9683,0.5730,219.4603,216.9260,2.5344,2.7097,0.0012,2.0217,-0.6612,0.9461,0.9731,5
0.1628,5435.6429,34141882.5758,5435.6429,0.4883,263.2778,260.2793,2.9985,3.2399,0.0008,2.4227,-0.6212,0.9599,0.9149,5
0.2174,4430.3333,25790766.8883,4430.3333,0.5516,240.1111,237.5278,2.5833,2.8640,0.0010,2.0768,-0.6668,0.9529,0.9613,5
0.2468,3030.9444,22798825.1758,3030.9444,0.5807,224.3413,221.7463,2.5950,2.7505,0.0011,1.9964,-0.7248,0.9617,0.9669,5
0.1823,4871.5159,31266185.4580,4871.5159,0.5166,250.6111,247.7297,2.8814,3.1002,0.0009,2.2587,-0.6607,0.9670,0.9539,5
0.1510,6174.8651,34619594.7014,6174.8651,0.4476,263.7857,260.7777,3.0080,3.2735,0.0007,2.5375,-0.6350,0.9650,0.9197,5
0.1756,5546.2302,30530120.2918,5546.2302,0.5003,256.1825,253.3209,2.8616,3.1506,0.0009,2.3116,-0.5765,0.9337,0.9274,5
0.1769,5006.2619,32189130.4976,5006.2619,0.5042,259.6587,256.8460,2.8127,3.0694,0.0009,2.3849,-0.6067,0.9490,0.9258,5
0.1759,5480.7222,32591377.8180,5480.7222,0.5164,259.2778,256.4078,2.8699,3.1286,0.0009,2.2649,-0.6545,0.9601,0.9427,5
0.2313,5096.7222,21051704.9683,5096.7222,0.5485,221.4206,218.8126,2.6081,2.8536,0.0010,2.1147,-0.6096,0.9311,0.9219,5
0.2096,5614.5159,24503757.8887,5614.5159,0.5213,236.4841,233.7685,2.7156,2.9523,0.0010,2.1893,-0.6510,0.9567,0.8164,5
0.2171,4016.0000,27491059.3550,4016.0000,0.5572,246.4444,243.8638,2.5807,2.8902,0.0011,2.0595,-0.6320,0.9407,0.8829,5
0.2250,5121.2381,24230240.6807,5121.2381,0.5717,237.5397,234.9269,2.6127,2.8086,0.0011,2.0289,-0.6223,0.9302,0.9559,5
0.2395,6250.5635,20524968.2996,6250.5635,0.5497,225.3889,222.9548,2.4341,2.7649,0.0011,2.1135,-0.5883,0.9160,0.9073,5
0.2171,5547.3175,24523339.5264,5547.3175,0.5266,238.4762,235.8227,2.6535,2.8970,0.0010,2.1728,-0.6134,0.9378,0.9065,5
0.2173,5698.0159,23825787.6516,5698.0159,0.5308,235.9683,233.2556,2.7127,2.8682,0.0010,2.1666,-0.5852,0.9225,0.8799,5
0.2024,6312.2619,24943386.0212,6312.2619,0.5170,237.6111,234.8225,2.7886,3.0032,0.0009,2.2814,-0.6690,0.9592,0.9289,5
0.1762,6161.2302,28897458.5640,6161.2302,0.5018,246.7698,243.8339,2.9359,3.1093,0.0009,2.3250,-0.6460,0.9594,0.9249,5
0.2171,3865.4841,26956405.0257,3865.4841,0.5301,241.5317,238.8645,2.6672,2.8902,0.0010,2.1092,-0.6805,0.9548,0.9566,5
0.1510,8287.9603,30573128.0811,8287.9603,0.4817,258.6270,255.7556,2.8714,3.2735,0.0008,2.3438,-0.5625,0.9298,0.8298,5
0.2033,5150.5079,27794088.9862,5150.5079,0.5741,250.0952,247.4318,2.6634,2.9399,0.0011,1.9886,-0.5994,0.9301,0.9004,5
0.2098,6350.5000,23848896.6095,6350.5000,0.5213,235.9286,233.2177,2.7109,2.9413,0.0010,2.0937,-0.5908,0.9223,0.9415,5
0.1825,5053.3016,31225282.9617,5053.3016,0.5129,255.4286,252.6509,2.7777,3.0782,0.0009,2.2812,-0.6482,0.9603,0.9348,5
0.1886,7386.9127,19318091.6958,7386.9127,0.4670,216.4524,213.4508,3.0015,3.0937,0.0008,2.6372,-0.6988,0.9659,0.8875,6
0.2095,7283.6587,22437668.7630,7283.6587,0.5440,232.8810,230.1962,2.6848,2.9633,0.0010,2.2247,-0.6244,0.9393,0.9270,6
0.2464,5564.2857,18046585.5913,5564.2857,0.5609,209.3968,206.8542,2.5427,2.7835,0.0011,2.1080,-0.5886,0.9183,0.9001,6
0.2318,5337.0079,21787567.7119,5337.0079,0.5496,225.1984,222.6082,2.5902,2.8096,0.0010,2.2079,-0.6358,0.9449,0.9686,6
0.2176,9671.1111,17560861.2752,9671.1111,0.5282,218.3492,215.6957,2.6535,2.8462,0.0010,2.2082,-0.5778,0.9043,0.6994,6
0.2387,8260.8016,17406590.1237,8260.8016,0.5522,214.9603,212.3399,2.6204,2.8241,0.0011,2.1903,-0.5758,0.9071,0.8382,6
0.2314,6374.5317,20233386.8752,6374.5317,0.5670,223.3413,220.7579,2.5834,2.8426,0.0011,2.0946,-0.5971,0.9279,0.9419,6
0.2096,7177.5873,20818105.6615,7177.5873,0.5348,224.5556,221.7986,2.7569,2.9523,0.0010,2.2554,-0.6122,0.9328,0.8671,6
0.2247,6639.5714,22064952.0629,6639.5714,0.5454,231.9683,229.3487,2.6196,2.8238,0.0010,2.2191,-0.5850,0.9245,0.7115,6
0.2318,6693.8889,18974158.4090,6693.8889,0.5371,215.8571,213.2774,2.5798,2.8096,0.0010,2.2091,-0.6384,0.9403,0.9377,6
0.2240,9146.9365,17165745.2128,9146.9365,0.5627,215.1429,212.4663,2.6766,2.8829,0.0011,2.1396,-0.5448,0.8946,0.8982,6
0.2256,7209.6270,18499998.3222,7209.6270,0.5634,215.9286,213.4142,2.5144,2.7536,0.0010,2.1156,-0.6029,0.9166,0.8983,6
0.2245,7762.0714,20309294.9694,7762.0714,0.5519,221.2460,218.6039,2.6421,2.8389,0.0011,2.1004,-0.6160,0.9347,0.8802,6
0.2470,5988.8016,19810511.4430,5988.8016,0.5820,221.7381,219.1918,2.5463,2.7353,0.0011,2.0151,-0.6015,0.9181,0.8718,6
0.2318,6313.6111,21081929.5664,6313.6111,0.5608,227.0714,224.5492,2.5222,2.8164,0.0011,2.0271,-0.6250,0.9349,0.9369,6
0.2317,8700.9841,17458318.3991,8700.9841,0.5504,213.6825,211.0739,2.6086,2.8206,0.0011,2.1278,-0.5836,0.9173,0.8964,6
0.2027,11378.1429,17543940.0388,11378.1429,0.5079,221.2698,218.4661,2.8037,2.9812,0.0009,2.3748,-0.5474,0.8987,0.8569,6
0.2386,7477.6190,18148513.2794,7477.6190,0.5684,214.8095,212.2138,2.5957,2.8351,0.0011,2.0671,-0.5806,0.9118,0.9367,6
0.2242,6175.8413,22571958.1936,6175.8413,0.5421,232.1111,229.4318,2.6793,2.8678,0.0010,2.1321,-0.6257,0.9405,0.8455,6
0.1628,8362.4286,25292596.4576,8362.4286,0.4741,240.2857,237.2852,3.0005,3.2399,0.0008,2.5088,-0.6397,0.9536,0.9549,6
0.2244,6532.1429,21893323.0668,6532.1429,0.5450,230.9841,228.2938,2.6903,2.8499,0.0011,2.1029,-0.5750,0.9167,0.8094,6
0.2028,9436.8571,19961681.6816,9436.8571,0.5249,225.1111,222.3555,2.7556,2.9771,0.0009,2.2393,-0.5991,0.9316,0.8879,6
0.2317,7036.0317,19137556.3971,7036.0317,0.5404,219.1429,216.5616,2.5812,2.8206,0.0011,2.1629,-0.6479,0.9437,1.0000,6
0.2390,4339.0317,23470956.0240,4339.0317,0.5860,232.3810,229.8098,2.5712,2.8089,0.0012,2.0789,-0.6380,0.9432,0.8637,6
0.2240,7101.4921,21281780.4719,7101.4921,0.5405,227.2222,224.6075,2.6147,2.8829,0.0010,2.2150,-0.5963,0.9250,0.9205,6
0.2246,6756.7857,20620302.1634,6756.7857,0.5504,225.2143,222.6582,2.5560,2.8499,0.0010,2.2119,-0.6178,0.9373,0.9273,6
0.2629,5844.7460,17965916.9454,5844.7460,0.6101,212.9048,210.4010,2.5038,2.6427,0.0013,1.9154,-0.6317,0.9297,0.8883,6
0.2467,4860.8175,21578623.1851,4860.8175,0.5749,224.3413,221.7725,2.5688,2.7615,0.0011,2.0677,-0.6398,0.9396,0.9280,6
0.2166,6360.1349,21412675.1246,6360.1349,0.5175,226.1984,223.4527,2.7457,2.9342,0.0009,2.3412,-0.6601,0.9539,0.8585,6
0.1964,9911.8492,19715901.9868,9911.8492,0.5137,226.2460,223.4108,2.8352,2.9797,0.0009,2.3996,-0.5552,0.9173,0.7805,6
0.2092,6210.8016,24250224.6887,6210.8016,0.5337,235.6429,232.8832,2.7596,2.9853,0.0010,2.2374,-0.6450,0.9526,0.9113,6
0.2027,7233.1508,24340086.1591,7233.1508,0.5304,239.1984,236.4565,2.7419,2.9812,0.0010,2.2230,-0.6147,0.9395,0.9048,6
0.2960,4973.7937,16195629.7693,4973.7937,0.6232,203.7302,201.3994,2.3307,2.4669,0.0013,1.8376,-0.6481,0.9143,0.8022,6
0.2169,9223.4365,19085167.5455,9223.4365,0.5277,222.7540,220.0496,2.7044,2.9012,0.0010,2.2807,-0.5914,0.9232,0.8817,6
0.2100,8337.9286,20966071.4364,8337.9286,0.5285,228.9921,226.3623,2.6297,2.9193,0.0009,2.3122,-0.5353,0.8918,0.8335,6
0.2315,5466.4603,21006810.0719,5466.4603,0.5369,222.3651,219.7675,2.5976,2.8316,0.0010,2.2546,-0.6440,0.9470,0.9550,6
0.2714,5916.1746,17837694.5102,5916.1746,0.6100,213.6349,211.2658,2.3692,2.5755,0.0013,1.8727,-0.5900,0.9092,0.7368,6
0.2314,6428.0476,20516832.5839,6428.0476,0.5419,221.8095,219.1376,2.6719,2.8426,0.0010,2.2812,-0.6674,0.9516,0.9486,6
0.2866,4468.3492,16850320.5292,4468.3492,0.5846,203.4127,201.0227,2.3900,2.5895,0.0013,1.9284,-0.6789,0.9429,0.9483,6
0.2029,10145.8175,17679070.5865,10145.8175,0.5283,217.3254,214.5574,2.7680,2.9729,0.0010,2.3091,-0.5422,0.9071,0.7794,6
0.2465,6544.6508,18766211.4000,6544.6508,0.5597,217.5714,214.9723,2.5991,2.7725,0.0011,2.1746,-0.6204,0.9301,0.8161,6
0.2029,8594.7143,19149219.9262,8594.7143,0.5281,221.1111,218.3775,2.7336,2.9661,0.0010,2.1967,-0.5440,0.8910,0.8501,6
0.2545,4732.6746,19672239.0447,4732.6746,0.5687,217.4365,214.9400,2.4965,2.7207,0.0012,2.0642,-0.6622,0.9471,0.8930,6
0.2318,7466.9286,19348115.4304,7466.9286,0.5310,221.8810,219.3133,2.5677,2.8164,0.0010,2.2108,-0.6098,0.9276,0.8841,6
0.2024,7868.3730,21634418.2616,7868.3730,0.5278,229.0556,226.3083,2.7473,3.0032,0.0010,2.3084,-0.5948,0.9307,0.8563,6
0.2171,8035.0159,19559126.9937,8035.0159,0.5580,223.1270,220.4515,2.6755,2.8970,0.0011,2.1757,-0.6085,0.9301,0.9008,6
0.2167,8496.6825,19118603.9118,8496.6825,0.5426,222.4603,219.7655,2.6948,2.9232,0.0010,2.2605,-0.5872,0.9226,0.8905,6
0.2240,5141.3492,23035966.9559,5141.3492,0.5656,231.2540,228.5182,2.7358,2.8829,0.0011,2.1150,-0.6341,0.9467,0.9482,6
0.2467,4971.3492,19839758.3892,4971.3492,0.5534,218.4921,215.9274,2.5647,2.7615,0.0011,2.0498,-0.6453,0.9434,0.9003,6
0.1822,9067.6746,22685408.8350,9067.6746,0.4837,236.8333,233.9739,2.8594,3.1112,0.0008,2.4432,-0.5853,0.9288,0.8680,6
0.2094,8411.9206,20540821.1568,8411.9206,0.5003,228.4603,225.7075,2.7528,2.9743,0.0009,2.3417,-0.5668,0.9136,0.8739,7
0.2168,5937.1111,23634353.0910,5937.1111,0.5385,235.5556,232.9240,2.6315,2.9122,0.0010,2.1822,-0.6525,0.9467,0.9220,7
0.2242,5109.4762,24656020.1493,5109.4762,0.5325,238.3492,235.7594,2.5898,2.8609,0.0010,2.0832,-0.6219,0.9394,0.9010,7
0.2470,4680.5952,21181482.4447,4680.5952,0.5939,224.4524,221.9386,2.5138,2.7285,0.0012,1.9967,-0.6437,0.9363,0.9515,7
0.2096,6145.3651,24168641.7797,6145.3651,0.5259,237.5079,234.7950,2.7129,2.9523,0.0010,2.1773,-0.6201,0.9402,0.9255,7
0.2237,7158.8413,19423836.8184,7158.8413,0.5350,220.0952,217.3568,2.7385,2.9050,0.0010,2.2904,-0.6583,0.9501,0.9115,7
0.2237,3006.5000,26287998.9803,3006.5000,0.5691,237.3254,234.6764,2.6490,2.9050,0.0011,2.0163,-0.6450,0.9491,0.9610,7
0.2624,4699.7381,19831052.9733,4699.7381,0.5851,219.1190,216.6393,2.4798,2.6798,0.0012,1.9920,-0.6342,0.9359,0.9285,7
0.2394,6276.0476,19974832.0631,6276.0476,0.5353,222.4444,219.8460,2.5984,2.7759,0.0010,2.2248,-0.6025,0.9301,0.9290,7
0.2247,5492.7381,23634257.7294,5492.7381,0.5553,235.1032,232.5449,2.5583,2.8238,0.0011,2.0746,-0.5986,0.9267,0.9583,7
0.1955,6458.0714,25317220.3675,6458.0714,0.5284,241.2778,238.4149,2.8628,3.0430,0.0009,2.2377,-0.5954,0.9386,0.9329,7
0.2027,6116.6349,25368100.3983,6116.6349,0.5014,239.1587,236.3963,2.7624,2.9812,0.0009,2.3182,-0.6236,0.9516,0.9236,7
0.2319,5803.2381,20536264.2076,5803.2381,0.5699,222.6032,219.9119,2.6912,2.8054,0.0011,2.0443,-0.6406,0.9448,0.8336,7
0.2095,7668.0714,21398614.2985,7668.0714,0.5079,229.6270,226.9649,2.6621,2.9633,0.0009,2.3093,-0.5832,0.9305,0.9057,7
0.2870,5339.4762,16476930.2163,5339.4762,0.6138,203.3175,201.0307,2.2868,2.5564,0.0013,1.8896,-0.6087,0.9127,0.9233,7
0.2546,4170.4762,19508399.3179,4170.4762,0.5607,211.8413,209.3421,2.4992,2.7166,0.0011,2.0121,-0.6590,0.9463,0.9857,7
0.2096,7006.2222,21721884.0719,7006.2222,0.5150,229.4921,226.7241,2.7679,2.9591,0.0009,2.2581,-0.6147,0.9369,0.9178,7
0.2101,8250.8571,20879070.9749,8250.8571,0.5154,223.7937,221.1419,2.6517,2.9083,0.0010,2.3184,-0.6534,0.9520,0.8840,7
0.1959,7354.6111,23110571.4652,7354.6111,0.4795,234.1032,231.2775,2.8257,3.0169,0.0009,2.3901,-0.6408,0.9526,0.9160,7
0.2628,4176.6984,20724118.8861,4176.6984,0.5787,222.2063,219.7390,2.4673,2.6537,0.0012,1.9776,-0.6462,0.9386,0.9625,7
0.1956,8174.0317,23009267.9164,8174.0317,0.5052,234.0000,231.1895,2.8105,3.0320,0.0009,2.3168,-0.6006,0.9425,0.9341,7
0.2467,5950.8492,20602801.2846,5950.8492,0.5790,225.5794,223.0519,2.5275,2.7615,0.0011,2.0074,-0.5974,0.9120,0.8265,7
0.2469,5554.9206,19656779.2458,5554.9206,0.5772,217.2540,214.7140,2.5400,2.7463,0.0012,1.9482,-0.6530,0.9424,0.9138,7
0.2095,6031.3968,23564658.8985,6031.3968,0.5335,231.7460,228.9754,2.7706,2.9633,0.0010,2.3161,-0.6387,0.9512,0.9188,7
0.1822,7864.4444,25803974.4057,7864.4444,0.5149,244.0952,241.2180,2.8773,3.1112,0.0009,2.3099,-0.5842,0.9267,0.8255,7
0.2103,4646.6984,26895681.0430,4646.6984,0.5315,243.3333,240.6376,2.6958,2.8973,0.0010,2.1161,-0.6810,0.9609,0.8931,7
0.2099,8098.4444,21325234.4187,8098.4444,0.5331,230.8571,228.1718,2.6853,2.9371,0.0010,2.2138,-0.5689,0.9210,0.8842,7
0.2543,7648.5476,16708348.1262,7648.5476,0.5669,210.5794,208.0870,2.4924,2.7317,0.0011,2.1216,-0.5576,0.9006,0.8531,7
0.1820,6607.7460,27674038.3113,6607.7460,0.4855,248.6825,245.8258,2.8567,3.1222,0.0008,2.4227,-0.6051,0.9466,0.8978,7
0.2333,6681.7540,20940759.8115,6681.7540,0.5535,228.1508,225.6721,2.4787,2.7133,0.0010,2.0216,-0.5858,0.9138,0.8694,7
0.2098,6430.2460,24388952.4103,6430.2460,0.5392,235.5794,232.8679,2.7115,2.9413,0.0010,2.2154,-0.6766,0.9620,0.7622,7
0.2392,7392.9444,18670748.1763,7392.9444,0.5671,219.2778,216.7207,2.5571,2.7869,0.0011,2.0873,-0.5447,0.9046,0.8479,7
0.2032,6844.0714,22434214.1745,6844.0714,0.5370,231.3254,228.6337,2.6917,2.9441,0.0009,2.2070,-0.5701,0.9154,0.8574,7
0.2245,5446.5317,23122447.7850,5446.5317,0.5482,233.0397,230.4374,2.6023,2.8609,0.0010,2.1142,-0.6113,0.9358,1.0000,7
0.2024,5578.3254,25123369.0027,5578.3254,0.5071,235.3413,232.6187,2.7226,3.0032,0.0009,2.3031,-0.6214,0.9453,0.9203,7
0.2315,6503.6349,20381764.8903,6503.6349,0.5652,220.4762,217.8221,2.6541,2.8316,0.0011,2.0350,-0.5765,0.9210,0.8213,7
0.2096,8085.8333,20919245.5950,8085.8333,0.5418,228.8651,226.1316,2.7335,2.9523,0.0010,2.1976,-0.5658,0.9213,0.7434,7
0.2390,5853.6429,20297668.4363,5853.6429,0.5745,223.4206,220.9018,2.5189,2.8021,0.0011,2.0682,-0.5643,0.9063,0.8972,7
0.2628,3495.4286,21319578.4678,3495.4286,0.5855,222.8254,220.4119,2.4135,2.6468,0.0012,1.9244,-0.6758,0.9474,0.9270,7
0.2475,5719.6508,20355737.3480,5719.6508,0.6078,223.6349,221.1608,2.4741,2.6981,0.0013,1.9314,-0.6238,0.9258,0.9120,7
0.2322,6917.8571,19972135.9572,6917.8571,0.5893,223.6032,221.0442,2.5590,2.7834,0.0013,1.9054,-0.5874,0.9217,0.9262,7
0.2169,5807.1587,23198112.6107,5807.1587,0.5311,230.8730,228.1452,2.7278,2.9012,0.0010,2.1832,-0.6418,0.9476,0.9109,7
0.2094,5846.7698,25837464.1424,5846.7698,0.5377,241.1667,238.4944,2.6723,2.9743,0.0010,2.1152,-0.6430,0.9513,0.8488,7
0.2242,4971.4524,18682206.9893,4971.4524,0.5922,210.1667,207.5732,2.5934,2.8609,0.0012,1.9573,-0.6061,0.9292,0.9094,7
0.1335,6451.9524,25013493.6532,6451.9524,0.4656,228.4286,225.2902,3.1384,3.3997,0.0007,2.3660,-0.5958,0.9511,0.8749,7
0.1961,6186.5159,16659341.4694,6186.5159,0.5135,203.7540,201.0031,2.7508,3.0100,0.0009,2.2049,-0.5313,0.8944,0.8050,7
0.2171,5373.6349,15926588.0116,5373.6349,0.5433,198.5238,195.8557,2.6681,2.8902,0.0010,2.1364,-0.5903,0.9147,0.6679,7
0.1757,6829.9127,17086272.5982,6829.9127,0.5152,205.6587,202.8494,2.8093,3.1396,0.0009,2.2374,-0.5331,0.9012,0.8319,7
0.2100,6877.3254,14041060.5155,6877.3254,0.5567,192.8333,190.1590,2.6743,2.9193,0.0010,2.1311,-0.5401,0.8939,0.7656,7
0.2173,6525.9603,15254133.7927,6525.9603,0.5748,197.4841,194.8882,2.5959,2.8750,0.0011,2.0677,-0.5537,0.9061,0.8409,7
