0.2525,742.4837,23990983.5181,742.4837,0.6967,222.8793,220.0124,2.8669,3.5189,0.0015,1.5392,-0.5141,0.9124,0.9621,1
0.2707,799.7131,23233641.2797,799.7131,0.7195,223.2901,220.5581,2.7320,3.2835,0.0016,1.4218,-0.5310,0.9072,0.9677,1
0.2593,681.9790,25199786.5938,681.9790,0.7186,229.5798,226.7638,2.8160,3.3930,0.0016,1.4139,-0.5425,0.9203,0.9703,1
0.2747,688.3850,23280678.5188,688.3850,0.7243,223.4881,220.7473,2.7408,3.2657,0.0017,1.3840,-0.5511,0.9166,0.9723,1
0.2658,684.4147,24066325.9910,684.4147,0.7232,225.9204,223.1892,2.7312,3.3103,0.0016,1.4079,-0.5316,0.9096,0.9670,1
0.2674,615.0192,24338403.8180,615.0192,0.7215,227.0401,224.2866,2.7536,3.2876,0.0017,1.3969,-0.5504,0.9179,0.9765,1
0.2726,766.6588,23285962.5833,766.6588,0.7197,223.2816,220.5534,2.7282,3.2853,0.0016,1.4160,-0.5325,0.9084,0.9683,1
0.2722,735.4210,23875116.2882,735.4210,0.7311,226.3488,223.6520,2.6969,3.2040,0.0017,1.3520,-0.5488,0.9114,0.9730,1
0.2716,644.4688,22666219.9197,644.4688,0.6917,219.0506,216.1989,2.8517,3.5205,0.0015,1.5374,-0.5162,0.9138,0.9719,1
0.2690,650.7599,21750905.7917,650.7599,0.6927,215.0023,212.1927,2.8096,3.4563,0.0015,1.5399,-0.5135,0.9084,0.9671,1
0.2710,679.6515,22534556.9554,679.6515,0.7010,219.2588,216.4747,2.7841,3.4005,0.0016,1.5086,-0.5201,0.9084,0.9701,1
0.2597,712.9067,24718865.7280,712.9067,0.6937,226.9166,224.0132,2.9034,3.5317,0.0015,1.5040,-0.5296,0.9218,0.9708,1
0.2698,604.3636,21964023.4543,604.3636,0.6973,215.8250,213.0314,2.7936,3.4174,0.0016,1.4900,-0.5233,0.9113,0.9717,1
0.2622,675.4092,23306781.8609,675.4092,0.6898,220.8784,218.0034,2.8751,3.5155,0.0015,1.5600,-0.5227,0.9169,0.9707,1
0.2499,668.2983,25246228.3345,668.2983,0.6828,227.2020,224.2459,2.9561,3.6130,0.0015,1.5490,-0.5238,0.9233,0.9713,1
0.2633,640.4490,21119804.5676,640.4490,0.6920,210.6951,207.8603,2.8348,3.5093,0.0015,1.5211,-0.5146,0.9122,0.9703,1
0.2601,657.1622,24319653.6834,657.1622,0.7044,225.2718,222.4062,2.8656,3.4573,0.0016,1.4544,-0.5435,0.9245,0.9745,1
0.2681,584.7692,23281407.6039,584.7692,0.6997,221.1337,218.2722,2.8615,3.5058,0.0016,1.4880,-0.5324,0.9217,0.9753,1
0.2491,737.2958,25887473.7266,737.2958,0.6942,230.4477,227.5079,2.9398,3.5545,0.0015,1.4924,-0.5371,0.9265,0.9756,1
0.2580,727.5750,25080798.3522,727.5750,0.6989,228.5383,225.6887,2.8496,3.4594,0.0015,1.4797,-0.5272,0.9162,0.9711,1
0.2569,649.8779,25714720.3702,649.8779,0.7016,230.9989,228.1300,2.8688,3.4434,0.0016,1.4452,-0.5466,0.9251,0.9769,1
0.2567,645.5071,25532519.9887,645.5071,0.6983,230.3903,227.5352,2.8551,3.4461,0.0015,1.4779,-0.5343,0.9194,0.9739,1
0.2689,626.2520,23559129.9938,626.2520,0.7036,223.1605,220.3531,2.8073,3.4191,0.0016,1.4523,-0.5353,0.9178,0.9766,1
0.2529,657.4210,24443922.8835,657.4210,0.6974,225.1125,222.2734,2.8392,3.4532,0.0015,1.4790,-0.5253,0.9146,0.9691,1
0.2596,743.6073,23797060.4646,743.6073,0.6946,223.1452,220.2708,2.8744,3.5095,0.0015,1.5301,-0.5227,0.9166,0.9711,1
0.2636,749.6290,21894449.6357,749.6290,0.6890,214.5883,211.7181,2.8701,3.5516,0.0015,1.5638,-0.5086,0.9116,0.9674,1
0.2530,770.3503,26154299.4718,770.3503,0.6920,232.2652,229.3326,2.9327,3.5464,0.0015,1.5318,-0.5333,0.9241,0.9753,1
0.2601,681.3702,24657877.5342,681.3702,0.6969,226.7004,223.7954,2.9049,3.5127,0.0015,1.5105,-0.5345,0.9229,0.9741,1
0.2513,706.2127,24384516.6954,706.2127,0.6842,223.4757,220.4789,2.9968,3.6632,0.0015,1.5772,-0.5273,0.9275,0.9709,1
0.2577,672.1419,24908351.5067,672.1419,0.6789,227.7668,224.8888,2.8780,3.5614,0.0015,1.6205,-0.4990,0.9064,0.9682,1
0.2600,731.4499,21894201.8619,731.4499,0.6947,213.7966,210.8706,2.9260,3.5754,0.0015,1.5465,-0.5291,0.9237,0.9676,1
0.2490,717.3952,26279187.4094,717.3952,0.6897,232.4679,229.5679,2.9000,3.5137,0.0015,1.5102,-0.5247,0.9180,0.9693,1
0.2494,640.8495,26738551.6617,640.8495,0.6941,234.0373,231.1331,2.9042,3.5104,0.0015,1.4974,-0.5332,0.9221,0.9738,1
0.2686,679.3387,23585640.9419,679.3387,0.7012,222.8703,219.9729,2.8974,3.4941,0.0016,1.4912,-0.5414,0.9254,0.9750,1
0.2737,534.3053,21709471.5967,534.3053,0.7079,215.3744,212.6418,2.7326,3.3385,0.0016,1.4491,-0.5261,0.9080,0.9762,1
0.2714,671.0083,22300728.8876,671.0083,0.7035,217.7010,214.8769,2.8241,3.4315,0.0016,1.4826,-0.5354,0.9189,0.9739,1
0.2655,768.7282,23859675.1238,768.7282,0.7093,224.0984,221.2171,2.8813,3.4852,0.0016,1.4594,-0.5413,0.9248,0.9709,1
0.2605,682.4647,22247781.5987,682.4647,0.6914,215.6751,212.7801,2.8950,3.5628,0.0015,1.5395,-0.5202,0.9186,0.9635,1
0.2680,636.8320,22509381.1875,636.8320,0.6891,217.1405,214.1596,2.9809,3.6597,0.0015,1.5467,-0.5326,0.9298,0.9665,1
0.2608,665.1289,24234143.9243,665.1289,0.6924,224.6471,221.7298,2.9173,3.5407,0.0015,1.5345,-0.5337,0.9243,0.9725,1
0.2459,681.2233,26283236.2255,681.2233,0.6745,232.0053,229.1296,2.8757,3.5539,0.0014,1.5760,-0.5014,0.9076,0.9744,1
0.2616,637.4847,24290236.7094,637.4847,0.7069,225.6502,222.8307,2.8194,3.4111,0.0016,1.4437,-0.5390,0.9194,0.9767,1
0.2620,714.7147,23592557.4580,714.7147,0.6970,222.0220,219.1196,2.9024,3.5256,0.0015,1.5202,-0.5331,0.9229,0.9724,1
0.2704,712.7459,21865120.9924,712.7459,0.6952,215.4204,212.5543,2.8661,3.5087,0.0015,1.5432,-0.5207,0.9158,0.9684,1
0.2643,664.0447,22686694.5514,664.0447,0.6898,218.4365,215.5995,2.8370,3.4809,0.0015,1.5145,-0.5164,0.9115,0.9686,1
0.2487,784.4598,24318436.4308,784.4598,0.6778,223.4114,220.4610,2.9504,3.6185,0.0015,1.5914,-0.5107,0.9165,0.9616,1
0.2649,695.4317,23667306.6961,695.4317,0.6939,222.5996,219.6766,2.9231,3.5352,0.0015,1.5097,-0.5385,0.9261,0.9743,1
0.2650,726.1027,23603056.0463,726.1027,0.6964,222.7536,219.8704,2.8832,3.4985,0.0015,1.4976,-0.5342,0.9221,0.9723,1
0.2602,610.5907,22624001.4780,610.5907,0.6982,217.1207,214.2561,2.8646,3.4958,0.0015,1.4770,-0.5338,0.9216,0.9729,1
0.2609,672.1615,24457606.9490,672.1615,0.7072,226.6253,223.8510,2.7743,3.3634,0.0016,1.4319,-0.5303,0.9119,0.9726,1
0.2459,570.2660,26596694.5759,570.2660,0.6985,232.2565,229.3506,2.9058,3.5387,0.0015,1.4691,-0.5341,0.9244,0.9723,2
0.2447,620.2244,28000476.3798,620.2244,0.7056,238.9305,236.0514,2.8791,3.4605,0.0016,1.4452,-0.5416,0.9244,0.9715,2
0.2443,711.5049,26964221.8746,711.5049,0.6942,235.3990,232.5718,2.8273,3.4275,0.0015,1.5087,-0.5175,0.9087,0.9694,2
0.2439,639.5853,26924833.4981,639.5853,0.7012,233.6054,230.6937,2.9117,3.5443,0.0015,1.4846,-0.5315,0.9233,0.9724,2
0.2343,693.5571,29139827.5665,693.5571,0.7012,241.8892,238.9995,2.8897,3.4900,0.0015,1.4501,-0.5324,0.9206,0.9695,2
0.2257,719.6556,30671886.1707,719.6556,0.6825,245.3499,242.3306,3.0193,3.6505,0.0015,1.5515,-0.5273,0.9268,0.9704,2
0.2316,744.0580,29452044.1988,744.0580,0.6831,241.5228,238.5006,3.0222,3.6484,0.0015,1.5345,-0.5362,0.9310,0.9710,2
0.2297,749.8059,28194334.2925,749.8059,0.6955,237.0566,234.1549,2.9017,3.5269,0.0015,1.4948,-0.5216,0.9172,0.9696,2
0.2269,806.3364,29641936.8160,806.3364,0.6901,241.6131,238.5913,3.0218,3.6624,0.0015,1.5121,-0.5324,0.9299,0.9636,2
0.2234,858.3159,29779194.4544,858.3159,0.6847,241.4728,238.4219,3.0509,3.7030,0.0015,1.5539,-0.5262,0.9292,0.9651,2
0.2473,748.7227,26278411.9500,748.7227,0.7015,232.0764,229.1588,2.9175,3.5073,0.0016,1.4944,-0.5368,0.9241,0.9683,2
0.2410,747.5354,27910891.5371,747.5354,0.6885,237.0904,234.0878,3.0026,3.6205,0.0015,1.5444,-0.5368,0.9300,0.9684,2
0.2381,634.9747,28804053.9659,634.9747,0.6925,240.9892,238.0980,2.8913,3.4979,0.0015,1.4929,-0.5267,0.9182,0.9732,2
0.2402,780.0437,27845452.2915,780.0437,0.6909,237.1655,234.2101,2.9553,3.5841,0.0015,1.5466,-0.5251,0.9223,0.9719,2
0.2530,615.1312,26346529.3618,615.1312,0.7079,233.1826,230.3401,2.8425,3.4296,0.0016,1.4378,-0.5400,0.9215,0.9743,2
0.2530,557.6284,25638241.5013,557.6284,0.7082,230.5264,227.7520,2.7744,3.3674,0.0016,1.4247,-0.5258,0.9104,0.9725,2
0.2423,719.1237,28355246.6748,719.1237,0.6992,240.2843,237.3985,2.8858,3.4692,0.0015,1.4744,-0.5352,0.9208,0.9718,2
0.2364,963.9593,28231490.1929,963.9593,0.6884,239.3157,236.3787,2.9370,3.5565,0.0015,1.5531,-0.5134,0.9143,0.9570,2
0.2389,776.7034,28717318.5272,776.7034,0.7044,240.9356,238.0174,2.9182,3.4968,0.0016,1.4637,-0.5425,0.9260,0.9706,2
0.2313,661.4677,29496715.0655,661.4677,0.6890,242.4202,239.4878,2.9325,3.5476,0.0015,1.5205,-0.5250,0.9205,0.9662,2
0.2177,892.4000,29584469.5869,892.4000,0.6650,239.2243,236.1188,3.1055,3.8224,0.0014,1.6765,-0.5022,0.9230,0.9587,2
0.2457,703.6058,26719588.1752,703.6058,0.7011,233.0619,230.1116,2.9503,3.5579,0.0015,1.4900,-0.5439,0.9300,0.9714,2
0.2289,776.0329,30227492.3951,776.0329,0.6884,245.1057,242.1391,2.9666,3.5755,0.0015,1.5202,-0.5279,0.9230,0.9695,2
0.2391,669.3850,26738992.5865,669.3850,0.7046,234.2273,231.4637,2.7636,3.3728,0.0015,1.4408,-0.5154,0.9044,0.9681,2
0.2322,757.0632,29796103.1078,757.0632,0.6900,244.6503,241.7634,2.8870,3.5045,0.0015,1.5295,-0.5153,0.9122,0.9701,2
0.2288,807.2014,30167543.2602,807.2014,0.6890,244.3953,241.3841,3.0113,3.6292,0.0015,1.5363,-0.5341,0.9292,0.9684,2
0.2393,718.2753,28505989.0017,718.2753,0.6928,239.7952,236.8300,2.9652,3.5658,0.0015,1.5037,-0.5354,0.9268,0.9689,2
0.2406,612.4991,28413286.7605,612.4991,0.6931,239.0583,236.1145,2.9438,3.5502,0.0015,1.4885,-0.5374,0.9267,0.9708,2
0.2306,744.5946,29346796.6174,744.5946,0.6903,241.3389,238.3524,2.9864,3.5832,0.0015,1.5106,-0.5353,0.9272,0.9713,2
0.2335,820.3848,29188434.0777,820.3848,0.6954,241.5648,238.5904,2.9744,3.5706,0.0015,1.5018,-0.5365,0.9270,0.9647,2
0.2360,631.2747,28110103.1800,631.2747,0.7080,237.3878,234.4831,2.9047,3.5127,0.0016,1.4602,-0.5389,0.9255,0.9677,2
0.2301,746.8741,29799046.4882,746.8741,0.6946,242.4193,239.3824,3.0369,3.6381,0.0015,1.4991,-0.5483,0.9360,0.9733,2
0.2420,729.2624,26417002.0711,729.2624,0.7054,232.2737,229.4152,2.8585,3.4518,0.0016,1.4787,-0.5258,0.9148,0.9663,2
0.2307,762.2886,27402442.6280,762.2886,0.6958,233.4432,230.4588,2.9845,3.6053,0.0015,1.4993,-0.5372,0.9292,0.9642,2
0.2370,750.5001,28931643.3133,750.5001,0.7026,241.1760,238.2421,2.9340,3.5114,0.0015,1.4703,-0.5419,0.9272,0.9717,2
0.2393,776.1113,28527649.8343,776.1113,0.6959,241.0157,238.1226,2.8931,3.4750,0.0015,1.4983,-0.5266,0.9170,0.9706,2
0.2232,874.6273,29278282.6066,874.6273,0.6921,240.5932,237.6457,2.9475,3.5765,0.0015,1.5459,-0.5172,0.9177,0.9618,2
0.2375,660.5422,26694327.9973,660.5422,0.6978,233.7621,231.0062,2.7559,3.3761,0.0015,1.4849,-0.5006,0.8953,0.9667,2
0.2492,664.3258,27342885.0987,664.3258,0.7192,237.8547,235.0894,2.7653,3.3049,0.0016,1.3808,-0.5380,0.9130,0.9727,2
0.2380,658.8515,28895829.7101,658.8515,0.6965,241.5779,238.6992,2.8787,3.4807,0.0015,1.4851,-0.5241,0.9158,0.9709,2
0.2441,707.9090,27587000.0368,707.9090,0.6985,238.0775,235.2560,2.8216,3.4168,0.0015,1.4851,-0.5167,0.9086,0.9680,2
0.2448,760.0931,27273762.5365,760.0931,0.7000,236.4447,233.5684,2.8763,3.4596,0.0015,1.4782,-0.5313,0.9189,0.9710,2
0.2352,792.9758,29109872.7758,792.9758,0.6900,242.1799,239.2430,2.9368,3.5442,0.0015,1.5329,-0.5232,0.9195,0.9658,2
0.2238,739.8910,31134723.6188,739.8910,0.6727,247.5489,244.5864,2.9625,3.6264,0.0014,1.5991,-0.5003,0.9115,0.9663,2
0.2282,853.1738,30160101.5971,853.1738,0.6946,246.1727,243.2970,2.8757,3.4513,0.0015,1.5039,-0.5167,0.9106,0.9660,2
0.2217,875.6519,31422722.5359,875.6519,0.6906,248.8176,245.8531,2.9645,3.5663,0.0015,1.5057,-0.5262,0.9219,0.9632,2
0.2491,731.1590,26739851.5328,731.1590,0.7066,233.9732,231.0572,2.9160,3.5112,0.0016,1.4693,-0.5429,0.9272,0.9723,2
0.2285,834.9779,30231533.7146,834.9779,0.6864,245.3702,242.4008,2.9694,3.5739,0.0015,1.5460,-0.5253,0.9221,0.9701,2
0.2315,700.8884,29834400.1852,700.8884,0.6912,243.4398,240.4864,2.9533,3.5668,0.0015,1.5032,-0.5285,0.9228,0.9738,2
0.2360,856.2769,28175408.4870,856.2769,0.6858,238.5101,235.5703,2.9399,3.5684,0.0015,1.5594,-0.5139,0.9152,0.9683,2
0.2518,825.2320,26184115.9172,825.2320,0.7120,232.9322,230.0847,2.8475,3.4444,0.0016,1.4515,-0.5316,0.9174,0.9669,3
0.2360,1050.2106,28206858.0228,1050.2106,0.6993,239.8946,236.9870,2.9076,3.4938,0.0015,1.5447,-0.5178,0.9130,0.9623,3
0.2649,773.5802,24845399.2724,773.5802,0.7173,229.3318,226.5474,2.7844,3.3365,0.0016,1.4328,-0.5385,0.9146,0.9703,3
0.2466,1037.4068,26997625.2873,1037.4068,0.7048,237.1475,234.2999,2.8476,3.4073,0.0016,1.5058,-0.5190,0.9084,0.9588,3
0.2527,764.0544,26400880.8056,764.0544,0.7117,234.2481,231.4215,2.8266,3.3942,0.0016,1.4449,-0.5392,0.9186,0.9705,3
0.2541,834.6096,26124329.5077,834.6096,0.7102,233.8713,231.0865,2.7848,3.3370,0.0016,1.4562,-0.5267,0.9080,0.9652,3
0.2643,800.3352,24932953.9362,800.3352,0.7223,230.1549,227.4057,2.7492,3.2744,0.0017,1.4067,-0.5408,0.9117,0.9698,3
0.2513,723.1666,26715707.2727,723.1666,0.7052,235.2170,232.3973,2.8197,3.4128,0.0016,1.4725,-0.5236,0.9112,0.9696,3
0.2557,856.8539,25717626.3997,856.8539,0.7213,234.1815,231.5394,2.6421,3.1849,0.0016,1.3874,-0.5095,0.8867,0.9598,3
0.2528,766.0966,26962406.5327,766.0966,0.7197,237.7344,235.0077,2.7267,3.2667,0.0016,1.3932,-0.5318,0.9062,0.8328,3
0.2704,813.2817,23650471.2694,813.2817,0.7260,224.9662,222.2470,2.7192,3.2736,0.0017,1.4001,-0.5310,0.9062,0.9652,3
0.2475,810.5538,27002401.1511,810.5538,0.7091,236.4446,233.6428,2.8018,3.3863,0.0016,1.4481,-0.5227,0.9092,0.9633,3
0.2513,755.2597,26734092.0457,755.2597,0.7044,235.0765,232.2330,2.8434,3.4224,0.0016,1.4801,-0.5318,0.9164,0.9701,3
0.2479,780.2142,27332551.5525,780.2142,0.7070,237.8745,235.0619,2.8126,3.3801,0.0016,1.4680,-0.5264,0.9109,0.9667,3
0.2721,412.1782,24400963.9695,412.1782,0.7269,228.2219,225.6013,2.6206,3.1781,0.0017,1.3353,-0.5350,0.9030,0.9822,3
0.2687,543.2450,24772631.5863,543.2450,0.7143,229.1890,226.4705,2.7185,3.2871,0.0016,1.4121,-0.5317,0.9086,0.9759,3
0.2519,856.0421,25416864.9296,856.0421,0.6978,230.4979,227.6904,2.8076,3.4287,0.0015,1.5025,-0.5047,0.9012,0.9615,3
0.2592,743.6323,25346317.4651,743.6323,0.7025,230.4004,227.5860,2.8144,3.4076,0.0016,1.4789,-0.5222,0.9100,0.9718,3
0.2612,964.9921,24405159.4411,964.9921,0.7156,227.0028,224.1675,2.8353,3.4275,0.0016,1.4666,-0.5302,0.9156,0.9646,3
0.2526,811.2726,25163379.2710,811.2726,0.7052,228.8340,226.0064,2.8276,3.4400,0.0016,1.4725,-0.5194,0.9107,0.9628,3
0.2563,829.5780,25612601.9968,829.5780,0.7059,231.4600,228.6262,2.8337,3.4197,0.0016,1.4896,-0.5265,0.9132,0.9663,3
0.2526,719.8586,25105971.6783,719.8586,0.6918,227.3856,224.4557,2.9299,3.5724,0.0015,1.5340,-0.5267,0.9223,0.9736,3
0.2527,739.2103,26249395.5681,739.2103,0.7013,233.3911,230.5528,2.8384,3.4341,0.0016,1.4852,-0.5270,0.9145,0.9675,3
0.2545,877.5230,25678983.7630,877.5230,0.6936,231.3349,228.4755,2.8594,3.4776,0.0015,1.5360,-0.5128,0.9092,0.9670,3
0.2455,776.5026,26507852.3728,776.5026,0.6938,233.5254,230.6829,2.8425,3.4593,0.0015,1.5132,-0.5126,0.9079,0.9655,3
0.2693,697.8662,22831813.2571,697.8662,0.7314,220.8965,218.2046,2.6919,3.2449,0.0017,1.3721,-0.5393,0.9093,0.9681,3
0.2485,824.3733,27217115.2284,824.3733,0.7073,237.5334,234.7279,2.8054,3.3739,0.0016,1.4668,-0.5271,0.9106,0.9715,3
0.2652,720.9451,23944706.3392,720.9451,0.7137,225.4975,222.7784,2.7191,3.2786,0.0016,1.4330,-0.5278,0.9049,0.9698,3
0.2623,720.4339,24436219.8266,720.4339,0.7106,226.5835,223.7357,2.8479,3.4214,0.0016,1.4477,-0.5428,0.9222,0.9705,3
0.2547,802.6625,26224677.0217,802.6625,0.7162,234.8179,232.0616,2.7563,3.3033,0.0016,1.4274,-0.5321,0.9089,0.9703,3
0.2502,804.8168,26724251.7176,804.8168,0.6973,235.0102,232.1347,2.8755,3.4761,0.0015,1.5181,-0.5222,0.9143,0.9661,3
0.2613,750.4895,25126138.9786,750.4895,0.7083,229.8953,227.0672,2.8282,3.3997,0.0016,1.4607,-0.5367,0.9175,0.9713,3
0.2496,840.2229,26546475.2949,840.2229,0.7049,233.8259,230.9215,2.9044,3.4953,0.0016,1.4737,-0.5352,0.9222,0.9623,3
0.2516,753.9166,26719805.7283,753.9166,0.6952,234.7528,231.8654,2.8874,3.5163,0.0015,1.5260,-0.5201,0.9156,0.9688,3
0.2473,787.1035,24524452.5442,787.1035,0.7000,224.0478,221.1066,2.9412,3.5673,0.0015,1.4960,-0.5354,0.9264,0.9605,3
0.2665,679.1051,24683326.2773,679.1051,0.7039,228.6566,225.8847,2.7719,3.3677,0.0016,1.4727,-0.5193,0.9068,0.9697,3
0.2587,801.1432,24708562.4689,801.1432,0.6951,227.2257,224.3475,2.8783,3.5074,0.0015,1.5526,-0.5134,0.9113,0.9663,3
0.2593,837.5478,25186285.2786,837.5478,0.6956,230.6924,227.9117,2.7807,3.3981,0.0015,1.5233,-0.5021,0.8976,0.9661,3
0.2660,736.1606,24187325.3874,736.1606,0.7121,226.4577,223.7154,2.7423,3.3483,0.0016,1.4494,-0.5169,0.9032,0.9655,3
0.2549,757.2140,25890016.8486,757.2140,0.6988,231.3432,228.4362,2.9071,3.5171,0.0015,1.5043,-0.5368,0.9244,0.9743,3
0.2456,687.7929,26733069.5842,687.7929,0.6926,233.2571,230.3097,2.9474,3.5627,0.0015,1.5008,-0.5335,0.9259,0.9691,3
0.2528,685.6051,23903816.0051,685.6051,0.7093,223.1347,220.3402,2.7945,3.4064,0.0016,1.4464,-0.5251,0.9117,0.8328,3
0.2555,834.9665,25121892.6088,834.9665,0.6941,229.1231,226.2506,2.8724,3.4719,0.0015,1.5398,-0.5250,0.9155,0.9674,3
0.2556,848.3112,24863093.2388,848.3112,0.6984,227.7848,224.9301,2.8547,3.4504,0.0015,1.5212,-0.5212,0.9122,0.9669,3
0.2617,681.0822,24650220.7748,681.0822,0.7018,226.9454,224.0931,2.8523,3.4989,0.0016,1.4865,-0.5220,0.9155,0.9658,3
0.2499,690.4267,27185459.8735,690.4267,0.7049,237.3358,234.5429,2.7929,3.3783,0.0016,1.4566,-0.5226,0.9084,0.9688,3
0.2637,769.3064,24491814.0222,769.3064,0.7066,227.5695,224.7740,2.7956,3.3831,0.0016,1.4867,-0.5229,0.9089,0.9669,3
0.2474,687.4100,27412629.9142,687.4100,0.6945,236.8918,234.0118,2.8800,3.4974,0.0015,1.5141,-0.5243,0.9170,0.9730,3
0.2649,787.1488,23389110.9226,787.1488,0.7033,221.8832,219.0056,2.8775,3.5001,0.0016,1.5287,-0.5282,0.9191,0.9681,3
0.2588,688.3521,24996970.9736,688.3521,0.6989,228.6781,225.8487,2.8295,3.4527,0.0015,1.5089,-0.5216,0.9126,0.9703,3
0.2179,870.9569,30417581.1609,870.9569,0.6663,242.6723,239.6028,3.0695,3.7729,0.0014,1.6217,-0.5047,0.9219,0.9615,4
0.2116,856.6848,32041095.2296,856.6848,0.6685,247.7864,244.7304,3.0560,3.7217,0.0014,1.6173,-0.5098,0.9217,0.9609,4
0.2384,670.8599,28940234.7010,670.8599,0.6939,242.7612,239.9684,2.7928,3.4118,0.0015,1.4978,-0.5031,0.8992,0.9696,4
0.2200,876.4027,30266061.6815,876.4027,0.6756,243.2719,240.2461,3.0258,3.6809,0.0014,1.5864,-0.5093,0.9193,0.9624,4
0.2291,721.8946,29992792.0241,721.8946,0.6983,245.1529,242.3066,2.8463,3.4580,0.0015,1.4724,-0.5149,0.9094,0.9680,4
0.2287,777.3481,29684530.5723,777.3481,0.6734,242.8681,239.9082,2.9599,3.6090,0.0014,1.5772,-0.5095,0.9153,0.9661,4
0.2175,882.7820,28932074.4104,882.7820,0.6790,237.3547,234.3444,3.0102,3.6769,0.0014,1.5885,-0.5122,0.9207,0.9583,4
0.2247,916.8580,28339423.5407,916.8580,0.6791,237.9954,235.0840,2.9114,3.5713,0.0014,1.5855,-0.4940,0.9040,0.9530,4
0.2244,972.9563,28787944.1700,972.9563,0.6916,241.1732,238.3340,2.8392,3.4661,0.0015,1.5200,-0.4935,0.8973,0.9518,4
0.2123,870.6228,31712614.3985,870.6228,0.6794,247.1721,244.1614,3.0107,3.6739,0.0014,1.5864,-0.5093,0.9188,0.9631,4
0.2468,608.0528,26795534.2936,608.0528,0.7086,235.3370,232.6162,2.7208,3.3237,0.0016,1.4508,-0.5105,0.8984,0.9707,4
0.2245,659.8034,31182697.9626,659.8034,0.6626,246.5988,243.5764,3.0225,3.7155,0.0014,1.6072,-0.5077,0.9203,0.9713,4
0.2291,715.1397,28122474.5728,715.1397,0.6668,235.8629,232.8761,2.9867,3.6770,0.0014,1.6175,-0.5024,0.9154,0.9666,4
0.2248,816.4777,29554462.4907,816.4777,0.6630,240.7745,237.7161,3.0583,3.7500,0.0014,1.6438,-0.5050,0.9208,0.9683,4
0.2212,794.8595,29330767.4486,794.8595,0.6599,240.0332,237.0376,2.9956,3.7271,0.0014,1.6551,-0.4818,0.9061,0.9594,4
0.2265,864.9601,29597007.4462,864.9601,0.6640,241.4253,238.3546,3.0708,3.7884,0.0014,1.6619,-0.5005,0.9208,0.9603,4
0.2203,792.1290,29928598.7770,792.1290,0.6556,240.5992,237.4937,3.1055,3.8266,0.0014,1.6528,-0.5049,0.9247,0.9634,4
0.2318,680.8158,28805990.8978,680.8158,0.6668,238.3227,235.2429,3.0798,3.7621,0.0014,1.6067,-0.5242,0.9312,0.9721,4
0.2148,856.5538,28693127.6037,856.5538,0.6550,235.5844,232.5392,3.0452,3.7794,0.0013,1.6669,-0.4863,0.9123,0.9583,4
0.2155,825.9311,32242486.1195,825.9311,0.6433,248.8651,245.7561,3.1090,3.8297,0.0013,1.7116,-0.4892,0.9165,0.9643,4
0.2563,493.6685,26048414.3739,493.6685,0.6855,231.9475,229.1050,2.8424,3.4914,0.0015,1.5146,-0.5143,0.9119,0.9763,4
0.2222,780.0741,31306202.4811,780.0741,0.6730,247.3845,244.3602,3.0243,3.6814,0.0014,1.5926,-0.5147,0.9223,0.9694,4
0.2243,726.0973,30496511.6035,726.0973,0.6673,244.2340,241.1946,3.0395,3.7088,0.0014,1.5977,-0.5149,0.9238,0.9726,4
0.2283,774.5655,29526724.3732,774.5655,0.6563,241.2693,238.2163,3.0530,3.7547,0.0014,1.6683,-0.4990,0.9178,0.9711,4
0.2128,936.9674,32405979.4907,936.9674,0.6423,249.1857,246.0554,3.1303,3.8446,0.0013,1.7300,-0.4905,0.9178,0.9633,4
0.2154,825.6856,31402994.9409,825.6856,0.6748,249.5728,246.7391,2.8338,3.4920,0.0014,1.5838,-0.4749,0.8865,0.9586,4
0.2163,887.3640,32797713.1189,887.3640,0.6870,252.5392,249.5557,2.9835,3.5824,0.0015,1.5192,-0.5240,0.9216,0.9667,4
0.2131,937.9321,33381764.0148,937.9321,0.6763,254.2489,251.2267,3.0222,3.6506,0.0014,1.5909,-0.5125,0.9193,0.9629,4
0.2142,933.0144,30201112.6952,933.0144,0.6864,242.8004,239.8282,2.9722,3.6238,0.0015,1.5691,-0.5075,0.9149,0.9568,4
0.2313,771.4700,29299531.4345,771.4700,0.7035,242.9674,240.1115,2.8559,3.4458,0.0015,1.4841,-0.5246,0.9139,0.9676,4
0.2171,869.5615,32367439.1691,869.5615,0.6875,251.8681,248.9630,2.9051,3.5202,0.0015,1.5076,-0.5068,0.9086,0.9603,4
0.2424,508.9295,29092554.1530,508.9295,0.7090,243.5012,240.7318,2.7694,3.3395,0.0016,1.3983,-0.5325,0.9117,0.9762,4
0.2247,898.6075,30959748.7692,898.6075,0.6850,247.4420,244.4741,2.9680,3.5858,0.0015,1.5550,-0.5162,0.9175,0.9635,4
0.2227,848.9510,31412581.9480,848.9510,0.6909,248.8551,245.9245,2.9306,3.5398,0.0015,1.5355,-0.5176,0.9156,0.9625,4
0.2375,748.6589,27761614.8942,748.6589,0.7011,237.1073,234.2611,2.8462,3.4633,0.0015,1.4876,-0.5189,0.9118,0.9686,4
0.2254,838.7200,30662400.3142,838.7200,0.6946,245.8475,242.8574,2.9901,3.5848,0.0015,1.5125,-0.5353,0.9273,0.9690,4
0.2286,628.6842,30632740.2368,628.6842,0.6929,246.4757,243.5560,2.9197,3.5370,0.0015,1.5046,-0.5257,0.9201,0.9716,4
0.2350,671.7976,29295674.9534,671.7976,0.6959,242.1399,239.2276,2.9123,3.5343,0.0015,1.5028,-0.5239,0.9191,0.9693,4
0.2184,672.6061,32204260.6898,672.6061,0.6691,249.5465,246.5252,3.0213,3.7030,0.0014,1.6063,-0.5054,0.9185,0.9693,4
0.2211,1190.8740,30715568.5476,1190.8740,0.6933,247.7490,244.8280,2.9211,3.5168,0.0015,1.5443,-0.5043,0.9067,0.9509,4
0.2269,717.2713,29495249.2356,717.2713,0.7015,242.2511,239.3925,2.8586,3.4897,0.0015,1.4846,-0.5150,0.9113,0.9654,4
0.2209,798.2622,31960188.1669,798.2622,0.6985,250.1843,247.2294,2.9550,3.5481,0.0015,1.4818,-0.5348,0.9250,0.9686,4
0.2194,844.6401,30779405.6480,844.6401,0.7021,245.7867,242.8600,2.9267,3.5211,0.0015,1.4808,-0.5265,0.9197,0.9627,4
0.2318,799.3384,29186693.6064,799.3384,0.6876,242.9659,240.1163,2.8496,3.4632,0.0015,1.5482,-0.5025,0.9026,0.9655,4
0.2339,639.9682,28261677.8914,639.9682,0.7039,238.0478,235.1783,2.8695,3.4730,0.0015,1.4570,-0.5310,0.9193,0.9720,4
0.2302,590.7923,31486186.5747,590.7923,0.7018,250.4132,247.5639,2.8492,3.4203,0.0015,1.4298,-0.5344,0.9184,0.9738,4
0.2356,808.9027,29629500.3319,808.9027,0.6989,244.9039,242.0287,2.8753,3.4606,0.0015,1.4904,-0.5253,0.9152,0.9670,4
0.2232,861.5980,30661647.3235,861.5980,0.6814,246.4427,243.5178,2.9249,3.5511,0.0015,1.5642,-0.5065,0.9104,0.9668,4
0.2136,887.3993,33066843.8524,887.3993,0.6809,252.1066,249.0480,3.0586,3.6791,0.0014,1.5920,-0.5276,0.9284,0.9674,4
0.2287,679.1591,31300456.0136,679.1591,0.7053,249.4854,246.6070,2.8784,3.4435,0.0016,1.4260,-0.5381,0.9212,0.9721,4
0.2027,908.0116,34244069.9943,908.0116,0.6580,252.5372,249.3486,3.1887,3.8884,0.0013,1.6472,-0.5124,0.9316,0.9621,5
0.2006,853.3313,35744481.7071,853.3313,0.6724,259.0814,256.0338,3.0476,3.6909,0.0014,1.5882,-0.5119,0.9213,0.9675,5
0.2064,894.5936,34122357.1793,894.5936,0.6870,255.5790,252.6059,2.9732,3.5920,0.0015,1.5342,-0.5126,0.9160,0.9639,5
0.1928,940.6256,37443767.7103,940.6256,0.6533,261.4604,258.2893,3.1711,3.8683,0.0013,1.6845,-0.4998,0.9240,0.9593,5
0.2014,771.5883,35716366.2805,771.5883,0.6804,258.2311,255.1701,3.0610,3.6902,0.0014,1.5583,-0.5233,0.9277,0.9682,5
0.2032,829.4345,34690310.1262,829.4345,0.6477,254.6493,251.4998,3.1495,3.8861,0.0013,1.7186,-0.4914,0.9205,0.9598,5
0.2118,732.5979,33085181.3514,732.5979,0.6515,250.7655,247.6695,3.0961,3.8331,0.0013,1.6842,-0.4903,0.9173,0.9642,5
0.2178,782.8329,31713037.8892,782.8329,0.6676,247.3007,244.2078,3.0929,3.7801,0.0014,1.6431,-0.5157,0.9281,0.9679,5
0.2116,689.7893,33358369.2988,689.7893,0.6336,251.5591,248.4528,3.1063,3.8794,0.0013,1.7416,-0.4751,0.9112,0.9667,5
0.2163,817.0850,32067692.4774,817.0850,0.6737,248.9494,245.9101,3.0392,3.7150,0.0014,1.5788,-0.5117,0.9226,0.9615,5
0.2040,832.2114,34699787.8433,832.2114,0.6491,255.2910,252.1754,3.1157,3.8351,0.0013,1.7051,-0.4940,0.9193,0.9658,5
0.2264,448.3383,31325757.8337,448.3383,0.6744,248.1553,245.2682,2.8871,3.5851,0.0014,1.5442,-0.4964,0.9073,0.9789,5
0.2144,672.4601,32670664.2266,672.4601,0.6545,249.2454,246.1526,3.0929,3.8132,0.0013,1.6572,-0.5037,0.9237,0.9693,5
0.2080,797.8807,33600214.4524,797.8807,0.6548,252.3817,249.3064,3.0752,3.7965,0.0013,1.6807,-0.4897,0.9149,0.9631,5
0.2065,935.1075,33509892.3302,935.1075,0.6366,251.6725,248.5425,3.1300,3.8936,0.0013,1.7611,-0.4732,0.9108,0.9570,5
0.2133,742.7614,32013170.7259,742.7614,0.6516,246.3704,243.2030,3.1674,3.8997,0.0013,1.7030,-0.5040,0.9282,0.9667,5
0.2021,683.1849,35630318.9661,683.1849,0.6472,256.3296,253.1635,3.1662,3.9206,0.0013,1.7103,-0.4974,0.9259,0.9684,5
0.2116,685.1713,32033393.8675,685.1713,0.6620,247.0366,243.9899,3.0467,3.7583,0.0014,1.6169,-0.5026,0.9201,0.9689,5
0.2047,768.5498,34161251.6414,768.5498,0.6518,252.1513,248.9439,3.2074,3.9348,0.0013,1.6912,-0.5072,0.9317,0.9684,5
0.2112,858.8139,32981396.9533,858.8139,0.6664,250.5099,247.3924,3.1175,3.8089,0.0014,1.6222,-0.5124,0.9276,0.9649,5
0.2076,709.8678,34095175.1392,709.8678,0.6597,252.6208,249.4496,3.1713,3.8694,0.0014,1.6395,-0.5182,0.9339,0.9720,5
0.2053,869.8313,31187541.4672,869.8313,0.6519,242.5978,239.4648,3.1330,3.8675,0.0013,1.6966,-0.4925,0.9201,0.9619,5
0.2123,747.1889,30826649.1053,747.1889,0.6700,243.5099,240.4944,3.0155,3.7275,0.0014,1.6124,-0.5005,0.9176,0.9648,5
0.2003,919.3704,34865389.2888,919.3704,0.6501,253.9490,250.7096,3.2395,3.9583,0.0013,1.7161,-0.5093,0.9333,0.9689,5
0.1983,865.4529,35381656.6866,865.4529,0.6550,255.0863,251.8734,3.2129,3.9212,0.0013,1.6653,-0.5120,0.9327,0.9626,5
0.2022,703.0469,34785474.9929,703.0469,0.6339,252.7451,249.4857,3.2594,4.0321,0.0013,1.7356,-0.5015,0.9330,0.9697,5
0.2091,776.1245,32336298.0742,776.1245,0.6410,247.6896,244.5639,3.1258,3.8660,0.0013,1.7279,-0.4872,0.9171,0.9655,5
0.2527,525.1097,26193247.4148,525.1097,0.6848,231.4208,228.4824,2.9384,3.6043,0.0015,1.5467,-0.5244,0.9240,0.9782,5
0.2042,817.8209,34103438.4848,817.8209,0.6470,252.2717,249.0687,3.2030,3.9235,0.0013,1.7147,-0.5053,0.9296,0.9674,5
0.2121,777.3726,33132361.8949,777.3726,0.6513,251.4514,248.3370,3.1144,3.8215,0.0013,1.6940,-0.4973,0.9208,0.9676,5
0.2346,470.1968,28419018.2893,470.1968,0.6814,236.9842,233.9750,3.0091,3.6702,0.0015,1.5315,-0.5324,0.9309,0.9800,5
0.2006,799.0764,35013794.3241,799.0764,0.6424,254.3058,251.0901,3.2157,3.9489,0.0013,1.7155,-0.5030,0.9296,0.9676,5
0.1976,956.2140,35317302.5936,956.2140,0.6220,254.8725,251.6211,3.2514,4.0295,0.0012,1.8144,-0.4741,0.9182,0.9588,5
0.2092,761.8525,33454407.2999,761.8525,0.6523,252.2194,249.1295,3.0899,3.7799,0.0013,1.6684,-0.5011,0.9204,0.9735,5
0.1987,822.4671,36173217.4605,822.4671,0.6263,258.3649,255.1488,3.2162,3.9813,0.0012,1.7964,-0.4820,0.9204,0.9669,5
0.1932,765.6334,36071789.2147,765.6334,0.6599,256.0832,252.9242,3.1589,3.8622,0.0013,1.6187,-0.5112,0.9297,0.9661,5
0.2426,580.6738,27675271.2868,580.6738,0.6839,236.6200,233.7117,2.9084,3.5572,0.0015,1.5571,-0.5130,0.9150,0.9721,5
0.2209,745.3699,31172522.1780,745.3699,0.6680,245.5364,242.4191,3.1173,3.8029,0.0014,1.6199,-0.5177,0.9301,0.9649,5
0.2004,725.6570,33762281.5381,725.6570,0.6479,250.5210,247.4152,3.1058,3.8354,0.0013,1.6805,-0.4914,0.9180,0.9674,5
0.2263,588.8006,29806737.8094,588.8006,0.6782,242.1860,239.2371,2.9489,3.6220,0.0014,1.5591,-0.5114,0.9178,0.9714,5
0.2435,571.9527,27517305.4678,571.9527,0.6907,236.9194,234.0955,2.8239,3.4469,0.0015,1.5159,-0.5113,0.9075,0.9736,5
0.2245,628.3623,31120210.5066,628.3623,0.6710,246.1513,243.1234,3.0279,3.7121,0.0014,1.6061,-0.5118,0.9231,0.9719,5
0.2195,611.0361,32204400.5544,611.0361,0.6701,249.4734,246.4587,3.0147,3.6955,0.0014,1.5935,-0.5066,0.9195,0.9706,5
0.2125,702.7076,31121055.0534,702.7076,0.6356,242.3926,239.2118,3.1808,3.9877,0.0013,1.7169,-0.4916,0.9257,0.9639,5
0.2138,790.3694,32053818.4173,790.3694,0.6471,247.1436,243.9779,3.1657,3.8987,0.0013,1.7297,-0.5009,0.9262,0.9680,5
0.2190,605.0711,29376535.6536,605.0711,0.6600,237.7452,234.6839,3.0613,3.7994,0.0014,1.6233,-0.5039,0.9229,0.9704,5
0.2027,879.0524,35341875.5480,879.0524,0.6551,258.1459,255.0692,3.0767,3.7694,0.0013,1.6752,-0.4930,0.9152,0.9597,5
0.2097,798.4106,32276770.3130,798.4106,0.6780,249.0705,246.0863,2.9842,3.6424,0.0014,1.5544,-0.5081,0.9165,0.9653,5
0.2295,631.8787,30328753.7902,631.8787,0.6892,245.5632,242.6696,2.8937,3.5235,0.0015,1.5248,-0.5136,0.9130,0.9706,5
0.1982,765.1791,36290961.4853,765.1791,0.6371,258.5440,255.3874,3.1566,3.8993,0.0013,1.7458,-0.4844,0.9180,0.9689,5
0.2715,720.1006,19608151.4699,720.1006,0.6482,202.6784,199.5492,3.1292,3.9625,0.0014,1.7754,-0.4948,0.9261,0.9647,6
0.2832,727.8259,20573447.3759,727.8259,0.7009,210.8106,208.0459,2.7647,3.4198,0.0016,1.5202,-0.5102,0.9039,0.9637,6
0.2850,747.8853,21154026.3286,747.8853,0.7059,213.8020,211.0379,2.7641,3.4001,0.0016,1.4973,-0.5158,0.9063,0.9639,6
0.2774,755.4273,20793717.6813,755.4273,0.6883,211.3104,208.5142,2.7962,3.4975,0.0015,1.5768,-0.4937,0.8990,0.9644,6
0.2865,762.5580,19373932.7808,762.5580,0.6957,205.2418,202.4553,2.7865,3.4504,0.0015,1.5687,-0.5079,0.9047,0.9627,6
0.2786,800.0915,22091521.8928,800.0915,0.6891,217.9214,215.0972,2.8242,3.4844,0.0015,1.5862,-0.5048,0.9049,0.9625,6
0.2852,769.4208,20941061.8578,769.4208,0.6997,213.5737,210.8516,2.7221,3.3511,0.0016,1.5267,-0.5056,0.8966,0.9653,6
0.2973,667.4954,20875886.7848,667.4954,0.7097,214.6661,212.0365,2.6296,3.2418,0.0016,1.4449,-0.5106,0.8919,0.9714,6
0.2945,791.1334,20747111.9143,791.1334,0.7031,213.7174,211.0650,2.6524,3.2694,0.0016,1.5158,-0.4949,0.8835,0.9645,6
0.2875,967.2728,20751303.9640,967.2728,0.7025,213.0461,210.2841,2.7619,3.3847,0.0016,1.5516,-0.5081,0.9003,0.9639,6
0.2845,889.4802,21702608.8831,889.4802,0.7042,217.5574,214.8170,2.7404,3.3236,0.0016,1.5008,-0.5169,0.9015,0.9671,6
0.2703,807.8830,21747361.9982,807.8830,0.6977,215.6273,212.8196,2.8077,3.4616,0.0015,1.5480,-0.5085,0.9057,0.9609,6
0.2721,829.2145,22387128.8222,829.2145,0.6917,218.6966,215.8603,2.8364,3.4695,0.0015,1.5699,-0.5117,0.9080,0.9647,6
0.2925,732.3640,21314953.0814,732.3640,0.7153,216.4277,213.7751,2.6527,3.2211,0.0016,1.4390,-0.5212,0.8968,0.9687,6
0.2845,636.4494,20230548.0414,636.4494,0.7169,209.8052,207.1485,2.6567,3.2719,0.0016,1.4259,-0.5186,0.8988,0.9670,6
0.2791,804.1477,22081737.2625,804.1477,0.6973,218.2219,215.4265,2.7954,3.4164,0.0016,1.5306,-0.5156,0.9069,0.9648,6
0.2625,1137.2725,21930358.4356,1137.2725,0.6848,215.7360,212.8460,2.8900,3.5544,0.0015,1.6323,-0.4937,0.9027,0.9480,6
0.2812,884.0152,21177656.1474,884.0152,0.6985,214.2885,211.5175,2.7710,3.4019,0.0016,1.5357,-0.5094,0.9022,0.9614,6
0.2718,896.3889,22961547.0460,896.3889,0.6875,221.5852,218.7726,2.8126,3.4663,0.0015,1.5884,-0.4972,0.8992,0.9595,6
0.2753,892.1753,22328225.1373,892.1753,0.6903,218.6278,215.7603,2.8674,3.4915,0.0015,1.5917,-0.5165,0.9121,0.9643,6
0.2801,883.1018,21291311.3507,883.1018,0.6994,214.6836,211.9326,2.7511,3.3828,0.0016,1.5380,-0.5027,0.8970,0.9618,6
0.2776,865.1720,20525590.3330,865.1720,0.7075,210.6252,207.8684,2.7568,3.3847,0.0016,1.4954,-0.5144,0.9042,0.9627,6
0.2822,756.0736,21919520.9575,756.0736,0.6970,217.2840,214.4457,2.8383,3.4604,0.0016,1.5428,-0.5248,0.9147,0.9690,6
0.2747,735.3242,23088049.5526,735.3242,0.6958,222.2796,219.5017,2.7778,3.3981,0.0015,1.5232,-0.5147,0.9053,0.9712,6
0.2796,880.3925,22210687.9980,880.3925,0.6972,218.9731,216.2056,2.7674,3.3918,0.0016,1.5590,-0.5057,0.8994,0.9637,6
0.2781,714.5081,22598892.0610,714.5081,0.6985,220.4065,217.6486,2.7579,3.3777,0.0016,1.5174,-0.5136,0.9031,0.9672,6
0.2729,759.4028,23363877.2997,759.4028,0.6955,223.2493,220.4397,2.8096,3.4252,0.0015,1.5333,-0.5199,0.9100,0.9705,6
0.2888,625.1328,21586018.5960,625.1328,0.7038,216.6644,213.9409,2.7236,3.3392,0.0016,1.4914,-0.5208,0.9049,0.9749,6
0.2686,893.4376,22692410.9635,893.4376,0.6820,219.0946,216.1692,2.9255,3.6125,0.0015,1.6176,-0.5067,0.9139,0.9623,6
0.2855,829.7039,20520364.5539,829.7039,0.6997,211.3281,208.5503,2.7777,3.4072,0.0016,1.5550,-0.5142,0.9054,0.9655,6
0.2725,717.4334,22367031.0834,717.4334,0.7005,217.9030,215.0825,2.8205,3.4534,0.0016,1.5027,-0.5242,0.9141,0.9683,6
0.2690,969.7542,23410830.2913,969.7542,0.6971,223.8044,221.0145,2.7899,3.4253,0.0015,1.5477,-0.5025,0.8997,0.9610,6
0.2928,667.2438,20924372.9069,667.2438,0.7178,214.5910,212.0086,2.5824,3.1842,0.0016,1.4094,-0.5044,0.8839,0.9680,6
0.2876,815.7048,20928722.3745,815.7048,0.7024,213.2793,210.4880,2.7913,3.4221,0.0016,1.5299,-0.5206,0.9101,0.9657,6
0.2785,777.1576,20359846.8624,777.1576,0.7020,210.1809,207.4928,2.6880,3.3304,0.0016,1.5293,-0.4942,0.8876,0.9603,6
0.2883,721.6387,20112895.4743,721.6387,0.7099,209.4087,206.6677,2.7410,3.3518,0.0016,1.4740,-0.5238,0.9074,0.9665,6
0.2885,815.7232,21496139.9715,815.7232,0.7079,216.5144,213.7780,2.7364,3.3250,0.0016,1.4893,-0.5253,0.9064,0.9694,6
0.2792,762.8298,22090032.3326,762.8298,0.6897,217.8997,215.0612,2.8385,3.4884,0.0015,1.5700,-0.5129,0.9098,0.9695,6
0.2889,709.9191,20087914.0183,709.9191,0.7066,209.3236,206.5986,2.7250,3.3690,0.0016,1.4852,-0.5108,0.9009,0.9616,6
0.2848,968.1072,20891371.0555,968.1072,0.6888,213.0553,210.2052,2.8501,3.5204,0.0015,1.6321,-0.4985,0.9035,0.9570,6
0.2896,806.4485,20565008.6870,806.4485,0.6889,211.6227,208.7954,2.8273,3.4983,0.0015,1.6190,-0.4996,0.9027,0.9605,6
0.2841,846.1622,21810046.8528,846.1622,0.7079,217.6293,214.8971,2.7322,3.3288,0.0016,1.4941,-0.5168,0.9017,0.9683,6
0.2855,771.6621,20564337.4788,771.6621,0.7039,211.0527,208.2527,2.8001,3.4317,0.0016,1.5030,-0.5192,0.9099,0.9642,6
0.2928,826.2903,20453907.1594,826.2903,0.7046,211.8110,209.0613,2.7497,3.3643,0.0016,1.5195,-0.5140,0.9026,0.9630,6
0.2741,821.2297,21363906.2483,821.2297,0.6998,213.9533,211.1469,2.8063,3.4395,0.0016,1.5316,-0.5144,0.9076,0.9659,6
0.2793,889.2832,21628972.7455,889.2832,0.7047,215.8190,212.9759,2.8431,3.4567,0.0016,1.5101,-0.5280,0.9162,0.9682,6
0.2728,785.3545,22451263.4510,785.3545,0.6948,218.6681,215.7829,2.8852,3.5114,0.0016,1.5544,-0.5250,0.9179,0.9677,6
0.2775,644.9750,22563492.0297,644.9750,0.6974,219.2636,216.4079,2.8557,3.4798,0.0016,1.5230,-0.5299,0.9186,0.9759,6
0.2846,657.3212,21942928.4021,657.3212,0.7114,217.6266,214.8472,2.7794,3.3816,0.0016,1.4559,-0.5365,0.9162,0.9739,6
0.2811,849.3591,21655214.8891,849.3591,0.6964,216.0635,213.2161,2.8474,3.4731,0.0016,1.5606,-0.5195,0.9126,0.9668,6
0.2747,774.2724,21890199.3362,774.2724,0.6821,216.9459,214.1540,2.7919,3.4745,0.0015,1.5978,-0.4877,0.8936,0.9653,7
0.2627,700.2872,24532574.3995,700.2872,0.6918,227.0579,224.2263,2.8316,3.4806,0.0015,1.5314,-0.5135,0.9097,0.9737,7
0.2575,818.8432,22578475.1206,818.8432,0.7055,218.2034,215.4235,2.7799,3.4009,0.0016,1.4880,-0.5122,0.9038,0.9617,7
0.2606,709.7279,24367151.5497,709.7279,0.6812,225.4738,222.6142,2.8596,3.5557,0.0015,1.5980,-0.4939,0.9029,0.9631,7
0.2549,874.8584,25169033.5169,874.8584,0.6857,228.7827,225.8778,2.9049,3.5420,0.0015,1.5692,-0.5101,0.9115,0.9619,7
0.2726,720.5711,22901066.8911,720.5711,0.6881,220.5923,217.7272,2.8651,3.5447,0.0015,1.6017,-0.5042,0.9084,0.9644,7
0.2714,572.9475,23421291.7457,572.9475,0.7005,222.7797,219.9911,2.7886,3.4164,0.0016,1.4831,-0.5225,0.9108,0.9770,7
0.2622,703.1339,23197655.1864,703.1339,0.6904,220.9574,218.1617,2.7957,3.4833,0.0015,1.5412,-0.4973,0.9006,0.9645,7
0.2672,705.4086,24236165.3181,705.4086,0.6993,226.3367,223.5060,2.8306,3.4335,0.0016,1.4982,-0.5277,0.9148,0.9733,7
0.2647,718.7600,24931120.6431,718.7600,0.7082,230.0143,227.2659,2.7484,3.3220,0.0016,1.4587,-0.5227,0.9047,0.9694,7
0.2652,758.5765,23964109.4703,758.5765,0.6870,224.4624,221.5822,2.8802,3.5404,0.0015,1.5585,-0.5158,0.9146,0.9700,7
0.2640,687.7400,24621093.4067,687.7400,0.6956,227.2157,224.3441,2.8716,3.4691,0.0015,1.4973,-0.5355,0.9209,0.9749,7
0.2684,707.7298,22152538.7340,707.7298,0.7034,216.6088,213.7942,2.8146,3.4482,0.0016,1.4655,-0.5247,0.9144,0.9649,7
0.2546,889.2589,24715531.8843,889.2589,0.6892,226.6182,223.7083,2.9100,3.5512,0.0015,1.5517,-0.5146,0.9146,0.9631,7
0.2862,732.3919,20792807.3862,732.3919,0.7097,212.6144,209.9008,2.7136,3.3299,0.0016,1.4684,-0.5139,0.9006,0.9625,7
0.2665,664.7327,21398751.0037,664.7327,0.6907,212.3868,209.5327,2.8541,3.5397,0.0015,1.5408,-0.5129,0.9130,0.9692,7
0.2677,762.1193,23124297.7746,762.1193,0.6932,221.3086,218.4544,2.8542,3.4891,0.0015,1.5310,-0.5158,0.9117,0.9678,7
0.2673,870.3196,23470064.3834,870.3196,0.6891,223.2233,220.3908,2.8325,3.4762,0.0015,1.5419,-0.5079,0.9062,0.9640,7
0.2604,766.8911,24102874.2904,766.8911,0.6859,224.2489,221.3294,2.9195,3.5813,0.0015,1.5584,-0.5179,0.9181,0.9687,7
0.2570,875.2930,24194268.4140,875.2930,0.6834,224.8672,221.9856,2.8815,3.5420,0.0015,1.5898,-0.5026,0.9075,0.9596,7
0.2498,821.3021,25387850.7056,821.3021,0.6718,228.4536,225.5116,2.9420,3.6344,0.0014,1.6169,-0.4995,0.9111,0.9608,7
0.2613,731.3107,23749030.3951,731.3107,0.6927,223.4070,220.5913,2.8157,3.4701,0.0015,1.5245,-0.5043,0.9038,0.9632,7
0.2744,658.4973,21380866.9904,658.4973,0.7080,213.4612,210.6794,2.7819,3.4134,0.0016,1.4557,-0.5259,0.9129,0.9677,7
0.2523,865.8610,24752680.6381,865.8610,0.6801,226.0555,223.0883,2.9672,3.6305,0.0015,1.6050,-0.5101,0.9167,0.9617,7
0.2687,762.4257,23769370.5673,762.4257,0.6990,224.7772,221.9901,2.7871,3.3934,0.0016,1.4915,-0.5169,0.9061,0.9666,7
0.2092,609.8839,33987609.4102,609.8839,0.6502,252.7916,249.6913,3.1003,3.8173,0.0013,1.6290,-0.5032,0.9235,0.9721,7
0.2635,846.0448,23712440.0870,846.0448,0.6933,223.8467,221.0112,2.8355,3.4606,0.0015,1.5173,-0.5145,0.9090,0.9621,7
0.2632,864.3826,22667323.0681,864.3826,0.6854,218.8747,216.0429,2.8319,3.4905,0.0015,1.5746,-0.4961,0.9004,0.9587,7
0.2503,1000.6467,24806852.7890,1000.6467,0.6760,226.4593,223.4869,2.9724,3.6668,0.0014,1.6320,-0.4987,0.9125,0.9567,7
0.2611,877.2066,22956630.5527,877.2066,0.6819,220.4953,217.7307,2.7646,3.4495,0.0015,1.6141,-0.4726,0.8820,0.9557,7
0.2515,859.6930,24949568.4611,859.6930,0.6791,226.9590,224.0033,2.9556,3.6272,0.0015,1.6038,-0.5099,0.9164,0.9599,7
0.2704,919.4336,23375548.4082,919.4336,0.6869,223.6104,220.7833,2.8271,3.4525,0.0015,1.5835,-0.5014,0.9008,0.9577,7
0.2503,840.1144,23987269.0219,840.1144,0.6787,223.0747,220.2155,2.8591,3.5598,0.0015,1.6155,-0.4863,0.8986,0.9582,7
0.2656,789.1484,23881489.4135,789.1484,0.6881,224.6021,221.7871,2.8149,3.4967,0.0015,1.5634,-0.4968,0.9012,0.9627,7
0.2715,669.5268,22983324.5597,669.5268,0.6922,221.2896,218.5151,2.7745,3.4316,0.0015,1.5674,-0.5058,0.9021,0.9687,7
0.2663,719.0960,24347373.7978,719.0960,0.7030,226.9846,224.1933,2.7913,3.4004,0.0016,1.4870,-0.5204,0.9085,0.9677,7
0.2618,701.4950,23845779.9897,701.4950,0.6872,223.3680,220.4841,2.8840,3.5384,0.0015,1.5671,-0.5154,0.9145,0.9666,7
0.2664,721.2786,22360561.3233,721.2786,0.6942,218.1684,215.4224,2.7460,3.4044,0.0015,1.5385,-0.4954,0.8939,0.9623,7
0.2603,777.3422,25022834.2145,777.3422,0.6833,228.9956,226.1568,2.8388,3.5006,0.0015,1.5739,-0.4995,0.9031,0.9625,7
0.2644,776.2156,22722562.0828,776.2156,0.6865,218.8057,215.9520,2.8537,3.5289,0.0015,1.5804,-0.5056,0.9082,0.9609,7
0.2452,849.7800,26825679.3703,849.7800,0.6865,234.0590,231.1111,2.9479,3.5832,0.0015,1.5614,-0.5197,0.9192,0.9686,7
0.2499,835.3950,25409637.3521,835.3950,0.6905,229.2636,226.3974,2.8662,3.4997,0.0015,1.5288,-0.5128,0.9105,0.9667,7
0.2505,795.5201,25277724.7520,795.5201,0.6838,228.3119,225.4136,2.8983,3.5665,0.0015,1.5726,-0.5059,0.9107,0.9623,7
0.2597,798.7271,21736306.7049,798.7271,0.6977,213.6426,210.8025,2.8401,3.5047,0.0015,1.5230,-0.5077,0.9079,0.8352,7
0.1965,834.8406,27367071.6402,834.8406,0.6387,224.8132,221.6313,3.1818,4.0192,0.0013,1.7417,-0.4722,0.9166,0.9482,7
0.2585,654.3405,18905438.9756,654.3405,0.7133,199.1932,196.3786,2.8145,3.4662,0.0016,1.4337,-0.5284,0.9170,0.9670,7
0.2707,587.3639,17511793.5470,587.3639,0.7189,193.6688,190.9833,2.6855,3.3322,0.0016,1.4183,-0.5192,0.9035,0.9660,7
0.2480,659.8708,19234489.7595,659.8708,0.7012,199.8574,197.0575,2.7998,3.4713,0.0015,1.4849,-0.5081,0.9060,0.9601,7
0.2525,685.9150,19174846.5005,685.9150,0.7077,200.5264,197.7737,2.7528,3.4159,0.0016,1.4542,-0.5080,0.9023,0.9580,7
0.2631,589.6112,19033110.1364,589.6112,0.7142,200.8334,198.1026,2.7308,3.3784,0.0016,1.4200,-0.5220,0.9082,0.9676,7
