0.2501,1160.6209,23994672.7926,1160.6209,0.6829,224.1178,221.2339,2.8839,3.5461,0.0015,1.6286,-0.4959,0.9035,0.9438,1
0.2671,1193.9548,23168812.3623,1193.9548,0.7036,223.6911,220.9337,2.7574,3.3201,0.0016,1.5199,-0.5134,0.8995,0.9583,1
0.2578,1060.3451,24482502.1337,1060.3451,0.6990,227.6986,224.8744,2.8242,3.4203,0.0015,1.5045,-0.5221,0.9112,0.9581,1
0.2714,1067.5919,23014745.9324,1067.5919,0.7075,223.0017,220.2318,2.7699,3.3160,0.0016,1.4825,-0.5294,0.9081,0.9626,1
0.2639,1020.8224,24177452.7589,1020.8224,0.7003,227.4110,224.6533,2.7577,3.3540,0.0016,1.5192,-0.5057,0.8977,0.9534,1
0.2664,926.9870,24227412.3401,926.9870,0.7093,227.5233,224.7610,2.7623,3.3046,0.0016,1.4698,-0.5352,0.9110,0.9679,1
0.2694,1131.6076,23034302.7327,1131.6076,0.7057,222.9241,220.1756,2.7484,3.3220,0.0016,1.4964,-0.5123,0.8993,0.9543,1
0.2693,1084.0332,23339959.0612,1084.0332,0.7165,224.5626,221.8462,2.7165,3.2474,0.0016,1.4409,-0.5285,0.9029,0.9627,1
0.2693,976.6621,22080873.5024,976.6621,0.6778,217.1102,214.2407,2.8695,3.5512,0.0015,1.6309,-0.5005,0.9067,0.9594,1
0.2670,955.4712,21480101.7424,955.4712,0.6782,214.4597,211.6385,2.8212,3.4812,0.0015,1.6239,-0.4974,0.9006,0.9553,1
0.2698,1011.8809,23244873.5871,1011.8809,0.6807,223.6672,220.8645,2.8027,3.4205,0.0015,1.6135,-0.5050,0.9008,0.9572,1
0.2572,1091.9680,24289198.9258,1091.9680,0.6793,225.9766,223.0523,2.9243,3.5674,0.0015,1.6025,-0.5104,0.9137,0.9603,1
0.2675,852.4526,20862769.6498,852.4526,0.6838,211.0455,208.2454,2.8001,3.4530,0.0015,1.5681,-0.5041,0.9024,0.9600,1
0.2608,1012.0187,23355943.1358,1012.0187,0.6760,222.3950,219.5026,2.8924,3.5263,0.0015,1.6438,-0.5101,0.9106,0.9621,1
0.2473,973.8753,25193796.3647,973.8753,0.6643,227.7955,224.8128,2.9827,3.6655,0.0014,1.6585,-0.4998,0.9135,0.9580,1
0.2603,1022.4103,22856484.2172,1022.4103,0.6677,219.8070,216.9251,2.8819,3.5666,0.0014,1.6598,-0.4911,0.9020,0.9590,1
0.2592,992.9346,24572949.0993,992.9346,0.6934,227.7001,224.8215,2.8786,3.4817,0.0015,1.5407,-0.5246,0.9164,0.9635,1
0.2668,914.7992,23119292.9692,914.7992,0.6785,221.5490,218.6702,2.8788,3.5431,0.0015,1.6071,-0.5107,0.9125,0.9625,1
0.2475,1107.2416,25698338.6053,1107.2416,0.6796,231.0193,228.0639,2.9554,3.5846,0.0015,1.5840,-0.5185,0.9187,0.9671,1
0.2551,1068.8652,24739271.2229,1068.8652,0.6825,227.9232,225.0443,2.8789,3.5018,0.0015,1.5818,-0.5097,0.9091,0.9608,1
0.2555,945.6885,25022293.1702,945.6885,0.6893,228.8776,226.0001,2.8774,3.4770,0.0015,1.5303,-0.5269,0.9171,0.9672,1
0.2552,933.9251,25174601.2386,933.9251,0.6915,229.6299,226.7585,2.8713,3.4645,0.0015,1.5368,-0.5225,0.9144,0.9649,1
0.2681,949.3205,23556954.6113,949.3205,0.6902,224.3720,221.5469,2.8251,3.4459,0.0015,1.5388,-0.5161,0.9090,0.9668,1
0.2504,945.5987,23717697.5298,945.5987,0.6856,222.5464,219.6953,2.8511,3.4908,0.0015,1.5613,-0.5088,0.9078,0.9582,1
0.2568,1105.4765,23494622.1166,1105.4765,0.6814,222.4933,219.6019,2.8915,3.5397,0.0015,1.6242,-0.5042,0.9082,0.9593,1
0.2593,1080.8371,22293675.3908,1080.8371,0.6701,216.8751,213.9703,2.9048,3.5926,0.0014,1.6678,-0.4928,0.9051,0.9563,1
0.2501,1148.7076,25791143.7645,1148.7076,0.6734,231.6885,228.7305,2.9580,3.5798,0.0014,1.6305,-0.5161,0.9171,0.9666,1
0.2580,1051.5928,24804810.2469,1051.5928,0.6785,228.6537,225.7231,2.9306,3.5423,0.0015,1.6143,-0.5175,0.9157,0.9645,1
0.2496,1014.0571,24444893.3258,1014.0571,0.6654,224.9629,221.9469,3.0160,3.6881,0.0014,1.6856,-0.5102,0.9202,0.9601,1
0.2563,1000.6363,24753284.5317,1000.6363,0.6630,228.1913,225.2943,2.8969,3.5827,0.0014,1.7217,-0.4851,0.8993,0.9529,1
0.2565,1061.2638,21632402.3438,1061.2638,0.6793,213.3552,210.4025,2.9528,3.6182,0.0015,1.6519,-0.5099,0.9161,0.9526,1
0.2472,956.5420,23263536.1320,956.5420,0.6796,219.8457,216.9474,2.8983,3.5419,0.0015,1.5764,-0.5090,0.9111,0.9585,1
0.2465,953.0947,26803136.0642,953.0947,0.6787,235.0327,232.1050,2.9277,3.5521,0.0015,1.5961,-0.5161,0.9155,0.9635,1
0.2673,1008.5296,23172534.7051,1008.5296,0.6848,222.0546,219.1480,2.9066,3.5211,0.0015,1.5828,-0.5233,0.9179,0.9651,1
0.2715,788.1778,22103141.2685,788.1778,0.6910,218.0392,215.2875,2.7517,3.3695,0.0015,1.5493,-0.5092,0.9003,0.9665,1
0.2693,1002.8700,22375004.5092,1002.8700,0.6885,218.9260,216.0770,2.8490,3.4512,0.0015,1.5672,-0.5227,0.9135,0.9661,1
0.2637,1149.1277,23677093.7340,1149.1277,0.6900,224.5444,221.6480,2.8965,3.5019,0.0015,1.5502,-0.5248,0.9174,0.9583,1
0.2586,1006.8253,22314285.0487,1006.8253,0.6760,217.0412,214.1283,2.9128,3.5755,0.0015,1.6322,-0.5080,0.9129,0.9528,1
0.2664,925.3438,22158187.0450,925.3438,0.6724,216.4297,213.4348,2.9949,3.6821,0.0015,1.6408,-0.5177,0.9236,0.9582,1
0.2585,1029.8786,24109744.7576,1029.8786,0.6713,225.3179,222.3777,2.9402,3.5797,0.0015,1.6436,-0.5108,0.9147,0.9601,1
0.2440,1030.9335,26214266.5388,1030.9335,0.6569,233.0223,230.1278,2.8945,3.5943,0.0014,1.6863,-0.4792,0.8966,0.9607,1
0.2605,1001.3700,24064601.7633,1001.3700,0.6896,225.8993,223.0707,2.8286,3.4282,0.0015,1.5324,-0.5216,0.9112,0.9675,1
0.2587,1116.7964,24506133.0437,1116.7964,0.6782,227.2452,224.3070,2.9382,3.5667,0.0015,1.6433,-0.5144,0.9154,0.9615,1
0.2681,1116.7982,22589867.5219,1116.7982,0.6776,220.0221,217.1299,2.8921,3.5329,0.0015,1.6532,-0.5054,0.9089,0.9562,1
0.2621,965.0039,21955981.1231,965.0039,0.6774,215.7161,212.8612,2.8549,3.5199,0.0015,1.6118,-0.5002,0.9046,0.9578,1
0.2462,1052.3612,22451867.8579,1052.3612,0.6655,215.8406,212.8843,2.9563,3.6577,0.0014,1.6801,-0.4946,0.9098,0.9461,1
0.2629,1004.7728,23279808.9470,1004.7728,0.6802,221.8250,218.8826,2.9424,3.5707,0.0015,1.6175,-0.5199,0.9186,0.9632,1
0.2627,1055.1461,23502856.4683,1055.1461,0.6788,223.4276,220.5251,2.9025,3.5349,0.0015,1.5995,-0.5127,0.9128,0.9597,1
0.2594,966.6249,23044737.0059,966.6249,0.6863,220.7215,217.8424,2.8791,3.5105,0.0015,1.5647,-0.5183,0.9142,0.9618,1
0.2589,1008.2765,24879137.8179,1008.2765,0.6925,229.5872,226.7822,2.8050,3.3867,0.0015,1.5168,-0.5174,0.9062,0.9632,1
0.2439,851.6295,26321009.3770,851.6295,0.6786,231.8310,228.9159,2.9151,3.5826,0.0015,1.5789,-0.5113,0.9151,0.9623,2
0.2420,902.9556,27680476.0637,902.9556,0.6901,237.8152,234.9150,2.9002,3.4967,0.0015,1.5258,-0.5258,0.9189,0.9642,2
0.2417,1064.6624,27068450.8033,1064.6624,0.6752,236.6978,233.8469,2.8508,3.4646,0.0014,1.6172,-0.4970,0.8989,0.9568,2
0.2425,913.9660,26296968.9315,913.9660,0.6850,231.9864,229.0595,2.9270,3.5765,0.0015,1.5790,-0.5131,0.9156,0.9587,2
0.2320,1062.4571,28441892.5800,1062.4571,0.6856,240.0454,237.1348,2.9106,3.5329,0.0015,1.5469,-0.5111,0.9118,0.9550,2
0.2239,1030.6550,30269187.9257,1030.6550,0.6736,244.5646,241.5248,3.0398,3.6734,0.0014,1.6246,-0.5167,0.9228,0.9607,2
0.2291,1050.6481,28031759.4514,1050.6481,0.6714,236.5551,233.5188,3.0363,3.6811,0.0014,1.6315,-0.5219,0.9257,0.9603,2
0.2272,1164.9403,30066144.3142,1164.9403,0.6762,245.6063,242.6555,2.9508,3.5714,0.0014,1.6174,-0.5043,0.9104,0.9596,2
0.2241,1164.0236,28699487.5404,1164.0236,0.6712,238.7237,235.6843,3.0394,3.7100,0.0014,1.6114,-0.5106,0.9215,0.9495,2
0.2212,1275.6236,30160644.1052,1275.6236,0.6681,244.1142,241.0312,3.0830,3.7341,0.0014,1.6573,-0.5092,0.9223,0.9535,2
0.2447,1086.7123,26245688.2018,1086.7123,0.6865,232.4827,229.5447,2.9380,3.5367,0.0015,1.5800,-0.5201,0.9174,0.9571,2
0.2391,1137.8501,27686054.9499,1137.8501,0.6765,237.3980,234.3841,3.0139,3.6388,0.0015,1.6244,-0.5216,0.9235,0.9543,2
0.2364,886.6547,26540564.1871,886.6547,0.6812,232.4290,229.5329,2.8960,3.5248,0.0015,1.5695,-0.5089,0.9102,0.9617,2
0.2379,1155.0298,27393665.8421,1155.0298,0.6732,236.6196,233.6506,2.9690,3.6135,0.0014,1.6409,-0.5053,0.9135,0.9599,2
0.2518,894.9725,26029284.3255,894.9725,0.6931,232.8161,229.9589,2.8571,3.4725,0.0015,1.5247,-0.5172,0.9123,0.9630,2
0.2499,890.1718,26370094.3401,890.1718,0.6870,234.3811,231.5786,2.8025,3.4140,0.0015,1.5335,-0.5027,0.9005,0.9603,2
0.2393,1062.3756,28037296.1625,1062.3756,0.6834,239.6769,236.7699,2.9071,3.5071,0.0015,1.5678,-0.5161,0.9129,0.9604,2
0.2339,1326.3611,28046680.3491,1326.3611,0.6755,239.5589,236.6016,2.9574,3.5637,0.0014,1.6321,-0.5069,0.9111,0.9490,2
0.2374,1156.5729,28480468.8834,1156.5729,0.6853,241.3334,238.3985,2.9348,3.5322,0.0015,1.5596,-0.5219,0.9175,0.9580,2
0.2298,964.8116,29986719.6415,964.8116,0.6749,245.2151,242.2693,2.9459,3.5670,0.0014,1.6074,-0.5122,0.9150,0.9556,2
0.2157,1329.2610,29568257.2194,1329.2610,0.6452,240.6775,237.5493,3.1282,3.8454,0.0013,1.7834,-0.4852,0.9149,0.9415,2
0.2427,1132.2125,26828834.6373,1132.2125,0.6839,234.4665,231.4834,2.9831,3.5979,0.0015,1.5973,-0.5241,0.9224,0.9589,2
0.2255,1181.3377,30091900.9074,1181.3377,0.6685,245.0865,242.0890,2.9975,3.6292,0.0014,1.6288,-0.5069,0.9149,0.9577,2
0.2373,1018.3061,26607239.7483,1018.3061,0.6933,234.7979,232.0120,2.7859,3.4034,0.0015,1.5146,-0.4964,0.8951,0.9516,2
0.2300,1123.8023,29891919.5970,1123.8023,0.6754,245.8678,242.9635,2.9043,3.5381,0.0014,1.6168,-0.4955,0.9029,0.9597,2
0.2271,1194.0149,29582885.8127,1194.0149,0.6733,243.6186,240.5933,3.0253,3.6581,0.0014,1.6278,-0.5130,0.9202,0.9557,2
0.2363,1028.5921,27966720.4202,1028.5921,0.6790,238.0955,235.1131,2.9824,3.5960,0.0015,1.5855,-0.5200,0.9211,0.9569,2
0.2381,917.1984,28083981.2556,917.1984,0.6775,238.3447,235.3776,2.9671,3.5876,0.0015,1.5734,-0.5225,0.9214,0.9607,2
0.2277,1094.9364,29447392.9582,1094.9364,0.6733,242.6877,239.6737,3.0141,3.6311,0.0014,1.6170,-0.5166,0.9204,0.9606,2
0.2314,1213.4673,28958379.1004,1213.4673,0.6755,241.7928,238.7953,2.9974,3.6069,0.0014,1.5964,-0.5170,0.9191,0.9524,2
0.2348,984.6467,27582437.4200,984.6467,0.6917,236.5168,233.5978,2.9190,3.5475,0.0015,1.5434,-0.5171,0.9165,0.9501,2
0.2279,1073.7405,29425371.9385,1073.7405,0.6770,241.8321,238.7727,3.0595,3.6772,0.0014,1.6028,-0.5311,0.9300,0.9629,2
0.2406,1057.7142,26632618.8976,1057.7142,0.6908,234.2696,231.3978,2.8718,3.4742,0.0015,1.5661,-0.5130,0.9090,0.9567,2
0.2282,1118.3592,27543718.4380,1118.3592,0.6847,234.5560,231.5382,3.0177,3.6440,0.0015,1.5974,-0.5234,0.9245,0.9548,2
0.2353,1109.6516,28158500.0975,1109.6516,0.6877,239.1175,236.1650,2.9524,3.5431,0.0015,1.5629,-0.5229,0.9198,0.9591,2
0.2358,1182.2050,28525293.8183,1182.2050,0.6742,241.5578,238.6359,2.9219,3.5257,0.0014,1.6016,-0.5062,0.9090,0.9604,2
0.2198,1352.0234,29745143.9272,1352.0234,0.6720,243.4359,240.4468,2.9891,3.6268,0.0014,1.6479,-0.4953,0.9085,0.9450,2
0.2345,1039.2683,27757483.0551,1039.2683,0.6765,238.8808,236.0798,2.8010,3.4306,0.0014,1.5950,-0.4800,0.8859,0.9513,2
0.2471,924.2129,27003970.0244,924.2129,0.7032,236.9937,234.2200,2.7737,3.3327,0.0015,1.4477,-0.5190,0.9046,0.9583,2
0.2368,970.8107,28485343.4221,970.8107,0.6811,240.7553,237.8612,2.8942,3.5156,0.0015,1.5751,-0.5066,0.9083,0.9609,2
0.2408,1061.2997,27307835.9628,1061.2997,0.6832,237.6136,234.7578,2.8558,3.4608,0.0015,1.5799,-0.4992,0.9016,0.9546,2
0.2439,1067.5110,26790895.9957,1067.5110,0.6871,235.5307,232.6501,2.8806,3.4824,0.0015,1.5518,-0.5119,0.9100,0.9614,2
0.2333,1182.7806,28897086.2302,1182.7806,0.6720,242.5199,239.5634,2.9565,3.5662,0.0014,1.6212,-0.5042,0.9107,0.9514,2
0.2225,1122.6171,30827788.8038,1122.6171,0.6558,247.5934,244.6138,2.9796,3.6566,0.0014,1.6924,-0.4813,0.9022,0.9509,2
0.2264,1253.2878,29944903.3668,1253.2878,0.6776,246.5197,243.6400,2.8797,3.4788,0.0014,1.5935,-0.4939,0.8991,0.9529,2
0.2175,1392.6326,31450220.7870,1392.6326,0.6723,249.5398,246.5373,3.0025,3.6118,0.0014,1.5999,-0.5069,0.9143,0.9479,2
0.2480,999.1821,26304901.9644,999.1821,0.6915,233.3341,230.4079,2.9262,3.5363,0.0015,1.5535,-0.5257,0.9200,0.9629,2
0.2257,1227.8569,29694345.0969,1227.8569,0.6722,244.0505,241.0612,2.9893,3.6062,0.0014,1.6264,-0.5064,0.9139,0.9587,2
0.2294,1061.3676,29343565.7294,1061.3676,0.6741,242.3239,239.3591,2.9648,3.6044,0.0014,1.6035,-0.5052,0.9125,0.9614,2
0.2334,1211.0470,28302399.8935,1211.0470,0.6696,240.0810,237.1230,2.9580,3.6067,0.0014,1.6583,-0.4930,0.9056,0.9545,2
0.2491,1251.7874,26032358.0343,1251.7874,0.6950,233.4864,230.6161,2.8704,3.4794,0.0015,1.5556,-0.5091,0.9071,0.9524,3
0.2326,1529.5657,28067050.5240,1529.5657,0.6795,240.5285,237.5940,2.9344,3.5362,0.0015,1.6598,-0.4976,0.9040,0.9490,3
0.2624,1154.9901,24510112.4907,1154.9901,0.7019,228.7280,225.9282,2.7998,3.3640,0.0016,1.5183,-0.5190,0.9056,0.9563,3
0.2430,1602.1319,26515068.6474,1602.1319,0.6886,236.4493,233.5770,2.8723,3.4415,0.0015,1.6018,-0.4965,0.8973,0.9425,3
0.2509,1125.3899,26242159.4938,1125.3899,0.6933,234.6019,231.7527,2.8492,3.4243,0.0015,1.5346,-0.5189,0.9096,0.9596,3
0.2512,1210.0260,26058785.3611,1210.0260,0.6976,234.4045,231.6065,2.7980,3.3744,0.0016,1.5328,-0.5036,0.8968,0.9530,3
0.2611,1198.5890,24822952.8180,1198.5890,0.7016,230.4960,227.7188,2.7772,3.3266,0.0016,1.5252,-0.5191,0.9029,0.9575,3
0.2500,1072.8412,26251517.9461,1072.8412,0.6879,234.6235,231.7943,2.8292,3.4450,0.0015,1.5715,-0.5017,0.9005,0.9571,3
0.2533,1280.3684,25530303.9514,1280.3684,0.7053,234.4484,231.7755,2.6730,3.2286,0.0016,1.4876,-0.4856,0.8740,0.9447,3
0.2500,1059.8219,26686417.4273,1059.8219,0.7018,237.0093,234.2644,2.7448,3.3139,0.0016,1.4830,-0.5092,0.8961,0.9610,3
0.2681,1194.6211,23279775.3890,1194.6211,0.7041,224.1738,221.4327,2.7411,3.3152,0.0016,1.5031,-0.5094,0.8963,0.9530,3
0.2461,1148.3198,26542368.5995,1148.3198,0.6914,235.5597,232.7379,2.8218,3.4344,0.0015,1.5538,-0.5002,0.8991,0.9527,3
0.2504,1107.6113,26205100.5151,1107.6113,0.6854,234.2618,231.4036,2.8582,3.4603,0.0015,1.5830,-0.5083,0.9057,0.9580,3
0.2456,1169.0505,26543166.9764,1169.0505,0.6887,235.8336,233.0082,2.8254,3.4102,0.0015,1.5692,-0.5037,0.8998,0.9513,3
0.2727,624.1840,24007715.8063,624.1840,0.7109,227.3475,224.7260,2.6215,3.2058,0.0016,1.4062,-0.5126,0.8919,0.9691,3
0.2676,809.9077,24508484.0329,809.9077,0.6956,228.9077,226.1811,2.7266,3.3170,0.0015,1.5036,-0.5130,0.9003,0.9659,3
0.2498,1273.3930,25973294.0567,1273.3930,0.6810,234.2086,231.3740,2.8345,3.4612,0.0015,1.5996,-0.4866,0.8921,0.9486,3
0.2567,1064.3088,25028911.7506,1064.3088,0.6810,229.7150,226.8835,2.8316,3.4587,0.0015,1.5800,-0.4954,0.8975,0.9588,3
0.2587,1418.0187,24176878.2423,1418.0187,0.6973,227.4727,224.6090,2.8637,3.4625,0.0015,1.5726,-0.5078,0.9052,0.9473,3
0.2498,1230.6787,26079741.4179,1230.6787,0.6818,234.0585,231.1976,2.8609,3.5009,0.0015,1.6010,-0.4898,0.8971,0.9463,3
0.2523,1238.4337,25395184.2675,1238.4337,0.6885,231.4576,228.5927,2.8649,3.4666,0.0015,1.5962,-0.5069,0.9050,0.9529,3
0.2490,1069.2578,25848895.8421,1069.2578,0.6710,231.4941,228.5277,2.9664,3.6209,0.0014,1.6521,-0.5060,0.9140,0.9638,3
0.2495,1041.1744,25268758.8834,1041.1744,0.6810,229.5724,226.7059,2.8665,3.4860,0.0015,1.5970,-0.5067,0.9064,0.9544,3
0.2520,1236.0764,25253988.4794,1236.0764,0.6808,230.4269,227.5452,2.8816,3.5142,0.0015,1.6242,-0.4939,0.9004,0.9551,3
0.2446,1148.2987,27058063.0264,1148.2987,0.6799,237.3390,234.4762,2.8628,3.4892,0.0015,1.6145,-0.4911,0.8968,0.9512,3
0.2665,1083.9614,23442567.5533,1083.9614,0.7076,224.9007,222.1718,2.7289,3.2818,0.0016,1.4800,-0.5161,0.8986,0.9559,3
0.2464,1194.3398,26757614.1842,1194.3398,0.6898,237.0462,234.2236,2.8227,3.4034,0.0015,1.5521,-0.5051,0.8997,0.9589,3
0.2628,1127.5222,24054880.8280,1127.5222,0.6999,227.3378,224.5966,2.7411,3.3166,0.0016,1.5286,-0.5024,0.8923,0.9546,3
0.2589,1114.5248,24577299.3381,1114.5248,0.6914,227.9091,225.0239,2.8852,3.4696,0.0015,1.5644,-0.5232,0.9149,0.9600,3
0.2527,1208.1340,26077508.7228,1208.1340,0.7043,235.3697,232.5968,2.7728,3.3241,0.0016,1.5037,-0.5152,0.9007,0.9589,3
0.2476,1237.6633,26297375.0067,1237.6633,0.6772,234.3871,231.4855,2.9017,3.5210,0.0015,1.6282,-0.4984,0.9035,0.9500,3
0.2584,1136.4276,24986246.7767,1136.4276,0.6937,229.9717,227.1181,2.8537,3.4521,0.0015,1.5572,-0.5143,0.9085,0.9600,3
0.2466,1273.9534,26166583.5784,1273.9534,0.6918,233.2620,230.3351,2.9270,3.5318,0.0015,1.5556,-0.5149,0.9136,0.9433,3
0.2488,1157.7756,26055813.7910,1157.7756,0.6765,232.8526,229.9450,2.9076,3.5606,0.0015,1.6231,-0.4960,0.9045,0.9518,3
0.2444,1196.1513,25285400.5778,1196.1513,0.6845,228.4406,225.4748,2.9658,3.6041,0.0015,1.6060,-0.5180,0.9196,0.9480,3
0.2650,979.3167,24612447.0580,979.3167,0.6892,229.3372,226.5507,2.7865,3.3931,0.0015,1.5563,-0.5020,0.8987,0.9573,3
0.2573,1179.8915,24538827.6624,1179.8915,0.6768,227.6354,224.7426,2.8928,3.5341,0.0015,1.6464,-0.4948,0.9020,0.9515,3
0.2560,1212.5302,24907386.3575,1212.5302,0.6823,230.3594,227.5513,2.8081,3.4430,0.0015,1.6223,-0.4845,0.8894,0.9530,3
0.2641,1166.8046,24226061.9211,1166.8046,0.6897,227.9370,225.1646,2.7723,3.3977,0.0015,1.5722,-0.4908,0.8904,0.9471,3
0.2542,1069.8922,25386370.4595,1069.8922,0.6830,230.2663,227.3466,2.9197,3.5514,0.0015,1.5999,-0.5171,0.9162,0.9637,3
0.2452,1069.3813,26409396.7128,1069.3813,0.6798,233.3998,230.4372,2.9626,3.5901,0.0015,1.5871,-0.5123,0.9168,0.9571,3
0.2499,1003.2266,23676905.6937,1003.2266,0.6923,222.6926,219.8735,2.8191,3.4546,0.0015,1.5410,-0.5049,0.9033,0.9564,3
0.2526,1226.7252,25005060.6506,1226.7252,0.6863,229.3963,226.5054,2.8909,3.4958,0.0015,1.5976,-0.5086,0.9078,0.9544,3
0.2523,1246.5223,25369883.0955,1246.5223,0.6887,231.0365,228.1604,2.8760,3.4779,0.0015,1.5999,-0.5081,0.9064,0.9567,3
0.2590,967.1249,24389025.8365,967.1249,0.6816,226.4672,223.5959,2.8712,3.5365,0.0015,1.5878,-0.5031,0.9073,0.9544,3
0.2478,1043.4254,26757294.4681,1043.4254,0.6875,236.3708,233.5645,2.8063,3.4214,0.0015,1.5468,-0.4972,0.8961,0.9552,3
0.2596,1107.0026,24534929.5338,1107.0026,0.6966,228.2934,225.4607,2.8328,3.4296,0.0015,1.5778,-0.5083,0.9034,0.9563,3
0.2459,1041.0788,26981368.5090,1041.0788,0.6804,236.2507,233.3606,2.8901,3.5287,0.0015,1.6060,-0.5027,0.9070,0.9631,3
0.2630,1159.3013,23166739.6604,1159.3013,0.6872,221.9770,219.0800,2.8970,3.5348,0.0015,1.6349,-0.5078,0.9102,0.9553,3
0.2561,1043.9074,24943321.8684,1043.9074,0.6846,229.2099,226.3570,2.8529,3.4890,0.0015,1.5946,-0.5032,0.9044,0.9585,3
0.2154,1244.3406,30412677.4162,1244.3406,0.6491,244.0211,240.9197,3.1014,3.8158,0.0013,1.7304,-0.4867,0.9145,0.9462,4
0.2099,1280.6798,32081180.0020,1280.6798,0.6585,249.3299,246.2614,3.0685,3.7506,0.0014,1.7064,-0.4892,0.9120,0.9438,4
0.2378,878.1523,26193499.0704,878.1523,0.6838,232.3146,229.5247,2.7900,3.4436,0.0015,1.5664,-0.4854,0.8902,0.9571,4
0.2181,1387.2814,30455169.2760,1387.2814,0.6566,245.8687,242.8182,3.0505,3.7159,0.0014,1.7009,-0.4893,0.9102,0.9471,4
0.2268,1057.4276,29937790.9770,1057.4276,0.6751,245.6503,242.7819,2.8685,3.5008,0.0014,1.5741,-0.4938,0.8997,0.9555,4
0.2265,1127.8252,29500614.7431,1127.8252,0.6601,242.7815,239.8002,2.9813,3.6481,0.0014,1.6544,-0.4905,0.9067,0.9574,4
0.2142,1335.0679,30459169.7469,1335.0679,0.6545,244.6135,241.5541,3.0594,3.7245,0.0013,1.7092,-0.4931,0.9129,0.9460,4
0.2220,1360.9866,27815618.2070,1360.9866,0.6638,237.0682,234.1281,2.9400,3.6059,0.0014,1.6800,-0.4746,0.8939,0.7515,4
0.2215,1435.2688,28247034.5375,1435.2688,0.6774,240.1939,237.3306,2.8634,3.5046,0.0014,1.6056,-0.4703,0.8849,0.9327,4
0.2100,1296.2095,32771672.4153,1296.2095,0.6580,252.4009,249.3583,3.0426,3.7046,0.0013,1.6856,-0.4922,0.9110,0.9521,4
0.2455,945.3060,26916441.8260,945.3060,0.6940,236.9628,234.2244,2.7384,3.3625,0.0015,1.5401,-0.4916,0.8896,0.9572,4
0.2222,990.8692,30801834.4809,990.8692,0.6484,246.2011,243.1603,3.0408,3.7483,0.0013,1.7055,-0.4929,0.9140,0.9608,4
0.2267,1095.3513,28329400.4238,1095.3513,0.6486,237.9902,234.9834,3.0068,3.7164,0.0013,1.7219,-0.4837,0.9070,0.9524,4
0.2238,1058.6751,26837985.4959,1058.6751,0.6478,230.8782,227.8269,3.0513,3.7703,0.0013,1.7229,-0.4902,0.9140,0.9595,4
0.2186,1165.2609,28076796.6531,1165.2609,0.6443,236.1992,233.1955,3.0037,3.7536,0.0013,1.7523,-0.4649,0.8971,0.9426,4
0.2235,1239.9934,29171096.7243,1239.9934,0.6460,240.6596,237.5585,3.1010,3.8304,0.0013,1.7640,-0.4829,0.9135,0.9469,4
0.2172,1098.0843,30453275.6024,1098.0843,0.6382,243.2747,240.1396,3.1351,3.8741,0.0013,1.7729,-0.4877,0.9179,0.9531,4
0.2302,988.2733,28313333.1024,988.2733,0.6485,237.3428,234.2506,3.0923,3.7924,0.0013,1.7115,-0.5050,0.9233,0.9619,4
0.2116,1164.9405,28395611.2774,1164.9405,0.6406,235.1684,232.1000,3.0684,3.8204,0.0013,1.7566,-0.4704,0.9052,0.9465,4
0.2116,1229.7044,30939383.8020,1229.7044,0.6335,244.3618,241.2275,3.1343,3.8663,0.0013,1.7863,-0.4746,0.9101,0.9503,4
0.2548,627.0902,25848108.6752,627.0902,0.6713,231.4187,228.5677,2.8511,3.5223,0.0014,1.5875,-0.4976,0.9046,0.9681,4
0.2195,1194.3410,30743618.3029,1194.3410,0.6551,246.2144,243.1612,3.0532,3.7245,0.0014,1.6966,-0.4943,0.9136,0.9579,4
0.2206,1095.7753,30517876.1587,1095.7753,0.6487,244.7449,241.6789,3.0660,3.7649,0.0013,1.7142,-0.4908,0.9139,0.9612,4
0.2270,1141.2734,28959269.1546,1141.2734,0.6407,240.3563,237.2918,3.0645,3.7839,0.0013,1.7640,-0.4810,0.9092,0.9604,4
0.2092,1395.3338,32199293.5956,1395.3338,0.6237,249.6604,246.4988,3.1616,3.8818,0.0012,1.8442,-0.4728,0.9096,0.9520,4
0.2152,1167.9490,30676332.6362,1167.9490,0.6662,248.6635,245.8238,2.8397,3.4839,0.0014,1.6447,-0.4653,0.8793,0.9411,4
0.2146,1310.9371,32146635.0249,1310.9371,0.6734,251.7751,248.7770,2.9981,3.6093,0.0014,1.5984,-0.5046,0.9129,0.9547,4
0.2105,1366.6853,32571230.7583,1366.6853,0.6628,252.4924,249.4531,3.0393,3.6842,0.0014,1.6855,-0.4933,0.9104,0.9477,4
0.2123,1399.7179,30436361.1543,1399.7179,0.6678,245.6089,242.6027,3.0062,3.6444,0.0014,1.6689,-0.4907,0.9065,0.9398,4
0.2291,1158.4897,29200385.3125,1158.4897,0.6890,243.8422,240.9713,2.8710,3.4805,0.0015,1.5743,-0.5065,0.9059,0.9546,4
0.2140,1181.8468,32013138.2862,1181.8468,0.6718,250.8025,247.8667,2.9358,3.5697,0.0014,1.5980,-0.4876,0.9003,0.9510,4
0.2412,769.1253,28718777.5027,769.1253,0.6932,242.4922,239.7063,2.7858,3.3830,0.0015,1.4853,-0.5128,0.9035,0.9648,4
0.2210,1294.7023,30202289.1857,1294.7023,0.6613,245.2193,242.2259,2.9934,3.6445,0.0014,1.6741,-0.4908,0.9066,0.9524,4
0.2202,1224.0676,31368347.4791,1224.0676,0.6751,249.8361,246.8812,2.9549,3.5737,0.0014,1.6253,-0.4981,0.9066,0.9501,4
0.2353,1155.6964,28636601.7880,1155.6964,0.6805,241.6256,238.7501,2.8754,3.5085,0.0015,1.5923,-0.4947,0.9005,0.9551,4
0.2233,1267.1953,30427406.4936,1267.1953,0.6802,246.4642,243.4560,3.0082,3.6087,0.0014,1.6092,-0.5184,0.9201,0.9566,4
0.2265,974.2568,30513559.8918,974.2568,0.6780,246.9848,244.0463,2.9385,3.5671,0.0014,1.6044,-0.5088,0.9128,0.9595,4
0.2331,998.9488,28898990.2616,998.9488,0.6809,241.3762,238.4463,2.9299,3.5642,0.0015,1.5862,-0.5093,0.9132,0.9570,4
0.2162,1044.7656,31760236.5217,1044.7656,0.6537,248.8103,245.7682,3.0421,3.7363,0.0014,1.6949,-0.4902,0.9120,0.9552,4
0.2172,1648.1352,30274351.9462,1648.1352,0.6770,246.8909,243.9412,2.9497,3.5592,0.0014,1.6470,-0.4866,0.8987,0.9410,4
0.2242,1032.4438,28551957.0921,1032.4438,0.6832,239.5238,236.6524,2.8714,3.5280,0.0015,1.5759,-0.4909,0.8996,0.9483,4
0.2180,1173.2898,31841227.7922,1173.2898,0.6785,250.7596,247.7796,2.9801,3.6008,0.0014,1.5921,-0.5096,0.9148,0.9547,4
0.2177,1264.3354,30237242.2618,1264.3354,0.6881,245.3871,242.4422,2.9449,3.5395,0.0015,1.5583,-0.5093,0.9118,0.9475,4
0.2305,1183.9549,29184983.4547,1183.9549,0.6757,244.2099,241.3543,2.8556,3.4799,0.0014,1.6246,-0.4842,0.8924,0.9517,4
0.2314,901.6594,27767446.4647,901.6594,0.6889,236.4850,233.6012,2.8838,3.5191,0.0015,1.5420,-0.5119,0.9121,0.9605,4
0.2291,850.6192,31004858.6758,850.6192,0.6890,249.2781,246.4078,2.8703,3.4534,0.0015,1.5055,-0.5184,0.9124,0.9634,4
0.2333,1143.3994,28896947.3723,1143.3994,0.6833,242.7771,239.8785,2.8987,3.5004,0.0015,1.5902,-0.5052,0.9064,0.9546,4
0.2220,1298.0914,30536851.1320,1298.0914,0.6648,247.6974,244.7700,2.9274,3.5726,0.0014,1.6611,-0.4840,0.8984,0.9521,4
0.2115,1306.9387,32508289.2968,1306.9387,0.6619,251.5752,248.4938,3.0815,3.7140,0.0014,1.7004,-0.5082,0.9204,0.9572,4
0.2261,1013.9120,30951234.4347,1013.9120,0.6880,248.8252,245.9256,2.8997,3.4840,0.0015,1.5146,-0.5192,0.9138,0.9637,4
0.2020,1301.8837,33526791.2896,1301.8837,0.6417,251.7326,248.5318,3.2009,3.9120,0.0013,1.7383,-0.4971,0.9251,0.9517,5
0.1981,1224.7017,35225428.1257,1224.7017,0.6539,258.2903,255.2159,3.0744,3.7418,0.0013,1.7047,-0.4894,0.9118,0.9541,5
0.2044,1275.1049,33192950.3838,1275.1049,0.6683,253.6641,250.6774,2.9867,3.6439,0.0014,1.6432,-0.4858,0.9036,0.9497,5
0.1904,1357.1190,37256890.9108,1357.1190,0.6324,262.4142,259.2304,3.1839,3.9039,0.0013,1.7835,-0.4763,0.9129,0.9404,5
0.2003,1148.8422,35475061.9870,1148.8422,0.6678,258.7424,255.6627,3.0797,3.7145,0.0014,1.6415,-0.5078,0.9215,0.9558,5
0.2010,1298.7861,34770438.8070,1298.7861,0.6275,256.5332,253.3549,3.1783,3.9174,0.0012,1.8361,-0.4716,0.9110,0.9389,5
0.2104,1065.7129,32279922.7817,1065.7129,0.6339,248.9429,245.8385,3.1044,3.8572,0.0013,1.7831,-0.4732,0.9088,0.9518,5
0.2150,1115.4926,31066022.0903,1115.4926,0.6507,245.6468,242.5328,3.1140,3.8201,0.0013,1.7502,-0.4992,0.9219,0.9583,5
0.2100,1017.9475,32899557.6666,1017.9475,0.6159,250.9918,247.8687,3.1231,3.9232,0.0012,1.8603,-0.4563,0.9022,0.9508,5
0.2140,1168.4222,31295402.1892,1168.4222,0.6547,247.1082,244.0470,3.0612,3.7431,0.0013,1.6780,-0.4967,0.9162,0.9510,5
0.2026,1248.7350,34375577.6797,1248.7350,0.6312,255.8737,252.7490,3.1247,3.8693,0.0013,1.8138,-0.4717,0.9084,0.9510,5
0.2266,648.7028,30652393.7363,648.7028,0.6586,246.4629,243.5757,2.8873,3.6132,0.0014,1.6310,-0.4791,0.8990,0.9687,5
0.2144,994.0224,32252280.2155,994.0224,0.6419,249.1061,246.0053,3.1008,3.8384,0.0013,1.7476,-0.4840,0.9146,0.9565,5
0.2059,1118.5117,32406936.9865,1118.5117,0.6346,249.1176,246.0352,3.0824,3.8373,0.0013,1.7850,-0.4667,0.9036,0.9483,5
0.2051,1340.7493,33520088.6493,1340.7493,0.6183,253.3549,250.2069,3.1481,3.9129,0.0012,1.8713,-0.4578,0.9024,0.9423,5
0.2126,1019.2914,32045485.7328,1019.2914,0.6389,247.6125,244.4403,3.1722,3.9208,0.0013,1.8010,-0.4896,0.9220,0.9575,5
0.2001,1061.3885,35084540.3578,1061.3885,0.6275,255.8606,252.6760,3.1846,3.9552,0.0012,1.8307,-0.4776,0.9172,0.9555,5
0.2110,1041.3912,33578906.3328,1041.3912,0.6493,254.2560,251.1869,3.0691,3.7815,0.0013,1.7064,-0.4853,0.9119,0.9583,5
0.2033,1118.3273,33475322.2856,1118.3273,0.6306,250.9500,247.7259,3.2241,3.9672,0.0012,1.8075,-0.4897,0.9247,0.9582,5
0.2083,1278.0544,32840906.8480,1278.0544,0.6478,251.3640,248.2164,3.1476,3.8462,0.0013,1.7272,-0.4934,0.9197,0.9532,5
0.2075,975.9491,33490013.8100,975.9491,0.6366,251.6811,248.5079,3.1732,3.8946,0.0013,1.7427,-0.5004,0.9266,0.9609,5
0.2031,1293.5523,31918862.8167,1293.5523,0.6329,246.6199,243.4609,3.1590,3.8979,0.0013,1.8026,-0.4753,0.9120,0.9494,5
0.2105,1149.1759,31160530.1698,1149.1759,0.6454,246.2040,243.1688,3.0352,3.7646,0.0013,1.7336,-0.4767,0.9063,0.9482,5
0.1973,1326.3511,34531461.7835,1326.3511,0.6294,253.7614,250.4985,3.2629,3.9986,0.0012,1.8274,-0.4931,0.9273,0.9599,5
0.1958,1268.9903,35177637.4338,1268.9903,0.6363,255.7897,252.5519,3.2379,3.9613,0.0013,1.7801,-0.4921,0.9247,0.9505,5
0.2006,1072.6154,34519658.5563,1072.6154,0.6204,253.1283,249.8537,3.2747,4.0562,0.0012,1.8359,-0.4852,0.9260,0.9571,5
0.2059,1192.5943,32572809.4671,1192.5943,0.6253,249.5668,246.4111,3.1557,3.8958,0.0012,1.8307,-0.4727,0.9103,0.9522,5
0.2509,736.1890,25387191.9877,736.1890,0.6697,228.5482,225.6026,2.9456,3.6372,0.0014,1.6429,-0.5067,0.9171,0.9681,5
0.2010,1188.0317,33731984.4909,1188.0317,0.6251,251.5667,248.3293,3.2373,3.9799,0.0012,1.8475,-0.4875,0.9232,0.9547,5
0.2113,1118.5487,32160708.8116,1118.5487,0.6352,249.4070,246.2891,3.1179,3.8460,0.0013,1.7878,-0.4773,0.9111,0.9542,5
0.2346,646.1435,28612126.0980,646.1435,0.6627,238.6622,235.6458,3.0164,3.7060,0.0014,1.6351,-0.5148,0.9242,0.9728,5
0.1982,1175.4121,34827054.2923,1175.4121,0.6272,254.7804,251.5363,3.2441,3.9950,0.0012,1.8360,-0.4852,0.9227,0.9544,5
0.1945,1421.9759,35073807.8755,1421.9759,0.6065,255.6837,252.4070,3.2767,4.0724,0.0012,1.9305,-0.4534,0.9082,0.9415,5
0.2076,1100.2021,32945656.8458,1100.2021,0.6348,251.5246,248.4252,3.0994,3.8032,0.0013,1.7601,-0.4853,0.9130,0.9632,5
0.1971,1147.4509,35558355.2317,1147.4509,0.6124,257.5514,254.3235,3.2279,4.0070,0.0012,1.9032,-0.4667,0.9130,0.9531,5
0.1916,1137.6985,35389654.8258,1137.6985,0.6413,255.1959,252.0082,3.1876,3.9066,0.0013,1.7330,-0.4937,0.9230,0.9536,5
0.2410,847.6831,27343592.7804,847.6831,0.6672,236.1804,233.2646,2.9157,3.5908,0.0014,1.6479,-0.4925,0.9057,0.9593,5
0.2183,1109.5131,31117979.4415,1109.5131,0.6513,246.2977,243.1623,3.1353,3.8478,0.0013,1.7312,-0.4980,0.9226,0.9531,5
0.1984,1148.1261,35218654.6082,1148.1261,0.6336,257.1756,254.0351,3.1405,3.8590,0.0013,1.7709,-0.4772,0.9112,0.9554,5
0.2246,895.7880,29373025.3492,895.7880,0.6626,241.5552,238.5848,2.9704,3.6582,0.0014,1.6602,-0.4935,0.9102,0.9598,5
0.2429,875.8337,27282706.2633,875.8337,0.6738,237.0790,234.2526,2.8263,3.4700,0.0014,1.6009,-0.4910,0.8973,0.9610,5
0.2238,961.3065,30574616.3010,961.3065,0.6571,245.3249,242.2839,3.0410,3.7487,0.0014,1.6961,-0.4897,0.9135,0.9560,5
0.2181,859.9376,32180543.2117,859.9376,0.6539,249.9915,246.9598,3.0317,3.7345,0.0014,1.6941,-0.4903,0.9130,0.9600,5
0.2094,1058.9885,31591961.3611,1058.9885,0.6192,245.1721,241.9637,3.2084,4.0232,0.0012,1.8123,-0.4724,0.9170,0.9505,5
0.2124,1155.8323,31409971.2105,1155.8323,0.6330,246.1125,242.9381,3.1744,3.9149,0.0013,1.8235,-0.4871,0.9197,0.9556,5
0.2188,925.1133,28767393.3556,925.1133,0.6462,236.6455,233.5802,3.0653,3.8104,0.0013,1.7013,-0.4912,0.9167,0.9583,5
0.1994,1331.8687,35154735.9787,1331.8687,0.6374,258.5809,255.4743,3.1066,3.8042,0.0013,1.7722,-0.4764,0.9076,0.9457,5
0.2076,1208.1884,32439626.5497,1208.1884,0.6667,250.7948,247.7964,2.9984,3.6693,0.0014,1.6455,-0.4917,0.9088,0.9524,5
0.2287,987.9873,30057432.5817,987.9873,0.6772,246.2948,243.4010,2.8938,3.5558,0.0014,1.6099,-0.4868,0.8995,0.9571,5
0.1957,1098.8562,35839293.6842,1098.8562,0.6241,257.8652,254.6927,3.1725,3.9201,0.0012,1.8344,-0.4737,0.9133,0.9596,5
0.2694,1041.8409,19080149.9882,1041.8409,0.6324,201.1459,198.0004,3.1455,3.9618,0.0013,1.8738,-0.4882,0.9226,0.9530,6
0.2802,1131.6112,20670714.2436,1131.6112,0.6840,212.5493,209.7643,2.7850,3.4549,0.0015,1.6208,-0.4861,0.8913,0.9429,6
0.2821,1161.9375,20434857.9518,1161.9375,0.6911,211.3827,208.5951,2.7876,3.4335,0.0015,1.5909,-0.4959,0.8967,0.9461,6
0.2739,1093.8466,20334253.3919,1093.8466,0.6692,209.6921,206.8720,2.8202,3.5391,0.0014,1.6891,-0.4731,0.8884,0.9515,6
0.2828,1115.9622,19479326.3312,1115.9622,0.6782,206.5118,203.6915,2.8203,3.4924,0.0015,1.6768,-0.4891,0.8960,0.9482,6
0.2770,1150.5625,21665740.7418,1150.5625,0.6737,216.8971,214.0600,2.8371,3.5098,0.0015,1.6737,-0.4868,0.8955,0.9476,6
0.2832,1144.7627,20779429.1116,1144.7627,0.6865,213.7264,210.9875,2.7390,3.3721,0.0015,1.6054,-0.4887,0.8873,0.9513,6
0.2952,979.4050,20605403.6006,979.4050,0.6944,213.9655,211.3242,2.6414,3.2744,0.0016,1.5265,-0.4891,0.8803,0.9560,6
0.2914,1257.1744,20574658.6199,1257.1744,0.6882,213.6986,211.0198,2.6788,3.3055,0.0015,1.6157,-0.4768,0.8737,0.9490,6
0.2847,1346.0680,20399433.8916,1346.0680,0.6843,212.4694,209.6919,2.7776,3.4051,0.0015,1.6468,-0.4906,0.8907,0.9529,6
0.2810,1356.3579,21101835.7036,1356.3579,0.6910,215.7951,213.0358,2.7592,3.3551,0.0015,1.5839,-0.4950,0.8901,0.9522,6
0.2677,1192.5723,21376470.3927,1192.5723,0.6819,214.9760,212.1441,2.8320,3.4906,0.0015,1.6470,-0.4929,0.8982,0.9469,6
0.2685,1283.7806,22046348.6777,1283.7806,0.6755,218.0699,215.2087,2.8612,3.5098,0.0015,1.6782,-0.4903,0.8977,0.9452,6
0.2903,1095.7918,20789999.7085,1095.7918,0.7034,214.7246,212.0498,2.6748,3.2610,0.0016,1.5258,-0.5005,0.8867,0.9569,6
0.2826,981.8522,20637328.3194,981.8522,0.6982,212.8424,210.1640,2.6784,3.3121,0.0016,1.5294,-0.4940,0.8861,0.9510,6
0.2755,1204.6747,22269739.2704,1204.6747,0.6835,219.9420,217.1137,2.8283,3.4567,0.0015,1.6265,-0.4964,0.8981,0.9480,6
0.2577,1560.7485,20847255.6059,1560.7485,0.6651,211.9290,209.0130,2.9160,3.6013,0.0014,1.7454,-0.4723,0.8921,0.9290,6
0.2774,1338.9977,21189547.8381,1338.9977,0.6853,215.1610,212.3598,2.8012,3.4415,0.0015,1.6275,-0.4894,0.8924,0.9451,6
0.2682,1356.6180,22912908.9406,1356.6180,0.6642,222.8804,220.0474,2.8330,3.5052,0.0014,1.7119,-0.4710,0.8849,0.9367,6
0.2710,1338.7653,22257796.0159,1338.7653,0.6763,218.8797,215.9773,2.9024,3.5193,0.0015,1.6912,-0.5032,0.9063,0.9499,6
0.2759,1286.0596,21412673.2465,1286.0596,0.6791,216.1205,213.3390,2.7816,3.4285,0.0015,1.6484,-0.4805,0.8859,0.9475,6
0.2747,1260.5199,21004681.6661,1260.5199,0.6882,214.0176,211.2338,2.7838,3.4110,0.0015,1.5949,-0.4964,0.8951,0.9499,6
0.2794,1116.5667,21612414.8399,1116.5667,0.6821,216.8130,213.9485,2.8645,3.4960,0.0015,1.6466,-0.5074,0.9072,0.9584,6
0.2720,1061.5985,22169199.2031,1061.5985,0.6809,218.7134,215.9242,2.7892,3.4327,0.0015,1.6187,-0.4957,0.8961,0.9584,6
0.2772,1313.3514,21826083.9417,1313.3514,0.6790,218.4198,215.6335,2.7863,3.4218,0.0015,1.6665,-0.4856,0.8888,0.9465,6
0.2763,1077.8386,22475802.2898,1077.8386,0.6808,220.9114,218.1357,2.7757,3.4125,0.0015,1.6242,-0.4924,0.8924,0.9520,6
0.2708,1130.7314,23006006.6124,1130.7314,0.6810,222.7906,219.9622,2.8284,3.4572,0.0015,1.6330,-0.5011,0.9012,0.9588,6
0.2854,969.1867,21632461.3237,969.1867,0.6847,217.7411,214.9953,2.7458,3.3812,0.0015,1.6017,-0.5012,0.8960,0.9654,6
0.2652,1265.6619,22339692.4117,1265.6619,0.6641,218.3420,215.3955,2.9465,3.6518,0.0014,1.7265,-0.4857,0.9041,0.9509,6
0.2835,1214.8319,20323636.9675,1214.8319,0.6846,211.4782,208.6836,2.7946,3.4326,0.0015,1.6533,-0.4955,0.8958,0.9540,6
0.2695,1083.7622,22509950.1137,1083.7622,0.6831,219.5059,216.6555,2.8504,3.4888,0.0015,1.6174,-0.5069,0.9065,0.9554,6
0.2662,1456.0174,22960077.8822,1456.0174,0.6863,222.9412,220.1323,2.8089,3.4458,0.0015,1.6325,-0.4872,0.8913,0.9463,6
0.2908,934.0722,20870463.7752,934.0722,0.7059,215.1232,212.5271,2.5961,3.2243,0.0016,1.4922,-0.4825,0.8725,0.9525,6
0.2845,1208.3048,20577503.0882,1208.3048,0.6881,212.6451,209.8259,2.8192,3.4692,0.0015,1.6382,-0.4989,0.9003,0.9542,6
0.2751,1099.6406,19006076.7559,1099.6406,0.6892,204.0604,201.3629,2.6975,3.3614,0.0015,1.6136,-0.4755,0.8772,0.9457,6
0.2852,1109.0488,20397362.5239,1109.0488,0.6909,211.8729,209.1036,2.7693,3.3955,0.0015,1.5926,-0.5010,0.8968,0.9552,6
0.2857,1157.7105,21251558.3820,1157.7105,0.6939,216.2617,213.5103,2.7514,3.3620,0.0016,1.5783,-0.5061,0.8975,0.9576,6
0.2758,1143.5243,21574083.1731,1143.5243,0.6741,216.3451,213.4822,2.8629,3.5334,0.0015,1.6783,-0.4911,0.8997,0.9555,6
0.2867,1092.1851,20414865.8702,1092.1851,0.6882,212.0227,209.2715,2.7512,3.4128,0.0015,1.5954,-0.4899,0.8910,0.9480,6
0.2809,1416.3528,20797768.1707,1416.3528,0.6738,213.7217,210.8425,2.8792,3.5386,0.0015,1.7305,-0.4865,0.8972,0.9402,6
0.2855,1237.2386,20251758.0739,1237.2386,0.6692,210.9434,208.0893,2.8541,3.5393,0.0015,1.7314,-0.4768,0.8910,0.9403,6
0.2824,1181.6801,21244895.7527,1181.6801,0.6931,215.7760,213.0275,2.7485,3.3569,0.0015,1.5858,-0.5005,0.8937,0.9564,6
0.2830,1141.3972,20403017.3203,1141.3972,0.6857,211.2777,208.4573,2.8204,3.4655,0.0015,1.6089,-0.5003,0.9009,0.9504,6
0.2922,1156.9434,19110042.8970,1156.9434,0.6967,206.1726,203.4413,2.7312,3.3588,0.0016,1.5659,-0.4996,0.8934,0.9495,6
0.2721,1288.9055,22131791.7355,1288.9055,0.6816,219.1671,216.3352,2.8319,3.4760,0.0015,1.6469,-0.4911,0.8959,0.9501,6
0.2752,1312.8714,21586845.7103,1312.8714,0.6873,216.5102,213.6346,2.8756,3.5051,0.0015,1.6218,-0.5080,0.9081,0.9552,6
0.2699,1129.7903,22387045.5283,1129.7903,0.6747,219.2076,216.2978,2.9098,3.5402,0.0015,1.6659,-0.5113,0.9121,0.9542,6
0.2751,963.5071,22100107.1216,963.5071,0.6822,217.9351,215.0684,2.8667,3.5032,0.0015,1.6116,-0.5150,0.9120,0.9639,6
0.2824,1010.8098,21621674.0637,1010.8098,0.6952,217.0758,214.2790,2.7968,3.4054,0.0016,1.5474,-0.5216,0.9095,0.9608,6
0.2770,1258.8442,21402003.5683,1258.8442,0.6840,215.6507,212.7710,2.8797,3.5075,0.0015,1.6450,-0.5027,0.9052,0.9535,6
0.2717,1248.3558,22319769.2484,1248.3558,0.6664,220.2746,217.4542,2.8204,3.5090,0.0014,1.7046,-0.4650,0.8807,0.9490,7
0.2592,1047.2973,24253849.0885,1047.2973,0.6761,226.2165,223.3529,2.8636,3.5216,0.0015,1.6307,-0.5007,0.9049,0.9671,7
0.2563,1326.1686,23521686.1446,1326.1686,0.6851,224.4595,221.6513,2.8082,3.4197,0.0015,1.6033,-0.4912,0.8921,0.9432,7
0.2579,1054.1303,24578740.3264,1054.1303,0.6633,227.3776,224.4898,2.8878,3.5985,0.0014,1.7033,-0.4754,0.8940,0.9446,7
0.2521,1300.1872,25057794.7390,1300.1872,0.6695,229.3684,226.4415,2.9269,3.5596,0.0014,1.6622,-0.4988,0.9061,0.9482,7
0.2700,1081.9299,22575634.2071,1081.9299,0.6740,220.0382,217.1535,2.8847,3.5699,0.0015,1.6923,-0.4920,0.9027,0.9520,7
0.2698,817.9091,23296515.1757,817.9091,0.6853,222.9673,220.1649,2.8024,3.4343,0.0015,1.5562,-0.5071,0.9031,0.9670,7
0.2614,1057.4395,23631521.6288,1057.4395,0.6775,224.2628,221.4509,2.8119,3.4842,0.0015,1.6176,-0.4891,0.8958,0.9543,7
0.2656,1056.7055,23835058.2545,1056.7055,0.6927,225.7206,222.8803,2.8403,3.4372,0.0015,1.5568,-0.5195,0.9106,0.9635,7
0.2622,1028.2112,22935446.8700,1028.2112,0.6974,221.5453,218.8044,2.7409,3.3511,0.0015,1.5156,-0.5024,0.8945,0.9566,7
0.2618,1131.5441,24149094.0598,1131.5441,0.6735,226.2968,223.3917,2.9050,3.5669,0.0015,1.6510,-0.5005,0.9076,0.9582,7
0.2619,1012.5943,24242504.2926,1012.5943,0.6796,226.3470,223.4561,2.8910,3.4987,0.0015,1.5843,-0.5214,0.9152,0.9665,7
0.2657,1100.3296,22439024.9257,1100.3296,0.6884,218.7175,215.8785,2.8390,3.4785,0.0015,1.5507,-0.5089,0.9077,0.9491,7
0.2521,1301.6707,24800583.8855,1301.6707,0.6731,228.4353,225.4992,2.9360,3.5732,0.0014,1.6373,-0.5003,0.9078,0.9482,7
0.2832,1072.1304,21420567.0050,1072.1304,0.6898,216.6675,213.9243,2.7432,3.3753,0.0015,1.5818,-0.4935,0.8913,0.9499,7
0.2628,1030.1102,22322877.6378,1030.1102,0.6684,217.4578,214.5727,2.8850,3.5768,0.0014,1.6574,-0.4924,0.9033,0.9594,7
0.2643,1137.4322,22836413.4378,1137.4322,0.6790,220.7456,217.8652,2.8804,3.5243,0.0015,1.6207,-0.4991,0.9042,0.9536,7
0.2636,1264.5143,23206150.8416,1264.5143,0.6772,223.1285,220.2743,2.8543,3.5112,0.0015,1.6375,-0.4891,0.8970,0.9499,7
0.2578,1153.7183,24487061.3500,1153.7183,0.6708,227.1778,224.2261,2.9517,3.6192,0.0014,1.6625,-0.4988,0.9097,0.9563,7
0.2537,1315.6508,24568437.4141,1315.6508,0.6667,227.5719,224.6576,2.9143,3.5793,0.0014,1.7011,-0.4847,0.8992,0.9470,7
0.2468,1169.0374,24265543.8052,1169.0374,0.6569,224.3743,221.4134,2.9609,3.6620,0.0014,1.7149,-0.4843,0.9037,0.9442,7
0.2583,1146.6124,24292038.0804,1146.6124,0.6763,226.8842,224.0405,2.8437,3.5038,0.0015,1.6264,-0.4861,0.8947,0.9498,7
0.2726,1056.7941,22932880.4065,1056.7941,0.6922,222.0985,219.2737,2.8248,3.4313,0.0015,1.5495,-0.5149,0.9080,0.9561,7
0.2494,1293.8762,24767746.9814,1293.8762,0.6642,227.3228,224.3283,2.9945,3.6598,0.0014,1.7057,-0.4929,0.9087,0.9444,7
0.2664,1149.0974,23600402.5682,1149.0974,0.6796,224.8816,222.0794,2.8022,3.4262,0.0015,1.5939,-0.4959,0.8956,0.9529,7
0.2076,894.1595,33537514.9617,894.1595,0.6340,252.0306,248.9138,3.1168,3.8523,0.0013,1.7290,-0.4870,0.9167,0.9606,7
0.2609,1299.2172,24039370.9006,1299.2172,0.6748,226.6429,223.7827,2.8602,3.5062,0.0015,1.6241,-0.4895,0.8970,0.9444,7
0.2591,1280.0885,23020612.4484,1280.0885,0.6685,221.4250,218.5563,2.8687,3.5314,0.0014,1.6754,-0.4764,0.8908,0.9464,7
0.2470,1474.7546,24314626.4821,1474.7546,0.6569,225.2796,222.2890,2.9906,3.6962,0.0014,1.7334,-0.4789,0.9025,0.9414,7
0.2579,1250.9421,24022019.4574,1250.9421,0.6707,226.3508,223.5485,2.8023,3.4764,0.0015,1.6877,-0.4622,0.8768,0.9439,7
0.2489,1322.6870,24417164.9625,1322.6870,0.6647,225.6091,222.6303,2.9788,3.6508,0.0014,1.7012,-0.4936,0.9086,0.9446,7
0.2683,1422.0680,22862408.3806,1422.0680,0.6773,222.9171,220.0752,2.8419,3.4522,0.0015,1.6569,-0.4899,0.8936,0.9364,7
0.2485,1269.0959,24512558.3571,1269.0959,0.6665,227.0644,224.1777,2.8866,3.5698,0.0014,1.6946,-0.4741,0.8913,0.9400,7
0.2633,1128.8740,23452108.6725,1128.8740,0.6725,223.7891,220.9537,2.8353,3.5233,0.0014,1.6536,-0.4803,0.8925,0.9459,7
0.2683,1000.1213,22536895.0973,1000.1213,0.6798,219.9742,217.1823,2.7919,3.4566,0.0015,1.6551,-0.4938,0.8963,0.9574,7
0.2647,1077.4162,23945891.2459,1077.4162,0.6884,226.3638,223.5538,2.8100,3.4290,0.0015,1.5681,-0.5026,0.8999,0.9512,7
0.2598,1121.7681,24380094.3228,1121.7681,0.6747,227.1377,224.2315,2.9062,3.5586,0.0015,1.6715,-0.5003,0.9074,0.9502,7
0.2630,1069.3518,22529004.4188,1069.3518,0.6776,219.3694,216.5923,2.7771,3.4352,0.0015,1.6259,-0.4808,0.8866,0.9486,7
0.2584,1146.0349,24915224.4661,1146.0349,0.6701,229.5054,226.6436,2.8618,3.5283,0.0014,1.6604,-0.4845,0.8957,0.9499,7
0.2620,1149.1419,22683201.2375,1149.1419,0.6692,219.7913,216.9147,2.8765,3.5571,0.0014,1.6792,-0.4890,0.9000,0.9443,7
0.2423,1315.7337,26643553.4659,1315.7337,0.6686,234.6538,231.6807,2.9731,3.6140,0.0014,1.6600,-0.5000,0.9102,0.9561,7
0.2475,1174.2480,25272985.1253,1174.2480,0.6749,229.6454,226.7507,2.8947,3.5385,0.0014,1.6214,-0.4952,0.9026,0.9578,7
0.2493,1187.6578,25734325.0895,1187.6578,0.6701,231.7604,228.8467,2.9137,3.5777,0.0014,1.6465,-0.4877,0.9005,0.9461,7
0.2562,1165.9281,21377424.1854,1165.9281,0.6793,212.9472,210.0825,2.8647,3.5503,0.0015,1.6312,-0.4844,0.8966,0.9377,7
0.1921,1229.6781,26981943.8719,1229.6781,0.6238,224.1204,220.9064,3.2140,4.0550,0.0012,1.8355,-0.4550,0.9083,0.9294,7
0.2551,1004.0509,18592777.4666,1004.0509,0.7026,198.6525,195.8162,2.8363,3.4824,0.0015,1.5043,-0.5146,0.9105,0.9551,7
0.2691,858.0543,17194599.2300,858.0543,0.7070,193.0786,190.3793,2.6993,3.3485,0.0016,1.4815,-0.5027,0.8947,0.9503,7
0.2463,939.3420,18921219.3023,939.3420,0.6949,199.3223,196.5071,2.8152,3.4846,0.0015,1.5505,-0.4964,0.8998,0.9443,7
0.2490,1007.6235,18914956.9310,1007.6235,0.6940,200.0236,197.2456,2.7780,3.4537,0.0015,1.5418,-0.4878,0.8923,0.9405,7
0.2598,885.5450,18850123.7378,885.5450,0.6975,200.4248,197.6686,2.7563,3.4167,0.0015,1.5101,-0.5067,0.9018,0.9535,7
