0.1241,14077.8704,24956791.3915,14077.8704,0.3663,251.9074,249.0359,2.8715,2.9999,0.0005,2.6211,-0.6670,0.9541,0.6544,1
0.1948,6429.3704,28374223.2841,6429.3704,0.5358,256.4444,253.9803,2.4641,2.5508,0.0010,2.0553,-0.6267,0.9308,0.5617,1
0.1632,9172.9259,25909770.5872,9172.9259,0.4904,248.7407,246.0641,2.6766,2.7793,0.0008,2.3004,-0.5521,0.9112,0.9138,1
0.2085,4907.7778,27246214.2300,4907.7778,0.5361,249.0741,246.6356,2.4385,2.5508,0.0009,2.1103,-0.6845,0.9436,0.8677,1
0.2106,7178.6481,24273799.4821,7178.6481,0.5186,241.3148,238.8763,2.4385,2.4738,0.0010,2.0048,-0.6756,0.9473,0.2095,1
0.2085,7648.6111,24508004.6371,7648.6111,0.5363,243.2407,240.7669,2.4738,2.5508,0.0010,2.0352,-0.7044,0.9519,0.8746,1
0.1783,10087.0926,23345448.0446,10087.0926,0.4588,243.0185,240.5393,2.4792,2.6783,0.0008,2.1589,-0.6114,0.9344,0.8206,1
0.1770,8446.3889,27311854.3976,8446.3889,0.5206,255.5741,252.9471,2.6270,2.7297,0.0009,2.0880,-0.5925,0.9274,0.9035,1
0.2099,7047.2593,23030025.4731,7047.2593,0.4840,236.5185,234.0801,2.4385,2.5155,0.0009,2.1616,-0.7228,0.9503,0.7360,1
0.2099,9136.2778,20419610.9434,9136.2778,0.5222,231.5370,229.1499,2.3871,2.4995,0.0010,2.1003,-0.6767,0.9304,0.9426,1
0.1770,10449.2222,24848308.9227,10449.2222,0.4674,245.2963,242.7400,2.5563,2.7297,0.0008,2.3837,-0.6510,0.9493,0.2888,1
0.1927,6005.7222,28189901.4443,6005.7222,0.4753,247.5370,245.0729,2.4641,2.6278,0.0008,2.1867,-0.7311,0.9646,0.9347,1
0.1495,13903.9630,21512770.7194,13903.9630,0.4290,242.8519,240.1618,2.6901,2.8538,0.0007,2.3606,-0.6072,0.9170,0.8345,1
0.1920,7132.2407,26592390.0203,7132.2407,0.5152,249.7593,247.2181,2.5411,2.6535,0.0010,2.2149,-0.6565,0.9452,0.9621,1
0.2421,5331.3519,22186201.2395,5331.3519,0.5043,230.7963,228.4530,2.3433,2.3946,0.0010,2.1379,-0.7136,0.9477,0.9525,1
0.2085,8155.9074,22100790.5984,8155.9074,0.4879,235.6111,233.1630,2.4482,2.5508,0.0009,2.2740,-0.6203,0.9314,0.8160,1
0.1927,9539.7222,22505337.3139,9539.7222,0.4913,239.6852,237.1857,2.4995,2.6278,0.0008,2.3004,-0.6368,0.9280,0.1441,1
0.1927,6094.8704,28470448.6484,6094.8704,0.5111,252.9815,250.5527,2.4287,2.6278,0.0009,2.0640,-0.7208,0.9567,0.7381,1
0.1783,8413.0000,27161815.8758,8413.0000,0.4784,250.2222,247.6819,2.5403,2.6783,0.0008,2.2171,-0.6961,0.9635,0.7121,1
0.1934,6137.5000,27210079.4466,6137.5000,0.5254,248.2407,245.7510,2.4898,2.6022,0.0010,2.1955,-0.6878,0.9530,0.9051,1
0.1920,6696.4630,26880721.4316,6696.4630,0.4609,247.8333,245.3082,2.5251,2.6535,0.0008,2.3454,-0.6955,0.9587,0.8465,1
0.1776,7098.7222,32574161.7633,7098.7222,0.4717,258.3148,255.7745,2.5403,2.7040,0.0008,2.2651,-0.7147,0.9620,0.8481,1
0.2421,5362.6296,22887237.0804,5362.6296,0.5119,233.0370,230.7902,2.2469,2.3946,0.0010,2.0575,-0.7401,0.9603,0.4839,1
0.1920,9055.0556,24147642.9903,9055.0556,0.5313,240.9815,238.4307,2.5508,2.6535,0.0010,2.0928,-0.6390,0.9440,0.8415,1
0.1783,11339.5926,22531811.5040,11339.5926,0.4729,240.1111,237.5098,2.6013,2.6783,0.0008,2.3101,-0.6561,0.9379,1.0000,1
0.1770,8089.9815,27890803.3498,8089.9815,0.4695,250.9074,248.3158,2.5916,2.7297,0.0008,2.3261,-0.6945,0.9554,0.7311,1
0.1235,12116.1852,30422267.6317,12116.1852,0.4112,265.0000,262.1028,2.8972,3.0255,0.0006,2.5228,-0.5840,0.9446,0.8083,1
0.1626,8113.2963,26133961.7644,8113.2963,0.4720,242.4074,239.7308,2.6766,2.8050,0.0008,2.3198,-0.6490,0.9489,0.8695,1
0.2085,7588.8333,21833511.7387,7588.8333,0.5229,232.3148,229.8410,2.4738,2.5508,0.0010,1.9942,-0.6360,0.9389,0.3156,1
0.1639,9351.6296,26263010.9663,9351.6296,0.4515,248.8889,246.2476,2.6413,2.7537,0.0008,2.2297,-0.6594,0.9544,0.8317,1
0.1927,10387.2407,21110750.4127,10387.2407,0.5048,234.3889,231.8638,2.5251,2.6278,0.0009,2.2740,-0.6570,0.9441,0.7142,1
0.1920,7459.2778,26923439.2281,7459.2778,0.5332,249.6852,247.1344,2.5508,2.6535,0.0010,2.0659,-0.6856,0.9573,0.8156,1
0.2078,6147.1852,25768210.7384,6147.1852,0.5019,244.5556,242.1525,2.4031,2.5765,0.0009,2.1444,-0.6495,0.9429,0.8008,1
0.2085,6691.4074,23169458.1429,6691.4074,0.5115,236.3704,233.9319,2.4385,2.5508,0.0010,2.2662,-0.6287,0.9409,0.9508,1
0.2257,9683.3889,19121033.1353,9683.3889,0.5507,223.8333,221.5240,2.3094,2.4474,0.0011,2.0461,-0.7024,0.9407,0.8437,1
0.1941,7918.9815,24579206.6609,7918.9815,0.4801,242.4259,239.9715,2.4544,2.5765,0.0008,2.2027,-0.6822,0.9541,0.4696,1
0.2085,10186.1111,19091006.5653,10186.1111,0.5205,226.8519,224.4294,2.4225,2.5508,0.0010,2.1795,-0.5753,0.9083,0.7958,1
0.1783,9874.6667,23128721.4226,9874.6667,0.4881,240.0370,237.4968,2.5403,2.6783,0.0009,2.2324,-0.6679,0.9527,0.4872,1
0.1632,9085.2037,23274438.3883,9085.2037,0.4181,231.5370,228.8861,2.6510,2.7793,0.0007,2.4776,-0.6573,0.9575,0.4416,1
0.1920,5530.2778,28300609.0379,5530.2778,0.4861,247.4630,244.8865,2.5765,2.6535,0.0009,2.1320,-0.7957,0.9788,0.4834,1
0.1927,5910.9815,29228011.9132,5910.9815,0.4979,254.0556,251.5658,2.4898,2.6278,0.0010,2.1442,-0.6890,0.9595,0.4828,1
0.1632,6239.2593,32391476.2143,6239.2593,0.4254,262.1852,259.5952,2.5899,2.7793,0.0007,2.2675,-0.6776,0.9572,0.4812,1
0.1776,11464.2407,21638285.1468,11464.2407,0.4775,238.6111,236.0805,2.5306,2.7040,0.0008,2.3261,-0.6684,0.9389,0.6841,1
0.1776,7838.6667,26221248.9944,7838.6667,0.4852,247.0000,244.3730,2.6270,2.7040,0.0008,2.2588,-0.7269,0.9557,0.6097,1
0.1920,5157.7037,30180814.6949,5157.7037,0.4911,255.8519,253.3267,2.5251,2.6535,0.0009,2.1713,-0.7015,0.9568,0.8056,1
0.1776,10542.8704,25470836.4135,10542.8704,0.4692,245.4259,242.8503,2.5756,2.7040,0.0008,2.3871,-0.6373,0.9449,0.8676,1
0.1920,6012.1111,25060928.4180,6012.1111,0.5128,235.6296,233.0788,2.5508,2.6535,0.0009,2.1687,-0.6740,0.9556,0.4837,1
0.1920,7470.5741,24247254.8885,7470.5741,0.5233,239.9815,237.4307,2.5508,2.6535,0.0010,2.0393,-0.6309,0.9414,0.3885,1
0.1509,11760.4630,25049411.4846,11760.4630,0.4391,250.6111,247.8857,2.7254,2.8024,0.0007,2.4165,-0.6197,0.9392,0.7330,1
0.1927,7659.1111,27276027.6718,7659.1111,0.5182,253.2593,250.7341,2.5251,2.6278,0.0009,2.1040,-0.6504,0.9419,0.9371,1
0.2099,6864.7037,23125239.0765,6864.7037,0.5013,235.4074,233.1230,2.2844,2.5155,0.0010,1.9951,-0.7002,0.9535,0.6602,2
0.2085,9526.0556,20666685.2891,9526.0556,0.5171,232.0185,229.6217,2.3968,2.5508,0.0010,2.1088,-0.6329,0.9329,0.7600,2
0.1790,9428.7963,25885627.9892,9428.7963,0.5173,250.8333,248.3798,2.4536,2.6527,0.0008,2.0531,-0.6533,0.9446,0.9192,2
0.1920,6305.3148,29021068.5892,6305.3148,0.4722,255.2037,252.7299,2.4738,2.6535,0.0008,2.2540,-0.6637,0.9512,0.8390,2
0.1934,10484.0185,22397029.1963,10484.0185,0.4992,238.0926,235.6028,2.4898,2.6022,0.0009,2.1873,-0.6429,0.9358,0.7565,2
0.1941,7088.9259,26524640.6117,7088.9259,0.4899,249.7407,247.3023,2.4384,2.5765,0.0009,2.1771,-0.6623,0.9414,0.7037,2
0.1783,7046.2593,29710730.3536,7046.2593,0.4797,255.8519,253.2505,2.6013,2.6783,0.0009,2.0943,-0.7191,0.9689,0.8486,2
0.1488,10821.4074,28151623.0904,10821.4074,0.4780,258.7407,256.0250,2.7157,2.8795,0.0008,2.2797,-0.6097,0.9407,0.9717,2
0.2092,6368.0556,26301692.4556,6368.0556,0.5655,243.5741,241.0746,2.4995,2.5252,0.0011,1.9337,-0.7355,0.9634,0.9408,2
0.1632,11448.9815,26032627.1258,11448.9815,0.4688,241.6481,239.0228,2.6253,2.7793,0.0007,2.3559,-0.6775,0.9635,0.6493,2
0.1927,6993.8148,26958635.0609,6993.8148,0.4781,248.2593,245.7598,2.4995,2.6278,0.0008,2.2040,-0.6830,0.9594,0.8700,2
0.1770,8164.7037,28111101.4480,8164.7037,0.4452,253.4444,250.8688,2.5756,2.7297,0.0007,2.2705,-0.6894,0.9623,0.8608,2
0.2078,6304.2222,26144512.5258,6304.2222,0.4940,245.8519,243.4037,2.4482,2.5765,0.0009,2.0675,-0.6922,0.9556,0.9180,2
0.2078,8073.7407,21732190.4446,8073.7407,0.5405,232.7778,230.3040,2.4738,2.5765,0.0010,2.1122,-0.6301,0.9344,0.9538,2
0.1920,6902.0556,26845831.3223,6902.0556,0.4703,248.7963,246.3419,2.4544,2.6535,0.0008,2.3323,-0.6750,0.9524,0.6173,2
0.2085,7544.9630,24335949.0888,7544.9630,0.4972,243.7778,241.4003,2.3774,2.5508,0.0009,2.1907,-0.6268,0.9285,0.9316,2
0.1776,6063.1667,31864424.6602,6063.1667,0.4853,264.7222,262.2687,2.4536,2.7040,0.0008,2.1270,-0.6351,0.9398,0.9290,2
0.1776,9088.0926,25550413.1597,9088.0926,0.5199,246.4259,243.8503,2.5756,2.7040,0.0009,2.1200,-0.6504,0.9399,0.9220,2
0.1632,9098.2037,27835313.3168,9098.2037,0.4846,256.0926,253.4256,2.6670,2.7793,0.0009,2.1354,-0.6685,0.9464,0.7707,2
0.2085,4375.6111,29739428.8116,4375.6111,0.4977,255.9815,253.5847,2.3968,2.5508,0.0009,2.0783,-0.7253,0.9514,0.7070,2
0.1235,8464.6481,40705319.0767,8464.6481,0.4128,282.6111,279.7750,2.8361,3.0255,0.0006,2.5169,-0.6726,0.9691,0.9128,2
0.1962,8192.5926,24486463.3562,8192.5926,0.5288,244.3704,241.8916,2.4788,2.5508,0.0010,2.1163,-0.6765,0.9523,0.7356,2
0.1626,7870.1296,30786645.8762,7870.1296,0.4552,262.2037,259.5721,2.6316,2.8050,0.0008,2.2137,-0.6137,0.9410,0.0121,2
0.2106,6330.7222,26167927.0641,6330.7222,0.5188,247.5000,245.1129,2.3871,2.4898,0.0009,2.0480,-0.6806,0.9454,0.8593,2
0.1379,12749.1852,28673075.4671,12749.1852,0.4503,265.9259,263.2394,2.6866,2.8760,0.0007,2.3188,-0.5789,0.9211,0.8591,2
0.1927,6620.6296,28365341.6280,6620.6296,0.5389,252.2593,249.7085,2.5508,2.6278,0.0010,2.1517,-0.6871,0.9565,0.9854,2
0.1770,10060.4259,23229228.4611,10060.4259,0.5105,237.0185,234.3915,2.6270,2.7297,0.0009,2.2324,-0.6030,0.9344,0.8928,2
0.1920,8601.2778,23920885.0873,8601.2778,0.5121,238.5370,236.0119,2.5251,2.6535,0.0009,2.2130,-0.6803,0.9520,0.4401,2
0.1495,10897.5741,27875139.0204,10897.5741,0.4607,256.9074,254.2527,2.6547,2.8538,0.0008,2.3774,-0.6454,0.9535,0.8730,2
0.1372,12133.2037,29232997.6342,12133.2037,0.4327,251.9815,249.1569,2.8246,2.9016,0.0006,2.4127,-0.6378,0.9562,0.4689,2
0.1790,9373.7963,24218008.3116,9373.7963,0.4982,241.6111,239.0611,2.5500,2.6527,0.0008,2.2234,-0.5868,0.9224,0.8154,2
0.1495,11861.4444,25403453.6000,11861.4444,0.4062,249.4444,246.7287,2.7157,2.8538,0.0006,2.4543,-0.6713,0.9621,0.9246,2
0.2092,7732.3704,23939935.9722,7732.3704,0.5398,242.7407,240.3183,2.4225,2.5252,0.0010,1.9783,-0.6379,0.9299,0.8024,2
0.1626,6018.1852,35330609.7697,6018.1852,0.4409,268.8148,266.1382,2.6766,2.8050,0.0007,2.3412,-0.7126,0.9696,0.8774,2
0.1639,11294.5926,25067926.0629,11294.5926,0.4354,250.1111,247.4858,2.6253,2.7537,0.0007,2.3399,-0.6529,0.9465,0.0131,2
0.1646,8383.9259,31095936.3471,8383.9259,0.4882,265.7407,263.1862,2.5546,2.7280,0.0009,2.0749,-0.6179,0.9371,0.9140,2
0.1632,7361.0926,31531442.6663,7361.0926,0.4778,262.7963,260.1967,2.5996,2.7793,0.0008,2.3004,-0.6444,0.9488,0.9825,2
0.1372,11380.9074,29050339.4105,11380.9074,0.4501,260.2778,257.4885,2.7893,2.9016,0.0007,2.3155,-0.6000,0.9205,0.7759,2
0.2257,6585.8519,23385785.5024,6585.8519,0.5793,240.4444,238.1767,2.2677,2.4474,0.0011,1.8348,-0.5658,0.8980,0.9606,2
0.1927,6079.8889,31207859.3228,6079.8889,0.4892,254.8519,252.3010,2.5508,2.6278,0.0008,2.2234,-0.7568,0.9680,0.9637,2
0.2092,8572.2593,22701586.2590,8572.2593,0.5123,238.4074,235.9593,2.4482,2.5252,0.0009,2.0943,-0.6449,0.9385,0.9380,2
0.1941,6665.1296,26639946.4753,6665.1296,0.5334,248.9074,246.4079,2.4995,2.5765,0.0011,1.9867,-0.6264,0.9392,0.9029,2
0.1516,8070.2593,31185065.4283,8070.2593,0.5124,263.1481,260.4997,2.6484,2.7768,0.0009,2.1194,-0.6435,0.9474,0.9336,2
0.1639,8089.1481,30739789.6398,8089.1481,0.4546,263.5926,261.0283,2.5643,2.7537,0.0007,2.2802,-0.6180,0.9391,0.9566,2
0.2092,8554.1667,22313812.3104,8554.1667,0.5302,239.3889,237.0018,2.3871,2.5252,0.0010,2.0575,-0.5528,0.8869,0.8612,2
0.1783,8437.3519,28070064.2250,8437.3519,0.4637,256.5000,253.9951,2.5049,2.6783,0.0008,2.1390,-0.6195,0.9341,0.9349,2
0.1783,10721.3148,22256318.0464,10721.3148,0.4736,238.5741,236.0595,2.5146,2.6783,0.0008,2.2297,-0.6740,0.9517,0.7877,2
0.1632,9613.7778,28440878.9227,9613.7778,0.4735,257.3704,254.6681,2.7023,2.7793,0.0008,2.2810,-0.7246,0.9595,0.9276,2
0.1920,7380.0000,27260017.2042,7380.0000,0.4847,250.5185,247.9774,2.5411,2.6535,0.0009,2.1907,-0.6565,0.9538,0.8718,2
0.2078,5366.4444,27552873.7805,5366.4444,0.5010,247.7407,245.2926,2.4482,2.5765,0.0009,2.2067,-0.7274,0.9666,0.9407,2
0.1639,10992.1667,24600842.6800,10992.1667,0.4263,248.1296,245.4787,2.6510,2.7537,0.0007,2.4152,-0.6192,0.9388,0.8165,3
0.1248,12571.1481,32236089.5512,12571.1481,0.3960,273.1111,270.2910,2.8201,2.9742,0.0006,2.3982,-0.5898,0.9386,0.8491,3
0.1920,6205.9444,28619558.9024,6205.9444,0.5409,254.0926,251.6735,2.4190,2.6535,0.0010,2.0768,-0.6526,0.9455,0.8220,3
0.1790,11846.0000,22187702.1875,11846.0000,0.4843,243.2222,240.7943,2.4279,2.6527,0.0008,2.2907,-0.5925,0.9194,0.8784,3
0.1783,8699.0556,24887070.9881,8699.0556,0.4965,247.8333,245.3187,2.5146,2.6783,0.0009,2.2067,-0.5539,0.9119,0.7659,3
0.1776,12622.1111,19484631.3845,12622.1111,0.4671,228.2222,225.6466,2.5756,2.7040,0.0008,2.3517,-0.6193,0.9234,0.8664,3
0.1626,8697.6481,27057266.4785,8697.6481,0.4766,247.3148,244.6382,2.6766,2.8050,0.0008,2.2907,-0.6396,0.9455,0.0441,3
0.1495,11106.9815,27884298.6143,11106.9815,0.4252,260.7593,258.0949,2.6644,2.8538,0.0007,2.3639,-0.5741,0.9209,0.9692,3
0.1927,5430.6111,27905189.8203,5430.6111,0.4981,250.2037,247.7653,2.4384,2.6278,0.0009,2.0487,-0.6099,0.9244,0.9037,3
0.1797,6837.6481,28372940.6052,6837.6481,0.5053,256.6852,254.1963,2.4889,2.6270,0.0009,2.1270,-0.5954,0.9268,0.8551,3
0.1495,10195.4630,27367179.7569,10195.4630,0.4393,255.7593,253.0082,2.7511,2.8538,0.0007,2.3816,-0.5538,0.9207,0.7989,3
0.1646,10397.5556,27973683.6014,10397.5556,0.4599,257.0000,254.4808,2.5192,2.7280,0.0007,2.3092,-0.6399,0.9419,1.0000,3
0.1934,8256.6296,25046024.9152,8256.6296,0.5263,246.6296,244.2266,2.4031,2.6022,0.0010,2.0722,-0.6326,0.9338,0.9062,3
0.1776,6144.1481,27853031.8593,6144.1481,0.5274,245.8148,243.3099,2.5049,2.7040,0.0010,2.1088,-0.6319,0.9424,0.9236,3
0.2421,4337.6852,23861226.9316,4337.6852,0.6054,235.9444,233.7136,2.2309,2.3946,0.0013,1.7194,-0.7283,0.9508,0.8950,3
0.2250,7351.6667,21683163.5845,7351.6667,0.5121,233.2593,230.8729,2.3864,2.4731,0.0010,2.0672,-0.6491,0.9347,0.9006,3
0.1927,8220.3148,24240752.8545,8220.3148,0.5040,244.3148,241.8410,2.4738,2.6278,0.0009,2.1817,-0.6165,0.9224,0.9047,3
0.2263,6344.4630,23043136.8083,6344.4630,0.5486,236.6111,234.2664,2.3447,2.4217,0.0010,2.0039,-0.7102,0.9442,0.2885,3
0.1920,9258.2037,24006927.4513,9258.2037,0.4829,231.5370,228.9606,2.5765,2.6535,0.0008,2.3261,-0.7001,0.9634,0.8406,3
0.2078,5227.5000,27587511.5177,5227.5000,0.4831,248.6852,246.2564,2.4288,2.5765,0.0008,2.2491,-0.7307,0.9618,0.7754,3
0.1776,9156.8333,25352335.1465,9156.8333,0.4626,248.5000,245.9597,2.5403,2.7040,0.0008,2.2234,-0.5895,0.9315,0.8162,3
0.1920,5824.2963,28875657.9896,5824.2963,0.4883,253.5926,251.1188,2.4738,2.6535,0.0008,2.2394,-0.6693,0.9518,0.8216,3
0.2085,6422.0556,25709504.7966,6422.0556,0.5152,245.1667,242.7282,2.4385,2.5508,0.0010,2.0928,-0.6783,0.9482,0.8047,3
0.1783,8871.3333,25838763.2710,8871.3333,0.4551,249.0000,246.4757,2.5243,2.6783,0.0007,2.3252,-0.6516,0.9467,0.0178,3
0.1927,7498.3148,26945662.0410,7498.3148,0.4796,250.2407,247.7766,2.4641,2.6278,0.0008,2.2588,-0.6919,0.9576,0.9472,3
0.2435,9268.0926,16777969.4884,9268.0926,0.5597,216.0556,213.8600,2.1955,2.3433,0.0011,1.8887,-0.5851,0.8901,0.8730,3
0.1283,9568.2407,28782556.7150,9568.2407,0.4648,251.5000,248.8179,2.6821,2.8618,0.0007,2.2642,-0.5277,0.9002,0.9033,3
0.2250,6514.3889,23599871.9061,6514.3889,0.5476,237.3889,235.0185,2.3704,2.4731,0.0010,2.0393,-0.7109,0.9560,0.1819,3
0.1776,10689.8704,23138769.8237,10689.8704,0.5012,240.0556,237.5056,2.5500,2.7040,0.0009,2.1868,-0.6478,0.9419,0.9047,3
0.1941,8788.2963,23139982.6435,8788.2963,0.5581,240.3333,237.9206,2.4128,2.5765,0.0010,2.0283,-0.5530,0.9008,0.8740,3
0.1927,9247.2222,23425147.9959,9247.2222,0.4673,240.2593,237.7695,2.4898,2.6278,0.0008,2.1783,-0.6581,0.9522,0.8488,3
0.2092,6246.3333,25053050.2535,6246.3333,0.5032,242.6667,240.3309,2.3358,2.5252,0.0009,2.0749,-0.6623,0.9448,0.7278,3
0.1365,10799.4444,29919271.4269,10799.4444,0.4226,254.9259,252.1013,2.8246,2.9273,0.0006,2.3870,-0.6601,0.9661,0.5110,3
0.2078,6155.3333,25805860.0610,6155.3333,0.4839,244.2963,241.7968,2.4995,2.5765,0.0009,2.2067,-0.6829,0.9526,0.8368,3
0.1660,9163.8519,28061972.1266,9163.8519,0.4853,257.5185,254.9286,2.5899,2.6926,0.0008,2.2187,-0.6302,0.9446,0.8504,3
0.2257,8505.1296,20185855.7845,8505.1296,0.5450,229.6481,227.2618,2.3864,2.4474,0.0011,1.9484,-0.5954,0.9131,0.8740,3
0.1790,11382.1296,21362882.6344,11382.1296,0.4499,236.1667,233.6361,2.5306,2.6527,0.0007,2.3669,-0.5810,0.9096,0.8393,3
0.1797,7413.7407,29083107.5633,7413.7407,0.5124,260.3704,257.9328,2.4376,2.6430,0.0009,2.1103,-0.6260,0.9369,0.9377,3
0.1927,9796.0741,23021233.6090,9796.0741,0.5095,242.3333,239.8789,2.4544,2.6278,0.0009,2.0807,-0.5993,0.9227,0.6460,3
0.1927,7130.8889,26314182.9860,7130.8889,0.4896,249.2963,246.8579,2.4384,2.6278,0.0009,2.1713,-0.6498,0.9455,0.8720,3
0.2092,6325.8148,26000490.5135,6325.8148,0.4942,246.1111,243.7690,2.3421,2.5252,0.0009,2.0853,-0.6762,0.9488,0.8331,3
0.1927,7837.1667,24461457.7808,7837.1667,0.4846,242.3148,239.9117,2.4031,2.6278,0.0009,2.0930,-0.6573,0.9444,0.8019,3
0.1495,13489.0556,21916310.8341,13489.0556,0.4923,242.3889,239.6635,2.7254,2.8538,0.0008,2.2651,-0.5892,0.9293,0.8744,3
0.1488,8999.1667,31036435.6799,8999.1667,0.4592,263.2037,260.4526,2.7511,2.8795,0.0007,2.4022,-0.6512,0.9522,0.0077,3
0.2421,8337.7407,19327268.7077,8337.7407,0.5764,218.8519,216.6307,2.2212,2.3946,0.0012,1.9205,-0.7393,0.9575,0.7354,3
0.1927,4421.6481,30785436.4901,4421.6481,0.4971,255.6852,253.2627,2.4224,2.6278,0.0008,2.1514,-0.6899,0.9544,0.9289,3
0.1770,8546.4630,25883844.8227,8546.4630,0.5147,249.0556,246.4542,2.6013,2.7297,0.0009,2.1456,-0.5991,0.9251,0.8885,3
0.2085,4312.7222,30367242.5421,4312.7222,0.5071,255.9815,253.5687,2.4128,2.5508,0.0009,2.1166,-0.7484,0.9655,0.4794,3
0.1632,9452.8889,27097512.3558,9452.8889,0.4231,249.3333,246.7434,2.5899,2.7793,0.0007,2.3703,-0.6569,0.9551,0.8971,3
0.2263,6398.3704,23236033.0709,6398.3704,0.5214,237.0000,234.6809,2.3191,2.4217,0.0010,2.0208,-0.6734,0.9456,0.5736,3
0.1365,10745.5556,30346450.3358,10745.5556,0.4477,264.4444,261.6198,2.8246,2.9273,0.0007,2.4262,-0.6112,0.9417,0.9560,4
0.1790,9376.2778,26097612.6528,9376.2778,0.4535,251.6481,249.1176,2.5306,2.6527,0.0008,2.1484,-0.6078,0.9335,0.0859,4
0.2092,6576.2037,26823320.8888,6576.2037,0.5286,249.2407,246.9660,2.2747,2.5252,0.0010,2.0221,-0.6349,0.9301,0.9816,4
0.1248,11336.9444,29584552.4516,11336.9444,0.4810,258.8333,256.0069,2.8264,2.9742,0.0008,2.1673,-0.5451,0.9211,0.9168,4
0.1502,6130.2222,36980953.8488,6130.2222,0.4875,273.7778,271.1134,2.6644,2.8281,0.0007,2.2049,-0.6667,0.9572,0.4811,4
0.1488,9882.9444,28377111.4211,9882.9444,0.4365,254.3889,251.7502,2.6387,2.8795,0.0007,2.4102,-0.5659,0.9228,0.7920,4
0.1934,7357.0000,27437199.1429,7357.0000,0.4967,253.0370,250.5119,2.5251,2.6022,0.0009,2.1297,-0.6278,0.9379,0.9785,4
0.1529,13423.9259,21378475.9583,13423.9259,0.4625,243.1111,240.5957,2.5154,2.7414,0.0007,2.1942,-0.5260,0.8706,0.7503,4
0.1488,8658.3704,30261066.1433,8658.3704,0.5090,258.3704,255.7413,2.6290,2.8795,0.0008,2.1602,-0.5658,0.9237,0.8049,4
0.1365,9379.4074,36274100.3729,9379.4074,0.4354,278.5556,275.8176,2.7379,2.9273,0.0007,2.3846,-0.6074,0.9480,0.9622,4
0.2078,6094.4630,25906374.9075,6094.4630,0.5190,246.2778,243.8393,2.4385,2.5765,0.0009,2.1616,-0.6709,0.9418,0.9481,4
0.1927,8516.3333,25127150.5405,8516.3333,0.4913,246.1481,243.6070,2.5411,2.6278,0.0009,2.1090,-0.6009,0.9222,0.8894,4
0.2092,8090.5370,22429789.6773,8090.5370,0.5016,236.2037,233.8263,2.3774,2.5252,0.0009,2.1514,-0.6478,0.9385,0.9699,4
0.1413,10936.2963,28946389.9352,10936.2963,0.4449,264.5926,261.8963,2.6963,2.7989,0.0008,2.4224,-0.5877,0.9265,0.8629,4
0.1488,10061.0370,31750954.3510,10061.0370,0.4344,263.2593,260.5179,2.7414,2.8795,0.0007,2.4422,-0.6379,0.9526,0.8847,4
0.1626,8720.1111,27702548.6529,8720.1111,0.4449,252.2593,249.5569,2.7023,2.8050,0.0007,2.3828,-0.6605,0.9562,0.7663,4
0.1783,9194.8704,25747174.1018,9194.8704,0.4997,248.6481,246.0662,2.5819,2.6783,0.0009,2.1713,-0.6251,0.9441,0.8115,4
0.2078,4733.2593,26638012.0665,4733.2593,0.4986,244.2963,241.8481,2.4482,2.5765,0.0010,2.0966,-0.6694,0.9466,0.9623,4
0.1365,9183.6852,30926163.4012,9183.6852,0.4436,259.9074,257.1438,2.7636,2.9273,0.0007,2.3703,-0.6172,0.9505,0.8455,4
0.1502,11947.4630,24840551.2989,11947.4630,0.4180,250.5000,247.8196,2.6804,2.8281,0.0006,2.5643,-0.6121,0.9355,0.7729,4
0.2243,7001.7778,22343573.6272,7001.7778,0.5294,231.1481,228.7264,2.4217,2.4988,0.0010,2.1698,-0.7354,0.9563,0.4784,4
0.1783,10077.5370,23981107.9965,10077.5370,0.5093,245.7593,243.2703,2.4889,2.6783,0.0009,2.1553,-0.5960,0.9235,0.8875,4
0.1927,4937.5556,31613212.6803,4937.5556,0.5158,257.5926,255.0418,2.5508,2.6278,0.0010,2.0140,-0.7132,0.9605,0.7640,4
0.1495,8046.5000,34409220.1736,8046.5000,0.4334,269.3889,266.6635,2.7254,2.8538,0.0007,2.4152,-0.6804,0.9652,0.6446,4
0.1495,9316.5185,30731255.1682,9316.5185,0.4370,258.1111,255.3600,2.7511,2.8538,0.0007,2.3470,-0.6890,0.9660,0.8449,4
0.1667,10205.9259,27714328.9677,10205.9259,0.5007,263.1852,260.6466,2.5386,2.6670,0.0009,2.0710,-0.4923,0.8621,0.8158,4
0.1770,7184.4815,30390933.6063,7184.4815,0.4657,259.7778,257.1702,2.6076,2.7297,0.0008,2.2187,-0.6437,0.9521,0.8804,4
0.1790,9374.8333,26448978.8475,9374.8333,0.4709,251.6111,249.0708,2.5403,2.6527,0.0008,2.2275,-0.6489,0.9505,0.0080,4
0.1509,9716.3148,31894632.9424,9716.3148,0.4552,270.0926,267.4442,2.6484,2.8024,0.0008,2.1514,-0.6138,0.9394,0.8016,4
0.1392,9005.7778,32622316.8773,9005.7778,0.4698,269.1481,266.5483,2.5999,2.8246,0.0008,2.1720,-0.5692,0.9239,0.6863,4
0.1790,7727.8889,30652329.7991,7727.8889,0.5282,264.2963,261.8427,2.4536,2.6527,0.0009,2.0390,-0.6122,0.9339,0.8092,4
0.2106,4108.7222,29944065.3628,4108.7222,0.5113,256.6111,254.3364,2.2747,2.4738,0.0010,1.8837,-0.7391,0.9523,0.9783,4
0.1790,8239.6667,27734992.6572,8239.6667,0.4928,256.4815,253.9925,2.4889,2.6527,0.0009,2.2137,-0.6262,0.9316,0.7693,4
0.1632,8446.2222,30943521.7112,8446.2222,0.4840,264.6667,262.0157,2.6510,2.7793,0.0009,2.1977,-0.6142,0.9407,0.7378,4
0.1523,3245.5741,35161145.8136,3245.5741,0.4984,259.1296,256.5679,2.5617,2.7511,0.0009,2.0726,-0.6568,0.9411,0.9465,4
0.1132,8665.8704,36873226.7101,8665.8704,0.4074,265.7593,262.8933,2.8660,3.0457,0.0006,2.3591,-0.6294,0.9571,0.7866,4
0.1934,7399.7222,28443987.4335,7399.7222,0.5302,250.3889,247.8124,2.5765,2.6022,0.0010,2.1185,-0.7128,0.9589,0.7717,4
0.1626,8149.9074,31252723.8548,8149.9074,0.4431,263.1667,260.5157,2.6510,2.8050,0.0008,2.2587,-0.6498,0.9523,0.9669,4
0.1502,9090.5370,32601674.2740,9090.5370,0.4356,267.3889,264.7599,2.6290,2.8281,0.0007,2.4056,-0.6508,0.9584,0.9295,4
0.1488,7351.4815,35141091.6532,7351.4815,0.4570,264.8148,262.0637,2.7511,2.8795,0.0007,2.3155,-0.6628,0.9641,0.9602,4
0.1646,7543.2222,33279340.2058,7543.2222,0.4435,270.4074,267.8625,2.5449,2.7280,0.0008,2.1196,-0.6724,0.9511,0.6430,4
0.1502,11227.9259,27953000.0019,11227.9259,0.4897,260.0741,257.4610,2.6130,2.8281,0.0008,2.2284,-0.6143,0.9384,0.8016,4
0.2099,5373.0000,27564979.6052,5373.0000,0.5766,251.4815,249.1297,2.3518,2.4995,0.0012,1.8469,-0.6870,0.9454,0.9640,4
0.1509,10524.6852,29286808.6907,10524.6852,0.4496,265.4630,262.8499,2.6130,2.8024,0.0008,2.2679,-0.5645,0.9128,0.8743,4
0.1927,5763.6667,28962463.8901,5763.6667,0.5039,254.3333,251.8692,2.4641,2.6278,0.0009,2.1000,-0.6996,0.9521,0.7827,4
0.1770,6765.7037,30068307.1202,6765.7037,0.4950,258.2963,255.7657,2.5306,2.7297,0.0008,2.1404,-0.6727,0.9531,0.8549,4
0.1646,5049.0926,36650299.7994,5049.0926,0.4572,269.2778,266.6622,2.6156,2.7280,0.0007,2.2253,-0.6931,0.9569,0.7741,4
0.1783,7619.5741,29371296.2194,7619.5741,0.5071,261.3148,258.9029,2.4119,2.6783,0.0009,2.1047,-0.6060,0.9239,0.8579,4
0.1502,10331.9259,29582420.1560,10331.9259,0.4146,262.7407,260.0153,2.7254,2.8281,0.0006,2.5070,-0.6035,0.9421,0.7874,4
0.1626,8288.0556,31123445.4860,8288.0556,0.4672,264.2407,261.5898,2.6510,2.8050,0.0008,2.2234,-0.6307,0.9443,0.9076,4
0.1241,11215.7407,34857434.9826,11215.7407,0.4013,274.7407,271.8949,2.8458,2.9999,0.0006,2.5457,-0.6299,0.9585,0.1916,5
0.1392,10268.3519,28176918.7094,10268.3519,0.4536,256.3519,253.7520,2.5999,2.8246,0.0007,2.3235,-0.5633,0.9040,0.9399,5
0.1358,10085.3148,33279581.4246,10085.3148,0.4511,263.6111,260.8219,2.7893,2.9530,0.0007,2.3145,-0.6350,0.9488,0.9475,5
0.0816,14028.1667,42208432.9364,14028.1667,0.2997,293.3889,290.2832,3.1057,3.2791,0.0004,2.7879,-0.6198,0.9589,0.7005,5
0.1358,7749.0741,34143929.4827,7749.0741,0.4696,263.3704,260.5458,2.8246,2.9530,0.0007,2.3138,-0.6574,0.9597,0.9712,5
0.1488,9877.0370,30307005.4118,9877.0370,0.4325,260.5926,257.9699,2.6227,2.8795,0.0007,2.4359,-0.6537,0.9521,0.9435,5
0.2078,4023.3333,29273486.2951,4023.3333,0.5090,250.1481,247.6230,2.5252,2.5765,0.0009,2.2483,-0.7593,0.9700,0.8316,5
0.1495,9147.3704,32046086.4184,9147.3704,0.4576,266.6667,264.0023,2.6644,2.8538,0.0008,2.3004,-0.6167,0.9482,0.9569,5
0.1358,9885.3704,33172632.3149,9885.3704,0.4251,269.7407,266.9675,2.7733,2.9530,0.0007,2.4216,-0.6313,0.9548,0.7881,5
0.1783,8309.3148,26642600.2932,8309.3148,0.4930,251.4259,248.9370,2.4889,2.6783,0.0008,2.1917,-0.6551,0.9375,0.7425,5
0.1632,5744.6852,33919723.5251,5744.6852,0.4976,262.3148,259.6479,2.6670,2.7793,0.0009,2.1464,-0.6685,0.9522,0.7331,5
0.2085,2090.5741,34170013.2915,2090.5741,0.5062,263.8333,261.4719,2.3614,2.5508,0.0009,2.0846,-0.7862,0.9680,0.8090,5
0.2078,7938.8704,22518004.7632,7938.8704,0.5008,235.5000,233.1032,2.3968,2.5765,0.0009,2.2483,-0.6591,0.9479,0.0080,5
0.1776,6244.4074,32778292.4279,6244.4074,0.4889,264.1852,261.6352,2.5500,2.7040,0.0008,2.0903,-0.7220,0.9672,0.8152,5
0.1632,7133.6667,33562019.3662,7133.6667,0.4574,266.5556,263.8789,2.6766,2.7793,0.0008,2.2603,-0.6950,0.9662,0.9541,5
0.2257,5012.4074,24480311.4258,5012.4074,0.5542,238.4074,236.1431,2.2643,2.4474,0.0011,1.9581,-0.7062,0.9517,0.9605,5
0.1626,8745.6111,28531693.2182,8745.6111,0.4485,254.7963,252.1197,2.6766,2.8050,0.0007,2.3816,-0.6734,0.9627,0.7029,5
0.2250,4016.5370,27402870.0156,4016.5370,0.5212,244.7222,242.3518,2.3704,2.4731,0.0010,2.0809,-0.7571,0.9568,0.8330,5
0.1770,7926.6481,26898640.4118,7926.6481,0.4870,249.0556,246.3772,2.6783,2.7297,0.0008,2.2844,-0.6673,0.9552,0.8798,5
0.1927,6310.9630,28572610.6553,6310.9630,0.5242,252.2593,249.7952,2.4641,2.6278,0.0010,2.1151,-0.7099,0.9627,0.8827,5
0.1776,6994.7037,30621519.8500,6994.7037,0.4852,260.1481,257.6176,2.5306,2.7040,0.0008,2.2865,-0.6682,0.9568,0.8258,5
0.1632,8863.1111,28340649.8173,8863.1111,0.4338,255.3704,252.7451,2.6253,2.7793,0.0007,2.3749,-0.6112,0.9428,0.9584,5
0.1770,8080.0000,27093514.4923,8080.0000,0.4673,252.5926,250.0266,2.5659,2.7297,0.0008,2.2587,-0.6189,0.9307,0.9170,5
0.1015,12937.1667,32857842.2535,12937.1667,0.4088,265.4259,262.4125,3.0134,3.1418,0.0006,2.5582,-0.6467,0.9620,0.4866,5
0.1125,11432.1852,37801423.3414,11432.1852,0.3787,281.7778,278.8445,2.9333,3.0714,0.0006,2.5632,-0.6542,0.9621,0.9151,5
0.1632,6557.5556,34150548.6046,6557.5556,0.4309,262.9630,260.2350,2.7280,2.7793,0.0007,2.4325,-0.7199,0.9724,0.8413,5
0.1118,8814.2222,43831839.4505,8814.2222,0.3735,288.4444,285.3731,3.0714,3.0970,0.0005,2.7238,-0.6589,0.9672,0.9039,5
0.2085,7783.4444,21314233.0196,7783.4444,0.4865,230.4815,228.1103,2.3711,2.5508,0.0010,2.0526,-0.6914,0.9473,0.7073,5
0.1235,10214.4630,33986110.6131,10214.4630,0.3880,272.0556,269.2097,2.8458,3.0255,0.0006,2.4857,-0.5966,0.9491,0.9344,5
0.1941,5100.3333,29768466.7738,5100.3333,0.4895,256.3333,253.8595,2.4738,2.5765,0.0009,2.0686,-0.6961,0.9500,0.8245,5
0.2414,3901.3889,23780358.9187,3901.3889,0.5507,235.6111,233.3546,2.2565,2.4203,0.0010,1.9846,-0.7363,0.9443,0.0026,5
0.1646,7611.6852,30546054.6924,7611.6852,0.4776,261.9815,259.4526,2.5289,2.7280,0.0007,2.3766,-0.6299,0.9458,0.6465,5
0.1248,7842.5556,42117704.7304,7842.5556,0.3870,283.8519,280.9644,2.8875,2.9742,0.0006,2.4493,-0.7067,0.9741,0.5121,5
0.1770,7039.5926,31445765.0591,7039.5926,0.4729,258.5185,255.8659,2.6527,2.7297,0.0008,2.2022,-0.7461,0.9712,0.2099,5
0.1653,5915.9074,35169282.6970,5915.9074,0.5168,273.3519,270.7716,2.5802,2.7023,0.0009,2.1553,-0.6427,0.9489,0.8133,5
0.1920,4814.8333,32095051.7914,4814.8333,0.5207,257.3889,254.8575,2.5314,2.6535,0.0009,2.1616,-0.7428,0.9684,0.9356,5
0.1920,7142.7778,24833664.8470,7142.7778,0.4638,241.2222,238.6971,2.5251,2.6535,0.0008,2.3261,-0.7067,0.9589,0.7500,5
0.1783,6997.7593,29859147.3762,6997.7593,0.4921,256.3889,253.8229,2.5659,2.6783,0.0009,2.2284,-0.7000,0.9657,0.2500,5
0.1495,7400.8148,36960056.6181,7400.8148,0.4141,276.9259,274.1845,2.7414,2.8538,0.0006,2.4800,-0.6822,0.9609,0.6375,5
0.2099,6307.2593,27081102.8891,6307.2593,0.5406,247.2593,244.8624,2.3968,2.5155,0.0009,2.0979,-0.7124,0.9573,0.7123,5
0.2599,7579.7963,16371244.4867,7579.7963,0.5830,208.0185,205.8315,2.1870,2.3154,0.0012,1.9205,-0.6359,0.9065,0.7683,5
0.2085,6252.8704,23799068.2394,6252.8704,0.5071,235.3519,232.8524,2.4995,2.5508,0.0010,2.0158,-0.6419,0.9431,0.9317,5
0.1920,6268.9074,28488917.2522,6268.9074,0.5221,252.2778,249.7013,2.5765,2.6535,0.0009,2.1360,-0.6835,0.9589,0.1720,5
0.1509,10538.5370,27230161.6093,10538.5370,0.4119,253.4630,250.7986,2.6644,2.8024,0.0007,2.3909,-0.6832,0.9617,0.8169,5
0.1776,6797.8519,29729418.2634,6797.8519,0.4682,255.2963,252.7303,2.5659,2.7040,0.0008,2.4031,-0.6707,0.9615,0.5000,5
0.1626,6527.0370,34326911.4227,6527.0370,0.4656,263.4074,260.7308,2.6766,2.8050,0.0008,2.3357,-0.7516,0.9750,0.0078,5
0.1509,9698.4259,31580581.9976,9698.4259,0.4680,269.7593,267.1365,2.6227,2.8024,0.0009,2.1527,-0.5917,0.9279,0.7530,5
0.1639,4212.4630,35442600.6185,4212.4630,0.5151,264.8333,262.2691,2.5643,2.7537,0.0009,1.9153,-0.6905,0.9574,0.9680,5
0.1934,9189.3519,22043014.8917,9189.3519,0.5446,239.8704,237.4576,2.4128,2.6022,0.0010,1.9686,-0.5646,0.8855,0.9464,5
0.1626,6185.2963,34082765.9901,6185.2963,0.4978,261.5926,258.9770,2.6156,2.8050,0.0009,2.1444,-0.6838,0.9620,0.9591,5
0.1626,11821.3889,19757422.2237,11821.3889,0.4081,228.3889,225.6352,2.7537,2.8050,0.0006,2.6413,-0.7513,0.9679,0.4898,6
0.1927,9462.8148,22272331.9465,9462.8148,0.4816,238.0370,235.5216,2.5154,2.6278,0.0008,2.2844,-0.6340,0.9302,0.8633,6
0.2085,7314.7222,24153778.4102,7314.7222,0.5058,239.7593,237.2598,2.4995,2.5508,0.0010,2.1795,-0.7217,0.9621,0.4690,6
0.1776,9924.1481,23547525.7459,9924.1481,0.4578,241.2963,238.6950,2.6013,2.7040,0.0008,2.4128,-0.6563,0.9518,0.7280,6
0.2092,8775.0000,19636722.7175,8775.0000,0.5076,226.5185,224.0704,2.4482,2.5252,0.0010,2.1635,-0.6342,0.9139,0.9457,6
0.1920,12134.1111,17769703.0185,12134.1111,0.5036,225.0741,222.6100,2.4641,2.6535,0.0009,2.2580,-0.5703,0.8942,0.7675,6
0.2092,8848.1296,19440050.9934,8848.1296,0.4959,221.1296,218.7522,2.3774,2.5252,0.0009,2.0480,-0.6379,0.9334,0.9632,6
0.2085,7501.6852,23182902.1148,7501.6852,0.5205,240.9074,238.4433,2.4641,2.5508,0.0010,2.1332,-0.5936,0.9052,0.8586,6
0.2263,7547.6296,21820136.0922,7547.6296,0.4961,233.8148,231.4541,2.3607,2.4377,0.0009,2.1040,-0.6735,0.9411,0.1003,6
0.1776,12763.6111,18934960.2661,12763.6111,0.4439,229.6852,227.0582,2.6270,2.7040,0.0007,2.4376,-0.6208,0.9295,0.4668,6
0.2078,11359.2778,17639067.6158,11359.2778,0.5039,222.7593,220.3368,2.4225,2.5765,0.0009,2.2740,-0.6086,0.9151,0.9603,6
0.1358,10999.4444,27450194.3221,10999.4444,0.4335,239.7037,236.8791,2.8246,2.9530,0.0006,2.5154,-0.6434,0.9555,0.8244,6
0.1495,11029.2222,27339029.4239,11029.2222,0.4511,255.6296,252.9042,2.7254,2.8538,0.0008,2.3517,-0.6399,0.9517,0.7821,6
0.2250,8578.7593,20068094.3018,8578.7593,0.5283,229.0556,226.7462,2.3094,2.4731,0.0010,2.0638,-0.6265,0.9168,0.9196,6
0.2250,5337.7407,25252266.9185,5337.7407,0.5111,242.1481,239.8131,2.3350,2.4731,0.0009,2.1040,-0.7306,0.9575,0.2096,6
0.1639,14197.6481,18983653.2577,14197.6481,0.4458,233.5370,230.9311,2.6059,2.7537,0.0008,2.3677,-0.5654,0.9089,0.9451,6
0.1639,12715.2593,19412326.3335,12715.2593,0.4858,228.4815,225.8915,2.5899,2.7537,0.0008,2.2941,-0.5724,0.9014,0.9189,6
0.1646,8470.5185,24570257.5207,8470.5185,0.5066,228.7407,226.1765,2.5643,2.7440,0.0008,2.1304,-0.6553,0.9462,0.8494,6
0.1927,7066.2778,26273673.1855,7066.2778,0.4692,248.4630,245.9829,2.4801,2.6278,0.0008,2.3871,-0.6642,0.9452,0.3697,6
0.1626,14510.3704,19325987.7963,14510.3704,0.4488,234.7407,232.0128,2.7280,2.8050,0.0007,2.4279,-0.6461,0.9312,0.5192,6
0.2092,6411.0185,25151713.1185,6411.0185,0.5201,244.7963,242.4702,2.3261,2.5252,0.0010,2.0722,-0.6640,0.9392,0.8941,6
0.2257,8826.7963,20202370.4463,8826.7963,0.5592,229.3889,227.0892,2.2997,2.4474,0.0010,2.0587,-0.6712,0.9353,0.6605,6
0.2250,8411.6667,19671910.9253,8411.6667,0.5293,225.1111,222.7761,2.3350,2.4731,0.0010,2.0490,-0.6584,0.9438,0.3068,6
0.2099,5446.0556,27399912.1409,5446.0556,0.5639,250.7593,248.3562,2.4031,2.5155,0.0011,1.9366,-0.6937,0.9502,0.8092,6
0.2414,5244.7593,22853562.9415,5244.7593,0.5613,231.6852,229.3676,2.3176,2.4203,0.0012,2.0072,-0.6848,0.9359,0.8713,6
0.2243,5131.4444,24691390.7045,5131.4444,0.4963,238.1481,235.7777,2.3704,2.4988,0.0009,2.2227,-0.7248,0.9607,1.0000,6
0.1927,6838.2593,27754127.5152,6838.2593,0.4962,249.3333,246.9303,2.4031,2.6278,0.0008,2.2331,-0.7037,0.9563,0.9724,6
0.2250,6059.5185,22534933.7027,6059.5185,0.5368,232.0370,229.6250,2.4121,2.4731,0.0011,1.9594,-0.6903,0.9531,0.2674,6
0.1920,9030.7963,22511823.3015,9030.7963,0.4952,228.7963,226.2455,2.5508,2.6535,0.0009,2.3191,-0.6614,0.9523,0.8388,6
0.2243,8778.0370,17793974.6330,8778.0370,0.5114,218.0741,215.6267,2.4474,2.4988,0.0010,2.1602,-0.6203,0.9242,0.7240,6
0.1941,8420.7222,25502678.6809,8420.7222,0.4672,243.0926,240.5771,2.5154,2.5925,0.0008,2.2907,-0.7206,0.9655,0.5093,6
0.1776,8068.0185,27999085.7021,8068.0185,0.5345,255.0556,252.4896,2.5659,2.7040,0.0010,2.1282,-0.6574,0.9467,0.8673,6
0.2099,8759.3148,22494701.1655,8759.3148,0.5256,238.2037,235.7909,2.4128,2.4995,0.0010,1.9689,-0.6794,0.9430,0.8896,6
0.1927,10559.5741,20805836.7806,10559.5741,0.5019,233.1296,230.5275,2.6022,2.6278,0.0010,2.0831,-0.7065,0.9511,0.8952,6
0.1783,9918.0556,21985369.3040,9918.0556,0.4605,233.9074,231.4088,2.4986,2.6783,0.0008,2.2907,-0.6410,0.9361,0.6660,6
0.1934,10410.7222,21549651.5802,10410.7222,0.4966,237.6111,235.1116,2.4995,2.6022,0.0010,2.1795,-0.6197,0.9259,0.9311,6
0.2078,8409.9630,22268623.4224,8409.9630,0.5213,237.0000,234.5615,2.4385,2.5765,0.0010,2.1602,-0.5922,0.9179,0.8481,6
0.2099,7608.5926,21970231.1160,7608.5926,0.5318,231.3333,228.8852,2.4482,2.4995,0.0010,2.1773,-0.6868,0.9463,0.7279,6
0.2778,3404.5000,18221654.5980,3404.5000,0.5980,206.0556,203.9227,2.1328,2.2612,0.0013,1.7353,-0.7343,0.9421,0.9647,6
0.1626,13983.9259,16008777.9397,13983.9259,0.4287,217.8889,215.1866,2.7023,2.8050,0.0007,2.6013,-0.5725,0.9114,0.8386,6
0.1927,9300.7037,22585916.6953,9300.7037,0.4680,237.9259,235.4008,2.5251,2.6278,0.0008,2.3614,-0.6478,0.9450,0.6554,6
0.1797,12944.8519,20483117.4580,12944.8519,0.4639,238.2593,235.8154,2.4439,2.6270,0.0008,2.2907,-0.6526,0.9215,0.8845,6
0.1776,9675.7778,23287281.2037,9675.7778,0.4841,239.5185,236.9172,2.6013,2.7040,0.0008,2.3261,-0.6730,0.9559,0.0091,6
0.2250,10460.4259,17848380.7425,10460.4259,0.4901,216.1296,213.7689,2.3607,2.4731,0.0009,2.3094,-0.6643,0.9459,0.4559,6
0.2085,8379.5000,20063493.8244,8379.5000,0.4938,216.4259,213.9521,2.4738,2.5508,0.0009,2.2074,-0.7222,0.9571,1.0000,6
0.1955,12693.1852,17977419.3063,12693.1852,0.4946,227.4074,225.0056,2.4018,2.5411,0.0009,2.1347,-0.5774,0.9023,1.0000,6
0.1770,12689.5926,18335359.7195,12689.5926,0.4613,227.3333,224.6807,2.6527,2.7297,0.0008,2.4031,-0.6033,0.9198,0.5102,6
0.1783,8578.4259,25591820.1515,8578.4259,0.4830,245.7963,243.2463,2.5500,2.6783,0.0008,2.2137,-0.7055,0.9611,0.3125,6
0.1934,5867.2037,28321518.1481,5867.2037,0.4786,251.2037,248.7750,2.4287,2.6022,0.0008,2.2588,-0.7024,0.9600,0.9169,6
0.1118,13946.8333,28400074.0320,13946.8333,0.3731,262.9815,260.0128,2.9687,3.0970,0.0005,2.7044,-0.5862,0.9346,0.9553,6
0.1495,11709.4630,23474664.1757,11709.4630,0.4387,234.5000,231.8099,2.6901,2.8538,0.0007,2.4182,-0.6625,0.9481,0.8357,7
0.1776,8984.7037,26334682.9877,8984.7037,0.4873,247.5185,245.0039,2.5146,2.7040,0.0009,2.1873,-0.6689,0.9507,0.9304,7
0.1776,10643.2222,23727834.4345,10643.2222,0.4856,245.5185,243.0136,2.5049,2.7040,0.0008,2.2491,-0.5963,0.9259,0.7828,7
0.1934,6327.7407,27709343.8443,6327.7407,0.5748,243.9259,241.3591,2.5668,2.6022,0.0011,1.9623,-0.7300,0.9696,0.3280,7
0.2085,7377.5000,23747571.5797,7377.5000,0.5178,239.6852,237.2370,2.4482,2.5508,0.0010,2.0659,-0.6834,0.9474,0.7606,7
0.1365,9952.7407,30441196.1778,9952.7407,0.4254,260.0741,257.2495,2.8246,2.9273,0.0007,2.5032,-0.6884,0.9675,0.5118,7
0.2078,6124.7037,25320381.4791,6124.7037,0.5336,243.1111,240.6373,2.4738,2.5765,0.0010,2.0650,-0.6472,0.9426,0.8574,7
0.2428,7417.0370,19369103.1017,7417.0370,0.5673,223.7407,221.4842,2.2565,2.3689,0.0012,1.8469,-0.6679,0.9365,0.1654,7
0.1632,10916.4630,22990730.5892,10916.4630,0.4446,239.6852,237.0182,2.6670,2.7793,0.0008,2.3504,-0.5992,0.9312,0.9442,7
0.1927,9318.8519,23108264.3870,9318.8519,0.4708,242.1481,239.7354,2.4128,2.6278,0.0008,2.1673,-0.5875,0.9127,0.7562,7
0.2078,7064.4259,23469242.8604,7064.4259,0.5091,237.0556,234.6171,2.4385,2.5765,0.0010,2.0722,-0.6935,0.9564,0.4536,7
0.1927,8968.5185,23362982.8558,8968.5185,0.4953,240.1111,237.6373,2.4738,2.6278,0.0008,2.2844,-0.6243,0.9409,0.8638,7
0.1927,8103.1667,24463419.2859,8103.1667,0.5139,242.1667,239.5645,2.6022,2.6278,0.0009,2.2580,-0.6671,0.9541,0.4912,7
0.1248,12964.5926,27435157.1443,12964.5926,0.3879,257.9259,255.1411,2.7848,2.9742,0.0005,2.6114,-0.6213,0.9514,0.6702,7
0.2593,9604.6111,16087069.9518,9604.6111,0.5536,206.9074,204.6530,2.2544,2.3411,0.0010,2.0747,-0.6858,0.9396,0.8975,7
0.1934,8081.7963,24492954.6356,8081.7963,0.4630,242.0556,239.5401,2.5154,2.6022,0.0008,2.3151,-0.6902,0.9561,0.8888,7
0.1241,14238.3704,27209282.3934,14238.3704,0.3888,262.6667,259.8465,2.8201,2.9999,0.0006,2.4862,-0.5323,0.9078,0.8782,7
0.2092,9295.7407,20397008.9304,9295.7407,0.4991,230.0000,227.5262,2.4738,2.5252,0.0009,2.2130,-0.6449,0.9363,0.8001,7
0.1495,10263.3519,25712134.4226,10263.3519,0.4296,241.1667,238.4156,2.7511,2.8538,0.0007,2.4935,-0.6962,0.9688,0.4813,7
0.2421,5112.9444,22225553.8531,5112.9444,0.5256,231.0556,228.8504,2.2052,2.3946,0.0010,2.0906,-0.6894,0.9449,0.9380,7
0.1776,9182.8333,25665913.3746,9182.8333,0.4698,250.4630,247.9130,2.5500,2.7040,0.0008,2.2171,-0.5879,0.9180,0.9097,7
0.1920,7290.6111,26831581.2548,7290.6111,0.4782,249.2407,246.7253,2.5154,2.6535,0.0008,2.2187,-0.7126,0.9600,0.8381,7
0.2078,7144.4630,23781757.8648,7144.4630,0.4959,240.2407,237.7156,2.5252,2.5765,0.0009,2.2324,-0.6466,0.9367,1.0000,7
0.1488,9793.8889,29915077.4798,9793.8889,0.4401,260.6296,257.9042,2.7254,2.8795,0.0007,2.4519,-0.6408,0.9549,0.9797,7
0.2099,10238.5556,18110248.7441,10238.5556,0.5171,225.6667,223.2442,2.4225,2.4995,0.0010,2.1539,-0.5506,0.8676,0.8401,7
0.1920,6024.7037,28940054.1896,6024.7037,0.5176,254.4444,251.9900,2.4544,2.6535,0.0010,2.0305,-0.6693,0.9518,0.9692,7
0.2085,8395.9074,22378483.9310,8395.9074,0.5013,236.6111,234.1630,2.4482,2.5508,0.0010,2.1185,-0.6331,0.9331,0.7358,7
0.1632,9970.9259,27290832.3910,9970.9259,0.4687,255.2593,252.5666,2.6926,2.7793,0.0008,2.2907,-0.6281,0.9444,0.8439,7
0.1365,9509.7222,33857975.9103,9509.7222,0.4319,268.2037,265.4755,2.7282,2.9273,0.0007,2.3909,-0.7024,0.9731,1.0000,7
0.2092,8299.8333,22233753.9363,8299.8333,0.5023,236.5000,234.0518,2.4482,2.5252,0.0009,2.2033,-0.6367,0.9361,0.6790,7
0.1235,10308.5000,28659651.5019,10308.5000,0.4231,251.3889,248.5174,2.8715,3.0255,0.0006,2.4960,-0.6044,0.9469,0.9339,7
0.1495,10639.7778,27774692.8281,10639.7778,0.4147,256.1111,253.4211,2.6901,2.8538,0.0006,2.4973,-0.6236,0.9516,0.9503,7
0.1770,11117.2963,20115212.2297,11117.2963,0.4808,227.8889,225.3389,2.5500,2.7297,0.0008,2.3261,-0.5935,0.9166,0.9465,7
0.2250,6050.4630,22960171.1911,6050.4630,0.5383,235.2037,232.9040,2.2997,2.4731,0.0010,2.0136,-0.6409,0.9353,0.9463,7
0.1920,6259.7963,28536997.7272,6259.7963,0.4873,253.4630,250.9732,2.4898,2.6535,0.0008,2.3164,-0.6509,0.9476,0.7358,7
0.2078,9624.3519,22494958.3606,9624.3519,0.5097,233.6111,231.1116,2.4995,2.5765,0.0009,2.2227,-0.6980,0.9541,0.5948,7
0.1790,9276.5000,24408874.7013,9276.5000,0.5140,239.3148,236.8002,2.5146,2.6527,0.0009,2.1250,-0.6378,0.9479,0.9512,7
0.2078,5462.9444,28023852.5944,5462.9444,0.5043,252.1667,249.7185,2.4482,2.5765,0.0009,2.1040,-0.6795,0.9445,0.8217,7
0.1927,8358.4444,24737904.9203,8358.4444,0.4994,246.6667,244.1512,2.5154,2.6278,0.0009,2.1456,-0.5819,0.9117,0.9563,7
0.1941,6065.0000,27391925.2358,6065.0000,0.5060,251.5926,249.1285,2.4641,2.5765,0.0009,2.1200,-0.6399,0.9385,0.8882,7
0.1941,8255.3704,24917163.4922,8255.3704,0.5829,244.4074,241.9336,2.4738,2.5765,0.0012,1.9399,-0.6880,0.9547,0.0074,7
0.1927,7072.8519,26518371.0609,7072.8519,0.4970,249.6667,247.0645,2.6022,2.6278,0.0010,2.1635,-0.6237,0.9296,0.9142,7
0.1365,11370.8519,30838254.9855,11370.8519,0.4232,266.6667,263.9288,2.7379,2.9273,0.0006,2.3676,-0.6222,0.9491,0.9252,7
0.1248,6471.9630,29606561.3585,6471.9630,0.4650,238.3704,235.6113,2.7591,2.9742,0.0007,2.1989,-0.6915,0.9668,0.4562,7
0.1365,8673.1481,22728245.6454,8673.1481,0.4264,229.1481,226.3492,2.7989,2.9273,0.0006,2.5132,-0.6593,0.9582,0.8803,7
0.1770,7380.2963,18368508.9148,7380.2963,0.4954,213.4444,210.8688,2.5756,2.7297,0.0008,2.2234,-0.6392,0.9369,0.9166,7
0.1653,10110.9815,14534513.0957,10110.9815,0.4425,204.4259,201.9581,2.4679,2.7023,0.0008,2.2385,-0.5549,0.8796,0.8407,7
0.1372,10093.1481,18193456.6837,10093.1481,0.4783,217.7037,214.9048,2.7989,2.9016,0.0007,2.3142,-0.5950,0.9163,0.9380,7
0.1358,9349.5556,20299208.0895,9349.5556,0.4447,223.1481,220.3846,2.7636,2.9530,0.0007,2.4776,-0.5797,0.9290,0.8938,7
0.1632,7555.8333,20827966.8054,7555.8333,0.4818,222.2778,219.6011,2.6766,2.7793,0.0008,2.2074,-0.6287,0.9441,0.9096,7
