0.2501,670.5925,23521617.4898,670.5925,0.6837,219.9663,217.0949,2.8714,3.5690,0.0015,1.5704,-0.5014,0.9082,0.9633,1
0.2684,725.5327,23168319.4666,725.5327,0.7045,222.2982,219.5514,2.7468,3.3432,0.0016,1.4729,-0.5165,0.9028,0.9695,1
0.2579,649.4757,25434322.2158,649.4757,0.7005,230.0371,227.2179,2.8192,3.4356,0.0015,1.4559,-0.5271,0.9147,0.9704,1
0.2726,644.4951,23625206.5164,644.4951,0.7098,224.4711,221.7161,2.7549,3.3263,0.0016,1.4287,-0.5334,0.9110,0.9738,1
0.2628,636.2475,24442489.9594,636.2475,0.7068,226.7508,224.0083,2.7425,3.3689,0.0016,1.4576,-0.5151,0.9040,0.9709,1
0.2660,570.3566,24875584.3728,570.3566,0.7085,229.1453,226.3831,2.7623,3.3358,0.0016,1.4334,-0.5334,0.9119,0.9764,1
0.2712,694.3569,23370929.0466,694.3569,0.7093,223.3199,220.5821,2.7378,3.3273,0.0016,1.4468,-0.5207,0.9043,0.9690,1
0.2700,680.7601,24201776.5176,680.7601,0.7146,227.3011,224.5953,2.7059,3.2554,0.0016,1.4052,-0.5316,0.9053,0.9738,1
0.2696,597.1719,22768204.0236,597.1719,0.6856,219.0413,216.1820,2.8593,3.5570,0.0015,1.5589,-0.5068,0.9106,0.9723,1
0.2668,603.9044,22109451.3863,603.9044,0.6856,216.1227,213.3023,2.8204,3.4947,0.0015,1.5614,-0.5051,0.9060,0.9696,1
0.2683,627.1872,23152030.4131,627.1872,0.6924,221.3038,218.5103,2.7935,3.4460,0.0015,1.5331,-0.5111,0.9061,0.9718,1
0.2575,642.5321,24656782.6317,642.5321,0.6847,225.9452,223.0299,2.9153,3.5765,0.0015,1.5410,-0.5213,0.9200,0.9723,1
0.2681,556.4588,22498964.5509,556.4588,0.6851,218.0237,215.2208,2.8029,3.4534,0.0015,1.5309,-0.5134,0.9080,0.9735,1
0.2607,631.4899,23820221.4972,631.4899,0.6821,222.9426,220.0593,2.8833,3.5501,0.0015,1.5735,-0.5122,0.9132,0.9716,1
0.2479,631.9167,25610301.6436,631.9167,0.6752,228.1630,225.2033,2.9597,3.6425,0.0014,1.5651,-0.5155,0.9206,0.9720,1
0.2614,647.1106,23693754.0352,647.1106,0.6783,222.5694,219.7033,2.8661,3.5495,0.0015,1.5745,-0.5033,0.9081,0.9722,1
0.2583,603.2088,24419050.8857,603.2088,0.6946,225.3268,222.4584,2.8684,3.5020,0.0015,1.4846,-0.5311,0.9207,0.9751,1
0.2674,541.1153,23069091.7472,541.1153,0.6905,220.0941,217.2347,2.8594,3.5396,0.0015,1.5165,-0.5191,0.9167,0.9741,1
0.2474,690.8269,26011586.9610,690.8269,0.6837,230.3913,227.4499,2.9414,3.5936,0.0015,1.5216,-0.5256,0.9229,0.9760,1
0.2564,685.4171,25413079.8207,685.4171,0.6897,229.4893,226.6306,2.8587,3.4976,0.0015,1.5123,-0.5184,0.9136,0.9717,1
0.2543,595.8372,25349178.3674,595.8372,0.6944,228.5607,225.6854,2.8753,3.4974,0.0015,1.4724,-0.5328,0.9212,0.9768,1
0.2551,613.9206,26169984.4217,613.9206,0.6911,232.7237,229.8622,2.8615,3.4805,0.0015,1.4938,-0.5248,0.9164,0.9750,1
0.2665,594.7640,23890582.4038,594.7640,0.6948,224.0100,221.1959,2.8141,3.4550,0.0015,1.4731,-0.5240,0.9140,0.9761,1
0.2507,599.8631,24588518.8616,599.8631,0.6852,225.0129,222.1674,2.8455,3.5008,0.0015,1.5135,-0.5136,0.9111,0.9709,1
0.2572,677.5422,23737564.9985,677.5422,0.6878,221.9258,219.0510,2.8748,3.5432,0.0015,1.5427,-0.5131,0.9134,0.9716,1
0.2617,672.3889,21819185.2664,672.3889,0.6826,213.6233,210.7495,2.8738,3.5845,0.0015,1.5724,-0.5014,0.9095,0.9695,1
0.2517,706.4323,26229599.7692,706.4323,0.6866,232.1996,229.2664,2.9332,3.5721,0.0015,1.5428,-0.5259,0.9218,0.9766,1
0.2591,617.9665,24489589.1808,617.9665,0.6856,225.5463,222.6360,2.9103,3.5519,0.0015,1.5448,-0.5242,0.9198,0.9735,1
0.2504,667.7314,24609612.1885,667.7314,0.6779,224.1115,221.1159,2.9956,3.6844,0.0015,1.5849,-0.5192,0.9246,0.9716,1
0.2562,625.6305,25483844.9321,625.6305,0.6699,229.8006,226.9093,2.8913,3.5920,0.0014,1.6467,-0.4924,0.9044,0.9692,1
0.2578,687.3008,22237899.1399,687.3008,0.6833,214.7303,211.7951,2.9352,3.6219,0.0015,1.5710,-0.5178,0.9204,0.9681,1
0.2477,632.8443,25340768.9973,632.8443,0.6813,227.8264,224.9324,2.8941,3.5473,0.0015,1.5281,-0.5146,0.9145,0.9715,1
0.2472,581.4850,27109933.7136,581.4850,0.6825,234.9219,232.0113,2.9106,3.5452,0.0015,1.5245,-0.5234,0.9190,0.9760,1
0.2668,602.1489,22794753.9289,602.1489,0.6913,218.6146,215.7195,2.8951,3.5327,0.0015,1.5177,-0.5323,0.9231,0.9766,1
0.2721,491.9192,21338938.8534,491.9192,0.6994,213.2542,210.5211,2.7331,3.3775,0.0016,1.4732,-0.5136,0.9033,0.9771,1
0.2703,601.3370,21946054.4334,601.3370,0.6954,215.6361,212.8091,2.8270,3.4639,0.0015,1.4973,-0.5250,0.9153,0.9733,1
0.2635,696.3667,24238726.4142,696.3667,0.6969,225.2172,222.3279,2.8893,3.5182,0.0015,1.4902,-0.5339,0.9230,0.9729,1
0.2587,649.4988,22559289.1652,649.4988,0.6821,216.5481,213.6446,2.9035,3.5995,0.0015,1.5675,-0.5105,0.9155,0.9663,1
0.2663,583.9579,22840323.0931,583.9579,0.6817,218.2425,215.2558,2.9867,3.6883,0.0015,1.5640,-0.5252,0.9277,0.9686,1
0.2584,633.4317,25065512.7933,633.4317,0.6800,227.7325,224.7990,2.9335,3.5826,0.0015,1.5654,-0.5227,0.9210,0.9741,1
0.2442,649.9263,27229504.5083,649.9263,0.6659,235.5407,232.6522,2.8885,3.5881,0.0014,1.6031,-0.4924,0.9043,0.9743,1
0.2592,581.1739,24464975.7497,581.1739,0.6918,225.7428,222.9101,2.8326,3.4581,0.0015,1.4878,-0.5261,0.9155,0.9761,1
0.2598,689.1640,24429357.6076,689.1640,0.6846,225.3641,222.4511,2.9130,3.5671,0.0015,1.5525,-0.5219,0.9195,0.9719,1
0.2682,679.1857,22826868.9081,679.1857,0.6856,219.3378,216.4590,2.8788,3.5421,0.0015,1.5678,-0.5121,0.9130,0.9690,1
0.2624,605.3072,22983304.6281,605.3072,0.6828,219.2819,216.4349,2.8471,3.5167,0.0015,1.5361,-0.5081,0.9090,0.9716,1
0.2468,708.3108,24697585.2607,708.3108,0.6691,224.5015,221.5439,2.9576,3.6582,0.0014,1.6154,-0.5024,0.9142,0.9650,1
0.2637,634.1489,23709392.6004,634.1489,0.6851,222.5069,219.5771,2.9298,3.5709,0.0015,1.5378,-0.5292,0.9234,0.9755,1
0.2635,654.8006,23882409.9083,654.8006,0.6880,223.6243,220.7391,2.8852,3.5345,0.0015,1.5221,-0.5221,0.9179,0.9722,1
0.2575,585.4445,23680334.9725,585.4445,0.6882,221.4167,218.5330,2.8838,3.5450,0.0015,1.5210,-0.5233,0.9189,0.9737,1
0.2594,601.7569,24144191.1344,601.7569,0.6992,224.7533,221.9728,2.7805,3.4055,0.0015,1.4602,-0.5198,0.9087,0.9747,1
0.2437,504.1698,26793663.3943,504.1698,0.6853,232.5106,229.6038,2.9067,3.5898,0.0015,1.5157,-0.5193,0.9196,0.9739,2
0.2419,583.4936,28143773.1118,583.4936,0.6924,238.5216,235.6371,2.8844,3.5148,0.0015,1.4785,-0.5263,0.9197,0.9740,2
0.2411,651.2507,27182979.5492,651.2507,0.6826,235.4015,232.5601,2.8414,3.4827,0.0015,1.5431,-0.5013,0.9028,0.9699,2
0.2428,575.6862,27242267.5436,575.6862,0.6872,234.5369,231.6285,2.9083,3.5832,0.0015,1.5156,-0.5171,0.9180,0.9729,2
0.2318,653.4684,30243957.3064,653.4684,0.6865,245.3265,242.4196,2.9070,3.5416,0.0015,1.4990,-0.5206,0.9174,0.9717,2
0.2233,650.0785,30635606.6967,650.0785,0.6742,244.2067,241.1845,3.0222,3.6969,0.0014,1.5720,-0.5182,0.9247,0.9713,2
0.2286,673.1565,29155847.1655,673.1565,0.6750,239.2694,236.2346,3.0348,3.7072,0.0014,1.5714,-0.5230,0.9276,0.9706,2
0.2280,757.5761,30246527.6782,757.5761,0.6776,244.9790,242.0530,2.9260,3.5689,0.0014,1.5388,-0.5064,0.9113,0.9677,2
0.2242,738.3010,29307891.4202,738.3010,0.6782,239.1293,236.0982,3.0312,3.7217,0.0014,1.5533,-0.5183,0.9260,0.9644,2
0.2220,809.7977,30811497.7972,809.7977,0.6716,244.7833,241.7222,3.0610,3.7423,0.0014,1.5860,-0.5153,0.9258,0.9669,2
0.2454,717.5089,27219699.1672,717.5089,0.6872,235.5543,232.6278,2.9265,3.5541,0.0015,1.5333,-0.5222,0.9192,0.9681,2
0.2385,684.7267,27807262.9033,684.7267,0.6777,235.7046,232.6922,3.0123,3.6761,0.0015,1.5713,-0.5230,0.9261,0.9682,2
0.2355,585.2299,29291188.4840,585.2299,0.6784,242.1773,239.2757,2.9017,3.5484,0.0015,1.5336,-0.5126,0.9136,0.9742,2
0.2381,728.9186,28236297.0507,728.9186,0.6808,238.3494,235.3819,2.9675,3.6226,0.0015,1.5729,-0.5152,0.9193,0.9716,2
0.2513,565.6015,26477593.5239,565.6015,0.6931,233.2432,230.3969,2.8463,3.4869,0.0015,1.4792,-0.5211,0.9149,0.9747,2
0.2505,512.4641,26044075.2628,512.4641,0.6950,231.6400,228.8582,2.7818,3.4123,0.0015,1.4654,-0.5130,0.9060,0.9756,2
0.2408,672.0792,28644219.2959,672.0792,0.6866,240.9489,238.0552,2.8937,3.5190,0.0015,1.5135,-0.5191,0.9153,0.9728,2
0.2341,873.0903,28432941.6933,873.0903,0.6797,239.0701,236.1328,2.9373,3.6033,0.0014,1.5788,-0.5015,0.9104,0.9593,2
0.2373,713.1833,29129165.9680,713.1833,0.6885,241.9003,238.9725,2.9278,3.5517,0.0015,1.5127,-0.5276,0.9216,0.9712,2
0.2295,624.6599,30474712.4782,624.6599,0.6788,245.7233,242.7872,2.9360,3.5907,0.0014,1.5486,-0.5110,0.9154,0.9684,2
0.2163,831.1027,30281205.6638,831.1027,0.6542,241.3690,238.2516,3.1174,3.8543,0.0013,1.6992,-0.4933,0.9199,0.9588,2
0.2433,673.4977,27140690.3548,673.4977,0.6849,234.2685,231.3012,2.9673,3.6133,0.0015,1.5388,-0.5296,0.9260,0.9716,2
0.2262,703.5663,30509675.0303,703.5663,0.6731,245.1369,242.1530,2.9840,3.6328,0.0014,1.5607,-0.5149,0.9194,0.9705,2
0.2365,646.8095,27149042.3787,646.8095,0.6916,235.2078,232.4378,2.7700,3.4210,0.0015,1.4769,-0.4985,0.8973,0.9678,2
0.2302,686.4939,29988625.5765,686.4939,0.6769,244.5912,241.6891,2.9021,3.5599,0.0014,1.5675,-0.5019,0.9080,0.9714,2
0.2272,745.8470,30564928.0303,745.8470,0.6769,245.3335,242.3165,3.0170,3.6713,0.0014,1.5640,-0.5216,0.9253,0.9693,2
0.2364,695.4907,28730312.1504,695.4907,0.6826,239.6574,236.6818,2.9756,3.6105,0.0015,1.5287,-0.5247,0.9239,0.9691,2
0.2380,562.0255,28365737.1925,562.0255,0.6840,238.0745,235.1219,2.9526,3.6063,0.0015,1.5169,-0.5245,0.9232,0.9720,2
0.2287,740.3438,29828836.2818,740.3438,0.6794,242.6508,239.6582,2.9925,3.6332,0.0015,1.5471,-0.5212,0.9229,0.9709,2
0.2313,773.4033,29658560.1293,773.4033,0.6807,242.6190,239.6268,2.9922,3.6310,0.0015,1.5495,-0.5217,0.9229,0.9662,2
0.2343,627.2778,29292807.9482,627.2778,0.6885,241.5289,238.6106,2.9183,3.5655,0.0015,1.5014,-0.5208,0.9192,0.9682,2
0.2288,707.0398,30190875.6605,707.0398,0.6785,243.4965,240.4545,3.0420,3.6933,0.0014,1.5496,-0.5305,0.9305,0.9732,2
0.2397,688.8869,26606725.7350,688.8869,0.6895,232.1400,229.2750,2.8650,3.5109,0.0015,1.5210,-0.5098,0.9095,0.9675,2
0.2282,740.5709,28935587.5144,740.5709,0.6858,238.7519,235.7529,2.9990,3.6639,0.0015,1.5398,-0.5228,0.9252,0.9660,2
0.2354,693.2789,29070105.9883,693.2789,0.6892,241.2372,238.2966,2.9406,3.5681,0.0015,1.5103,-0.5250,0.9219,0.9705,2
0.2375,702.3457,28347989.3091,702.3457,0.6820,239.4858,236.5984,2.8874,3.5239,0.0015,1.5275,-0.5111,0.9114,0.9715,2
0.2213,855.1551,30291994.5514,855.1551,0.6712,243.9421,240.9732,2.9689,3.6384,0.0014,1.6010,-0.4999,0.9118,0.9612,2
0.2358,608.0616,26888010.5457,608.0616,0.6878,234.0541,231.2935,2.7605,3.4332,0.0015,1.5190,-0.4856,0.8896,0.9680,2
0.2471,614.7022,27761850.1324,614.7022,0.7004,238.9976,236.2271,2.7704,3.3619,0.0015,1.4364,-0.5180,0.9054,0.9730,2
0.2358,624.3445,29406079.4788,624.3445,0.6854,242.7846,239.8929,2.8917,3.5287,0.0015,1.5154,-0.5137,0.9130,0.9725,2
0.2415,669.4757,27791448.9110,669.4757,0.6863,238.1006,235.2651,2.8355,3.4705,0.0015,1.5261,-0.5033,0.9042,0.9689,2
0.2426,702.1963,27483717.1084,702.1963,0.6892,236.3596,233.4761,2.8835,3.5146,0.0015,1.5116,-0.5175,0.9147,0.9724,2
0.2331,727.6812,29256696.9383,727.6812,0.6789,241.9489,239.0087,2.9402,3.5859,0.0014,1.5569,-0.5109,0.9153,0.9664,2
0.2215,660.8482,30733820.1154,660.8482,0.6606,244.9678,241.9977,2.9701,3.6718,0.0014,1.6271,-0.4901,0.9082,0.9684,2
0.2262,796.6979,30879516.1806,796.6979,0.6771,248.2102,245.3256,2.8845,3.5111,0.0014,1.5512,-0.4997,0.9043,0.9665,2
0.2199,815.8325,31597457.5586,815.8325,0.6764,248.7039,245.7299,2.9740,3.6258,0.0014,1.5432,-0.5094,0.9164,0.9643,2
0.2474,644.1273,27123541.8896,644.1273,0.6949,234.8502,231.9316,2.9185,3.5535,0.0015,1.4934,-0.5301,0.9231,0.9735,2
0.2275,779.0620,30573571.0278,779.0620,0.6756,246.3777,243.4076,2.9701,3.6102,0.0014,1.5677,-0.5114,0.9167,0.9694,2
0.2300,647.8531,30004582.3454,647.8531,0.6773,243.6769,240.7203,2.9565,3.6139,0.0014,1.5453,-0.5160,0.9190,0.9737,2
0.2330,812.9743,29032020.0589,812.9743,0.6748,240.9425,237.9885,2.9540,3.6179,0.0014,1.5934,-0.5036,0.9124,0.9687,2
0.2498,756.9472,26585853.0689,756.9472,0.6992,234.0299,231.1771,2.8528,3.4826,0.0015,1.4872,-0.5192,0.9130,0.9684,3
0.2344,997.0574,29141432.6679,997.0574,0.6853,242.9994,240.0815,2.9179,3.5453,0.0015,1.5827,-0.5018,0.9070,0.9615,3
0.2621,739.8659,25246377.9807,739.8659,0.6988,230.3683,227.5724,2.7958,3.3880,0.0015,1.4816,-0.5228,0.9093,0.9702,3
0.2449,1002.8865,27096274.0889,1002.8865,0.6903,236.9971,234.1456,2.8515,3.4599,0.0015,1.5491,-0.5021,0.9019,0.9581,3
0.2504,695.0183,26820229.4191,695.0183,0.7004,235.2387,232.3981,2.8406,3.4404,0.0015,1.4785,-0.5275,0.9152,0.9725,3
0.2522,773.7529,26520428.6911,773.7529,0.6960,235.0537,232.2605,2.7932,3.3854,0.0015,1.4957,-0.5129,0.9032,0.9666,3
0.2620,747.8584,25265079.8981,747.8584,0.7054,230.7434,227.9834,2.7600,3.3309,0.0016,1.4555,-0.5245,0.9063,0.9712,3
0.2497,656.5506,26850808.2082,656.5506,0.6919,235.2147,232.3905,2.8242,3.4566,0.0015,1.5042,-0.5127,0.9078,0.9720,3
0.2531,797.9973,25417365.9737,797.9973,0.7083,232.0091,229.3529,2.6562,3.2430,0.0016,1.4316,-0.4956,0.8820,0.9625,3
0.2507,693.8065,27331727.1316,693.8065,0.7056,238.5194,235.7820,2.7374,3.3134,0.0016,1.4282,-0.5182,0.9015,0.9708,3
0.2674,734.7429,24138428.9320,734.7429,0.7096,226.3967,223.6597,2.7370,3.3308,0.0016,1.4569,-0.5186,0.9029,0.9684,3
0.2450,746.3451,27192063.1629,746.3451,0.6976,236.2963,233.4797,2.8166,3.4393,0.0015,1.4906,-0.5109,0.9058,0.9657,3
0.2501,684.1088,26829126.0221,684.1088,0.6917,235.2501,232.3997,2.8504,3.4757,0.0015,1.5194,-0.5145,0.9102,0.9707,3
0.2455,735.6510,27774173.2741,735.6510,0.6910,238.8704,236.0426,2.8278,3.4360,0.0015,1.5147,-0.5123,0.9064,0.9689,3
0.2696,384.3278,24750994.9298,384.3278,0.7161,229.1126,226.4810,2.6316,3.2302,0.0016,1.3709,-0.5191,0.8972,0.9839,3
0.2663,504.5656,25114025.9468,504.5656,0.7022,230.1115,227.3861,2.7254,3.3252,0.0016,1.4455,-0.5197,0.9042,0.9771,3
0.2503,798.2981,26571108.5436,798.2981,0.6848,234.8193,231.9960,2.8233,3.4719,0.0015,1.5467,-0.4963,0.8990,0.9669,3
0.2562,679.5334,25811574.0660,679.5334,0.6912,231.5414,228.7127,2.8287,3.4557,0.0015,1.5122,-0.5113,0.9068,0.9728,3
0.2591,861.1970,24789230.8207,861.1970,0.7041,227.7045,224.8612,2.8434,3.4754,0.0016,1.4960,-0.5192,0.9126,0.9643,3
0.2506,770.9394,26574503.1672,770.9394,0.6874,234.4289,231.5745,2.8544,3.4827,0.0015,1.5196,-0.5115,0.9088,0.9651,3
0.2542,772.9223,25464196.2352,772.9223,0.6922,230.1979,227.3527,2.8453,3.4756,0.0015,1.5286,-0.5101,0.9074,0.9666,3
0.2505,657.0190,25508922.7257,657.0190,0.6812,228.7338,225.7957,2.9381,3.6091,0.0015,1.5628,-0.5176,0.9196,0.9737,3
0.2511,672.7725,25813641.5286,672.7725,0.6899,230.8742,228.0239,2.8503,3.4810,0.0015,1.5138,-0.5138,0.9101,0.9688,3
0.2523,806.5953,25564487.5484,806.5953,0.6841,230.0758,227.2034,2.8723,3.5168,0.0015,1.5650,-0.5038,0.9065,0.9689,3
0.2435,731.7359,26936707.4517,731.7359,0.6821,234.6832,231.8312,2.8520,3.5007,0.0015,1.5428,-0.5029,0.9048,0.9679,3
0.2670,669.8351,23590708.7749,669.8351,0.7108,223.7220,220.9997,2.7222,3.3056,0.0016,1.4293,-0.5207,0.9028,0.9696,3
0.2466,752.5631,27562648.0162,752.5631,0.6937,238.3471,235.5309,2.8162,3.4185,0.0015,1.4966,-0.5142,0.9061,0.9717,3
0.2630,711.6493,25064313.2258,711.6493,0.7013,230.1546,227.4137,2.7409,3.3386,0.0016,1.4818,-0.5127,0.9001,0.9704,3
0.2603,688.5333,25018625.7729,688.5333,0.6967,228.6603,225.8006,2.8597,3.4689,0.0015,1.4935,-0.5286,0.9176,0.9709,3
0.2522,750.8782,26642514.6498,750.8782,0.7038,235.6105,232.8427,2.7679,3.3498,0.0016,1.4566,-0.5196,0.9049,0.9706,3
0.2481,748.6272,26867071.0395,748.6272,0.6836,235.0032,232.1192,2.8841,3.5217,0.0015,1.5530,-0.5108,0.9107,0.9672,3
0.2594,699.1007,24950832.3473,699.1007,0.6936,228.4494,225.6162,2.8331,3.4482,0.0015,1.4983,-0.5212,0.9120,0.9719,3
0.2481,795.0122,26641559.7212,795.0122,0.6907,233.9219,231.0240,2.8979,3.5382,0.0015,1.5074,-0.5191,0.9163,0.9632,3
0.2497,706.1779,26866118.9687,706.1779,0.6871,234.8648,231.9683,2.8965,3.5515,0.0015,1.5470,-0.5124,0.9134,0.9691,3
0.2448,718.9781,25443474.7448,718.9781,0.6899,227.2880,224.3333,2.9547,3.6209,0.0015,1.5353,-0.5237,0.9235,0.9648,3
0.2649,617.6249,24795962.1979,617.6249,0.6952,228.6145,225.8400,2.7745,3.4025,0.0015,1.4921,-0.5096,0.9034,0.9714,3
0.2570,752.1290,25328536.3759,752.1290,0.6791,229.4031,226.5158,2.8873,3.5465,0.0015,1.5899,-0.5038,0.9082,0.9676,3
0.2572,773.6636,25619946.5338,773.6636,0.6868,231.7493,228.9519,2.7974,3.4443,0.0015,1.5494,-0.4942,0.8958,0.9686,3
0.2649,692.4590,24489498.4538,692.4590,0.7011,227.6237,224.8796,2.7441,3.3813,0.0016,1.4813,-0.5067,0.8993,0.9669,3
0.2525,697.5620,26049020.6323,697.5620,0.6884,231.2327,228.3148,2.9180,3.5617,0.0015,1.5319,-0.5245,0.9207,0.9737,3
0.2437,634.5312,26830866.0501,634.5312,0.6808,232.8895,229.9339,2.9555,3.6153,0.0015,1.5362,-0.5197,0.9217,0.9717,3
0.2506,631.1256,24047911.2479,631.1256,0.6972,223.0912,220.2919,2.7993,3.4518,0.0015,1.4754,-0.5131,0.9079,0.9699,3
0.2528,782.2387,25774702.6974,782.2387,0.6852,231.1399,228.2548,2.8851,3.5206,0.0015,1.5684,-0.5111,0.9108,0.9687,3
0.2534,784.3413,24760352.6747,784.3413,0.6915,226.6071,223.7496,2.8574,3.4929,0.0015,1.5393,-0.5119,0.9096,0.9665,3
0.2591,614.0655,24364955.4206,614.0655,0.6895,224.9571,222.0992,2.8579,3.5398,0.0015,1.5145,-0.5117,0.9123,0.9681,3
0.2479,648.5335,27519962.6300,648.5335,0.6877,238.1692,235.3700,2.7992,3.4253,0.0015,1.5015,-0.5050,0.9012,0.9694,3
0.2612,685.1175,24186915.2460,685.1175,0.6958,225.4138,222.6157,2.7981,3.4345,0.0015,1.5198,-0.5108,0.9053,0.9677,3
0.2455,643.4176,27548206.5765,643.4176,0.6845,236.8172,233.9324,2.8848,3.5358,0.0015,1.5324,-0.5143,0.9138,0.9735,3
0.2631,746.3411,23871473.3915,746.3411,0.6926,223.6803,220.7898,2.8906,3.5420,0.0015,1.5559,-0.5163,0.9152,0.9687,3
0.2562,639.1117,24903954.0724,639.1117,0.6893,227.4466,224.6070,2.8396,3.5021,0.0015,1.5406,-0.5088,0.9084,0.9714,3
0.2164,810.0646,30922162.1570,810.0646,0.6558,244.0431,240.9668,3.0764,3.8200,0.0013,1.6585,-0.4919,0.9175,0.9614,4
0.2098,777.5366,31862570.7268,777.5366,0.6600,246.4268,243.3747,3.0521,3.7694,0.0014,1.6450,-0.4946,0.9161,0.9618,4
0.2361,626.7610,28866429.6359,626.7610,0.6809,241.8498,239.0447,2.8051,3.4632,0.0015,1.5354,-0.4882,0.8933,0.9702,4
0.2186,863.5364,30926679.1098,863.5364,0.6634,245.3338,242.2965,3.0373,3.7218,0.0014,1.6233,-0.4976,0.9152,0.9600,4
0.2258,644.5377,30080131.1380,644.5377,0.6821,244.0335,241.1755,2.8580,3.5220,0.0014,1.5107,-0.4993,0.9043,0.9700,4
0.2269,709.9075,29534810.1819,709.9075,0.6744,241.3160,238.3614,2.9546,3.6420,0.0014,1.5737,-0.5024,0.9132,0.9681,4
0.2149,849.5825,30307355.7678,849.5825,0.6693,241.9085,238.8803,3.0282,3.7353,0.0014,1.6281,-0.4991,0.9168,0.9607,4
0.2225,837.4497,28513699.7720,837.4497,0.6693,237.8872,234.9666,2.9207,3.6167,0.0014,1.6094,-0.4826,0.8998,0.9558,4
0.2218,898.0443,29063864.3310,898.0443,0.6773,241.0795,238.2297,2.8498,3.5213,0.0014,1.5618,-0.4802,0.8924,0.9567,4
0.2102,794.0983,31960146.2009,794.0983,0.6657,246.9470,243.9263,3.0207,3.7181,0.0014,1.6132,-0.4991,0.9157,0.9642,4
0.2446,580.6806,27189657.9622,580.6806,0.6972,236.4071,233.6784,2.7287,3.3692,0.0015,1.4780,-0.4983,0.8939,0.9731,4
0.2216,606.8680,31752109.0384,606.8680,0.6532,247.8419,244.8038,3.0381,3.7593,0.0013,1.6347,-0.4996,0.9184,0.9723,4
0.2274,675.8844,28830364.8206,675.8844,0.6563,238.2056,235.2052,3.0005,3.7201,0.0014,1.6508,-0.4928,0.9124,0.9685,4
0.2235,730.6842,29407407.5066,730.6842,0.6534,239.5212,236.4601,3.0610,3.7875,0.0013,1.6691,-0.4943,0.9170,0.9680,4
0.2190,747.8280,29576814.1134,747.8280,0.6474,240.0860,237.0809,3.0052,3.7685,0.0013,1.6895,-0.4738,0.9037,0.9630,4
0.2245,800.7788,29764208.9922,800.7788,0.6545,241.1098,238.0341,3.0757,3.8251,0.0013,1.6777,-0.4923,0.9182,0.9629,4
0.2180,715.0954,29948480.5461,715.0954,0.6508,239.8478,236.7419,3.1059,3.8689,0.0013,1.6731,-0.4954,0.9218,0.9667,4
0.2305,654.2645,29140256.7746,654.2645,0.6583,239.1746,236.0906,3.0841,3.7959,0.0014,1.6268,-0.5131,0.9274,0.9724,4
0.2119,822.3104,30428426.9555,822.3104,0.6438,241.4447,238.3763,3.0685,3.8345,0.0013,1.7131,-0.4734,0.9077,0.9588,4
0.2131,775.5805,32513008.5692,775.5805,0.6360,248.9014,245.7807,3.1207,3.8695,0.0013,1.7310,-0.4812,0.9141,0.9648,4
0.2544,417.0876,25211451.8273,417.0876,0.6782,227.5872,224.7483,2.8389,3.5207,0.0015,1.5243,-0.5081,0.9101,0.9791,4
0.2200,728.0568,31104761.6511,728.0568,0.6604,245.7636,242.7353,3.0283,3.7240,0.0014,1.6171,-0.5027,0.9182,0.9706,4
0.2235,678.7998,31133522.6394,678.7998,0.6621,246.2519,243.2184,3.0335,3.7246,0.0014,1.5999,-0.5078,0.9209,0.9732,4
0.2267,731.8313,29991948.6875,731.8313,0.6459,242.5640,239.4988,3.0652,3.7950,0.0013,1.7018,-0.4903,0.9151,0.9708,4
0.2109,869.5832,32890222.2541,869.5832,0.6340,250.0917,246.9561,3.1356,3.8828,0.0013,1.7523,-0.4813,0.9147,0.9654,4
0.2130,752.7257,31346531.0095,752.7257,0.6651,248.3487,245.5051,2.8436,3.5364,0.0014,1.6048,-0.4639,0.8820,0.9606,4
0.2145,793.1685,32712312.3719,793.1685,0.6777,251.3908,248.4030,2.9878,3.6339,0.0014,1.5530,-0.5115,0.9180,0.9664,4
0.2113,862.8572,33575555.8761,862.8572,0.6651,254.0089,250.9780,3.0308,3.7109,0.0014,1.6315,-0.4970,0.9141,0.9629,4
0.2131,922.3654,31163454.9193,922.3654,0.6686,246.2354,243.2481,2.9873,3.6733,0.0014,1.6211,-0.4902,0.9080,0.9552,4
0.2290,732.3069,29467968.9650,732.3069,0.6891,242.9006,240.0369,2.8636,3.5098,0.0015,1.5256,-0.5034,0.9059,0.9673,4
0.2150,826.6219,32292628.8497,826.6219,0.6722,250.8277,247.9158,2.9119,3.5760,0.0014,1.5580,-0.4932,0.9040,0.9629,4
0.2400,474.6705,29561191.4376,474.6705,0.6992,244.6589,241.8768,2.7821,3.3877,0.0015,1.4343,-0.5210,0.9084,0.9781,4
0.2230,800.8025,30481472.9101,800.8025,0.6712,244.6088,241.6352,2.9736,3.6398,0.0014,1.5901,-0.5013,0.9124,0.9654,4
0.2212,775.8484,31948186.7996,775.8484,0.6762,250.3135,247.3741,2.9394,3.5857,0.0014,1.5717,-0.5055,0.9116,0.9654,4
0.2357,709.9259,29238511.3980,709.9259,0.6868,242.7479,239.8857,2.8622,3.5018,0.0015,1.5262,-0.5079,0.9079,0.9693,4
0.2235,764.9528,31193679.9870,764.9528,0.6773,247.2715,244.2703,3.0011,3.6474,0.0014,1.5671,-0.5181,0.9220,0.9687,4
0.2263,591.2771,31436534.6439,591.2771,0.6780,248.8195,245.8831,2.9364,3.5869,0.0014,1.5514,-0.5128,0.9161,0.9737,4
0.2323,614.3704,28696910.3233,614.3704,0.6868,238.7415,235.8276,2.9139,3.5793,0.0015,1.5233,-0.5118,0.9152,0.9707,4
0.2166,624.0141,32364163.5135,624.0141,0.6601,249.4757,246.4468,3.0289,3.7391,0.0014,1.6250,-0.4975,0.9162,0.9703,4
0.2187,1069.0969,30439063.1553,1069.0969,0.6786,245.3785,242.4424,2.9362,3.5730,0.0014,1.5860,-0.4938,0.9040,0.9533,4
0.2241,671.5738,30032678.0245,671.5738,0.6864,243.5024,240.6275,2.8749,3.5441,0.0015,1.5276,-0.5008,0.9065,0.9675,4
0.2180,772.9061,32537374.7157,772.9061,0.6833,251.4233,248.4527,2.9706,3.6093,0.0014,1.5273,-0.5176,0.9196,0.9678,4
0.2181,821.0621,31530554.1420,821.0621,0.6822,248.1428,245.2015,2.9413,3.5761,0.0014,1.5361,-0.5114,0.9148,0.9627,4
0.2296,748.7370,29321536.0301,748.7370,0.6726,242.7213,239.8649,2.8564,3.5159,0.0014,1.5816,-0.4868,0.8963,0.9651,4
0.2316,599.3549,28446411.8835,599.3549,0.6916,237.9658,235.0913,2.8745,3.5191,0.0015,1.4885,-0.5183,0.9153,0.9724,4
0.2281,559.0207,31661036.1585,559.0207,0.6857,250.4325,247.5733,2.8592,3.4690,0.0015,1.4752,-0.5179,0.9124,0.9734,4
0.2330,734.0900,29865151.0809,734.0900,0.6849,244.7574,241.8592,2.8982,3.5178,0.0015,1.5348,-0.5126,0.9117,0.9695,4
0.2211,756.2003,30898672.7917,756.2003,0.6716,246.3036,243.3710,2.9326,3.5915,0.0014,1.5853,-0.4970,0.9073,0.9676,4
0.2120,840.1961,33528205.2731,840.1961,0.6642,253.2505,250.1778,3.0727,3.7413,0.0014,1.6365,-0.5107,0.9232,0.9686,4
0.2258,627.0022,31249075.3982,627.0022,0.6886,248.1905,245.2984,2.8922,3.5152,0.0015,1.4810,-0.5210,0.9164,0.9732,4
0.2005,827.3593,34210762.5419,827.3593,0.6473,251.1575,247.9599,3.1976,3.9318,0.0013,1.6666,-0.5048,0.9299,0.9646,5
0.1985,785.9645,36723450.7447,785.9645,0.6582,261.6096,258.5518,3.0578,3.7465,0.0013,1.6365,-0.4957,0.9156,0.9672,5
0.2044,819.7964,33972963.1403,819.7964,0.6690,254.1462,251.1633,2.9829,3.6502,0.0014,1.5836,-0.4962,0.9101,0.9653,5
0.1913,848.1841,37667910.2705,848.1841,0.6424,261.3493,258.1740,3.1753,3.9218,0.0013,1.7139,-0.4861,0.9194,0.9607,5
0.2000,735.0201,36597489.6810,735.0201,0.6638,260.8204,257.7501,3.0703,3.7403,0.0014,1.6013,-0.5078,0.9224,0.9678,5
0.2012,777.3198,35330503.0887,777.3198,0.6382,256.0649,252.9130,3.1519,3.9198,0.0013,1.7359,-0.4817,0.9170,0.9614,5
0.2103,694.4605,33929409.5676,694.4605,0.6421,253.0094,249.9084,3.1010,3.8535,0.0013,1.6951,-0.4866,0.9164,0.9666,5
0.2155,710.6233,32307977.2770,710.6233,0.6550,248.5935,245.4858,3.1078,3.8353,0.0013,1.6758,-0.5042,0.9250,0.9696,5
0.2100,638.1521,33224349.0745,638.1521,0.6279,250.3649,247.2512,3.1137,3.9149,0.0013,1.7565,-0.4688,0.9093,0.9679,5
0.2143,745.1443,31951846.4205,745.1443,0.6625,247.6341,244.5862,3.0479,3.7583,0.0014,1.6067,-0.5019,0.9197,0.9639,5
0.2022,805.9170,34943879.8427,805.9170,0.6414,255.4197,252.2946,3.1250,3.8824,0.0013,1.7265,-0.4826,0.9155,0.9663,5
0.2237,425.7497,32157745.5932,425.7497,0.6607,250.5451,247.6423,2.9028,3.6234,0.0014,1.5799,-0.4886,0.9049,0.9789,5
0.2130,616.6837,33470673.2479,616.6837,0.6471,251.5695,248.4664,3.1031,3.8481,0.0013,1.6770,-0.4960,0.9215,0.9717,5
0.2066,753.2655,33694464.2845,753.2655,0.6435,252.0935,249.0188,3.0747,3.8214,0.0013,1.6902,-0.4817,0.9117,0.9651,5
0.2049,869.2482,33955245.5308,869.2482,0.6303,252.7813,249.6430,3.1383,3.9252,0.0013,1.7787,-0.4660,0.9080,0.9581,5
0.2121,673.1767,32808204.6317,673.1767,0.6442,248.7787,245.6089,3.1698,3.9331,0.0013,1.7209,-0.4961,0.9257,0.9692,5
0.2001,642.5113,35501551.4032,642.5113,0.6353,255.1727,251.9968,3.1760,3.9620,0.0013,1.7387,-0.4868,0.9224,0.9700,5
0.2105,677.5156,33617941.3678,677.5156,0.6529,252.6700,249.6180,3.0520,3.7820,0.0013,1.6324,-0.4926,0.9159,0.9693,5
0.2035,672.5299,34290229.3440,672.5299,0.6405,251.7076,248.5014,3.2062,3.9695,0.0013,1.7112,-0.4984,0.9289,0.9702,5
0.2085,792.3696,33009940.7566,792.3696,0.6581,249.4181,246.2891,3.1289,3.8573,0.0013,1.6467,-0.5023,0.9249,0.9660,5
0.2052,648.5669,34363929.6904,648.5669,0.6489,252.5495,249.3736,3.1758,3.9079,0.0013,1.6568,-0.5092,0.9313,0.9727,5
0.2039,861.5013,33202956.0955,861.5013,0.6404,249.4171,246.2694,3.1477,3.8977,0.0013,1.7249,-0.4861,0.9182,0.9638,5
0.2098,717.0981,32297010.4477,717.0981,0.6586,248.2072,245.1725,3.0347,3.7686,0.0014,1.6387,-0.4902,0.9141,0.9667,5
0.1986,832.6899,35117956.8909,832.6899,0.6401,253.8986,250.6511,3.2475,3.9990,0.0013,1.7370,-0.4992,0.9303,0.9689,5
0.1973,793.5017,35840981.5851,793.5017,0.6440,256.2712,253.0554,3.2158,3.9562,0.0013,1.6909,-0.5016,0.9293,0.9641,5
0.1996,632.2574,34513898.8075,632.2574,0.6279,250.5177,247.2500,3.2677,4.0704,0.0012,1.7456,-0.4960,0.9320,0.9712,5
0.2074,741.8392,32803780.4218,741.8392,0.6323,248.6705,245.5352,3.1352,3.8974,0.0013,1.7493,-0.4798,0.9146,0.9673,5
0.2503,464.6090,26090398.0264,464.6090,0.6793,230.2009,227.2622,2.9387,3.6354,0.0015,1.5624,-0.5173,0.9219,0.9803,5
0.2027,757.4323,34016187.7101,757.4323,0.6376,251.2220,248.0160,3.2061,3.9607,0.0013,1.7304,-0.4961,0.9267,0.9681,5
0.2103,707.1549,32719723.2798,707.1549,0.6441,248.9136,245.8031,3.1106,3.8535,0.0013,1.6985,-0.4895,0.9182,0.9696,5
0.2330,454.8755,28559553.4564,454.8755,0.6734,237.1336,234.1205,3.0131,3.7073,0.0014,1.5576,-0.5228,0.9280,0.9810,5
0.1989,757.1690,35917021.4415,757.1690,0.6366,256.7859,253.5614,3.2245,3.9846,0.0013,1.7304,-0.4943,0.9269,0.9686,5
0.1964,853.9823,35117182.1183,853.9823,0.6158,253.2751,250.0265,3.2486,4.0576,0.0012,1.8237,-0.4673,0.9158,0.9613,5
0.2071,721.5695,34013226.1535,721.5695,0.6433,253.2180,250.1158,3.1022,3.8203,0.0013,1.6924,-0.4942,0.9188,0.9737,5
0.1971,728.1265,36007153.1979,728.1265,0.6197,256.7723,253.5547,3.2176,4.0196,0.0012,1.8156,-0.4756,0.9187,0.9682,5
0.1913,748.4252,38058603.8877,748.4252,0.6431,262.0387,258.8611,3.1775,3.9074,0.0013,1.6634,-0.4977,0.9251,0.9664,5
0.2405,531.6643,28417402.1553,531.6643,0.6705,239.1969,236.2777,2.9192,3.6068,0.0014,1.5959,-0.4987,0.9098,0.9738,5
0.2186,720.5295,31705011.3062,720.5295,0.6565,246.6513,243.5214,3.1299,3.8557,0.0014,1.6523,-0.5056,0.9267,0.9667,5
0.1980,636.3883,31849710.8289,636.3883,0.6472,242.2532,239.1531,3.1001,3.8713,0.0013,1.6697,-0.4868,0.9173,0.9684,5
0.2232,575.1188,31288200.1106,575.1188,0.6611,246.8938,243.9089,2.9849,3.6832,0.0014,1.6144,-0.4995,0.9146,0.9745,5
0.2408,527.4581,28177313.4847,527.4581,0.6804,238.8794,236.0395,2.8399,3.4940,0.0015,1.5445,-0.5009,0.9043,0.9764,5
0.2223,606.5761,31203060.4327,606.5761,0.6627,245.6029,242.5676,3.0353,3.7521,0.0014,1.6195,-0.5010,0.9194,0.9726,5
0.2171,534.5269,32442409.8931,534.5269,0.6593,249.3015,246.2822,3.0193,3.7414,0.0014,1.6265,-0.4964,0.9163,0.9748,5
0.2104,656.6486,32317732.0908,656.6486,0.6296,245.9301,242.7345,3.1956,4.0167,0.0013,1.7324,-0.4880,0.9252,0.9667,5
0.2123,752.6866,32472497.3286,752.6866,0.6396,247.9169,244.7510,3.1659,3.9251,0.0013,1.7383,-0.4934,0.9236,0.9685,5
0.2176,582.6292,30648990.2228,582.6292,0.6467,242.1516,239.0830,3.0686,3.8332,0.0013,1.6568,-0.4926,0.9186,0.9713,5
0.1999,779.0084,34318873.0397,779.0084,0.6417,253.0131,249.9357,3.0774,3.8234,0.0013,1.6952,-0.4797,0.9105,0.9613,5
0.2077,701.8055,31107659.5507,701.8055,0.6743,243.6181,240.6388,2.9793,3.7034,0.0014,1.5781,-0.4951,0.9127,0.9658,5
0.2273,590.9872,30799184.5393,590.9872,0.6747,246.7306,243.8243,2.9062,3.5795,0.0014,1.5665,-0.4968,0.9068,0.9727,5
0.1963,694.5439,36577147.6569,694.5439,0.6287,258.4350,255.2743,3.1606,3.9313,0.0012,1.7522,-0.4782,0.9161,0.9711,5
0.2697,678.3073,19891146.7340,678.3073,0.6424,203.5659,200.4257,3.1402,3.9903,0.0013,1.7890,-0.4924,0.9262,0.9664,6
0.2821,667.1641,20497843.6498,667.1641,0.6931,210.2475,207.4913,2.7563,3.4452,0.0015,1.5331,-0.4987,0.8986,0.9640,6
0.2833,730.6964,21019729.3337,730.6964,0.6972,213.0467,210.2773,2.7694,3.4314,0.0016,1.5267,-0.5051,0.9020,0.9636,6
0.2751,671.7052,19960391.7844,671.7052,0.6876,206.4839,203.6869,2.7971,3.5202,0.0015,1.5722,-0.4897,0.8980,0.9654,6
0.2855,731.8069,19954056.5749,731.8069,0.6918,207.9694,205.1807,2.7887,3.4692,0.0015,1.5729,-0.5008,0.9016,0.9639,6
0.2768,730.7638,22194479.8060,730.7638,0.6810,217.9636,215.1327,2.8309,3.5166,0.0015,1.6048,-0.4975,0.9026,0.9630,6
0.2836,701.1223,20791369.2343,701.1223,0.6980,212.2003,209.4822,2.7181,3.3731,0.0016,1.5270,-0.4996,0.8944,0.9680,6
0.2946,614.9505,20762357.8027,614.9505,0.7012,213.4983,210.8569,2.6414,3.2789,0.0016,1.4697,-0.5027,0.8895,0.9732,6
0.2929,754.6948,20812330.0856,754.6948,0.6955,213.8524,211.1925,2.6599,3.3055,0.0016,1.5405,-0.4854,0.8798,0.9650,6
0.2860,881.2720,21024610.5024,881.2720,0.6952,214.0363,211.2722,2.7641,3.4079,0.0015,1.5733,-0.5006,0.8973,0.9655,6
0.2821,824.8223,21810163.4210,824.8223,0.6971,217.4573,214.7055,2.7518,3.3643,0.0016,1.5218,-0.5069,0.8982,0.9681,6
0.2682,764.2531,22276892.6752,764.2531,0.6854,217.4632,214.6443,2.8189,3.5008,0.0015,1.5780,-0.4979,0.9019,0.9634,6
0.2696,790.5469,23000493.1351,790.5469,0.6858,220.8188,217.9704,2.8484,3.5032,0.0015,1.5859,-0.5050,0.9062,0.9665,6
0.2908,638.2745,21218606.1092,638.2745,0.7069,215.4258,212.7594,2.6664,3.2621,0.0016,1.4661,-0.5134,0.8950,0.9710,6
0.2825,607.9690,20685160.3368,607.9690,0.7061,211.6064,208.9390,2.6673,3.3111,0.0016,1.4569,-0.5088,0.8956,0.9687,6
0.2773,737.4468,21722911.5824,737.4468,0.6928,215.7201,212.9278,2.7923,3.4460,0.0015,1.5375,-0.5061,0.9033,0.9657,6
0.2611,1059.7160,21988823.0051,1059.7160,0.6783,215.5170,212.6224,2.8947,3.5894,0.0015,1.6501,-0.4866,0.9006,0.9506,6
0.2791,816.1349,21301471.7838,816.1349,0.6921,214.2961,211.5110,2.7851,3.4471,0.0015,1.5643,-0.4993,0.8991,0.9629,6
0.2700,792.2870,22687307.4200,792.2870,0.6808,219.8185,217.0117,2.8069,3.4962,0.0015,1.5989,-0.4898,0.8966,0.9613,6
0.2738,847.7087,22380818.9075,847.7087,0.6842,218.6637,215.7853,2.8783,3.5290,0.0015,1.6123,-0.5074,0.9094,0.9661,6
0.2785,832.5685,21569292.6794,832.5685,0.6902,215.7532,212.9974,2.7558,3.4154,0.0015,1.5656,-0.4933,0.8933,0.9629,6
0.2748,804.9261,20722643.5776,804.9261,0.6986,210.7186,207.9523,2.7663,3.4242,0.0015,1.5227,-0.5058,0.9017,0.9636,6
0.2806,683.3939,21988749.8422,683.3939,0.6912,217.1142,214.2701,2.8441,3.4961,0.0015,1.5633,-0.5175,0.9129,0.9711,6
0.2722,680.2611,23459304.1042,680.2611,0.6873,223.2099,220.4220,2.7880,3.4439,0.0015,1.5495,-0.5022,0.9008,0.9719,6
0.2783,797.0633,21852099.4473,797.0633,0.6927,216.8613,214.1030,2.7583,3.4143,0.0015,1.5605,-0.4988,0.8967,0.9644,6
0.2760,660.5809,22953378.7788,660.5809,0.6896,221.5074,218.7408,2.7666,3.4194,0.0015,1.5401,-0.5018,0.8988,0.9694,6
0.2709,703.6244,23244660.6264,703.6244,0.6918,222.0338,219.2195,2.8143,3.4643,0.0015,1.5442,-0.5106,0.9071,0.9721,6
0.2867,597.3661,21684499.9424,597.3661,0.6962,216.6235,213.8945,2.7291,3.3715,0.0016,1.5037,-0.5132,0.9026,0.9760,6
0.2673,828.2616,22917617.9166,828.2616,0.6777,219.7174,216.7885,2.9289,3.6348,0.0015,1.6229,-0.5006,0.9118,0.9640,6
0.2836,779.7115,21012421.2038,779.7115,0.6922,213.2467,210.4602,2.7866,3.4383,0.0015,1.5713,-0.5053,0.9022,0.9670,6
0.2712,688.8354,23272563.6476,688.8354,0.6925,222.2910,219.4554,2.8356,3.4914,0.0015,1.5400,-0.5121,0.9096,0.9681,6
0.2670,917.9167,23273715.8404,917.9167,0.6879,222.5064,219.7127,2.7937,3.4637,0.0015,1.5695,-0.4909,0.8950,0.9618,6
0.2911,627.1958,21603945.7267,627.1958,0.7065,217.6290,215.0379,2.5911,3.2227,0.0016,1.4502,-0.4931,0.8793,0.9709,6
0.2856,763.2480,21410773.4890,763.2480,0.6926,215.2320,212.4270,2.8050,3.4590,0.0015,1.5535,-0.5124,0.9077,0.9682,6
0.2769,755.3898,21203745.7161,755.3898,0.6896,214.0661,211.3577,2.7084,3.3633,0.0015,1.5666,-0.4869,0.8852,0.9633,6
0.2862,698.8739,20568244.4883,698.8739,0.6990,211.3037,208.5483,2.7554,3.3941,0.0016,1.5108,-0.5121,0.9033,0.9653,6
0.2868,766.4020,21590393.2689,766.4020,0.6990,216.6334,213.8953,2.7380,3.3658,0.0016,1.5173,-0.5131,0.9020,0.9698,6
0.2766,706.8529,22226570.4319,706.8529,0.6838,217.9589,215.1087,2.8502,3.5273,0.0015,1.5828,-0.5047,0.9075,0.9700,6
0.2860,656.3390,20292480.8890,656.3390,0.6980,209.6214,206.8908,2.7306,3.4119,0.0016,1.5089,-0.4997,0.8970,0.9659,6
0.2831,886.5218,21202653.1717,886.5218,0.6842,213.8552,211.0018,2.8533,3.5407,0.0015,1.6325,-0.4950,0.9026,0.9601,6
0.2878,755.1056,20635662.2470,755.1056,0.6845,211.5728,208.7426,2.8302,3.5151,0.0015,1.6231,-0.4949,0.9010,0.9618,6
0.2829,785.4717,21866457.6492,785.4717,0.6999,217.5838,214.8495,2.7342,3.3591,0.0016,1.5171,-0.5086,0.8988,0.9686,6
0.2843,716.6545,20396491.9354,716.6545,0.6965,209.9479,207.1548,2.7931,3.4593,0.0016,1.5285,-0.5102,0.9065,0.9653,6
0.2908,748.9727,20367045.9234,748.9727,0.6998,210.6009,207.8506,2.7503,3.3952,0.0016,1.5219,-0.5066,0.9002,0.9664,6
0.2729,766.9899,21813713.3018,766.9899,0.6910,215.8272,213.0151,2.8121,3.4762,0.0015,1.5557,-0.5047,0.9044,0.9664,6
0.2778,820.8655,21490725.0513,820.8655,0.6941,214.5738,211.7286,2.8452,3.4920,0.0015,1.5324,-0.5173,0.9126,0.9682,6
0.2712,714.3890,22778973.9249,714.3890,0.6873,219.6976,216.8058,2.8918,3.5390,0.0015,1.5663,-0.5194,0.9165,0.9687,6
0.2750,606.9909,22507930.7779,606.9909,0.6923,218.4710,215.6096,2.8613,3.5120,0.0015,1.5361,-0.5231,0.9169,0.9762,6
0.2827,612.1458,22238955.2396,612.1458,0.7030,218.5806,215.7954,2.7851,3.4178,0.0016,1.4792,-0.5271,0.9134,0.9743,6
0.2795,779.9840,21989624.6032,779.9840,0.6905,217.1745,214.3189,2.8556,3.5061,0.0015,1.5726,-0.5119,0.9104,0.9688,6
0.2726,725.7909,22423520.1212,725.7909,0.6729,219.0176,216.2138,2.8038,3.5133,0.0015,1.6273,-0.4773,0.8895,0.9656,7
0.2606,627.1197,24433382.2538,627.1197,0.6828,225.7767,222.9376,2.8391,3.5126,0.0015,1.5483,-0.5067,0.9078,0.9744,7
0.2557,793.1079,23582008.6541,793.1079,0.6898,222.3027,219.5058,2.7969,3.4433,0.0015,1.5356,-0.4997,0.8991,0.9625,7
0.2580,644.4534,24523963.9647,644.4534,0.6703,225.3185,222.4526,2.8659,3.5933,0.0014,1.6186,-0.4858,0.9003,0.9672,7
0.2527,835.7493,25582805.2388,835.7493,0.6757,229.9664,227.0551,2.9113,3.5743,0.0015,1.5891,-0.5014,0.9086,0.9631,7
0.2706,673.1251,23223849.0960,673.1251,0.6819,221.4702,218.5988,2.8714,3.5824,0.0015,1.6162,-0.4942,0.9048,0.9659,7
0.2686,526.8647,23562925.9850,526.8647,0.6906,222.8127,220.0096,2.8031,3.4608,0.0015,1.5133,-0.5130,0.9082,0.9776,7
0.2600,657.2616,23825558.4228,657.2616,0.6815,222.9734,220.1590,2.8143,3.5197,0.0015,1.5688,-0.4914,0.8993,0.9667,7
0.2649,643.7287,24140183.5283,643.7287,0.6900,225.2116,222.3795,2.8321,3.4716,0.0015,1.5167,-0.5183,0.9120,0.9751,7
0.2620,669.8604,24361514.2415,669.8604,0.6994,226.5620,223.8156,2.7464,3.3633,0.0015,1.4750,-0.5112,0.9007,0.9706,7
0.2639,708.7324,24235493.1685,708.7324,0.6841,225.3373,222.4512,2.8861,3.5594,0.0015,1.5610,-0.5121,0.9137,0.9713,7
0.2625,638.5907,24933391.0628,638.5907,0.6858,228.2349,225.3587,2.8762,3.5071,0.0015,1.5216,-0.5243,0.9172,0.9749,7
0.2663,674.5127,23112376.3065,674.5127,0.6938,220.6255,217.7958,2.8297,3.4908,0.0015,1.5019,-0.5138,0.9109,0.9668,7
0.2538,822.0664,25288032.4736,822.0664,0.6810,228.9204,226.0088,2.9116,3.5798,0.0015,1.5722,-0.5059,0.9114,0.9645,7
0.2844,687.8730,21533440.3812,687.8730,0.7016,215.8010,213.0794,2.7217,3.3598,0.0016,1.4887,-0.5083,0.8992,0.9666,7
0.2650,604.5184,21276948.0118,604.5184,0.6847,211.2253,208.3741,2.8512,3.5625,0.0015,1.5489,-0.5077,0.9115,0.9720,7
0.2656,710.9931,23745619.8864,710.9931,0.6794,223.6164,220.7488,2.8676,3.5293,0.0015,1.5711,-0.5061,0.9086,0.9696,7
0.2648,836.9457,23796211.8295,836.9457,0.6847,224.0570,221.2127,2.8443,3.5083,0.0015,1.5564,-0.5009,0.9041,0.9638,7
0.2585,711.2728,24475003.4835,711.2728,0.6777,225.3313,222.4054,2.9259,3.6195,0.0015,1.5770,-0.5073,0.9146,0.9699,7
0.2544,850.3978,24835198.5094,850.3978,0.6784,226.9716,224.0806,2.8909,3.5728,0.0015,1.6016,-0.4965,0.9058,0.9628,7
0.2483,748.5834,24783513.9619,748.5834,0.6683,225.1395,222.2013,2.9382,3.6592,0.0014,1.6200,-0.4937,0.9092,0.9621,7
0.2596,661.0907,23424125.3718,661.0907,0.6889,221.3243,218.5113,2.8130,3.5018,0.0015,1.5402,-0.4985,0.9023,0.9652,7
0.2733,641.3977,22858636.1812,641.3977,0.6965,220.4730,217.6745,2.7985,3.4349,0.0015,1.4862,-0.5187,0.9102,0.9688,7
0.2509,764.6298,24133219.3119,764.6298,0.6692,222.8209,219.8526,2.9683,3.6774,0.0014,1.6369,-0.4980,0.9127,0.9636,7
0.2676,702.9450,23841985.2714,702.9450,0.6876,224.7463,221.9661,2.7802,3.4232,0.0015,1.5181,-0.5054,0.9012,0.9675,7
0.2071,558.5266,34184579.9970,558.5266,0.6407,252.4551,249.3476,3.1074,3.8578,0.0013,1.6524,-0.4945,0.9210,0.9741,7
0.2617,765.2309,23850026.2910,765.2309,0.6836,223.8768,221.0389,2.8379,3.5010,0.0015,1.5489,-0.5030,0.9049,0.9637,7
0.2623,801.2814,23139911.3691,801.2814,0.6775,220.9657,218.1351,2.8306,3.5144,0.0015,1.5952,-0.4880,0.8969,0.9628,7
0.2486,947.0108,25200429.9766,947.0108,0.6689,227.3828,224.4009,2.9819,3.7080,0.0014,1.6582,-0.4889,0.9092,0.9581,7
0.2586,793.6198,22688403.3802,793.6198,0.6765,218.6215,215.8572,2.7643,3.4816,0.0015,1.6198,-0.4668,0.8802,0.9599,7
0.2493,856.4188,25298959.5115,856.4188,0.6694,227.8199,224.8582,2.9616,3.6643,0.0014,1.6267,-0.4990,0.9125,0.9616,7
0.2693,839.3001,22971957.8326,839.3001,0.6839,221.4388,218.6157,2.8230,3.4737,0.0015,1.5844,-0.4955,0.8986,0.9580,7
0.2491,768.1011,24974408.5001,768.1011,0.6671,227.0907,224.2217,2.8690,3.5910,0.0014,1.6437,-0.4769,0.8946,0.9609,7
0.2639,746.4528,24470454.0379,746.4528,0.6824,226.8300,224.0077,2.8223,3.5253,0.0015,1.5782,-0.4896,0.8986,0.9647,7
0.2693,623.1917,22878374.9550,623.1917,0.6893,220.2690,217.4971,2.7719,3.4619,0.0015,1.5757,-0.4972,0.8988,0.9697,7
0.2644,679.6969,24732881.6889,679.6969,0.6942,228.1125,225.3166,2.7958,3.4355,0.0015,1.5021,-0.5103,0.9050,0.9689,7
0.2595,701.1632,24876761.7445,701.1632,0.6791,227.4250,224.5271,2.8979,3.5796,0.0015,1.6015,-0.5035,0.9103,0.9669,7
0.2636,648.5270,22117573.6012,648.5270,0.6887,216.2424,213.4910,2.7514,3.4420,0.0015,1.5521,-0.4894,0.8927,0.9651,7
0.2584,745.0158,25358005.5172,745.0158,0.6775,229.8579,227.0139,2.8440,3.5317,0.0015,1.5934,-0.4909,0.8998,0.9654,7
0.2621,747.1434,23276762.9943,747.1434,0.6803,220.8549,217.9890,2.8659,3.5689,0.0015,1.5987,-0.4942,0.9039,0.9606,7
0.2421,794.2218,27397076.3663,794.2218,0.6706,235.4050,232.4378,2.9673,3.6411,0.0014,1.6067,-0.5082,0.9164,0.9698,7
0.2482,743.1566,25556074.5534,743.1566,0.6794,229.1633,226.2954,2.8679,3.5411,0.0015,1.5554,-0.5019,0.9068,0.9681,7
0.2490,713.6919,25618833.7328,713.6919,0.6792,229.0875,226.1883,2.8992,3.5907,0.0015,1.5787,-0.4989,0.9081,0.9629,7
0.2576,739.4392,22089049.7135,739.4392,0.6847,214.8145,211.9674,2.8471,3.5494,0.0015,1.5643,-0.4955,0.9035,0.9572,7
0.1945,791.8710,27901970.5618,791.8710,0.6314,226.0524,222.8668,3.1856,4.0486,0.0012,1.7605,-0.4662,0.9147,0.9498,7
0.2559,632.3211,19217121.2926,632.3211,0.7028,200.1488,197.3263,2.8225,3.5067,0.0015,1.4636,-0.5174,0.9135,0.9669,7
0.2692,551.2270,17750320.7885,551.2270,0.7075,194.6411,191.9523,2.6888,3.3696,0.0016,1.4488,-0.5072,0.8988,0.9664,7
0.2460,613.2595,19529902.2824,613.2595,0.6889,200.5860,197.7804,2.8056,3.5169,0.0015,1.5159,-0.4962,0.9018,0.9622,7
0.2503,644.9286,19448541.2741,644.9286,0.6975,201.2909,198.5274,2.7635,3.4618,0.0015,1.4861,-0.4959,0.8980,0.9602,7
0.2615,562.0948,19298624.1127,562.0948,0.7049,201.6478,198.9109,2.7369,3.4213,0.0016,1.4447,-0.5110,0.9046,0.9686,7
