0.2029,5099.9649,26316171.4566,5099.9649,0.5593,241.3372,238.2679,3.0693,3.5668,0.0010,2.2442,-0.4899,0.9012,0.8202,1
0.2380,4355.4211,23217171.9150,4355.4211,0.6185,230.9805,228.2357,2.7448,3.2040,0.0012,1.8779,-0.4782,0.8743,0.8588,1
0.2321,3599.9708,24665785.1679,3599.9708,0.6015,232.4152,229.5618,2.8535,3.3225,0.0012,1.9569,-0.5256,0.9148,0.9115,1
0.2322,4383.5068,23774082.1161,4383.5068,0.6058,233.1481,230.3319,2.8163,3.2835,0.0012,1.9663,-0.5119,0.8986,0.8659,1
0.2471,3799.2066,22571066.1446,3799.2066,0.6226,228.1774,225.4452,2.7322,3.2137,0.0013,1.8390,-0.4866,0.8803,0.8580,1
0.2288,3544.1832,24951167.2107,3544.1832,0.6063,233.8519,231.0075,2.8444,3.2946,0.0012,1.9250,-0.5326,0.9116,0.9115,1
0.2285,4848.2203,22747402.5767,4848.2203,0.5988,229.6706,226.8176,2.8530,3.2994,0.0012,1.9731,-0.4848,0.8833,0.8584,1
0.2230,4714.1540,24467122.9431,4714.1540,0.6123,235.1481,232.2551,2.8930,3.3369,0.0012,1.9927,-0.4858,0.8842,0.8493,1
0.2298,4068.0019,23181289.5617,4068.0019,0.5822,228.1852,225.2447,2.9405,3.3954,0.0011,2.0808,-0.5345,0.9163,0.8863,1
0.2208,4294.0039,23150959.7967,4294.0039,0.5805,228.6433,225.7338,2.9095,3.4139,0.0011,2.0792,-0.5154,0.9073,0.8998,1
0.2301,3878.2339,24510275.2594,3878.2339,0.6013,234.1209,231.2683,2.8525,3.3309,0.0012,1.9943,-0.5209,0.9046,0.8958,1
0.2223,4008.0760,24301228.4720,4008.0760,0.5740,231.4288,228.4293,2.9996,3.4680,0.0011,2.1327,-0.5204,0.9156,0.8846,1
0.2209,4414.6667,24716407.7430,4414.6667,0.5622,234.4717,231.5281,2.9436,3.3937,0.0011,2.0990,-0.5271,0.9119,0.9014,1
0.2119,4307.9435,26590734.4735,4307.9435,0.5424,240.8012,237.7696,3.0316,3.4677,0.0010,2.2297,-0.5401,0.9249,0.8914,1
0.2242,3671.2378,24040616.5142,3671.2378,0.5842,229.0936,226.1108,2.9828,3.4601,0.0011,2.0688,-0.5288,0.9215,0.8816,1
0.2206,4659.0058,24058695.7110,4659.0058,0.5630,231.8168,228.8441,2.9727,3.4833,0.0011,2.2033,-0.5049,0.9090,0.8458,1
0.2171,3815.1501,25755113.1247,3815.1501,0.5808,235.3840,232.3770,3.0070,3.4827,0.0011,2.0516,-0.5223,0.9150,0.8710,1
0.2261,4191.2183,24456841.3943,4191.2183,0.5798,233.4016,230.4402,2.9613,3.4384,0.0011,2.0963,-0.5265,0.9165,0.8523,1
0.1926,5199.9337,26514290.5632,5199.9337,0.5522,240.8889,237.7415,3.1474,3.6181,0.0010,2.2589,-0.5129,0.9176,0.8818,1
0.2120,4503.6023,26109406.1523,4503.6023,0.5843,238.7212,235.7498,2.9714,3.4530,0.0011,2.0478,-0.5260,0.9163,0.9010,1
0.2100,4332.8519,26971392.6350,4332.8519,0.5776,241.4756,238.4483,3.0274,3.5052,0.0011,2.1041,-0.5281,0.9195,0.8942,1
0.2082,4071.9922,27897307.7501,4071.9922,0.5695,243.8051,240.7669,3.0381,3.5278,0.0010,2.1347,-0.5187,0.9175,0.8813,1
0.2208,4041.9259,25015079.7906,4041.9259,0.5811,235.1930,232.2563,2.9366,3.4275,0.0011,1.9938,-0.5158,0.9076,0.9009,1
0.2067,4536.3821,27407890.5365,4536.3821,0.5657,242.6589,239.6872,2.9716,3.4739,0.0011,2.0614,-0.4933,0.9004,0.8721,1
0.1960,5023.4659,26275826.9965,5023.4659,0.5470,238.8109,235.7176,3.0934,3.6080,0.0010,2.2499,-0.5066,0.9140,0.8875,1
0.2171,3952.1676,21201607.7678,3952.1676,0.5631,217.8947,214.9452,2.9495,3.4596,0.0010,2.1250,-0.5225,0.9158,0.8751,1
0.1877,5122.7914,28607697.7804,5122.7914,0.5576,245.8324,242.6812,3.1512,3.6310,0.0010,2.2148,-0.5189,0.9231,0.9010,1
0.1979,4802.1170,27015423.1493,4802.1170,0.5588,240.7018,237.5681,3.1337,3.5675,0.0010,2.1534,-0.5285,0.9229,0.9043,1
0.2097,4536.9493,23779347.5998,4536.9493,0.5686,228.9649,225.8754,3.0895,3.5701,0.0011,2.1850,-0.5259,0.9234,0.8802,1
0.2188,4116.6140,24845730.0369,4116.6140,0.5725,233.3470,230.4027,2.9443,3.4826,0.0011,2.1237,-0.5010,0.9052,0.8776,1
0.2151,4694.0702,24385851.2037,4694.0702,0.5856,231.5673,228.5152,3.0521,3.5201,0.0011,2.0977,-0.5069,0.9103,0.8334,1
0.2136,4188.4678,25340665.9271,4188.4678,0.5897,235.0565,232.0827,2.9738,3.4538,0.0011,2.0501,-0.5090,0.9112,0.8457,1
0.2118,4010.8343,27235649.0212,4010.8343,0.5696,242.4055,239.4551,2.9504,3.4808,0.0011,2.1067,-0.5031,0.9070,0.8823,1
0.2206,4029.3645,24672409.9997,4029.3645,0.5570,231.6803,228.6688,3.0115,3.4711,0.0010,2.1881,-0.5532,0.9336,0.9117,1
0.2317,3756.9220,24879944.8293,3756.9220,0.5952,234.6140,231.7337,2.8804,3.3842,0.0012,2.0469,-0.4994,0.8965,0.8910,1
0.2488,3269.5400,23050342.9829,3269.5400,0.6120,227.3645,224.5554,2.8091,3.2740,0.0012,1.9714,-0.5422,0.9171,0.8883,1
0.2335,4086.8441,23333930.3683,4086.8441,0.5911,229.5614,226.6205,2.9409,3.3844,0.0012,2.0186,-0.5242,0.9175,0.8951,1
0.2224,3961.7778,23892420.6498,3961.7778,0.5767,229.6803,226.7012,2.9791,3.4537,0.0011,2.1607,-0.5207,0.9180,0.8699,1
0.2296,3830.9376,21521313.0251,3830.9376,0.5747,218.7310,215.6973,3.0337,3.4603,0.0011,2.1498,-0.5830,0.9431,0.8684,1
0.2152,3703.0331,25913943.3276,3703.0331,0.5855,235.4191,232.3873,3.0318,3.5066,0.0011,2.1360,-0.5569,0.9337,0.9141,1
0.1977,4402.5478,27923317.0261,4402.5478,0.5517,243.6940,240.6792,3.0147,3.5833,0.0010,2.2166,-0.4902,0.9042,0.8705,1
0.2136,4316.8226,25948051.8388,4316.8226,0.5849,237.7505,234.7819,2.9686,3.4660,0.0011,2.0330,-0.5088,0.9061,0.8796,1
0.2083,4764.7212,26420112.4648,4764.7212,0.5669,241.4035,238.3561,3.0475,3.4995,0.0010,2.1857,-0.5255,0.9175,0.8755,1
0.2172,4408.6842,24796947.9561,4408.6842,0.5683,234.6959,231.6781,3.0178,3.4516,0.0011,2.1788,-0.5354,0.9221,1.0000,1
0.2225,3891.4425,25533180.9025,3891.4425,0.5794,236.4756,233.5434,2.9322,3.4454,0.0011,2.0628,-0.5158,0.9125,0.8823,1
0.2156,4629.3645,23679002.7952,4629.3645,0.5915,230.3899,227.4071,2.9827,3.4173,0.0011,2.0655,-0.5207,0.9135,0.8676,1
0.2242,3807.2768,24212769.8483,3807.2768,0.5765,231.2612,228.2705,2.9907,3.4521,0.0011,2.1494,-0.5480,0.9307,0.7222,1
0.2171,4225.3782,24418742.9460,4225.3782,0.5681,232.1072,229.1219,2.9853,3.4612,0.0011,2.1500,-0.5279,0.9199,0.8933,1
0.2171,4271.7934,25275633.3423,4271.7934,0.5538,236.5926,233.6110,2.9816,3.4648,0.0010,2.1900,-0.5308,0.9182,0.8990,1
0.2172,3752.6725,26919197.8763,3752.6725,0.5868,241.6082,238.6954,2.9128,3.4312,0.0011,1.9741,-0.4973,0.9004,0.8933,1
0.2047,4017.3099,28844432.2228,4017.3099,0.5557,247.0097,243.9702,3.0396,3.5333,0.0010,2.1467,-0.5318,0.9228,0.8549,2
0.2417,3110.5439,24453498.1173,3110.5439,0.6198,233.5341,230.7553,2.7788,3.1978,0.0013,1.8231,-0.5404,0.9147,0.9123,2
0.2001,4522.1072,27385392.8098,4522.1072,0.5886,242.9493,239.9969,2.9524,3.4636,0.0011,2.0882,-0.4807,0.8906,0.8624,2
0.2031,4036.1754,28860657.1517,4036.1754,0.5899,247.7076,244.6697,3.0379,3.5285,0.0012,2.0782,-0.5091,0.9133,0.8698,2
0.2124,3849.2417,27967436.4364,3849.2417,0.6006,245.3041,242.4159,2.8882,3.3977,0.0012,2.0096,-0.5040,0.9054,0.8831,2
0.2031,3363.3801,30309015.4822,3363.3801,0.5748,249.3021,246.2950,3.0072,3.5292,0.0011,2.0650,-0.5126,0.9199,0.9046,2
0.1944,4457.5517,29069910.3414,4457.5517,0.5672,248.1481,245.0501,3.0980,3.6023,0.0011,2.1331,-0.5088,0.9165,0.8650,2
0.1884,4447.1442,31479485.5304,4447.1442,0.5940,256.2047,253.1925,3.0122,3.5519,0.0012,2.0429,-0.4858,0.9008,0.8701,2
0.1998,3117.9201,30361260.6812,3117.9201,0.5899,247.5653,244.5135,3.0518,3.5227,0.0011,1.9670,-0.5455,0.9343,0.9072,2
0.1996,3861.7641,29629589.7029,3861.7641,0.5779,247.6589,244.6050,3.0538,3.5503,0.0011,2.0418,-0.5232,0.9257,0.8949,2
0.2283,2826.6296,26844088.5017,2826.6296,0.5945,238.5478,235.6776,2.8702,3.3398,0.0011,1.9710,-0.5484,0.9278,0.9163,2
0.1943,4814.0058,28472891.4557,4814.0058,0.5396,244.5127,241.3899,3.1227,3.6249,0.0010,2.2388,-0.5255,0.9249,1.0000,2
0.2247,2690.2632,28637818.5976,2690.2632,0.5989,244.0799,241.2132,2.8667,3.3476,0.0012,1.9479,-0.5318,0.9211,0.9388,2
0.2072,4246.0916,27956456.6925,4246.0916,0.5802,246.0682,243.0892,2.9790,3.4363,0.0011,2.0517,-0.5180,0.9139,0.8869,2
0.2432,2744.6881,24810895.6863,2744.6881,0.6146,233.0975,230.3175,2.7799,3.2774,0.0013,1.9042,-0.5319,0.9143,0.9242,2
0.2396,3261.9903,24319355.4339,3261.9903,0.6089,233.5107,230.7402,2.7706,3.2577,0.0013,1.9053,-0.4930,0.8890,0.8775,2
0.2018,4555.0916,27553797.2783,4555.0916,0.5855,243.8713,240.8912,2.9801,3.4475,0.0011,2.0033,-0.5015,0.9045,1.0000,2
0.2035,4222.9552,27967135.2783,4222.9552,0.5900,244.4094,241.4212,2.9882,3.4691,0.0011,2.0515,-0.4945,0.9031,0.8640,2
0.1931,4531.7524,30343757.4230,4531.7524,0.5806,252.9415,249.9080,3.0335,3.5368,0.0011,2.0199,-0.5048,0.9090,0.8720,2
0.1999,3726.7329,30846160.0513,3726.7329,0.5726,252.6004,249.5891,3.0113,3.5002,0.0011,2.0728,-0.5204,0.9168,1.0000,2
0.1729,5309.8168,31196349.6633,5309.8168,0.5275,254.1676,250.9260,3.2416,3.7565,0.0009,2.2672,-0.4966,0.9184,0.8566,2
0.2047,4175.5107,27281290.5096,4175.5107,0.5627,241.7797,238.6899,3.0899,3.5499,0.0011,2.1414,-0.5212,0.9197,0.8936,2
0.1896,4831.3704,29933052.7761,4831.3704,0.5633,251.3782,248.3142,3.0639,3.5884,0.0010,2.1594,-0.4827,0.9025,0.8628,2
0.2179,3428.6706,28022226.1398,3428.6706,0.6070,246.6511,243.8568,2.7943,3.3009,0.0012,1.9149,-0.4790,0.8830,0.8701,2
0.1882,4631.4113,30737655.8371,4631.4113,0.5588,254.6238,251.6073,3.0165,3.5494,0.0010,2.1583,-0.4855,0.8995,0.8690,2
0.1911,4028.8519,29670951.9648,4028.8519,0.5615,247.3899,244.2606,3.1292,3.6187,0.0010,2.1534,-0.5116,0.9214,0.9060,2
0.2086,3501.2320,28392608.4908,3501.2320,0.5774,243.8947,240.9009,2.9938,3.4701,0.0011,2.0461,-0.5243,0.9238,0.8835,2
0.2048,3786.2320,28804247.3347,3786.2320,0.5742,245.3665,242.3564,3.0101,3.5299,0.0010,2.1015,-0.5387,0.9280,0.7054,2
0.1862,4394.1267,30837688.4796,4394.1267,0.5634,252.1735,249.0622,3.1113,3.6201,0.0010,2.1680,-0.5089,0.9166,0.8536,2
0.1878,4906.6745,29924960.6936,4906.6745,0.5606,251.2671,248.1475,3.1196,3.6207,0.0010,2.1183,-0.4826,0.9020,0.9218,2
0.2267,2569.1228,27794971.3291,2569.1228,0.6109,243.1150,240.2377,2.8773,3.3374,0.0012,1.9024,-0.5323,0.9199,0.9054,2
0.1793,4581.6862,31713215.9137,4581.6862,0.5501,253.5107,250.2875,3.2233,3.7040,0.0010,2.2317,-0.5274,0.9308,0.8657,2
0.2139,3334.4288,27771364.9976,3334.4288,0.5907,242.1949,239.2865,2.9084,3.4147,0.0011,2.0016,-0.4984,0.9025,0.8610,2
0.1828,4943.3372,29159329.9224,4943.3372,0.5585,246.7135,243.5418,3.1716,3.6631,0.0010,2.1911,-0.5088,0.9182,0.8686,2
0.2193,3799.8382,26763564.7690,3799.8382,0.5975,241.3821,238.4600,2.9221,3.3715,0.0012,1.9656,-0.5179,0.9126,0.8928,2
0.2053,3943.8889,28747198.7280,3943.8889,0.6029,247.4873,244.5613,2.9261,3.4305,0.0012,1.9965,-0.5041,0.9092,0.8752,2
0.1902,4635.9864,30303112.8041,4635.9864,0.5775,254.4737,251.4551,3.0186,3.4909,0.0011,2.1003,-0.4760,0.8930,0.8669,2
0.1805,5163.7407,32257827.1334,5163.7407,0.5788,259.8616,256.8826,2.9790,3.5050,0.0011,2.0857,-0.4669,0.8832,0.8356,2
0.2325,3390.4405,25693096.1946,3390.4405,0.6315,238.7290,235.9827,2.7464,3.2208,0.0013,1.7933,-0.4966,0.8883,0.8587,2
0.2103,3970.0702,28686852.7249,3970.0702,0.5969,248.6082,245.6896,2.9186,3.4397,0.0012,2.0020,-0.4823,0.8898,0.8536,2
0.2268,3005.9844,26575430.2858,3005.9844,0.5881,239.0799,236.2567,2.8233,3.2932,0.0011,1.9806,-0.5017,0.9013,0.8794,2
0.2229,3311.4308,26923348.4542,3311.4308,0.5980,239.1891,236.3129,2.8762,3.3617,0.0012,1.9803,-0.5281,0.9203,0.8919,2
0.2102,3900.6589,27771787.7909,3900.6589,0.5751,244.9318,241.9845,2.9473,3.4509,0.0011,2.0858,-0.4876,0.9019,0.6271,2
0.1861,3989.3021,31549170.1958,3989.3021,0.5515,252.3587,249.3152,3.0435,3.6296,0.0010,2.1511,-0.4816,0.9053,0.8557,2
0.2129,3759.6979,28188255.9894,3759.6979,0.5919,248.1774,245.3542,2.8232,3.2991,0.0011,1.9685,-0.4691,0.8805,0.8821,2
0.1768,5603.6374,31799806.9095,5603.6374,0.5727,258.3938,255.3068,3.0870,3.5929,0.0010,2.0918,-0.4895,0.9068,0.8533,2
0.2226,3133.6920,26837717.3257,3133.6920,0.6075,237.6179,234.6536,2.9644,3.4260,0.0012,1.9356,-0.5439,0.9287,0.9397,2
0.1798,4885.0429,31191643.7008,4885.0429,0.5496,254.2398,251.0956,3.1442,3.6239,0.0010,2.1818,-0.4964,0.9119,0.8868,2
0.2083,3291.4639,29047675.1119,3291.4639,0.5714,245.8772,242.8946,2.9826,3.4987,0.0011,2.0995,-0.5134,0.9191,0.8993,2
0.1862,5125.6842,28931231.0735,5125.6842,0.5648,247.9571,244.8261,3.1310,3.6199,0.0011,2.1877,-0.5019,0.9116,0.8544,2
0.2048,4915.9415,26342109.7491,4915.9415,0.5618,240.5926,237.5851,3.0075,3.5250,0.0010,2.1475,-0.4942,0.9017,0.8643,3
0.1834,5894.2924,27997167.1490,5894.2924,0.5888,247.6803,244.6394,3.0409,3.5243,0.0011,2.0648,-0.4612,0.8815,0.8690,3
0.2264,4032.2573,24953587.4649,4032.2573,0.5833,235.4230,232.5589,2.8641,3.3631,0.0011,2.0368,-0.5046,0.9010,0.8903,3
0.2071,5598.3606,25348915.7165,5598.3606,0.5968,240.6686,237.7763,2.8923,3.3932,0.0012,2.0071,-0.4463,0.8619,0.8450,3
0.2086,4916.9298,26007719.8089,4916.9298,0.5716,240.6023,237.6514,2.9509,3.4452,0.0011,2.0918,-0.4802,0.8928,0.8736,3
0.1980,5043.7973,27688420.4104,5043.7973,0.5651,246.3626,243.3615,3.0011,3.5310,0.0010,2.1961,-0.4728,0.8877,0.8654,3
0.2069,5651.2865,25843491.2671,5651.2865,0.5737,241.7817,238.8329,2.9488,3.4292,0.0011,2.0973,-0.4885,0.8910,0.8852,3
0.1998,5310.4074,26293296.6826,5310.4074,0.5742,241.3197,238.3468,2.9729,3.5039,0.0011,2.1302,-0.4724,0.8870,0.8536,3
0.2202,3827.8772,25910144.4176,3827.8772,0.6117,239.7875,237.1097,2.6778,3.2106,0.0012,1.8752,-0.4552,0.8550,0.8312,3
0.2051,4028.7271,28726397.6827,4028.7271,0.5857,247.2378,244.3653,2.8726,3.4259,0.0011,1.9962,-0.4742,0.8867,0.8821,3
0.2171,4662.2281,25383614.7359,4662.2281,0.5764,237.7914,234.9071,2.8843,3.4406,0.0011,2.0472,-0.4572,0.8712,0.8446,3
0.2195,4043.8051,26769374.1837,4043.8051,0.6191,241.1189,238.2785,2.8404,3.3385,0.0012,1.9004,-0.4853,0.8863,0.8625,3
0.2140,3875.7934,26407885.9336,3875.7934,0.5945,239.3450,236.4192,2.9258,3.4024,0.0011,2.0019,-0.5056,0.9065,0.8747,3
0.2158,3865.6842,27363652.1386,3865.6842,0.5925,243.8674,240.9743,2.8931,3.3940,0.0011,2.0447,-0.4866,0.8930,0.8541,3
0.2672,2181.7485,22751384.1936,2181.7485,0.6631,226.5712,223.9989,2.5723,3.0404,0.0014,1.6709,-0.5123,0.8852,0.8913,3
0.2550,2820.1618,23421794.9313,2820.1618,0.6099,230.2904,227.6209,2.6696,3.1518,0.0012,1.8966,-0.4979,0.8855,0.9042,3
0.2175,4672.3821,25815584.7669,4672.3821,0.5824,239.9337,237.0599,2.8738,3.3791,0.0011,2.0647,-0.4940,0.8950,0.8360,3
0.2082,4137.3372,26842038.2257,4137.3372,0.5569,240.0975,237.1394,2.9581,3.5209,0.0010,2.2007,-0.4887,0.8974,0.8572,3
0.1961,5849.8791,26101750.3776,5849.8791,0.5509,239.4191,236.3313,3.0878,3.5855,0.0010,2.2517,-0.4878,0.9011,0.8360,3
0.2068,4693.7212,26696060.2745,4693.7212,0.5899,240.2203,237.2797,2.9406,3.4546,0.0011,2.0453,-0.4850,0.8950,0.6850,3
0.2051,4920.6023,26396930.4150,4920.6023,0.5738,241.5536,238.5357,3.0179,3.4646,0.0011,2.1574,-0.4992,0.9030,0.8555,3
0.2097,4513.4483,26074611.2431,4513.4483,0.5547,238.5322,235.5125,3.0197,3.5644,0.0010,2.2119,-0.4962,0.9093,0.8740,3
0.2246,4015.1832,25565917.3995,4015.1832,0.6070,238.0526,235.2023,2.8503,3.3608,0.0012,1.9432,-0.4874,0.8898,0.8737,3
0.2049,4740.8752,26509617.6755,4740.8752,0.5490,241.2963,238.3324,2.9639,3.4983,0.0010,2.2184,-0.5123,0.9106,0.9247,3
0.1894,4324.9259,29861074.7912,4324.9259,0.5431,250.3138,247.2776,3.0363,3.6081,0.0010,2.1865,-0.4783,0.8989,0.8671,3
0.2360,3966.4035,24237947.9161,3966.4035,0.6108,234.9259,232.1447,2.7812,3.2601,0.0012,1.9121,-0.4729,0.8719,0.8512,3
0.2021,5165.6881,27144980.5265,5165.6881,0.5881,245.4269,242.5025,2.9244,3.4078,0.0011,2.0653,-0.4841,0.8884,0.8617,3
0.2435,3219.6140,24253817.3084,3219.6140,0.6212,232.8733,230.1505,2.7228,3.2023,0.0012,1.8569,-0.4950,0.8891,0.8663,3
0.2207,4648.5205,24458067.6762,4648.5205,0.5942,234.7466,231.7882,2.9584,3.4526,0.0012,2.0517,-0.5011,0.9019,0.8750,3
0.1974,5654.3470,26243707.8639,5654.3470,0.5866,242.3782,239.4260,2.9522,3.3848,0.0011,2.0995,-0.4751,0.8790,0.8394,3
0.1963,5351.9688,26818894.2704,5351.9688,0.5827,241.0565,238.0056,3.0509,3.5539,0.0011,2.1024,-0.4924,0.9039,1.0000,3
0.2118,4390.0019,25943751.2919,4390.0019,0.5781,238.6686,235.6969,2.9717,3.4834,0.0011,2.0660,-0.4921,0.9006,0.8933,3
0.2083,4652.5380,25641062.2536,4652.5380,0.5787,236.4951,233.4869,3.0083,3.4984,0.0011,2.0760,-0.5053,0.9098,0.8641,3
0.2262,3455.9688,26271830.9851,3455.9688,0.5941,239.2476,236.3476,2.8999,3.4189,0.0012,1.9951,-0.5104,0.9082,0.8943,3
0.2014,4620.8889,25191886.0581,4620.8889,0.5653,233.7310,230.6947,3.0363,3.5343,0.0010,2.1419,-0.5174,0.9174,0.8444,3
0.2530,3275.3860,23066587.1758,3275.3860,0.6231,229.3860,226.6764,2.7095,3.1752,0.0013,1.8765,-0.5074,0.8968,0.8899,3
0.2066,5287.7485,25458990.8239,5287.7485,0.5512,238.2788,235.2466,3.0321,3.4965,0.0010,2.1993,-0.5049,0.9068,0.8404,3
0.2249,4366.9747,24479463.9162,4366.9747,0.5902,235.7154,232.8816,2.8338,3.3446,0.0011,2.0401,-0.4811,0.8853,0.8613,3
0.2285,4953.5380,22713954.9247,4953.5380,0.6020,230.4074,227.5910,2.8164,3.2937,0.0012,1.9730,-0.4750,0.8739,0.8255,3
0.2392,3306.1696,24069191.6231,3306.1696,0.6147,229.8733,226.9928,2.8805,3.3424,0.0012,1.9610,-0.5448,0.9233,0.8877,3
0.2320,3282.0409,25211600.5795,3282.0409,0.6140,234.4425,231.5457,2.8968,3.3072,0.0012,1.8891,-0.5427,0.9235,0.9039,3
0.2213,4434.9474,24617786.1643,4434.9474,0.5754,235.9688,233.1061,2.8627,3.3325,0.0011,2.0598,-0.4931,0.8931,0.8719,3
0.2049,5318.1501,26052374.1019,5318.1501,0.5826,240.9961,237.9550,3.0411,3.5014,0.0011,2.1041,-0.5043,0.9065,0.8902,3
0.1997,5119.2710,26040700.1337,5119.2710,0.5722,236.7057,233.6438,3.0619,3.5360,0.0011,2.1373,-0.5080,0.9108,0.8768,3
0.2450,2781.0858,24239972.4014,2781.0858,0.6013,229.2417,226.4228,2.8189,3.2765,0.0012,1.9898,-0.5519,0.9247,0.8909,3
0.2103,3858.3801,28764346.6382,3858.3801,0.5978,249.1481,246.2473,2.9008,3.4364,0.0012,2.0033,-0.4738,0.8846,0.8629,3
0.2304,4435.9064,24029791.0584,4435.9064,0.5931,233.7583,230.9161,2.8422,3.2879,0.0012,2.0088,-0.5062,0.8974,1.0000,3
0.2050,4069.7251,28289401.7661,4069.7251,0.5680,246.1774,243.1936,2.9837,3.4841,0.0011,2.1466,-0.5143,0.9130,0.8977,3
0.2118,4851.7057,25395584.3472,4851.7057,0.5865,236.6062,233.5573,3.0490,3.4883,0.0011,2.1417,-0.5276,0.9194,0.8840,3
0.2050,4398.6179,26491547.0569,4398.6179,0.5710,239.3938,236.4121,2.9816,3.4882,0.0011,2.1303,-0.5206,0.9143,0.8949,3
0.1779,5006.7310,31158791.0342,5006.7310,0.5460,252.7700,249.6268,3.1432,3.6887,0.0010,2.2202,-0.4913,0.9137,0.8662,4
0.1864,4257.9630,31562834.6288,4257.9630,0.5557,253.4873,250.4260,3.0614,3.5853,0.0010,2.1391,-0.4943,0.9134,0.8606,4
0.2142,3287.3665,28905515.1817,3287.3665,0.5921,247.2612,244.4546,2.8066,3.3600,0.0012,1.9237,-0.4851,0.8874,0.9036,4
0.1797,5163.5361,30856803.8764,5163.5361,0.5444,253.5478,250.4148,3.1330,3.6361,0.0010,2.2559,-0.4797,0.9070,0.8850,4
0.1864,4470.0390,31589932.5209,4470.0390,0.5662,257.2203,254.2377,2.9825,3.5552,0.0010,2.0816,-0.4553,0.8786,0.8451,4
0.1982,4075.3918,29551204.0133,4075.3918,0.5620,249.5517,246.5643,2.9874,3.5155,0.0010,2.1143,-0.4935,0.9033,0.8796,4
0.1881,4513.5224,29663556.4755,4513.5224,0.5544,250.0916,247.0507,3.0409,3.5602,0.0010,2.1484,-0.4843,0.9041,0.9058,4
0.1770,5331.3957,30726677.5576,5331.3957,0.5551,254.1442,251.0786,3.0657,3.5679,0.0010,2.1510,-0.4707,0.8888,0.8272,4
0.1872,5097.6101,29757411.9530,5097.6101,0.5864,252.3548,249.4089,2.9459,3.4546,0.0011,2.0205,-0.4405,0.8660,0.8301,4
0.1818,4839.0234,31634839.9302,4839.0234,0.5540,256.7583,253.6683,3.0900,3.5718,0.0010,2.1782,-0.4915,0.9064,0.8920,4
0.2288,3130.6940,26688470.9638,3130.6940,0.6134,241.9532,239.2314,2.7219,3.2253,0.0012,1.8887,-0.4886,0.8834,0.8997,4
0.2033,3974.6901,29282834.1263,3974.6901,0.5633,248.9162,245.9087,3.0074,3.4996,0.0010,2.1308,-0.5234,0.9198,0.8985,4
0.2032,3843.8090,29946188.1266,3843.8090,0.5715,250.6433,247.6567,2.9866,3.4970,0.0011,2.1148,-0.5045,0.9158,1.0000,4
0.1928,4476.9259,29198534.7261,4476.9259,0.5570,248.1501,245.0523,3.0978,3.6011,0.0010,2.2211,-0.5134,0.9207,0.8817,4
0.1751,5105.2768,32096242.2061,5105.2768,0.5433,257.1092,253.9946,3.1146,3.6292,0.0010,2.2053,-0.4917,0.9075,0.8520,4
0.1893,4877.9006,28612662.0126,4877.9006,0.5491,246.0058,242.8528,3.1531,3.6372,0.0010,2.2182,-0.5138,0.9222,0.8920,4
0.1979,3334.5458,30999045.1205,3334.5458,0.5586,250.0273,246.9328,3.0945,3.5809,0.0010,2.1947,-0.5360,0.9355,0.8881,4
0.2064,3092.2417,28932014.0404,3092.2417,0.5546,243.4425,240.3905,3.0520,3.5505,0.0010,2.1164,-0.5440,0.9367,0.9255,4
0.1778,4126.3275,32672791.4514,4126.3275,0.5277,254.7407,251.5889,3.1519,3.6913,0.0009,2.2824,-0.4899,0.9159,0.8952,4
0.1696,4943.5146,33929222.1260,4943.5146,0.5140,259.7680,256.4961,3.2719,3.7974,0.0009,2.3764,-0.5104,0.9282,0.8843,4
0.2548,2133.9844,23808057.9762,2133.9844,0.5901,228.6667,225.9812,2.6855,3.1825,0.0012,1.8936,-0.5482,0.9161,0.9170,4
0.2016,3298.9240,30701823.6346,3298.9240,0.5966,251.2242,248.2556,2.9686,3.4860,0.0012,1.9283,-0.5167,0.9202,0.9051,4
0.1878,3923.8246,30814973.4382,3923.8246,0.5615,250.3860,247.2732,3.1128,3.6240,0.0010,2.1480,-0.5235,0.9238,0.8915,4
0.1928,4872.8012,28745763.0159,4872.8012,0.5264,246.2437,243.1592,3.0844,3.5922,0.0009,2.3010,-0.5165,0.9209,0.8940,4
0.1682,5177.8363,32323627.8948,5177.8363,0.5223,255.0955,251.8406,3.2549,3.7744,0.0009,2.3575,-0.5020,0.9226,0.8874,4
0.1773,4755.8460,32635391.8727,4755.8460,0.5714,262.6374,259.6959,2.9415,3.5142,0.0011,2.0928,-0.4099,0.8399,0.7893,4
0.1832,4532.1092,31955100.2691,4532.1092,0.5628,256.4172,253.3982,3.0190,3.5836,0.0010,2.0552,-0.4608,0.8892,0.8692,4
0.1704,5567.9942,32777289.2942,5567.9942,0.5294,259.8850,256.7712,3.1138,3.6501,0.0009,2.2947,-0.4811,0.9064,0.8565,4
0.1737,5253.8265,29043827.6111,5253.8265,0.5759,247.7563,244.6728,3.0835,3.6105,0.0010,2.1354,-0.4745,0.8947,0.8610,4
0.1972,4594.4990,28561861.5238,4594.4990,0.5974,248.1832,245.2659,2.9173,3.4023,0.0012,2.0305,-0.4901,0.8948,0.8779,4
0.1935,3992.6179,31936459.3881,3992.6179,0.5928,258.9961,256.0744,2.9217,3.4573,0.0011,1.9560,-0.4739,0.8893,0.8801,4
0.2303,2303.5419,28062646.5547,2303.5419,0.6055,244.9298,242.1650,2.7649,3.2746,0.0012,1.8389,-0.5037,0.8922,0.9079,4
0.1899,4686.9337,30763818.9806,4686.9337,0.5791,254.1774,251.1489,3.0284,3.5397,0.0011,2.0652,-0.4929,0.9019,0.8545,4
0.1804,5198.9337,31594346.9839,5198.9337,0.5656,258.5010,255.4567,3.0443,3.5399,0.0010,2.0913,-0.4783,0.8945,0.8628,4
0.2104,3624.0019,28655776.6589,3624.0019,0.5910,247.5692,244.6844,2.8848,3.4189,0.0011,1.9916,-0.4756,0.8854,0.8692,4
0.1684,5447.1111,32067314.1903,5447.1111,0.5586,256.8460,253.6355,3.2105,3.7273,0.0010,2.1949,-0.4935,0.9139,0.8956,4
0.2085,3174.3060,30253534.7486,3174.3060,0.5881,249.7368,246.8252,2.9117,3.4489,0.0011,2.0367,-0.5092,0.9148,0.9027,4
0.2120,3608.0526,27339847.9279,3608.0526,0.5979,241.4600,238.5265,2.9335,3.4366,0.0011,1.9678,-0.5119,0.9126,0.8948,4
0.1862,3979.2164,32421919.8798,3979.2164,0.5581,256.9786,253.8787,3.0998,3.6128,0.0010,2.2040,-0.4968,0.9123,0.8649,4
0.1801,5123.3099,31059650.6387,5123.3099,0.5612,256.4639,253.4737,2.9903,3.5616,0.0010,2.1272,-0.4702,0.8916,0.8753,4
0.1965,3316.6530,32010927.4047,3316.6530,0.5705,255.5497,252.6127,2.9370,3.5211,0.0011,2.0407,-0.4718,0.8940,0.8779,4
0.1752,4493.8480,32850898.2512,4493.8480,0.5582,259.2359,256.1401,3.0958,3.6135,0.0010,2.1143,-0.5032,0.9136,0.8884,4
0.2053,3790.6550,29402332.3238,3790.6550,0.6009,249.7544,246.8543,2.9001,3.4073,0.0011,1.9106,-0.4829,0.8954,0.8909,4
0.2003,4572.2943,28388202.0280,4572.2943,0.5776,248.2943,245.3774,2.9170,3.4212,0.0011,2.1147,-0.4778,0.8889,0.8705,4
0.2104,3260.7602,28245091.9878,3260.7602,0.5863,244.4055,241.5334,2.8721,3.4094,0.0011,1.9453,-0.4822,0.8902,0.9139,4
0.2146,3076.4893,29006512.7524,3076.4893,0.5987,248.3879,245.5695,2.8184,3.2839,0.0011,1.9249,-0.5175,0.9069,0.9012,4
0.2158,3140.7037,28978738.5664,3140.7037,0.6019,247.8772,245.0267,2.8505,3.3699,0.0012,1.9254,-0.5104,0.9070,0.8875,4
0.1883,4693.5341,31454096.9266,4693.5341,0.5561,257.3782,254.3796,2.9986,3.5271,0.0010,2.2059,-0.4837,0.8986,0.8640,4
0.1652,4438.3977,34993430.7165,4438.3977,0.5412,261.2515,258.0100,3.2414,3.7707,0.0009,2.2604,-0.4979,0.9204,0.8818,4
0.1983,3573.5068,31187366.5305,3573.5068,0.5869,253.9396,250.9950,2.9446,3.4849,0.0011,1.9602,-0.4874,0.8998,0.8981,4
0.1528,5029.4659,36158220.3295,5029.4659,0.5202,263.0955,259.7219,3.3736,3.8764,0.0009,2.3278,-0.5093,0.9310,0.8786,5
0.1737,4201.3821,35734970.3532,4201.3821,0.5616,265.9318,262.8259,3.1059,3.6201,0.0010,2.1468,-0.4975,0.9157,0.8984,5
0.1657,5276.6296,34331971.7383,5276.6296,0.5458,264.8713,261.7820,3.0894,3.6742,0.0009,2.2414,-0.4463,0.8822,0.8686,5
0.1444,4786.9864,40483555.3994,4786.9864,0.5163,274.3977,271.0720,3.3257,3.8597,0.0009,2.3350,-0.5042,0.9259,0.8623,5
0.1804,3789.5692,33634894.1690,3789.5692,0.5880,257.8343,254.8057,3.0286,3.5541,0.0011,1.9884,-0.5032,0.9151,0.8966,5
0.1777,4156.5029,32771732.2811,4156.5029,0.5382,255.6452,252.4680,3.1772,3.7191,0.0009,2.2621,-0.5073,0.9237,0.8580,5
0.1825,3804.7368,33579799.0153,3804.7368,0.5286,258.2846,255.1375,3.1471,3.7109,0.0009,2.3003,-0.5033,0.9217,0.8863,5
0.1794,4439.0136,31439907.9859,4439.0136,0.5400,253.7661,250.5840,3.1820,3.6903,0.0009,2.3001,-0.5066,0.9222,0.8735,5
0.1727,3964.9805,34440322.0334,3964.9805,0.5164,259.9942,256.7870,3.2071,3.7958,0.0009,2.3758,-0.4967,0.9225,0.8499,5
0.1830,4165.7466,31409424.5147,4165.7466,0.5581,251.6764,248.5365,3.1399,3.6388,0.0010,2.1492,-0.5162,0.9256,0.8731,5
0.1730,4409.3938,34928103.8219,4409.3938,0.5439,263.3314,260.1773,3.1541,3.7276,0.0010,2.2660,-0.4856,0.9129,0.8760,5
0.2174,2131.8499,30782919.5351,2131.8499,0.5747,251.6199,248.8293,2.7906,3.3964,0.0011,1.9887,-0.5083,0.9066,0.9242,5
0.2081,2880.6530,29979006.2914,2880.6530,0.5727,246.1891,243.1790,3.0101,3.5498,0.0011,2.0938,-0.5320,0.9298,0.9271,5
0.1913,2823.5341,34571539.6664,2823.5341,0.5723,260.0292,256.9794,3.0499,3.5694,0.0011,2.0968,-0.5278,0.9296,0.9042,5
0.1860,3668.3567,32642634.3615,3668.3567,0.5474,256.2827,253.1756,3.1071,3.6451,0.0010,2.2270,-0.5008,0.9198,0.6149,5
0.2030,2348.3411,31371380.2682,2348.3411,0.5817,249.2456,246.1954,3.0502,3.5547,0.0011,2.0857,-0.5695,0.9470,0.9116,5
0.1876,3001.1326,33566304.6593,3001.1326,0.5514,256.4971,253.3963,3.1008,3.6577,0.0010,2.1720,-0.5094,0.9257,0.8839,5
0.2154,2865.7115,29609532.5874,2865.7115,0.6023,248.2846,245.3619,2.9227,3.4507,0.0012,1.9672,-0.5134,0.9159,0.7445,5
0.1962,3477.2982,30351655.1946,3477.2982,0.5647,248.6394,245.5394,3.0999,3.5900,0.0010,2.1168,-0.5336,0.9340,0.8898,5
0.1877,3089.7212,33394292.8503,3089.7212,0.5537,256.4854,253.3976,3.0878,3.6363,0.0010,2.1586,-0.5193,0.9299,0.8973,5
0.1979,2660.5400,32732299.8880,2660.5400,0.5735,254.6374,251.6076,3.0298,3.5639,0.0011,2.0288,-0.5462,0.9380,0.9206,5
0.1715,4603.5263,33949435.3736,4603.5263,0.5379,259.0975,255.8698,3.2276,3.7366,0.0009,2.2737,-0.5098,0.9259,0.8700,5
0.1787,4796.7349,32529661.8241,4796.7349,0.5496,258.1813,255.1290,3.0523,3.6263,0.0010,2.2311,-0.4734,0.8998,0.8123,5
0.1619,4336.0175,34606028.5000,4336.0175,0.5306,259.3704,256.0851,3.2853,3.8371,0.0009,2.3355,-0.5135,0.9328,0.8651,5
0.1526,5288.5419,36630059.4253,5288.5419,0.5090,266.2885,262.8956,3.3929,3.9185,0.0008,2.4028,-0.4999,0.9266,0.8443,5
0.1791,3610.3587,32529301.4805,3610.3587,0.5212,253.0292,249.7672,3.2620,3.7756,0.0009,2.3046,-0.5203,0.9364,0.8874,5
0.1620,4821.8187,34273756.1916,4821.8187,0.5356,260.0331,256.7638,3.2693,3.8039,0.0009,2.2696,-0.5044,0.9245,0.8793,5
0.2468,2733.7895,22757077.9307,2733.7895,0.6031,223.8986,221.0787,2.8199,3.2971,0.0012,1.9818,-0.5534,0.9265,0.9186,5
0.1588,4679.0312,36139330.1870,4679.0312,0.5203,264.1618,260.8748,3.2870,3.8499,0.0009,2.3456,-0.5069,0.9290,0.8811,5
0.2032,3013.9766,30570648.6435,3013.9766,0.5811,250.2339,247.2085,3.0254,3.5120,0.0011,2.0851,-0.5327,0.9279,0.6838,5
0.2335,1965.7251,26594452.5634,1965.7251,0.5979,236.0799,233.1824,2.8975,3.3984,0.0012,1.9700,-0.5677,0.9355,0.9495,5
0.1727,3675.6959,35374837.5722,3675.6959,0.5380,260.3158,257.0372,3.2786,3.7830,0.0009,2.2471,-0.5325,0.9409,0.8975,5
0.1572,5086.4327,35790956.8364,5086.4327,0.5017,263.7427,260.4131,3.3295,3.8846,0.0008,2.4804,-0.5105,0.9319,0.8516,5
0.1866,3101.9669,33951590.3760,3101.9669,0.5682,259.5497,256.4472,3.1025,3.5865,0.0010,2.1305,-0.5308,0.9280,0.9314,5
0.1671,3576.0916,36943706.4589,3576.0916,0.5430,264.3723,261.1397,3.2326,3.7398,0.0010,2.3164,-0.5401,0.9409,0.9088,5
0.1592,3972.1618,39245433.7076,3972.1618,0.5488,271.2495,268.0058,3.2437,3.8088,0.0010,2.1745,-0.4996,0.9246,0.8896,5
0.2263,3031.8752,25428254.1971,3031.8752,0.5905,233.5634,230.6660,2.8973,3.3840,0.0011,2.0436,-0.5203,0.9134,0.9108,5
0.1928,3825.3743,30317958.0664,3825.3743,0.5620,249.4834,246.3480,3.1354,3.6093,0.0010,2.1692,-0.5365,0.9346,0.8792,5
0.1828,3358.0526,34696369.9742,3358.0526,0.5329,261.9786,258.8877,3.0909,3.6367,0.0010,2.2193,-0.5076,0.9212,0.8841,5
0.2138,3137.3606,29409314.0460,3137.3606,0.5702,248.9903,246.0793,2.9110,3.4207,0.0011,2.0323,-0.5094,0.9104,0.8939,5
0.2321,3723.4639,25186721.9083,3723.4639,0.6037,237.0975,234.3491,2.7483,3.2971,0.0012,1.9768,-0.4780,0.8831,0.8832,5
0.2084,3075.5750,30045439.0411,3075.5750,0.5798,249.0409,246.0074,3.0335,3.4918,0.0011,2.0814,-0.5296,0.9277,0.9101,5
0.2173,2651.2807,28651484.8743,2651.2807,0.5848,244.3879,241.4765,2.9114,3.4304,0.0012,2.0069,-0.5032,0.9091,0.9013,5
0.1839,3811.1676,32065000.8757,3811.1676,0.5275,252.4308,249.2308,3.2000,3.7582,0.0009,2.2765,-0.5251,0.9341,0.8770,5
0.1776,4455.4366,32713494.6884,4455.4366,0.5333,254.8363,251.6257,3.2105,3.7461,0.0009,2.2763,-0.5344,0.9369,0.8879,5
0.1945,3427.5770,30819377.0151,3427.5770,0.5621,250.0253,246.9444,3.0809,3.5852,0.0010,2.1456,-0.5434,0.9328,0.9004,5
0.1623,5114.1462,35369855.1860,5114.1462,0.5533,264.6842,261.4914,3.1929,3.7391,0.0010,2.2186,-0.4748,0.9037,0.8378,5
0.2026,3288.5731,29223222.3314,3288.5731,0.5989,248.3392,245.4762,2.8629,3.3821,0.0011,1.9768,-0.5109,0.9101,0.9149,5
0.2194,2854.7934,28307746.8398,2854.7934,0.6218,244.8519,242.0124,2.8395,3.3603,0.0012,1.8398,-0.5098,0.9058,0.9186,5
0.1862,2879.4639,33425955.8436,2879.4639,0.5585,256.2554,253.1847,3.0706,3.6125,0.0010,2.1613,-0.5108,0.9246,0.8929,5
0.2147,4217.4912,21144213.8161,4217.4912,0.5114,216.1930,212.9329,3.2601,3.6455,0.0009,2.4964,-0.6117,0.9602,0.8974,6
0.2261,4695.3801,21444558.2555,4695.3801,0.5619,221.7622,218.7927,2.9694,3.4180,0.0011,2.1860,-0.5231,0.9112,0.8505,6
0.2487,3803.0175,21237797.2863,3803.0175,0.6004,220.2846,217.4553,2.8293,3.2905,0.0012,2.0720,-0.5242,0.9092,0.8688,6
0.2279,4580.3080,22829909.5093,4580.3080,0.5637,228.5029,225.5665,2.9364,3.4354,0.0011,2.2585,-0.5060,0.9056,0.9006,6
0.2354,4788.9571,21498049.4451,4788.9571,0.5807,223.8148,220.8733,2.9415,3.3749,0.0011,2.1820,-0.5194,0.9076,0.8862,6
0.2335,4584.1423,21940189.8020,4584.1423,0.5749,224.5283,221.5989,2.9294,3.4029,0.0011,2.1922,-0.5156,0.9068,0.8559,6
0.2510,3492.5731,21625059.5065,3492.5731,0.5983,222.5536,219.7841,2.7695,3.2007,0.0012,2.0393,-0.5174,0.9003,0.8838,6
0.2431,4032.5010,21814975.5484,4032.5010,0.5803,223.2807,220.4690,2.8117,3.3063,0.0011,2.1080,-0.5096,0.8979,0.7479,6
0.2468,4114.4444,21358677.2084,4114.4444,0.5983,221.9883,219.1769,2.8114,3.2989,0.0012,2.0731,-0.4885,0.8863,0.8573,6
0.2299,4938.3099,22179973.3649,4938.3099,0.5971,226.6959,223.7445,2.9514,3.3920,0.0012,2.1649,-0.5063,0.9004,0.8677,6
0.2300,5178.6160,22150777.2050,5178.6160,0.5843,227.1579,224.2546,2.9033,3.3694,0.0012,2.1396,-0.4803,0.8859,0.8507,6
0.2300,4742.1053,21930131.1138,4742.1053,0.5878,224.2339,221.3460,2.8879,3.3666,0.0011,2.1533,-0.5097,0.9033,0.8512,6
0.2083,5490.0975,23776891.2220,5490.0975,0.5617,231.4932,228.4582,3.0350,3.5183,0.0010,2.2750,-0.4911,0.8987,0.8499,6
0.2509,3994.9571,21765904.2551,3994.9571,0.5953,225.1520,222.3924,2.7596,3.2136,0.0012,2.0239,-0.5071,0.8911,0.8789,6
0.2337,4683.2281,22928598.5796,4683.2281,0.5968,230.6238,227.7821,2.8417,3.3412,0.0012,2.0527,-0.4808,0.8808,0.8548,6
0.2317,5279.9123,21995156.8439,5279.9123,0.5864,226.3957,223.4817,2.9140,3.3751,0.0011,2.1067,-0.4891,0.8913,0.8562,6
0.2047,6201.0175,23412078.1421,6201.0175,0.5542,232.9708,229.9529,3.0179,3.5294,0.0010,2.2701,-0.4844,0.8952,0.8550,6
0.2393,4404.3509,20583271.9267,4404.3509,0.5877,219.1774,216.3177,2.8597,3.3192,0.0011,2.0990,-0.4969,0.8935,0.8746,6
0.2262,4480.4542,23970128.4224,4480.4542,0.5795,230.6998,227.7723,2.9275,3.4217,0.0011,2.1156,-0.4979,0.9052,0.8638,6
0.2188,4882.6199,23409925.7245,4882.6199,0.5658,229.2788,226.2409,3.0378,3.4780,0.0011,2.2298,-0.5300,0.9190,0.8713,6
0.2226,5351.3411,22693437.4338,5351.3411,0.5618,229.6530,226.7480,2.9051,3.4068,0.0010,2.2006,-0.4720,0.8791,0.8063,6
0.2317,4703.9766,22808204.6260,4703.9766,0.5968,228.3821,225.4797,2.9024,3.3681,0.0012,2.0116,-0.5033,0.9014,1.0000,6
0.2299,5109.0955,22045069.6241,5109.0955,0.5729,226.8382,223.9091,2.9291,3.3970,0.0011,2.2036,-0.5260,0.9114,0.8699,6
0.2394,3680.0292,23634501.5970,3680.0292,0.5968,230.5166,227.6813,2.8353,3.2883,0.0012,2.0328,-0.5111,0.9018,0.8834,6
0.2373,4774.6998,22290673.2868,4774.6998,0.5864,225.7641,222.9086,2.8555,3.3463,0.0012,2.1052,-0.4990,0.8939,0.8704,6
0.2299,4365.2632,23333918.5097,4365.2632,0.5891,230.1014,227.1968,2.9045,3.3868,0.0012,2.0873,-0.5009,0.9003,0.8591,6
0.2431,4482.9493,22031154.6323,4482.9493,0.6035,226.2943,223.4762,2.8182,3.2833,0.0012,2.0019,-0.4981,0.8922,0.8625,6
0.2449,3847.4327,22544263.1652,3847.4327,0.6015,226.9259,224.1096,2.8163,3.3045,0.0012,2.0020,-0.5117,0.9005,0.8934,6
0.2151,5038.8986,23631488.4322,5038.8986,0.5625,231.3821,228.2954,3.0867,3.5218,0.0011,2.2583,-0.5324,0.9223,0.8594,6
0.2224,5541.8830,21579669.8736,5541.8830,0.5748,224.8577,221.8524,3.0053,3.4696,0.0011,2.2759,-0.5015,0.9033,0.8636,6
0.2153,4907.8674,24290225.6834,4907.8674,0.5675,233.4620,230.4752,2.9868,3.4836,0.0011,2.1899,-0.5137,0.9121,0.8815,6
0.2245,4792.1988,24069520.3331,4792.1988,0.5721,233.3879,230.4963,2.8916,3.4016,0.0011,2.1596,-0.4890,0.8940,0.8654,6
0.2829,2740.9513,20141850.4051,2740.9513,0.6444,216.7797,214.2105,2.5692,3.0288,0.0014,1.8232,-0.5223,0.8888,0.9072,6
0.2335,5206.2924,20918840.3074,5206.2924,0.6003,220.5887,217.6521,2.9366,3.3930,0.0012,2.0814,-0.5109,0.9034,0.8533,6
0.2172,5024.4288,23744492.8621,5024.4288,0.5698,232.3392,229.4033,2.9358,3.4284,0.0011,2.1839,-0.4850,0.8886,0.8578,6
0.2355,4951.0195,21609285.5353,4951.0195,0.5811,223.6823,220.8141,2.8682,3.3448,0.0011,2.1015,-0.4990,0.8947,0.8662,6
0.2393,4641.7953,21604383.3864,4641.7953,0.5934,224.1267,221.2572,2.8695,3.3119,0.0011,2.0956,-0.5125,0.8996,0.8817,6
0.2299,4596.1891,22609030.8193,4596.1891,0.5821,226.9922,224.0607,2.9315,3.3954,0.0011,2.1465,-0.5305,0.9154,0.8612,6
0.2704,2866.7135,20366479.3958,2866.7135,0.6271,215.7778,213.0412,2.7365,3.1647,0.0013,1.8864,-0.5463,0.9128,0.8909,6
0.2224,5460.9415,21275886.1610,5460.9415,0.5604,222.7778,219.7515,3.0262,3.4659,0.0011,2.2962,-0.5070,0.9073,0.8244,6
0.2525,4437.8265,19761571.6532,4437.8265,0.5824,216.5439,213.6930,2.8509,3.2765,0.0011,2.1738,-0.5335,0.9103,0.8677,6
0.2413,4138.2846,21259046.2030,4138.2846,0.5924,221.7271,218.9341,2.7930,3.2939,0.0012,2.0540,-0.4931,0.8842,0.8696,6
0.2409,4176.1598,21944671.6272,4176.1598,0.6019,223.8947,220.9810,2.9137,3.3682,0.0012,2.0230,-0.5184,0.9083,0.8759,6
0.2488,4332.9708,20657737.7628,4332.9708,0.6105,219.9103,217.0890,2.8213,3.2611,0.0012,1.9907,-0.5077,0.8949,0.8635,6
0.2171,5389.4990,23071758.3114,5389.4990,0.5679,228.3723,225.4133,2.9590,3.4697,0.0011,2.2118,-0.5058,0.9062,0.8645,6
0.2374,5411.7057,20110538.1734,5411.7057,0.5992,219.3470,216.4292,2.9178,3.3366,0.0012,2.0925,-0.5125,0.9004,1.0000,6
0.2206,4712.9766,23219316.6966,4712.9766,0.5593,228.8207,225.7772,3.0435,3.4666,0.0010,2.2343,-0.5332,0.9209,0.8177,6
0.2429,3911.2008,22124789.8269,3911.2008,0.5955,224.5653,221.6873,2.8780,3.3562,0.0012,2.0627,-0.5413,0.9210,0.8954,6
0.2260,4462.8187,23225428.2200,4462.8187,0.5848,228.5224,225.5262,2.9962,3.4467,0.0011,2.1475,-0.5241,0.9147,0.8666,6
0.2045,5812.3275,23013372.1536,5812.3275,0.5490,229.4074,226.2857,3.1217,3.5842,0.0010,2.3206,-0.5120,0.9151,0.8805,6
0.2189,4867.3567,23414284.5740,4867.3567,0.5586,230.4912,227.5547,2.9365,3.4583,0.0010,2.2179,-0.4875,0.8924,0.8510,7
0.2225,4032.9532,25455635.7229,4032.9532,0.5798,236.0331,233.1052,2.9279,3.4345,0.0011,2.0931,-0.5172,0.9102,0.9067,7
0.2088,5640.1715,25306112.4718,5640.1715,0.5738,240.8928,237.9875,2.9052,3.4193,0.0011,2.1370,-0.4643,0.8735,0.8476,7
0.2280,3494.8226,25401813.3715,3494.8226,0.5797,235.4347,232.5097,2.9250,3.4099,0.0011,2.1227,-0.5286,0.9158,0.8780,7
0.2135,4341.7485,26397409.8827,4341.7485,0.5760,240.3606,237.3380,3.0227,3.4875,0.0011,2.0689,-0.5152,0.9150,0.7160,7
0.2279,4601.2456,22965435.9854,4601.2456,0.5877,228.6920,225.7283,2.9637,3.4242,0.0011,2.1258,-0.5267,0.9141,0.8848,7
0.2411,2497.4639,24779631.0206,2497.4639,0.5933,232.2398,229.4309,2.8089,3.3141,0.0012,1.9776,-0.5293,0.9128,0.9111,7
0.2392,3316.1423,23904359.7424,3316.1423,0.5857,230.6452,227.8142,2.8310,3.3214,0.0011,2.0465,-0.5002,0.9026,0.8785,7
0.2375,4007.8051,23651163.0890,4007.8051,0.5928,231.9415,229.1388,2.8027,3.3054,0.0012,2.0314,-0.5006,0.8999,0.8740,7
0.2156,4681.0604,26048567.2653,4681.0604,0.5777,240.4366,237.5410,2.8957,3.4105,0.0011,2.0830,-0.4905,0.8912,0.8999,7
0.2046,4781.8889,26321328.7481,4781.8889,0.5731,238.4347,235.3542,3.0805,3.5749,0.0011,2.1735,-0.5156,0.9195,0.9123,7
0.2047,4611.3450,26175389.3430,4611.3450,0.5549,238.3626,235.2987,3.0639,3.5438,0.0010,2.2281,-0.5172,0.9163,0.8738,7
0.2374,3884.6374,22512692.9056,3884.6374,0.5972,225.9162,223.0137,2.9024,3.3375,0.0012,1.9449,-0.5249,0.9147,0.8759,7
0.2100,5081.3743,24992878.1012,5081.3743,0.5688,236.8947,233.8640,3.0307,3.4944,0.0011,2.1916,-0.4967,0.9043,0.8547,7
0.2707,2882.3801,20659152.8597,2882.3801,0.6256,216.7778,214.1176,2.6602,3.1044,0.0013,1.8649,-0.5299,0.9047,0.8928,7
0.2280,3769.7290,23538314.2085,3769.7290,0.5708,227.2729,224.3385,2.9344,3.4241,0.0011,2.1181,-0.5314,0.9222,0.9086,7
0.2083,4894.4172,25535763.9686,4894.4172,0.5674,236.7563,233.7159,3.0404,3.4994,0.0011,2.2035,-0.5198,0.9156,0.8817,7
0.2084,5900.2222,23292536.6166,5900.2222,0.5871,231.4191,228.3969,3.0222,3.4759,0.0012,2.1352,-0.4974,0.8999,0.8739,7
0.2100,4990.4678,24361403.1444,4990.4678,0.5620,234.0546,231.0188,3.0357,3.5063,0.0011,2.1922,-0.5206,0.9152,0.9049,7
0.2300,4060.6238,24389404.6606,4060.6238,0.5808,232.7251,229.8508,2.8743,3.3621,0.0011,2.1134,-0.5091,0.9082,0.9174,7
0.2064,4963.7992,25428671.7834,4963.7992,0.5712,236.8363,233.7474,3.0889,3.5547,0.0011,2.2385,-0.5188,0.9199,0.8689,7
0.2208,4061.8850,24404527.0969,4061.8850,0.5845,231.9396,229.0428,2.8968,3.4153,0.0011,2.0950,-0.5039,0.9022,0.9329,7
0.2449,3538.1735,22976794.9940,3538.1735,0.6049,226.8791,224.0346,2.8445,3.2919,0.0012,1.9372,-0.5274,0.9124,0.8910,7
0.2046,4650.8324,26099654.6359,4650.8324,0.5502,237.7212,234.5977,3.1236,3.5681,0.0010,2.2609,-0.5362,0.9278,0.8569,7
0.2136,5163.4464,24799516.4324,5163.4464,0.5733,236.2300,233.2857,2.9443,3.4521,0.0011,2.1094,-0.4954,0.8970,0.8455,7
0.1977,2544.4737,32711807.6901,2544.4737,0.5656,253.3080,250.2457,3.0623,3.5993,0.0011,2.0723,-0.5250,0.9285,0.9055,7
0.2228,4472.6511,23487251.5707,4472.6511,0.5989,228.8928,225.9432,2.9495,3.3909,0.0012,2.0342,-0.5153,0.9096,0.8539,7
0.2338,4378.9903,22734188.7949,4378.9903,0.5859,228.4016,225.5536,2.8480,3.3244,0.0011,2.0882,-0.4916,0.8965,0.8741,7
0.1960,5705.8207,26168639.6438,5705.8207,0.5365,239.9532,236.8369,3.1164,3.6095,0.0010,2.2779,-0.5126,0.9177,0.8558,7
0.2228,3939.9532,25384010.3858,3939.9532,0.5874,236.5536,233.6858,2.8678,3.3722,0.0012,2.0490,-0.4800,0.8893,0.8764,7
0.2048,5136.6491,25292586.6936,5136.6491,0.5655,237.2339,234.1724,3.0615,3.5186,0.0011,2.1687,-0.5264,0.9204,0.9472,7
0.2190,5161.7115,23880245.5890,5161.7115,0.5764,232.5146,229.5337,2.9809,3.4360,0.0011,2.1389,-0.5019,0.9047,0.8627,7
0.2030,4804.1053,25287277.1200,4804.1053,0.5686,236.1871,233.1988,2.9883,3.5323,0.0011,2.1707,-0.4747,0.8909,0.8153,7
0.2355,3215.5965,25251232.8317,3215.5965,0.6035,234.1774,231.3094,2.8680,3.3536,0.0012,1.9926,-0.5119,0.9088,0.8794,7
0.2228,4224.1618,24169006.4072,4224.1618,0.5812,231.7329,228.8315,2.9014,3.3927,0.0011,2.1330,-0.5173,0.9094,0.8703,7
0.2281,3404.7758,24971771.6901,3404.7758,0.5966,231.4230,228.5134,2.9096,3.3690,0.0012,1.9838,-0.5336,0.9214,0.9031,7
0.2337,4107.6647,23901143.9337,4107.6647,0.5971,232.5185,229.6013,2.9172,3.3489,0.0012,2.0705,-0.5205,0.9133,0.8786,7
0.2357,3685.7212,23439229.1061,3685.7212,0.5925,230.6569,227.8570,2.7999,3.3023,0.0012,2.0433,-0.4824,0.8849,0.8834,7
0.2355,3176.0312,24834101.9767,3176.0312,0.5856,232.2222,229.3600,2.8622,3.3536,0.0011,2.0088,-0.5130,0.9109,0.8836,7
0.2280,4485.1735,23809926.4477,4485.1735,0.5722,232.6316,229.7273,2.9042,3.3940,0.0011,2.1069,-0.5101,0.9045,0.8595,7
0.2172,4620.5906,25425929.3365,4620.5906,0.5628,236.2320,233.2433,2.9887,3.4421,0.0011,2.1398,-0.5126,0.9160,0.8863,7
0.2119,4540.2242,26341796.2711,4540.2242,0.5781,240.8635,237.9178,2.9458,3.4511,0.0011,2.0657,-0.4907,0.8998,0.8727,7
0.2031,4375.7115,28400132.2672,4375.7115,0.5668,245.6335,242.5646,3.0689,3.5365,0.0011,2.1560,-0.5294,0.9219,0.8810,7
0.2243,3429.9961,21699222.6163,3429.9961,0.5786,218.6355,215.7469,2.8886,3.4367,0.0011,2.0577,-0.4981,0.9045,0.8543,7
0.1527,4366.8596,26812672.2464,4366.8596,0.5251,229.9552,226.6184,3.3368,3.8991,0.0009,2.2930,-0.4946,0.9241,0.8559,7
0.2120,3847.6862,18313786.7135,3847.6862,0.5931,202.4191,199.4862,2.9329,3.4475,0.0011,2.0006,-0.5070,0.9052,0.7480,7
0.2266,3400.1949,17355561.1283,3400.1949,0.6150,198.8772,196.0462,2.8310,3.3295,0.0012,1.9562,-0.5031,0.8950,0.8709,7
0.1980,3862.7115,19370881.8390,3862.7115,0.5785,205.7329,202.7562,2.9767,3.5390,0.0011,2.0798,-0.4783,0.8926,0.8130,7
0.1984,4241.8070,18743217.9489,4241.8070,0.6049,206.3528,203.4097,2.9431,3.4538,0.0011,2.0056,-0.4644,0.8765,0.8155,7
0.2140,3817.2164,18995187.8542,3817.2164,0.5993,206.8850,204.0316,2.8533,3.3850,0.0011,1.9360,-0.4946,0.8934,0.8872,7
