0.1088,12526.2500,33602124.1563,12526.2500,0.3405,271.6500,268.9276,2.7224,2.9088,0.0005,2.5491,-0.6468,0.9617,0.7106,1
0.2637,6030.0250,19533067.0486,6030.0250,0.6196,225.6750,223.6919,1.9831,2.1564,0.0014,1.6155,-0.5821,0.8675,0.9032,1
0.1950,9546.2000,22038160.3879,9546.2000,0.5160,238.3000,235.8846,2.4154,2.4848,0.0009,2.0070,-0.6257,0.9276,0.9108,1
0.1962,8127.7750,23753942.8528,8127.7750,0.5037,243.3250,240.9096,2.4154,2.4501,0.0010,2.0346,-0.6653,0.9375,0.2680,1
0.2400,8643.5250,18496180.4495,8643.5250,0.5698,223.8250,221.6518,2.1732,2.2556,0.0012,1.8002,-0.5669,0.8835,0.9399,1
0.1950,7167.3750,24940870.8207,7167.3750,0.4727,244.8250,242.4789,2.3461,2.4848,0.0009,1.9257,-0.6645,0.9385,1.0000,1
0.1950,9645.3000,22271865.8489,9645.3000,0.4710,239.9000,237.5885,2.3115,2.4848,0.0009,2.1110,-0.6115,0.9211,0.4592,1
0.1763,10898.1750,23744771.9906,10898.1750,0.4795,246.1250,243.6969,2.4281,2.5452,0.0009,2.0632,-0.6282,0.9355,0.9456,1
0.1562,8853.4000,23680089.5552,8853.4000,0.4654,235.7000,233.2477,2.4523,2.6734,0.0007,2.2071,-0.5868,0.9207,0.5540,1
0.1763,6914.7250,26219469.9870,6914.7250,0.5895,241.8750,239.4469,2.4281,2.5452,0.0012,1.8826,-0.6318,0.9336,0.6843,1
0.2163,8052.2750,21851728.2286,8052.2750,0.5194,234.2250,231.9754,2.2496,2.3882,0.0010,2.0215,-0.6345,0.9332,0.4758,1
0.1575,7447.7000,30110982.9546,7447.7000,0.4483,249.8000,247.1960,2.6040,2.6387,0.0007,2.2165,-0.7640,0.9719,0.4744,1
0.1775,10960.3250,22746227.7632,10960.3250,0.4687,243.2250,240.8531,2.3719,2.5105,0.0009,2.2149,-0.5985,0.9246,0.8732,1
0.1750,6857.4250,26001111.4004,6857.4250,0.4559,238.9250,236.4969,2.4281,2.5798,0.0008,2.1707,-0.6719,0.9523,0.0139,1
0.2387,6834.2500,20638716.8804,6834.2500,0.5478,227.3500,225.1290,2.2210,2.2903,0.0010,2.0393,-0.7041,0.9457,0.6389,1
0.1750,11870.7500,21001411.3178,11870.7500,0.4967,236.9500,234.5434,2.4066,2.5798,0.0008,2.2143,-0.6098,0.9289,0.0216,1
0.1763,7962.4250,28169829.4416,7962.4250,0.4833,255.7750,253.3469,2.4281,2.5452,0.0008,2.1552,-0.6743,0.9472,0.9110,1
0.1563,9544.9250,29165003.0089,9544.9250,0.4414,258.9750,256.3710,2.6040,2.6734,0.0007,2.2548,-0.7257,0.9626,0.4765,1
0.1250,10451.1500,28833352.1930,10451.1500,0.4166,253.1500,250.5635,2.5865,2.7860,0.0007,2.2034,-0.6168,0.9439,0.7959,1
0.2163,8652.1500,21301595.7362,8652.1500,0.5077,234.1000,231.8158,2.2842,2.3882,0.0009,2.0155,-0.6134,0.9192,0.6348,1
0.1763,10501.3000,23820118.4499,10501.3000,0.4990,245.7000,243.2934,2.4066,2.5452,0.0009,2.1541,-0.6085,0.9278,0.9731,1
0.1763,7483.1500,29133744.5172,7483.1500,0.4938,258.5000,256.0719,2.4281,2.5452,0.0009,2.0007,-0.6998,0.9545,0.9297,1
0.2163,7017.3000,21820477.5128,7017.3000,0.4931,229.5000,227.2982,2.2018,2.3882,0.0009,2.0155,-0.6427,0.9314,0.4792,1
0.1775,10898.2250,23139528.2502,10898.2250,0.5224,247.4750,245.1378,2.3372,2.5105,0.0010,2.0215,-0.5501,0.8966,0.7709,1
0.1763,10374.9500,23451406.0248,10374.9500,0.4586,243.3000,240.8588,2.4412,2.5452,0.0008,2.1467,-0.6207,0.9371,0.0160,1
0.2387,5586.3500,22880032.0040,5586.3500,0.5335,236.6000,234.4961,2.1039,2.2903,0.0010,2.0524,-0.6885,0.9332,0.7951,1
0.1400,12396.5250,25423107.8936,12396.5250,0.3949,253.2250,250.6677,2.5573,2.7306,0.0006,2.4402,-0.5705,0.9225,0.0414,1
0.1750,10498.8000,24121537.3379,10498.8000,0.4863,246.1500,243.6741,2.4759,2.5798,0.0008,2.2160,-0.6243,0.9398,0.0160,1
0.1950,12440.4750,18351148.4547,12440.4750,0.4701,224.3750,221.9942,2.3808,2.4848,0.0009,2.1672,-0.6399,0.9272,0.7310,1
0.2387,7190.3750,19900306.9813,7190.3750,0.5476,226.3750,224.1540,2.2210,2.2903,0.0010,1.9999,-0.6239,0.9148,0.9645,1
0.2175,7989.0000,21407788.8693,7989.0000,0.5158,232.0000,229.7504,2.2496,2.3536,0.0010,2.0346,-0.6670,0.9419,0.4792,1
0.1962,9366.1750,22208105.5991,9366.1750,0.5190,239.4750,237.0942,2.3808,2.4501,0.0009,1.9876,-0.6234,0.9257,0.9296,1
0.2412,7208.7250,18335904.8301,7208.7250,0.5707,216.1250,213.9387,2.1863,2.2210,0.0012,1.8348,-0.6082,0.9069,0.6433,1
0.1962,8126.0250,19595156.4973,8126.0250,0.4546,220.2750,217.9289,2.3461,2.4501,0.0008,2.1450,-0.6217,0.9295,1.0000,1
0.2387,5545.1500,23858538.2038,5545.1500,0.5548,233.9000,231.7961,2.1039,2.2903,0.0010,1.9700,-0.7921,0.9650,1.0000,1
0.2387,5823.6500,20733691.0687,5823.6500,0.5292,224.1000,221.9268,2.1732,2.2903,0.0010,2.0346,-0.6330,0.9192,0.9654,1
0.2387,7379.9750,20821956.2799,7379.9750,0.5310,229.8750,227.6887,2.1863,2.2903,0.0011,1.9484,-0.6643,0.9360,0.7628,1
0.2163,9183.0000,18500720.0106,9183.0000,0.5070,223.6500,221.4351,2.2149,2.3882,0.0009,2.0286,-0.5864,0.9042,0.9359,1
0.1750,6611.7250,30353210.7175,6611.7250,0.4266,257.5750,255.0991,2.4759,2.5798,0.0007,2.3111,-0.7206,0.9672,0.4762,1
0.2175,6726.5000,23164517.7670,6726.5000,0.5342,236.3500,234.0311,2.3189,2.3536,0.0010,2.0524,-0.6995,0.9494,0.0955,1
0.2163,5221.4500,26266874.6374,5221.4500,0.5138,245.7500,243.5004,2.2496,2.3882,0.0010,1.9999,-0.7270,0.9527,1.0000,1
0.1975,9530.3000,22410543.3141,9530.3000,0.5177,241.0500,238.7039,2.3461,2.4154,0.0010,2.0692,-0.6023,0.9132,1.0000,1
0.1763,10600.0000,22630260.1171,10600.0000,0.4477,240.8500,238.4565,2.3935,2.5452,0.0007,2.2202,-0.6713,0.9445,0.4470,1
0.2163,5420.7250,24844245.8879,5420.7250,0.5395,233.3250,230.9714,2.3536,2.3882,0.0011,1.9222,-0.7517,0.9615,0.4752,1
0.2175,5681.3500,24577259.4523,5681.3500,0.5084,234.7000,232.3464,2.3536,2.3536,0.0010,2.0346,-0.7329,0.9514,0.4773,1
0.1763,10492.2500,23648787.8856,10492.2500,0.4848,246.2500,243.8434,2.4066,2.5452,0.0008,2.1594,-0.5919,0.9192,0.4789,1
0.1950,11862.4250,17117927.2492,11862.4250,0.4655,223.2250,220.8789,2.3461,2.4848,0.0009,2.0979,-0.4830,0.8411,0.6876,1
0.1950,12154.6000,17626733.7596,12154.6000,0.5339,226.0500,223.7039,2.3461,2.4848,0.0010,2.0046,-0.4913,0.8531,0.7740,1
0.1750,10046.2750,23950096.2422,10046.2750,0.4404,244.0250,241.5838,2.4412,2.5798,0.0007,2.2895,-0.6265,0.9414,0.8677,1
0.2175,7133.0500,23843817.0538,7133.0500,0.5244,241.2000,238.9851,2.2149,2.3536,0.0010,1.9868,-0.6830,0.9403,0.7301,1
0.2387,4098.1000,24705029.0423,4098.1000,0.5103,238.4000,236.2484,2.1516,2.2903,0.0010,2.1039,-0.7706,0.9588,0.4773,2
0.1950,9555.2500,22176856.6521,9555.2500,0.4918,240.4000,238.0539,2.3461,2.4848,0.0008,2.0643,-0.6036,0.9143,0.8952,2
0.2188,8641.8750,21623320.7067,8641.8750,0.5132,237.3250,235.0408,2.2842,2.3189,0.0009,1.9331,-0.5867,0.9021,0.9573,2
0.2387,5469.6000,23082549.3904,5469.6000,0.5470,234.2500,231.9944,2.2556,2.2903,0.0011,1.9222,-0.7763,0.9626,0.0000,2
0.2637,4489.2250,21620193.1601,4489.2250,0.6049,229.6250,227.6073,2.0177,2.1564,0.0012,1.7854,-0.7327,0.9371,0.3008,2
0.2175,5671.0500,23805596.0207,5671.0500,0.4976,235.1500,232.9135,2.2365,2.3536,0.0009,2.0286,-0.6689,0.9413,0.1598,2
0.1775,10777.3750,23254217.3942,10777.3750,0.4408,245.2250,242.9139,2.3111,2.5105,0.0007,2.2764,-0.6083,0.9246,0.9281,2
0.1587,12613.8750,23533539.1365,12613.8750,0.4013,240.8250,238.3380,2.4870,2.6040,0.0007,2.1688,-0.6774,0.9512,1.0000,2
0.1763,8098.0500,27104222.7039,8098.0500,0.4753,254.0000,251.5372,2.4628,2.5452,0.0009,2.0632,-0.6623,0.9384,0.4144,2
0.1750,12604.0750,23184328.7708,12604.0750,0.4571,239.2750,236.7298,2.5452,2.5798,0.0008,2.2075,-0.6719,0.9523,0.1205,2
0.2175,9357.4750,19523179.1515,9357.4750,0.5490,228.0250,225.7754,2.2496,2.3536,0.0011,1.9353,-0.6251,0.9166,0.9499,2
0.1563,10595.1250,25464301.8999,10595.1250,0.4289,247.9250,245.2863,2.6387,2.6734,0.0007,2.4066,-0.6218,0.9429,0.4926,2
0.2400,5987.6250,19207583.9396,5987.6250,0.5836,212.2250,210.0734,2.1516,2.2556,0.0012,1.7524,-0.6100,0.8978,0.9254,2
0.2387,6951.6000,20124604.3040,6951.6000,0.5047,226.3000,224.1614,2.1386,2.2903,0.0010,1.9653,-0.6499,0.9278,0.9470,2
0.2875,4507.3500,18437945.4270,4507.3500,0.5945,214.5500,212.5288,2.0212,2.0905,0.0013,1.7547,-0.7724,0.9443,0.2349,2
0.1962,8425.3750,24767599.3611,8425.3750,0.5026,246.6250,244.2226,2.4024,2.4501,0.0010,1.9151,-0.6831,0.9420,0.9484,2
0.2387,5572.9250,22374203.2935,5572.9250,0.5512,233.6750,231.4540,2.2210,2.2903,0.0011,1.9569,-0.6959,0.9393,0.8903,2
0.1950,8311.2750,25238734.0483,8311.2750,0.5205,246.1250,243.8266,2.2984,2.4848,0.0010,2.0346,-0.6755,0.9372,0.0083,2
0.1750,9480.6250,25827368.4605,9480.6250,0.4818,252.1750,249.6645,2.5105,2.5798,0.0008,2.1446,-0.6080,0.9276,0.8952,2
0.1763,6612.5750,31337457.1348,6612.5750,0.4711,261.9250,259.5662,2.3588,2.5452,0.0008,2.1683,-0.7575,0.9659,0.0118,2
0.1575,9596.9750,29555159.6978,9596.9750,0.4270,263.1750,260.6880,2.4870,2.6387,0.0007,2.1725,-0.6320,0.9396,0.9373,2
0.1950,7891.8250,24892283.3979,7891.8250,0.4772,244.3250,241.9096,2.4154,2.4848,0.0008,2.2984,-0.7232,0.9565,0.8830,2
0.1400,10914.4000,26982679.7236,10914.4000,0.4369,247.2000,244.6081,2.5919,2.7306,0.0006,2.2044,-0.6101,0.9351,0.9202,2
0.2888,5990.7000,16955420.4146,5990.7000,0.5841,212.3000,210.3481,1.9519,2.0558,0.0013,1.6985,-0.6410,0.8913,0.9226,2
0.1575,9836.1000,30306463.5010,9836.1000,0.4445,264.7000,262.1784,2.5216,2.6387,0.0008,2.1251,-0.6773,0.9542,0.9496,2
0.1950,7176.0000,27248780.6265,7176.0000,0.5455,252.2500,249.7999,2.4501,2.4848,0.0011,1.9484,-0.6860,0.9493,0.8140,2
0.1750,9871.7500,24534417.2451,9871.7500,0.4608,246.3000,243.7895,2.5105,2.5798,0.0007,2.2418,-0.6478,0.9427,0.7593,2
0.1587,9809.3000,27968454.4447,9809.3000,0.4751,261.0500,258.5977,2.4523,2.6040,0.0009,2.1194,-0.6208,0.9097,0.5968,2
0.1575,9064.2000,27902136.4722,9064.2000,0.4731,249.3000,246.6960,2.6040,2.6387,0.0008,2.1944,-0.6592,0.9446,0.0179,2
0.1412,11153.2750,29629009.3964,11153.2750,0.4878,258.9750,256.3484,2.6266,2.6959,0.0008,2.1683,-0.6289,0.9460,0.0173,2
0.2387,6996.7000,20692813.0471,6996.7000,0.5576,228.7500,226.5768,2.1732,2.2903,0.0011,1.9569,-0.6586,0.9314,0.4738,2
0.1563,6945.6250,35911421.9049,6945.6250,0.4244,272.0250,269.3863,2.6387,2.6734,0.0007,2.2790,-0.7234,0.9697,0.8624,2
0.1563,10828.0250,26457119.9329,10828.0250,0.4340,254.8750,252.3187,2.5563,2.6734,0.0007,2.2980,-0.6438,0.9380,0.8726,2
0.1238,11656.8500,32530050.9941,11656.8500,0.3784,272.0500,269.2987,2.7513,2.8206,0.0006,2.4254,-0.6046,0.9489,0.9133,2
0.1600,10996.3750,26384166.9588,10996.3750,0.4510,255.3250,252.7687,2.5563,2.5910,0.0007,2.1940,-0.6474,0.9406,1.0000,2
0.2163,8213.3250,21182955.0778,8213.3250,0.5192,234.0750,231.8385,2.2365,2.3882,0.0009,2.0070,-0.6409,0.9144,0.6544,2
0.1775,11108.5250,24603137.6924,11108.5250,0.4751,249.5250,247.2224,2.3026,2.5105,0.0008,2.0427,-0.6077,0.9136,0.9547,2
0.1763,10265.1750,24501492.7867,10265.1750,0.5353,251.8250,249.4878,2.3372,2.5452,0.0010,2.0046,-0.5422,0.8875,0.9009,2
0.1962,9733.8500,22807861.5309,9733.8500,0.5006,242.0500,239.7039,2.3461,2.4501,0.0009,1.9939,-0.6385,0.9295,0.7291,2
0.1962,8865.3500,24528349.1586,8865.3500,0.5116,249.2500,246.8692,2.3808,2.4501,0.0010,1.9738,-0.6243,0.9141,0.7497,2
0.1975,13869.4750,16254208.0895,13869.4750,0.5001,222.6250,220.3135,2.3115,2.4154,0.0010,2.0346,-0.4942,0.8566,0.9389,2
0.2400,8704.8000,18506219.8099,8704.8000,0.5460,223.2500,221.1592,2.0908,2.2556,0.0011,1.9222,-0.6346,0.9104,0.7267,2
0.1587,11765.9500,23831892.8429,11765.9500,0.4181,248.9000,246.4346,2.4654,2.6040,0.0006,2.3484,-0.6037,0.9218,0.7738,2
0.1387,12176.0750,28448455.3076,12176.0750,0.4544,263.5250,260.9808,2.5442,2.7652,0.0007,2.3111,-0.5955,0.9329,0.9481,2
0.1975,13289.8750,18041934.7627,13289.8750,0.4948,230.7750,228.5937,2.1813,2.4154,0.0009,2.0501,-0.5294,0.8606,0.6132,2
0.1387,10783.2500,30014607.2115,10783.2500,0.4233,263.8500,261.1541,2.6959,2.7652,0.0007,2.2989,-0.6341,0.9436,0.8295,2
0.1562,16081.1250,17012571.1217,16081.1250,0.4006,228.1750,225.6403,2.5347,2.6734,0.0006,2.4523,-0.5866,0.9153,0.7770,2
0.1750,9065.0000,26124158.1164,9065.0000,0.4507,251.1000,248.7065,2.3935,2.5798,0.0008,2.1683,-0.6436,0.9397,0.0117,2
0.2175,8213.5750,21478568.4522,8213.5750,0.4849,232.2250,229.9061,2.3189,2.3536,0.0009,2.1888,-0.6873,0.9515,0.8125,2
0.1238,12997.6250,27425331.7927,12997.6250,0.4253,255.4250,252.8254,2.5996,2.8206,0.0007,2.3006,-0.5512,0.9158,0.8673,2
0.1962,7908.8000,23840130.7030,7908.8000,0.5108,242.0000,239.6323,2.3677,2.4501,0.0010,2.0692,-0.5991,0.9170,0.7068,3
0.1800,9388.7000,25712038.3739,9388.7000,0.4726,249.9500,247.5912,2.3588,2.4628,0.0007,2.2418,-0.6973,0.9523,0.4789,3
0.1950,9670.6500,22646074.5129,9670.6500,0.5034,239.5000,237.1192,2.3808,2.4848,0.0009,2.1325,-0.6651,0.9465,0.7353,3
0.2175,9874.6250,19330308.0048,9874.6250,0.5574,229.9750,227.7732,2.2018,2.3536,0.0011,1.9865,-0.5536,0.8821,0.9696,3
0.1750,10728.2250,23964915.7417,10728.2250,0.4963,245.8250,243.3838,2.4412,2.5798,0.0008,2.1598,-0.6265,0.9388,0.4786,3
0.1950,7134.5500,22214184.2644,7134.5500,0.5343,230.3500,228.0039,2.3461,2.4848,0.0010,1.9738,-0.5572,0.8873,0.8952,3
0.1575,8583.3750,26261643.5983,8583.3750,0.4927,238.0750,235.6442,2.4308,2.6387,0.0008,2.1120,-0.6136,0.9344,0.8847,3
0.1962,9302.3000,22548969.9891,9302.3000,0.4774,239.9500,237.6039,2.3461,2.4501,0.0009,2.1110,-0.6542,0.9386,0.0104,3
0.1975,9925.5750,22492218.9273,9925.5750,0.5175,242.6750,240.4459,2.2291,2.4154,0.0011,1.9138,-0.6195,0.9132,0.9352,3
0.2412,7246.9000,20265073.2845,7246.9000,0.5663,229.9500,227.8461,2.1039,2.2210,0.0010,1.8351,-0.6212,0.9018,0.9023,3
0.1800,11012.8000,23288859.2948,11012.8000,0.4210,244.4000,242.0281,2.3719,2.4628,0.0007,2.1725,-0.6561,0.9429,0.8437,3
0.1962,8505.5750,24884719.9424,8505.5750,0.5328,248.3750,246.0635,2.3115,2.4501,0.0010,2.0346,-0.6602,0.9362,0.8978,3
0.1962,9573.4500,22761270.3951,9573.4500,0.4934,240.1000,237.8147,2.2853,2.4501,0.0008,2.0495,-0.6757,0.9465,0.7752,3
0.1763,10245.5000,26358638.4659,10245.5000,0.4532,254.8000,252.5020,2.2980,2.5452,0.0008,2.1598,-0.6401,0.9370,0.9327,3
0.2900,4487.9250,18294886.3844,4487.9250,0.6409,217.1750,215.2231,1.9519,2.0212,0.0015,1.4440,-0.6597,0.8933,0.9207,3
0.2163,7289.3750,21483017.1182,7289.3750,0.5292,231.6250,229.3754,2.2496,2.3882,0.0009,2.0831,-0.6830,0.9368,0.8478,3
0.1950,8340.4750,24714992.8119,8340.4750,0.5304,246.9750,244.7459,2.2291,2.4848,0.0010,1.9653,-0.6672,0.9351,0.0105,3
0.2163,6973.0500,23925717.8978,6973.0500,0.5203,240.1000,237.8158,2.2842,2.3882,0.0010,2.0692,-0.6982,0.9515,0.8780,3
0.2637,7146.0250,17747597.8401,7146.0250,0.5463,217.2750,215.2834,1.9916,2.1564,0.0011,1.8826,-0.6384,0.9117,0.8655,3
0.2163,7305.8750,23800210.0358,7305.8750,0.5374,242.3250,239.9714,2.3536,2.3882,0.0011,1.9007,-0.6385,0.9258,0.9499,3
0.1775,14374.5750,18315393.8315,14374.5750,0.4956,234.5250,232.0969,2.4281,2.5105,0.0010,2.0562,-0.4500,0.8295,0.8827,3
0.1962,6139.7000,22591119.4826,6139.7000,0.4563,226.1000,223.7192,2.3808,2.4501,0.0008,2.1728,-0.6757,0.9465,0.0145,3
0.2387,6964.9750,21428283.7287,6964.9750,0.5383,227.3250,225.1518,2.1732,2.2903,0.0011,1.9353,-0.7547,0.9596,0.0000,3
0.2400,6880.7500,20483159.3783,6880.7500,0.5097,227.7500,225.6677,2.0823,2.2556,0.0010,1.8550,-0.6735,0.9343,0.6403,3
0.2175,8581.7000,21947134.2062,8581.7000,0.5222,236.6500,234.4482,2.2018,2.3536,0.0010,1.9868,-0.6365,0.9296,0.9273,3
0.1750,9753.8000,25589257.6446,9753.8000,0.4896,251.9000,249.4719,2.4281,2.5798,0.0009,2.1194,-0.5765,0.9124,0.8360,3
0.1400,13604.4000,25905456.5937,13604.4000,0.3785,258.8500,256.3536,2.4964,2.7306,0.0006,2.2885,-0.5394,0.9062,0.4934,3
0.3138,5896.4250,14664075.1412,5896.4250,0.5872,198.4250,196.5055,1.9195,1.9888,0.0012,1.8024,-0.6779,0.9090,0.4785,3
0.1763,10656.7250,25176787.9000,10656.7250,0.4917,243.1250,240.6838,2.4412,2.5452,0.0010,2.0215,-0.7220,0.9571,0.5766,3
0.1775,9983.3000,26059761.3864,9983.3000,0.4552,255.7000,253.3412,2.3588,2.5105,0.0007,2.1725,-0.6284,0.9314,0.0140,3
0.1387,15877.3500,22774695.7057,15877.3500,0.3803,243.2000,240.6427,2.5573,2.7652,0.0006,2.2935,-0.5984,0.9371,0.7748,3
0.2175,8368.5250,21730629.5656,8368.5250,0.5393,234.4250,232.0714,2.3536,2.3536,0.0010,1.9784,-0.6852,0.9471,0.8613,3
0.1400,12824.9000,26259079.8895,12824.9000,0.4250,252.1000,249.5212,2.5788,2.7306,0.0007,2.2296,-0.5817,0.9201,0.8022,3
0.2200,6954.4500,23725117.3188,6954.4500,0.5003,240.1500,237.8658,2.2842,2.2842,0.0010,2.0692,-0.7078,0.9502,1.0000,3
0.1238,13053.2000,29939578.6964,13053.2000,0.4038,265.9000,263.1834,2.7166,2.8206,0.0007,2.2165,-0.6531,0.9568,0.6428,3
0.2400,7226.5500,20546583.4186,7226.5500,0.5072,230.3500,228.1637,2.1863,2.2556,0.0010,1.9851,-0.6258,0.9063,0.9453,3
0.1750,7859.1000,28267657.9269,7859.1000,0.4568,254.7000,252.2241,2.4759,2.5798,0.0008,2.2507,-0.6560,0.9510,0.4080,3
0.1962,9674.6500,22312519.4856,9674.6500,0.4688,241.7000,239.4578,2.2422,2.4501,0.0009,1.9331,-0.5541,0.8902,0.9660,3
0.2387,5741.4500,22859151.4353,5741.4500,0.5361,237.3000,235.1268,2.1732,2.2903,0.0011,1.8512,-0.6514,0.9191,0.8672,3
0.2400,4289.4750,22187103.4897,4289.4750,0.5591,226.6250,224.4387,2.1863,2.2556,0.0011,1.9222,-0.7078,0.9428,0.6500,3
0.2175,7890.3250,20927922.8185,7890.3250,0.5093,230.5250,228.2754,2.2496,2.3536,0.0010,2.0130,-0.6367,0.9265,0.9552,3
0.1950,7717.3000,24199998.6136,7717.3000,0.4802,242.4500,240.1516,2.2984,2.4848,0.0008,2.1251,-0.6582,0.9368,0.0083,3
0.2387,8332.9000,18591014.1949,8332.9000,0.5147,222.6000,220.3790,2.2210,2.2903,0.0010,2.0908,-0.6108,0.9093,0.8124,3
0.1962,8447.2000,23854411.8113,8447.2000,0.5109,235.4500,233.1039,2.3461,2.4501,0.0009,2.1194,-0.6580,0.9443,0.8351,3
0.1975,12413.4000,16197745.8961,12413.4000,0.4778,202.5500,200.2169,2.3331,2.4154,0.0008,2.2637,-0.6887,0.9393,0.0238,3
0.2387,7111.1750,20507989.5655,7111.1750,0.5298,228.3750,226.1540,2.2210,2.2903,0.0010,2.0346,-0.6671,0.9326,0.8914,3
0.1975,9058.2750,21853723.2128,9058.2750,0.4794,236.2750,233.9635,2.3115,2.4154,0.0009,2.1325,-0.6257,0.9276,0.9361,3
0.2387,5696.3500,22696801.7776,5696.3500,0.5211,235.2500,233.1114,2.1386,2.2903,0.0011,1.9484,-0.6853,0.9343,0.9282,3
0.1412,11936.9250,28259331.7600,11936.9250,0.4370,247.6250,245.0808,2.5442,2.6959,0.0007,2.2660,-0.6586,0.9494,0.9454,3
0.1962,9459.3500,21945820.3916,9459.3500,0.4913,238.0000,235.7147,2.2853,2.4501,0.0008,2.0643,-0.6316,0.9237,0.6454,3
0.1225,15039.1500,26918255.5542,15039.1500,0.3909,262.7500,260.1027,2.6473,2.8553,0.0006,2.4880,-0.5822,0.9294,0.8419,4
0.1775,11015.7750,23595658.7197,11015.7750,0.4714,246.4250,244.0184,2.4066,2.5105,0.0007,2.1725,-0.6061,0.9259,0.4912,4
0.2400,5803.2000,22788984.3171,5803.2000,0.5162,235.9500,233.7290,2.2210,2.2556,0.0010,1.9522,-0.7183,0.9413,0.6386,4
0.1425,13617.0250,25533140.7666,13617.0250,0.3917,258.6250,256.1848,2.4402,2.6612,0.0006,2.3840,-0.5435,0.9021,0.9062,4
0.2163,4356.0000,29047653.6746,4356.0000,0.4944,255.0500,252.9390,2.1110,2.3882,0.0009,2.0286,-0.7283,0.9520,0.8095,4
0.1275,12740.9750,29803204.7909,12740.9750,0.4238,269.8750,267.3101,2.5649,2.7382,0.0007,2.3353,-0.5755,0.9214,0.6454,4
0.1750,6902.1250,25935740.5646,6902.1250,0.4759,240.5750,238.1338,2.4412,2.5798,0.0008,2.1103,-0.6398,0.9397,0.9303,4
0.1100,13602.6750,34733324.3755,13602.6750,0.3803,282.2250,279.5373,2.6877,2.8741,0.0005,2.4956,-0.5949,0.9405,0.7649,4
0.1575,12226.7000,24087409.6304,12226.7000,0.5355,252.0500,249.5499,2.5001,2.6387,0.0011,1.9484,-0.5445,0.8944,0.9211,4
0.1788,8195.9500,27720877.9326,8195.9500,0.4809,257.7500,255.4258,2.3242,2.4759,0.0009,2.0763,-0.6363,0.9310,0.9324,4
0.2400,5959.8750,20272765.9574,5959.8750,0.5461,225.5250,223.4080,2.1170,2.2556,0.0010,1.9831,-0.6718,0.9156,0.8997,4
0.1575,12693.0000,25115483.6342,12693.0000,0.4784,255.0000,252.5954,2.4046,2.6387,0.0008,2.2029,-0.6043,0.9253,0.4811,4
0.2163,7332.1750,23985805.6034,7332.1750,0.5467,242.3750,240.1385,2.2365,2.3882,0.0010,1.9700,-0.6634,0.9371,0.9649,4
0.1763,7070.8000,32166958.9926,7070.8000,0.4552,264.0500,261.5395,2.5105,2.5452,0.0008,2.1813,-0.7352,0.9694,0.2500,4
0.1225,10914.6250,30405302.4559,10914.6250,0.4044,257.5750,254.8714,2.7036,2.8553,0.0006,2.3655,-0.6066,0.9468,0.9056,4
0.1562,11666.0250,24670358.1625,11666.0250,0.4997,249.5750,246.9710,2.6040,2.6734,0.0010,2.0562,-0.6152,0.9356,0.4800,4
0.1775,9911.8750,25471747.2927,9911.8750,0.4733,254.4750,252.1508,2.3242,2.5105,0.0008,2.0841,-0.5574,0.8950,0.8947,4
0.1962,7656.7000,24281908.0806,7656.7000,0.4681,242.4500,240.1516,2.2984,2.4501,0.0008,2.1450,-0.6944,0.9473,0.7515,4
0.1400,10872.2000,31782619.4868,10872.2000,0.3779,267.9500,265.3712,2.5788,2.7306,0.0006,2.3083,-0.6636,0.9596,0.7749,4
0.1400,9394.5500,34070082.8651,9394.5500,0.4479,274.5500,271.9712,2.5788,2.7306,0.0007,2.2418,-0.6586,0.9494,0.5688,4
0.2387,4010.6250,24858921.2647,4010.6250,0.5481,239.5250,237.3040,2.2210,2.2903,0.0011,1.9092,-0.7412,0.9535,0.0000,4
0.1763,9600.2000,26069468.4881,9600.2000,0.4654,252.1500,249.8389,2.3111,2.5452,0.0008,2.1099,-0.6642,0.9442,0.6546,4
0.2400,5706.6000,22544488.9848,5706.6000,0.5672,236.0000,233.8614,2.1386,2.2556,0.0011,1.9138,-0.6625,0.9184,0.9514,4
0.1412,9520.2500,34205237.5908,9520.2500,0.4014,272.9500,270.3234,2.6266,2.6959,0.0006,2.3830,-0.7067,0.9643,0.4813,4
0.1238,12858.8250,29058258.6371,12858.8250,0.4115,264.6250,262.0038,2.6212,2.8206,0.0006,2.3830,-0.5848,0.9339,0.9532,4
0.1588,11085.5750,26671809.5728,11085.5750,0.4518,258.1750,255.9175,2.2575,2.6040,0.0007,2.2418,-0.6012,0.9247,0.9153,4
0.1750,9145.2250,26485451.0372,9145.2250,0.4771,252.4750,250.0815,2.3935,2.5798,0.0008,2.1944,-0.6299,0.9370,0.9059,4
0.1788,10061.9750,25278770.3858,10061.9750,0.4950,254.5750,252.1815,2.3935,2.4974,0.0008,2.1598,-0.5923,0.9095,0.9468,4
0.1400,9192.9000,36787208.1308,9192.9000,0.5398,286.0500,283.4581,2.5919,2.7306,0.0009,1.9512,-0.5696,0.9188,0.9024,4
0.1600,12222.9750,24300383.8826,12222.9750,0.4685,252.8750,250.4573,2.4177,2.5694,0.0009,1.9030,-0.5745,0.9081,0.5587,4
0.1950,8609.0750,25055642.9173,8609.0750,0.5482,248.8750,246.4942,2.3808,2.4848,0.0011,1.9353,-0.6586,0.9317,0.9448,4
0.2637,2977.5250,23490898.7205,2977.5250,0.5984,235.3250,233.2510,2.0740,2.1564,0.0014,1.5956,-0.7546,0.9402,0.8968,4
0.1400,12031.4250,25790010.1572,12031.4250,0.4486,253.7250,251.2370,2.4880,2.7306,0.0007,2.1688,-0.5672,0.9225,0.6376,4
0.1950,8492.3750,24851035.3509,8492.3750,0.4928,247.6750,245.2942,2.3808,2.4848,0.0009,2.0979,-0.5867,0.9148,0.9129,4
0.1750,9471.3750,27513936.7007,9471.3750,0.4904,252.9250,250.4838,2.4412,2.5798,0.0008,2.0689,-0.7423,0.9556,0.9394,4
0.1250,11515.8000,33105842.7256,11515.8000,0.4086,274.7500,272.1851,2.5649,2.7860,0.0007,2.1967,-0.6414,0.9500,1.0000,4
0.2163,7029.9000,23764351.4809,7029.9000,0.4946,241.3500,239.1351,2.2149,2.3882,0.0009,2.0848,-0.7244,0.9448,0.0096,4
0.1763,9850.2500,25531381.2697,9850.2500,0.4620,252.1000,249.7065,2.3935,2.5452,0.0008,2.1467,-0.6344,0.9295,0.8475,4
0.1962,8498.5250,25153395.2611,8498.5250,0.4964,248.5750,246.1942,2.3808,2.4501,0.0009,2.0286,-0.6841,0.9395,0.6421,4
0.2163,7210.2250,23792705.9775,7210.2250,0.5334,241.7750,239.4214,2.3536,2.3882,0.0010,1.9700,-0.6446,0.9308,0.7662,4
0.1412,12691.4500,28960909.2142,12691.4500,0.3986,265.6000,263.1944,2.4056,2.6959,0.0006,2.3101,-0.6522,0.9487,1.0000,4
0.1588,7089.2000,34444105.1727,7089.2000,0.4564,271.4000,268.8784,2.5216,2.6040,0.0008,2.1598,-0.6784,0.9579,0.9190,4
0.2213,8307.4000,20379203.2427,8307.4000,0.4829,235.6000,233.5152,2.0848,2.2496,0.0010,1.8291,-0.5461,0.8490,0.8235,4
0.1813,9686.9500,25495396.9471,9686.9500,0.4600,253.3000,251.0367,2.2633,2.4281,0.0007,2.2071,-0.6294,0.9255,0.8560,4
0.2400,7262.7250,21093359.6516,7262.7250,0.5535,231.4750,229.4058,2.0692,2.2556,0.0012,1.8564,-0.6700,0.9314,0.4522,4
0.2163,8386.6500,22123310.1865,8386.6500,0.5408,234.7500,232.4658,2.2842,2.3882,0.0010,1.9306,-0.6548,0.9246,0.6421,4
0.1763,7301.7500,33533601.9535,7301.7500,0.4777,267.1500,264.6741,2.4759,2.5452,0.0008,2.1382,-0.7419,0.9634,0.3772,4
0.2175,5876.5750,26399854.3590,5876.5750,0.5197,248.7250,246.4885,2.2365,2.3536,0.0010,2.0346,-0.7128,0.9488,0.9649,4
0.1563,11103.4000,27777601.4696,11103.4000,0.4393,257.6500,255.0806,2.5694,2.6734,0.0007,2.3588,-0.6626,0.9548,0.4559,4
0.1950,8359.4750,25358848.8794,8359.4750,0.5282,247.9750,245.7590,2.2160,2.4848,0.0010,2.0215,-0.6719,0.9441,0.8939,4
0.1588,10770.9500,25377461.8802,10770.9500,0.4742,255.2000,252.7346,2.4654,2.6040,0.0008,2.2291,-0.5852,0.9178,0.8251,5
0.1400,12551.1250,28861188.5757,12551.1250,0.4448,265.4250,262.8331,2.5919,2.7306,0.0007,2.2679,-0.6291,0.9420,0.5169,5
0.1750,7872.9750,28667069.2060,7872.9750,0.5232,258.3250,255.8491,2.4759,2.5798,0.0009,2.0286,-0.6650,0.9435,0.0117,5
0.0850,10287.5250,54404005.5826,10287.5250,0.3838,310.8750,307.9481,2.9269,3.0308,0.0005,2.4564,-0.6532,0.9660,0.9689,5
0.1562,10454.1000,27439720.4369,10454.1000,0.4523,257.3000,254.7306,2.5694,2.6734,0.0007,2.1855,-0.6495,0.9422,0.5481,5
0.1562,10752.8000,27054894.8540,10752.8000,0.4410,257.0500,254.5499,2.5001,2.6734,0.0007,2.2764,-0.6460,0.9396,0.7183,5
0.1950,8486.3250,25264761.9185,8486.3250,0.4861,248.3750,246.0289,2.3461,2.4848,0.0009,2.1456,-0.6748,0.9411,0.4589,5
0.1412,12420.3500,24978161.3721,12420.3500,0.4300,252.1500,249.5927,2.5573,2.6959,0.0007,2.3006,-0.5941,0.9296,0.9411,5
0.1238,11228.9500,30015532.8448,11228.9500,0.3630,258.8500,256.0987,2.7513,2.8206,0.0005,2.5780,-0.6221,0.9418,0.4523,5
0.1763,10331.9000,23124819.7649,10331.9000,0.4149,242.1000,239.6588,2.4412,2.5452,0.0007,2.1986,-0.6934,0.9496,1.0000,5
0.1750,7708.9250,28216987.4965,7708.9250,0.4439,254.5250,251.9798,2.5452,2.5798,0.0007,2.2764,-0.6786,0.9529,0.8712,5
0.2637,3033.0500,24067497.9022,3033.0500,0.6177,237.9000,236.0124,1.8876,2.1564,0.0015,1.5826,-0.7448,0.9391,0.1454,5
0.1750,8476.9250,27942646.5056,8476.9250,0.4484,254.6250,252.0798,2.5452,2.5798,0.0007,2.2679,-0.7689,0.9624,0.8489,5
0.1950,8425.0500,24594802.0716,8425.0500,0.4967,245.3000,242.8846,2.4154,2.4848,0.0009,2.1177,-0.6525,0.9403,0.7877,5
0.1387,10381.6750,31180101.2306,10381.6750,0.4066,264.0750,261.3791,2.6959,2.7652,0.0007,2.3006,-0.6347,0.9555,0.6412,5
0.2625,6768.2750,17548757.7499,6768.2750,0.5196,213.3750,211.2533,2.1217,2.1910,0.0010,1.9831,-0.6938,0.9392,0.4600,5
0.1412,12850.8000,25638140.8416,12850.8000,0.4224,254.6000,252.0212,2.5788,2.6959,0.0006,2.4523,-0.5923,0.9326,0.6616,5
0.2400,5702.5500,22976418.4379,5702.5500,0.5497,235.8500,233.6637,2.1863,2.2556,0.0011,1.9222,-0.7131,0.9433,0.9390,5
0.1775,10668.9750,22402688.2789,10668.9750,0.4559,240.2250,237.8184,2.4066,2.5105,0.0008,2.1728,-0.6040,0.9271,0.9038,5
0.1750,10030.0500,25670971.9406,10030.0500,0.4788,254.0500,251.6912,2.3588,2.5798,0.0008,2.1336,-0.5601,0.9061,0.7749,5
0.2188,8003.6500,20902007.2482,8003.6500,0.5089,230.8500,228.5658,2.2842,2.3189,0.0009,2.0717,-0.6509,0.9326,0.3005,5
0.1763,8507.2500,25704423.4008,8507.2500,0.4767,246.2500,243.8088,2.4412,2.5452,0.0009,1.9462,-0.6398,0.9480,0.0697,5
0.1575,12285.9250,24431846.3126,12285.9250,0.4211,251.8250,249.3596,2.4654,2.6387,0.0007,2.3372,-0.5814,0.9142,0.7114,5
0.1400,11775.1000,28167102.5173,11775.1000,0.4248,259.7500,257.1234,2.6266,2.7306,0.0007,2.3588,-0.6574,0.9521,0.0417,5
0.1400,8302.7250,37719080.4434,8302.7250,0.3929,278.7250,276.0638,2.6612,2.7306,0.0006,2.4271,-0.6866,0.9643,0.9678,5
0.1575,9067.5500,28908105.2842,9067.5500,0.4513,258.7000,256.1784,2.5216,2.6387,0.0008,2.3115,-0.6800,0.9534,1.0000,5
0.1600,7208.3750,35097938.1187,7208.3750,0.4990,278.9250,276.3903,2.5347,2.5694,0.0009,2.0137,-0.6433,0.9369,0.8765,5
0.2637,8450.1250,17104987.1142,8450.1250,0.5199,207.7750,205.7010,2.0740,2.1564,0.0011,1.8728,-0.8464,0.9654,0.0062,5
0.1075,12520.7250,31707761.2992,12520.7250,0.3839,264.9750,262.1833,2.7917,2.9434,0.0005,2.5689,-0.5941,0.9472,0.0460,5
0.1950,9498.7750,22684163.7805,9498.7750,0.4715,239.7250,237.3096,2.4154,2.4848,0.0008,2.2422,-0.6537,0.9412,0.4770,5
0.1962,7522.4250,25682633.4799,7522.4250,0.5106,245.0750,242.8328,2.2422,2.4501,0.0010,1.9999,-0.7555,0.9500,0.0126,5
0.1225,10323.3750,29941521.0337,10323.3750,0.3794,256.8750,254.2277,2.6473,2.8553,0.0006,2.2831,-0.6212,0.9428,0.4652,5
0.1075,10273.3500,43513612.1327,10273.3500,0.3608,288.8000,286.0299,2.7701,2.9434,0.0005,2.7036,-0.7048,0.9772,0.7298,5
0.2387,5573.8000,23364297.1770,5573.8000,0.6033,234.4500,232.2637,2.1863,2.2903,0.0013,1.7820,-0.7287,0.9396,0.8362,5
0.1575,6582.8500,35591789.7969,6582.8500,0.4533,275.5500,273.0630,2.4870,2.6387,0.0008,2.2637,-0.6537,0.9459,0.9369,5
0.1750,8195.7000,28534359.7226,8195.7000,0.4682,257.5500,255.1781,2.3719,2.5798,0.0009,2.1672,-0.6743,0.9472,0.6393,5
0.1562,6189.5750,28548389.3598,6189.5750,0.4758,247.6750,245.1403,2.5347,2.6734,0.0008,2.1120,-0.6589,0.9392,0.9617,5
0.1750,10425.7250,22495652.8770,10425.7250,0.4354,241.1250,238.6838,2.4412,2.5798,0.0007,2.3242,-0.5789,0.9111,0.4794,5
0.1588,8337.0250,32778259.6154,8337.0250,0.4310,269.0750,266.5749,2.5001,2.6040,0.0007,2.2071,-0.6631,0.9540,0.8672,5
0.2163,5239.5000,26084755.9242,5239.5000,0.5066,244.2000,241.8811,2.3189,2.3882,0.0010,2.0692,-0.7517,0.9615,0.4773,5
0.2888,5964.8500,17148167.2666,5964.8500,0.6031,213.5500,211.5981,1.9519,2.0558,0.0013,1.7115,-0.6567,0.8941,0.9591,5
0.2175,9517.2000,19485735.4198,9517.2000,0.5715,227.5000,225.1811,2.3189,2.3536,0.0011,1.9041,-0.6536,0.9379,0.0132,5
0.2387,7328.6750,20571048.8169,7328.6750,0.5365,228.0750,225.8540,2.2210,2.2903,0.0010,2.0046,-0.7041,0.9457,0.6451,5
0.1750,10252.2250,24456986.7847,10252.2250,0.4253,242.1250,239.6491,2.4759,2.5798,0.0007,2.3588,-0.6919,0.9584,0.0139,5
0.1763,10144.5250,24292492.3612,10144.5250,0.4195,242.0750,239.6469,2.4281,2.5452,0.0007,2.3111,-0.6864,0.9523,0.0140,5
0.1750,6393.7750,31544580.8674,6393.7750,0.4800,261.5750,259.0298,2.5452,2.5798,0.0008,2.2507,-0.7634,0.9667,0.4775,5
0.0950,14778.5000,36965792.5339,14778.5000,0.3449,288.2000,285.4609,2.7391,2.9948,0.0004,2.6005,-0.6119,0.9495,0.0819,5
0.1575,10522.5250,27120003.5132,10522.5250,0.4809,258.6250,256.0903,2.5347,2.6387,0.0009,2.0763,-0.6092,0.9237,0.7979,5
0.1563,4218.8250,41647285.7327,4218.8250,0.4556,276.3250,273.8727,2.4523,2.6734,0.0007,2.2575,-0.7518,0.9669,0.8309,5
0.1588,7029.1250,35571693.7323,7029.1250,0.4325,275.9750,273.4403,2.5347,2.6040,0.0008,2.1014,-0.6789,0.9517,0.5633,5
0.1575,9251.2750,22981817.1253,9251.2750,0.4196,233.7250,231.2249,2.5001,2.6387,0.0007,2.3588,-0.6362,0.9463,0.5148,6
0.1750,7962.0750,23432402.0133,7962.0750,0.4830,231.9750,229.4645,2.5105,2.5798,0.0008,2.1813,-0.6265,0.9388,0.4118,6
0.2188,8068.8250,22124476.2364,8068.8250,0.6062,233.6750,231.4254,2.2496,2.3189,0.0013,1.7820,-0.7306,0.9434,0.1021,6
0.2175,6772.9750,22123194.3506,6772.9750,0.4880,226.4250,224.1408,2.2842,2.3536,0.0009,2.0848,-0.6771,0.9443,0.9168,6
0.2163,7026.3250,23606505.9881,7026.3250,0.4767,237.0250,234.6714,2.3536,2.3882,0.0008,2.2842,-0.7346,0.9651,0.7283,6
0.1562,11846.0250,24753833.4448,11846.0250,0.4321,250.8750,248.3403,2.5347,2.6734,0.0007,2.3372,-0.6070,0.9321,0.0333,6
0.2412,7082.2250,20636923.3432,7082.2250,0.5532,230.0750,227.9234,2.1516,2.2210,0.0012,1.8348,-0.6582,0.9212,0.9221,6
0.1950,9613.7500,22330762.3470,9613.7500,0.4553,239.7500,237.3823,2.3677,2.4848,0.0008,2.2291,-0.6210,0.9237,0.6403,6
0.2400,8656.3250,18100592.0641,8656.3250,0.5340,219.7750,217.5887,2.1863,2.2556,0.0010,2.0177,-0.6881,0.9366,0.4291,6
0.1962,9350.8000,22154475.6462,9350.8000,0.5013,240.2500,237.9039,2.3461,2.4501,0.0010,2.0562,-0.5925,0.9117,0.9360,6
0.1975,9733.7000,22325575.9088,9733.7000,0.5453,241.0500,238.8209,2.2291,2.4154,0.0010,1.9653,-0.6194,0.9190,0.4786,6
0.1387,9302.3250,29091118.8033,9302.3250,0.4456,250.6750,248.0138,2.6612,2.7652,0.0007,2.2858,-0.6863,0.9614,0.0322,6
0.1763,9204.9000,25311037.0327,9204.9000,0.4150,248.1000,245.7628,2.3372,2.5452,0.0007,2.3093,-0.6773,0.9488,0.4774,6
0.1750,8311.6500,23617821.3765,8311.6500,0.5259,234.8000,232.3241,2.4759,2.5798,0.0009,2.0831,-0.6357,0.9305,0.6107,6
0.2637,5755.6500,19951716.7288,5755.6500,0.5613,223.6000,221.5260,2.0740,2.1564,0.0011,1.9092,-0.7396,0.9457,0.7647,6
0.1975,10309.0250,18117678.8573,10309.0250,0.5484,221.2250,218.9135,2.3115,2.4154,0.0011,1.9222,-0.5395,0.8755,0.9635,6
0.1400,7859.7000,37143173.3342,7859.7000,0.4316,273.4000,270.7388,2.6612,2.7306,0.0007,2.2679,-0.7321,0.9754,0.3000,6
0.1962,10538.9500,20135053.9935,10538.9500,0.4675,230.9000,228.5539,2.3461,2.4501,0.0009,2.0007,-0.6438,0.9386,0.7642,6
0.2387,6975.8250,20607870.8652,6975.8250,0.5226,227.2750,225.1364,2.1386,2.2903,0.0010,2.0046,-0.7090,0.9494,0.6424,6
0.1763,13099.8000,20631877.5185,13099.8000,0.4169,238.8500,236.3741,2.4759,2.5452,0.0007,2.2980,-0.6411,0.9296,0.5226,6
0.2163,4331.8250,23366146.7020,4331.8250,0.5704,227.8250,225.5754,2.2496,2.3882,0.0011,1.9353,-0.6919,0.9419,0.0075,6
0.2163,7043.8750,22456726.8071,7043.8750,0.5567,228.1750,225.8692,2.3058,2.3882,0.0010,1.9700,-0.6945,0.9457,0.7301,6
0.2637,8370.7750,15568581.0151,8370.7750,0.5366,207.6250,205.4686,2.1564,2.1564,0.0012,1.8433,-0.6107,0.9074,0.4615,6
0.1763,9196.7500,24263672.0951,9196.7500,0.4369,242.3500,239.9781,2.3719,2.5452,0.0007,2.2548,-0.6548,0.9516,0.0179,6
0.2387,8450.5250,19721572.1113,8450.5250,0.5619,224.2250,222.0387,2.1863,2.2903,0.0011,1.8791,-0.7036,0.9355,1.0000,6
0.1750,10050.3250,23876795.3338,10050.3250,0.4218,243.2750,240.7645,2.5105,2.5798,0.0007,2.2548,-0.6476,0.9467,0.0116,6
0.2637,5230.1250,19397615.7214,5230.1250,0.5240,220.0750,217.9533,2.1217,2.1564,0.0011,1.9569,-0.7264,0.9387,1.0000,6
0.2412,7166.2000,20073701.3555,7166.2000,0.5763,227.7000,225.5268,2.1732,2.2210,0.0011,1.9041,-0.6466,0.9212,0.1937,6
0.1763,7902.8000,26399937.6777,7902.8000,0.4853,245.1000,242.6719,2.4281,2.5452,0.0009,2.0848,-0.6947,0.9577,0.4504,6
0.1763,10604.8250,22428383.9088,10604.8250,0.4731,233.0750,230.6338,2.4412,2.5452,0.0008,2.2637,-0.6386,0.9404,0.0160,6
0.1763,10216.8250,23577624.1949,10216.8250,0.4269,243.0750,240.5991,2.4759,2.5452,0.0007,2.3588,-0.6421,0.9429,0.6374,6
0.2163,8033.7000,21476337.5940,8033.7000,0.5083,232.7000,230.3464,2.3536,2.3882,0.0010,2.0692,-0.6529,0.9393,0.8525,6
0.2637,5999.0000,19200730.8355,5999.0000,0.6001,224.4500,222.3414,2.1086,2.1564,0.0013,1.6985,-0.5954,0.8802,0.8675,6
0.2387,6700.3000,19892806.7047,6700.3000,0.5254,224.2000,221.9444,2.2556,2.2903,0.0010,1.9916,-0.6622,0.9343,0.9126,6
0.1563,12253.2250,24790425.3204,12253.2250,0.4433,252.7250,250.1903,2.5347,2.6734,0.0007,2.2895,-0.5832,0.9207,0.7292,6
0.2175,7867.4000,20972369.5408,7867.4000,0.4624,232.0500,229.8482,2.2018,2.3536,0.0009,2.0717,-0.6501,0.9187,0.2091,6
0.2387,8402.8250,19008854.9017,8402.8250,0.5174,222.9750,220.7194,2.2556,2.2903,0.0010,2.0740,-0.6449,0.9348,0.4571,6
0.1562,11221.5250,24404140.6820,11221.5250,0.4184,245.9250,243.3556,2.5694,2.6734,0.0006,2.4654,-0.6639,0.9556,0.0333,6
0.2162,8758.7750,17736133.3264,8758.7750,0.4930,209.2250,206.9885,2.2365,2.3882,0.0009,2.1803,-0.6079,0.9144,0.6623,6
0.2175,8170.0500,21105934.6017,8170.0500,0.5220,230.6000,228.2464,2.3536,2.3536,0.0009,2.1386,-0.6723,0.9457,0.4792,6
0.1950,9012.3000,21599153.9455,9012.3000,0.4852,236.0500,233.7169,2.3331,2.4848,0.0009,2.2149,-0.6144,0.9214,0.9018,6
0.2175,7171.7500,23729322.6138,7171.7500,0.4951,239.9500,237.6658,2.2842,2.3536,0.0009,2.0848,-0.6995,0.9494,0.5000,6
0.2163,6541.6750,23033339.7927,6541.6750,0.4884,236.8750,234.6385,2.2365,2.3882,0.0009,2.1194,-0.6411,0.9246,0.7019,6
0.2163,8151.1000,21444420.9124,8151.1000,0.5004,232.2000,229.8811,2.3189,2.3882,0.0010,1.9999,-0.7300,0.9545,0.0075,6
0.2637,7204.5500,17910139.8545,7204.5500,0.5801,217.2500,215.1760,2.0740,2.1564,0.0011,1.7342,-0.6939,0.9331,0.5000,6
0.1763,12068.9000,18503500.2701,12068.9000,0.4500,226.5500,224.1219,2.4281,2.5452,0.0008,2.2637,-0.5728,0.9109,0.4572,6
0.1563,10494.9500,27155276.8236,10494.9500,0.4246,255.0500,252.4806,2.5694,2.6734,0.0007,2.3111,-0.6104,0.9414,0.9134,6
0.1950,8824.9250,22605764.1040,8824.9250,0.4700,236.4750,234.1289,2.3461,2.4848,0.0008,2.2768,-0.7030,0.9577,1.0000,6
0.1950,9255.9000,22705947.6821,9255.9000,0.4747,237.9000,235.5192,2.3808,2.4848,0.0009,2.2149,-0.7030,0.9577,0.0126,6
0.1100,17318.3500,22030772.5950,17318.3500,0.3673,251.2500,248.5276,2.7224,2.8741,0.0006,2.5573,-0.5249,0.8964,0.7003,6
0.1950,9584.1500,22193281.9479,9584.1500,0.4671,237.5500,235.2039,2.3461,2.4848,0.0009,2.2149,-0.6697,0.9451,0.7276,7
0.2163,8175.4250,20593015.3054,8175.4250,0.5374,231.3250,229.0061,2.3189,2.3882,0.0011,1.9569,-0.6177,0.9074,0.9133,7
0.1563,10271.5750,27033308.1319,10271.5750,0.4162,255.5750,253.0880,2.4870,2.6734,0.0007,2.3484,-0.6045,0.9372,0.8605,7
0.2163,8368.5000,21689498.0321,8368.5000,0.5200,234.7000,232.4504,2.2496,2.3882,0.0010,2.0823,-0.7089,0.9478,0.8235,7
0.1950,9751.7000,22304330.5099,9751.7000,0.5188,239.9000,237.5192,2.3808,2.4848,0.0009,2.0831,-0.6005,0.9182,0.8472,7
0.1763,10535.9250,23522740.6839,10535.9250,0.4899,243.6750,241.2684,2.4066,2.5452,0.0009,2.1803,-0.6265,0.9388,0.0179,7
0.2400,5788.3500,22741938.7101,5788.3500,0.5147,235.2500,233.0637,2.1863,2.2556,0.0010,1.9391,-0.7410,0.9494,0.2664,7
0.2625,5752.0750,19775899.4661,5752.0750,0.5736,223.3250,221.3204,2.0046,2.1910,0.0011,1.8695,-0.7083,0.9343,0.7309,7
0.2163,8200.6750,20464771.2504,8200.6750,0.5476,222.5750,220.2908,2.2842,2.3882,0.0011,1.9007,-0.7007,0.9450,0.4788,7
0.2163,7177.5000,23852607.9052,7177.5000,0.5430,240.6500,238.3311,2.3189,2.3882,0.0009,1.9791,-0.6976,0.9480,0.2090,7
0.1575,12911.1250,22147172.4538,12911.1250,0.4112,242.4750,240.0096,2.4654,2.6387,0.0007,2.3006,-0.6005,0.9340,0.7307,7
0.2175,8227.2500,21433684.6474,8227.2500,0.4961,232.7000,230.4158,2.2842,2.3536,0.0009,2.0416,-0.6609,0.9403,0.8435,7
0.2387,6802.1250,19318562.0420,6802.1250,0.5323,222.9250,220.6694,2.2556,2.2903,0.0011,1.9353,-0.6356,0.9178,0.9329,7
0.1750,10543.0500,23837830.4421,10543.0500,0.4909,245.1000,242.6241,2.4759,2.5798,0.0009,2.1672,-0.6286,0.9429,0.4930,7
0.2888,5832.2750,16827689.6667,5832.2750,0.5485,208.9750,207.0015,1.9735,2.0558,0.0012,1.7047,-0.7465,0.9417,0.3067,7
0.1962,9235.3500,22349193.0850,9235.3500,0.5313,239.4000,237.1016,2.2984,2.4501,0.0010,2.0346,-0.6518,0.9367,0.0105,7
0.1387,13158.3750,24939084.1423,13158.3750,0.4389,257.1250,254.5331,2.5919,2.7652,0.0007,2.1923,-0.4750,0.8669,0.8695,7
0.1575,10712.1750,25236387.3764,10712.1750,0.5063,243.6250,241.1249,2.5001,2.6387,0.0009,2.1325,-0.5902,0.9291,0.9442,7
0.1400,10617.6250,31118118.9813,10617.6250,0.4629,265.8250,263.2331,2.5919,2.7306,0.0008,2.1382,-0.6387,0.9524,0.0222,7
0.2625,7333.6000,18152257.3719,7333.6000,0.5919,218.5000,216.3436,2.1564,2.1910,0.0012,1.8348,-0.6512,0.9231,0.3217,7
0.1575,10233.4750,27163097.4648,10233.4750,0.4124,255.7250,253.1556,2.5694,2.6387,0.0007,2.3137,-0.6291,0.9414,0.2199,7
0.1962,8132.1750,24871197.4916,8132.1750,0.4916,247.0250,244.7266,2.2984,2.4501,0.0009,2.0979,-0.6643,0.9362,0.5443,7
0.2637,4221.3750,20933226.9545,4221.3750,0.5841,226.1750,224.1226,2.0524,2.1564,0.0012,1.8371,-0.7224,0.9401,1.0000,7
0.1775,8488.4000,28621920.4296,8488.4000,0.5478,257.1500,254.6741,2.4759,2.5105,0.0011,1.9222,-0.6756,0.9547,0.6831,7
0.1962,8320.0500,24509633.6133,8320.0500,0.4891,245.5000,243.1885,2.3115,2.4501,0.0009,2.0717,-0.6096,0.9258,0.3237,7
0.2163,6630.3500,23112322.6768,6630.3500,0.5052,235.8500,233.5658,2.2842,2.3882,0.0010,2.1039,-0.6964,0.9502,0.2579,7
0.2888,5823.0000,16890743.8151,5823.0000,0.6157,210.0500,207.9942,2.0558,2.0558,0.0013,1.7462,-0.7160,0.9264,0.4767,7
0.1750,10676.5000,23600087.2927,10676.5000,0.4507,244.5500,242.1434,2.4066,2.5798,0.0007,2.1855,-0.6733,0.9460,0.8190,7
0.1400,12693.5750,25387952.4685,12693.5750,0.4545,252.5250,249.9331,2.5919,2.7306,0.0008,2.2291,-0.6007,0.9387,0.0368,7
0.2387,7261.0500,20584262.8632,7261.0500,0.5746,229.7000,227.5137,2.1863,2.2903,0.0011,1.8695,-0.6314,0.9178,0.4765,7
0.1225,8212.0500,43676834.3846,8212.0500,0.4304,288.6000,285.7794,2.8206,2.8553,0.0006,2.3961,-0.7228,0.9745,0.9059,7
0.1750,10989.8250,23695867.1304,10989.8250,0.5087,246.9250,244.4622,2.4628,2.5798,0.0009,2.1064,-0.5720,0.9163,0.8541,7
0.1575,11083.2250,25540098.0983,11083.2250,0.5144,245.3250,242.8249,2.5001,2.6387,0.0009,2.1456,-0.6829,0.9510,0.8452,7
0.2400,9037.4000,18783031.2112,9037.4000,0.5905,225.4500,223.2637,2.1863,2.2556,0.0012,1.8502,-0.5865,0.9003,0.7481,7
0.2400,7013.0750,20392656.0274,7013.0750,0.5453,227.9750,225.8018,2.1732,2.2556,0.0012,1.8826,-0.6613,0.9278,0.9457,7
0.1962,9194.9750,22511593.3556,9194.9750,0.4986,238.3250,236.0135,2.3115,2.4501,0.0009,2.1325,-0.6563,0.9402,0.4786,7
0.1562,9253.4750,24537549.8985,9253.4750,0.4717,238.0250,235.4903,2.5347,2.6734,0.0007,2.2548,-0.6307,0.9399,0.6435,7
0.1750,11542.1750,23376742.7717,11542.1750,0.4576,248.6750,246.2684,2.4066,2.5798,0.0008,2.1598,-0.5725,0.8965,0.8083,7
0.2163,8499.3250,21682709.0279,8499.3250,0.5166,233.6750,231.4254,2.2496,2.3882,0.0010,2.0477,-0.7227,0.9576,1.0000,7
0.1950,9444.7250,22482312.0706,9444.7250,0.4897,239.7750,237.3942,2.3808,2.4848,0.0009,2.1541,-0.6281,0.9295,0.4599,7
0.2175,8382.3750,20763096.7369,8382.3750,0.5019,233.9250,231.7925,2.1325,2.3536,0.0009,1.9183,-0.5974,0.8918,0.8118,7
0.1562,10936.3000,26279926.2623,10936.3000,0.4570,246.9500,244.3806,2.5694,2.6734,0.0007,2.3336,-0.6755,0.9530,0.0243,7
0.1400,9868.0500,34640296.3355,9868.0500,0.4352,275.4500,272.7194,2.7306,2.7306,0.0007,2.2747,-0.6865,0.9607,0.9202,7
0.1950,8646.2750,19191373.5437,8646.2750,0.5005,222.2250,219.8442,2.3808,2.4848,0.0010,1.9784,-0.7101,0.9471,0.8815,7
0.1088,7881.1750,33881012.4477,7881.1750,0.4168,256.8250,254.0549,2.7701,2.9088,0.0006,2.3016,-0.6873,0.9670,0.7315,7
0.2175,8921.0000,13648172.2492,8921.0000,0.5217,191.1000,188.9806,2.1194,2.3536,0.0010,2.0562,-0.6924,0.9384,0.4605,7
0.1775,8648.1250,16674148.3866,8648.1250,0.4921,209.2750,206.9162,2.3588,2.5105,0.0008,2.1251,-0.6659,0.9406,0.0216,7
0.1400,11675.5000,14420845.6350,11675.5000,0.3884,204.9500,202.5098,2.4402,2.7306,0.0006,2.2754,-0.5621,0.9077,0.4305,7
0.1425,9765.6000,19479117.4747,9765.6000,0.4587,224.1500,221.5927,2.5573,2.6828,0.0007,2.2202,-0.5697,0.9067,0.8991,7
0.1950,7829.3750,16748966.9318,7829.3750,0.4841,207.6250,205.2442,2.3808,2.4848,0.0008,2.2637,-0.6749,0.9488,0.0126,7
