0.2000,11723.8000,22136809.5475,11723.8000,0.4063,246.6000,244.6087,1.9913,1.9913,0.0008,1.8989,-0.6832,0.9253,0.4444,1
0.2000,18702.2667,12384628.7467,18702.2667,0.4083,212.6667,210.7677,1.8989,1.9913,0.0008,1.8065,-0.5453,0.8596,0.0571,1
0.3156,12054.2000,9695399.7460,12054.2000,0.6405,181.4000,179.8010,1.5990,1.5990,0.0015,1.3897,-0.5076,0.7834,0.7045,1
0.1200,17735.2000,26791288.7972,17735.2000,0.3008,275.4667,273.3131,2.1535,2.3384,0.0006,2.0611,-0.5813,0.9007,1.0000,1
0.2000,19693.8667,14993739.8885,19693.8667,0.4187,214.9333,212.9420,1.9913,1.9913,0.0008,1.9913,-0.6832,0.9253,0.4444,1
0.2000,7487.0000,27635936.3541,7487.0000,0.4116,261.0000,259.1011,1.8989,1.9913,0.0008,1.9913,-0.7828,0.9409,0.4375,1
0.2000,12117.5333,22104703.8179,12117.5333,0.4754,247.2667,245.3677,1.8989,1.9913,0.0009,1.6792,-0.6832,0.9253,0.4444,1
0.2533,12514.4000,15500860.0475,12514.4000,0.5064,218.5333,216.7334,1.8000,1.8000,0.0010,1.7075,-0.6328,0.8848,0.4500,1
0.2000,18946.8000,12189781.1907,18946.8000,0.4164,212.1333,210.2344,1.8989,1.9913,0.0008,1.8065,-0.5453,0.8596,0.0571,1
0.2000,7989.1333,27529098.5368,7989.1333,0.4749,263.9333,262.0344,1.8989,1.9913,0.0008,1.8065,-0.7785,0.9366,0.5833,1
0.3156,11458.3333,9681077.7242,11458.3333,0.5361,181.0000,179.4934,1.5066,1.5990,0.0013,1.5066,-0.4754,0.7394,0.4465,1
0.2000,11294.1333,20526319.5292,11294.1333,0.4032,244.2667,242.4602,1.8065,1.9913,0.0009,1.6792,-0.6417,0.8841,0.6165,1
0.2000,12213.0667,21837855.7017,12213.0667,0.4193,250.4000,248.5935,1.8065,1.9913,0.0008,1.8989,-0.6604,0.9037,0.5926,1
0.2000,11315.2667,21222264.1898,11315.2667,0.4106,244.7333,242.7420,1.9913,1.9913,0.0008,1.8989,-0.6158,0.8919,0.4444,1
0.2000,12678.5333,21148936.2747,12678.5333,0.4161,243.4667,241.5677,1.8989,1.9913,0.0008,1.8989,-0.6832,0.9253,0.4444,1
0.3244,12020.8000,9868517.4853,12020.8000,0.5396,183.4667,181.9601,1.5066,1.5066,0.0013,1.5066,-0.5408,0.7834,0.2500,1
0.1200,21150.6667,20718454.9353,21150.6667,0.2728,258.1333,256.0722,2.0611,2.3384,0.0006,2.0611,-0.6106,0.9016,0.4717,1
0.2533,10312.3333,14364044.8399,10312.3333,0.4692,208.3333,206.5334,1.8000,1.8000,0.0010,1.7075,-0.5787,0.8614,0.0000,1
0.1200,20916.4667,19994446.6162,20916.4667,0.3350,253.0000,250.7540,2.2460,2.3384,0.0006,2.0792,-0.4993,0.8746,1.0000,1
0.2000,12050.9333,24428722.0465,12050.9333,0.4731,246.9333,244.9420,1.9913,1.9913,0.0009,1.6792,-0.7934,0.9509,0.0000,1
0.3244,11892.0000,9925248.0589,11892.0000,0.5429,182.1333,180.6267,1.5066,1.5066,0.0013,1.5066,-0.6303,0.8503,0.0000,1
0.3156,8136.4000,14086398.7754,8136.4000,0.5736,201.3333,199.7343,1.5990,1.5990,0.0012,1.5990,-0.7336,0.9042,0.0000,1
0.2622,12160.7333,14765177.0480,12160.7333,0.5103,216.7333,215.0258,1.7075,1.7075,0.0010,1.7075,-0.5546,0.8333,0.7000,1
0.2000,12289.8000,22529169.6547,12289.8000,0.4098,251.6667,249.9875,1.6792,1.9913,0.0009,1.7716,-0.6670,0.9102,0.3889,1
0.2533,11754.2667,14816016.9825,11754.2667,0.4831,214.0000,212.2000,1.8000,1.8000,0.0010,1.8000,-0.5787,0.8614,0.4500,1
0.2533,7994.0667,18879152.9644,7994.0667,0.5364,231.0000,229.2000,1.8000,1.8000,0.0012,1.5990,-0.6819,0.8841,0.7202,1
0.2000,11863.0667,20849281.7509,11863.0667,0.4121,247.3333,245.3420,1.9913,1.9913,0.0008,1.8989,-0.5412,0.8436,0.4167,1
0.1556,14714.6667,19352275.4250,14714.6667,0.3862,227.2000,225.1208,2.0792,2.1716,0.0006,2.1716,-0.5521,0.8841,0.5926,1
0.2533,15300.2667,11307799.4941,15300.2667,0.4723,197.4667,195.6667,1.8000,1.8000,0.0010,1.7075,-0.5276,0.8503,0.0000,1
0.2000,12043.9333,22766907.2509,12043.9333,0.4190,250.0667,248.0753,1.9913,1.9913,0.0008,1.8989,-0.6832,0.9253,0.4444,1
0.2000,11615.8000,11859544.4642,11615.8000,0.4692,181.1333,179.2344,1.8989,1.9913,0.0008,1.8065,-0.4666,0.7968,0.0465,1
0.2000,12098.6667,21704332.0619,12098.6667,0.4233,248.6667,246.7677,1.8989,1.9913,0.0008,1.8989,-0.6158,0.8919,0.6944,1
0.2089,11832.8000,21272368.2345,11832.8000,0.4144,246.1333,244.2344,1.8989,1.8989,0.0008,1.8065,-0.6670,0.9102,0.0000,1
0.2000,19105.2667,12064686.4578,19105.2667,0.4038,211.8000,209.9011,1.8989,1.9913,0.0008,1.8989,-0.5453,0.8596,0.0571,1
0.2000,8357.8667,27639809.2736,8357.8667,0.4141,268.4000,266.4087,1.9913,1.9913,0.0009,1.7716,-0.6633,0.8971,0.4227,1
0.2000,15675.5333,16329226.6145,15675.5333,0.4023,229.4000,227.5935,1.8065,1.9913,0.0008,1.8065,-0.6477,0.8905,0.0476,1
0.3156,11970.4000,10247591.5004,11970.4000,0.5420,183.4667,181.8677,1.5990,1.5990,0.0013,1.5066,-0.5939,0.8503,0.0000,1
0.2089,19411.9333,11992232.2131,19411.9333,0.4068,215.0000,213.2284,1.7716,1.8989,0.0009,1.6792,-0.4933,0.7968,0.0465,1
0.0933,26972.0667,17219795.7176,26972.0667,0.2045,252.2000,249.8965,2.3035,2.4883,0.0004,2.3035,-0.4941,0.8830,0.2667,1
0.3244,7645.2667,13078323.0639,7645.2667,0.5415,196.4667,195.0525,1.4142,1.5066,0.0013,1.4142,-0.7641,0.8848,0.0000,1
0.2000,11277.8667,25087113.7045,11277.8667,0.4420,245.7333,243.9268,1.8065,1.9913,0.0008,1.8989,-0.8030,0.9592,0.0000,1
0.2533,15333.0000,11078982.3120,15333.0000,0.4731,198.4667,196.7591,1.7075,1.8000,0.0010,1.7075,-0.4735,0.7834,0.4545,1
0.2622,14638.4667,11133607.2117,14638.4667,0.5018,196.0667,194.3591,1.7075,1.7075,0.0010,1.7075,-0.5561,0.8503,0.0000,1
0.1556,11274.3333,32334640.3633,11274.3333,0.3527,278.2000,276.0284,2.1716,2.1716,0.0007,1.9867,-0.7246,0.9509,0.0000,1
0.2622,12381.6000,14889902.0082,12381.6000,0.4762,217.8667,216.1591,1.7075,1.7075,0.0010,1.7075,-0.5546,0.8333,0.2500,1
0.3156,11735.9333,9785637.6380,11735.9333,0.5380,181.4000,179.8010,1.5990,1.5990,0.0012,1.5990,-0.5076,0.7834,0.4545,1
0.2533,12233.0667,15100350.3196,12233.0667,0.4834,216.5333,214.7334,1.8000,1.8000,0.0010,1.8000,-0.5787,0.8614,0.4500,1
0.3156,11932.1333,10258948.5120,11932.1333,0.5483,183.4667,181.8677,1.5990,1.5990,0.0013,1.4142,-0.5939,0.8503,0.0000,1
0.2533,12350.4667,15182143.7907,12350.4667,0.5214,216.4667,214.7591,1.7075,1.8000,0.0010,1.8000,-0.6328,0.8848,0.4500,1
0.2000,12048.8667,22673260.4818,12048.8667,0.4047,249.6667,247.7677,1.8989,1.9913,0.0009,1.7716,-0.6832,0.9253,0.4444,1
0.2089,15577.1333,15686780.0212,15577.1333,0.5011,232.2000,230.4284,1.7716,1.8989,0.0011,1.5802,-0.5688,0.7956,0.2885,2
0.2533,12430.8000,15174276.6816,12430.8000,0.5161,216.5333,214.7334,1.8000,1.8000,0.0010,1.8000,-0.6328,0.8848,0.4500,2
0.2000,11632.6667,22123913.5312,11632.6667,0.4065,247.4667,245.4753,1.9913,1.9913,0.0008,1.9913,-0.6345,0.9102,0.4444,2
0.2533,7774.0000,18984399.5159,7774.0000,0.4779,228.2667,226.4667,1.8000,1.8000,0.0010,1.7075,-0.7460,0.9102,0.0000,2
0.2533,8033.4667,19247229.9235,8033.4667,0.5101,229.6000,227.8000,1.8000,1.8000,0.0010,1.7075,-0.7056,0.9102,0.4444,2
0.2178,11800.6667,23665935.8154,11800.6667,0.4090,248.1333,246.3268,1.8065,1.8065,0.0009,1.7141,-0.7828,0.9409,0.0000,2
0.2000,11813.2667,22624166.2121,11813.2667,0.4095,246.7333,244.7420,1.9913,1.9913,0.0008,1.9913,-0.6979,0.9379,0.0000,2
0.2000,16071.6667,17062858.3542,16071.6667,0.4377,232.4667,230.5677,1.8989,1.9913,0.0008,1.8065,-0.6658,0.9090,0.0476,2
0.1556,18146.6667,18350477.3621,18146.6667,0.4480,243.2000,241.2133,1.9867,2.1716,0.0008,1.8065,-0.6306,0.8967,0.1071,2
0.2533,14843.0667,11267853.9458,14843.0667,0.4785,197.3333,195.5334,1.8000,1.8000,0.0010,1.8000,-0.5020,0.8199,0.4545,2
0.2000,11742.1333,21678559.3966,11742.1333,0.4090,246.6667,244.7677,1.8989,1.9913,0.0008,1.8989,-0.6670,0.9102,0.3889,2
0.2533,6351.6000,18768836.0825,6351.6000,0.5120,218.9333,217.1334,1.8000,1.8000,0.0010,1.7075,-0.7721,0.9379,0.0000,2
0.2000,11720.5333,21771011.8667,11720.5333,0.4061,247.0667,245.0753,1.9913,1.9913,0.0008,1.8065,-0.6670,0.9102,0.3889,2
0.2000,12271.4667,22123073.5496,12271.4667,0.4901,248.8000,246.9011,1.8989,1.9913,0.0010,1.8000,-0.6345,0.9102,0.6944,2
0.1200,22136.2000,25683253.3349,22136.2000,0.2842,262.8667,260.7131,2.1535,2.3384,0.0006,2.0611,-0.6825,0.9336,0.0634,2
0.2622,16645.8000,10566137.1878,16645.8000,0.5687,203.4000,201.8198,1.5802,1.7075,0.0013,1.3793,-0.3421,0.5854,1.0000,2
0.2533,12063.0000,15265485.9776,12063.0000,0.4774,216.3333,214.5334,1.8000,1.8000,0.0010,1.8000,-0.6328,0.8848,0.0000,2
0.3867,4006.6667,12540116.6445,4006.6667,0.6577,184.6667,183.2770,1.3897,1.3897,0.0015,1.3897,-0.8329,0.8848,0.0000,2
0.1556,19110.6667,18846912.9758,19110.6667,0.3768,246.8000,244.7208,2.0792,2.1716,0.0007,1.9867,-0.5883,0.8929,0.0607,2
0.2533,8179.6000,19439377.5157,8179.6000,0.4735,232.6667,230.8667,1.8000,1.8000,0.0010,1.7075,-0.6888,0.8919,1.0000,2
0.1644,22617.6000,13877858.8455,22617.6000,0.3701,229.7333,227.7466,1.9867,2.0792,0.0007,1.9867,-0.5228,0.8627,0.0833,2
0.2000,14434.0667,16152923.2580,14434.0667,0.4103,225.9333,224.0344,1.8989,1.9913,0.0008,1.8989,-0.6477,0.8905,0.0347,2
0.2000,12379.6000,23318710.6534,12379.6000,0.4849,250.9333,249.0344,1.8989,1.9913,0.0008,1.8989,-0.6979,0.9379,0.0000,2
0.1200,14598.7333,34627850.9625,14598.7333,0.3220,296.3333,294.3071,2.0262,2.3384,0.0005,2.1535,-0.6670,0.9201,1.0000,2
0.2000,12139.2667,21167065.6446,12139.2667,0.4088,250.4667,248.4753,1.9913,1.9913,0.0008,1.9913,-0.5364,0.8505,-0.0000,2
0.2000,19538.4667,12433866.0336,19538.4667,0.4175,214.7333,212.8344,1.8989,1.9913,0.0008,1.8989,-0.5453,0.8596,0.0571,2
0.1556,22272.2000,13891093.3824,22272.2000,0.4025,230.4667,228.5724,1.8943,2.1716,0.0007,1.8943,-0.5421,0.8430,0.4701,2
0.3156,3887.5333,18076195.9006,3887.5333,0.5775,215.0000,213.4010,1.5990,1.5990,0.0012,1.5990,-0.8691,0.9379,0.0000,2
0.2089,12112.1333,21927117.8584,12112.1333,0.4798,247.6000,245.7935,1.8065,1.8989,0.0009,1.7141,-0.6832,0.9253,0.0000,2
0.1022,29170.4000,15939961.7777,29170.4000,0.2827,259.7333,257.6496,2.0838,2.3959,0.0006,1.9338,-0.4092,0.7816,0.5670,2
0.3156,12123.0000,10250092.5030,12123.0000,0.5499,183.8000,182.2010,1.5990,1.5990,0.0013,1.5066,-0.5939,0.8503,0.0000,2
0.3156,11804.2667,10320038.5746,11804.2667,0.5430,183.6000,182.0010,1.5990,1.5990,0.0012,1.5990,-0.5939,0.8503,0.0000,2
0.3156,7894.8667,13570634.4924,7894.8667,0.6029,199.6667,198.0677,1.5990,1.5990,0.0015,1.3897,-0.6559,0.8614,0.2500,2
0.1289,14759.1333,32422472.2668,14759.1333,0.4078,288.4667,286.3480,2.1186,2.2460,0.0008,1.9913,-0.6510,0.9366,0.5833,2
0.1200,22121.4667,20814098.7515,22121.4667,0.2773,260.6667,258.4207,2.2460,2.3384,0.0005,2.2460,-0.6106,0.9016,0.1667,2
0.2000,11995.0000,21436096.8545,11995.0000,0.4129,249.2667,247.2753,1.9913,1.9913,0.0008,1.8065,-0.5951,0.8700,0.3889,2
0.2000,12388.1333,21411976.0004,12388.1333,0.4758,251.0667,249.0753,1.9913,1.9913,0.0008,1.8989,-0.5412,0.8436,0.7062,2
0.2000,8592.0000,27335285.7227,8592.0000,0.4557,269.0667,267.0753,1.9913,1.9913,0.0008,1.9913,-0.6094,0.8762,0.8669,2
0.3244,12152.0667,10235974.2564,12152.0667,0.5383,184.7333,183.2267,1.5066,1.5066,0.0013,1.5066,-0.6303,0.8503,0.0000,2
0.2000,12488.7333,21881680.5347,12488.7333,0.4708,251.4000,249.4087,1.9913,1.9913,0.0008,1.8065,-0.5646,0.8700,0.4327,2
0.2622,12712.2000,14154799.9010,12712.2000,0.5075,220.3333,218.8106,1.5227,1.7075,0.0010,1.6151,-0.4456,0.7025,0.7990,2
0.1200,24965.8000,15955286.1310,24965.8000,0.3095,243.5333,241.3798,2.1535,2.3384,0.0005,2.1535,-0.5236,0.8757,0.1852,2
0.2000,12183.1333,22640911.9867,12183.1333,0.5025,249.8000,247.9011,1.8989,1.9913,0.0010,1.7075,-0.6832,0.9253,0.0000,2
0.2000,11915.7333,23012919.9801,11915.7333,0.4048,248.6667,246.6753,1.9913,1.9913,0.0008,1.8989,-0.6979,0.9379,0.0000,2
0.2000,12185.8000,22635267.6902,12185.8000,0.4233,249.8000,247.9011,1.8989,1.9913,0.0008,1.9913,-0.6832,0.9253,0.4444,2
0.2000,12413.0667,20485857.1288,12413.0667,0.4996,250.5333,248.5420,1.9913,1.9913,0.0010,1.7075,-0.5044,0.7982,0.5525,2
0.2533,15766.4000,11034964.3690,15766.4000,0.5087,199.3333,197.6258,1.7075,1.8000,0.0010,1.6151,-0.5839,0.8278,0.0375,2
0.2000,3970.9333,34569551.6769,3970.9333,0.4445,280.0000,278.0087,1.9913,1.9913,0.0008,1.8989,-0.7917,0.9428,0.0000,2
0.2089,12085.1333,20333479.6573,12085.1333,0.4962,248.3333,246.4344,1.8989,1.8989,0.0010,1.7075,-0.5659,0.8505,0.7856,2
0.1556,14927.8000,24021067.8650,14927.8000,0.3552,260.8667,258.7875,2.0792,2.1716,0.0006,2.0792,-0.5599,0.8919,0.6944,2
0.2000,11785.9333,20158934.8223,11785.9333,0.4111,246.8667,244.9677,1.8989,1.9913,0.0008,1.8989,-0.5109,0.8202,0.5725,3
0.1200,17187.6000,25614426.8477,17187.6000,0.3119,274.8000,272.5540,2.2460,2.3384,0.0005,2.2460,-0.5086,0.8627,0.6000,3
0.2000,12076.9333,20829469.7080,12076.9333,0.5165,246.5333,244.5420,1.9913,1.9913,0.0010,1.8000,-0.6082,0.8841,0.7202,3
0.2000,19993.5333,12609298.8870,19993.5333,0.4401,216.6000,214.7011,1.8989,1.9913,0.0008,1.8989,-0.5453,0.8596,0.0571,3
0.2000,12083.0667,22005367.5005,12083.0667,0.4101,250.0000,248.1011,1.8989,1.9913,0.0008,1.8065,-0.6158,0.8919,0.4327,3
0.2000,12260.3333,22111801.8839,12260.3333,0.4088,250.8667,248.8753,1.9913,1.9913,0.0008,1.8989,-0.6158,0.8919,0.6944,3
0.2000,11454.4000,22356026.7412,11454.4000,0.4521,246.8000,244.8087,1.9913,1.9913,0.0008,1.9913,-0.6832,0.9253,0.0000,3
0.2000,13996.2667,17432725.3351,13996.2667,0.4134,226.9333,224.9420,1.9913,1.9913,0.0008,1.8989,-0.5890,0.9042,0.0000,3
0.2089,20943.6667,12095764.6092,20943.6667,0.4499,219.8000,217.9935,1.8065,1.8989,0.0008,1.8065,-0.4626,0.7555,1.0000,3
0.2000,12089.0000,22293819.8900,12089.0000,0.4115,250.2000,248.3011,1.8989,1.9913,0.0009,1.7716,-0.6670,0.9102,0.4444,3
0.3244,12061.7333,10214426.3689,12061.7333,0.5373,184.4000,182.8934,1.5066,1.5066,0.0013,1.5066,-0.6303,0.8503,0.0000,3
0.2089,15868.3333,20821582.8986,15868.3333,0.4320,233.9333,232.1268,1.8065,1.8989,0.0008,1.8065,-0.7934,0.9509,0.0000,3
0.2000,12189.1333,22162330.6122,12189.1333,0.4231,249.8000,247.8087,1.9913,1.9913,0.0008,1.8989,-0.6670,0.9102,0.4444,3
0.2000,11973.7333,22513035.2904,11973.7333,0.4121,248.8000,246.9011,1.8989,1.9913,0.0009,1.7716,-0.6832,0.9253,0.4444,3
0.3156,12234.5333,10064076.2871,12234.5333,0.5488,183.7333,182.1343,1.5990,1.5990,0.0012,1.5990,-0.5689,0.8199,0.0000,3
0.2533,7802.0667,19949473.5820,7802.0667,0.4904,231.6667,229.8667,1.8000,1.8000,0.0010,1.8000,-0.7597,0.9253,0.0000,3
0.2000,12147.7333,21881289.3632,12147.7333,0.4055,248.4000,246.5011,1.8989,1.9913,0.0008,1.8065,-0.6670,0.9102,0.4444,3
0.1556,14921.2000,23713957.7170,14921.2000,0.3492,262.1333,260.1466,1.9867,2.1716,0.0007,1.9867,-0.5385,0.8700,0.3889,3
0.0933,21446.6667,31040461.0755,21446.6667,0.2281,292.6667,290.3632,2.3035,2.4883,0.0005,2.2111,-0.5870,0.9202,0.1117,3
0.2089,20286.3333,12090960.0972,20286.3333,0.4373,217.8000,216.0859,1.7141,1.8989,0.0009,1.5868,-0.5406,0.8189,0.0327,3
0.3156,12444.5333,9712676.6913,12444.5333,0.6366,184.1333,182.5343,1.5990,1.5990,0.0015,1.3897,-0.4622,0.7205,0.7326,3
0.2000,11423.7333,21945085.5401,11423.7333,0.4141,245.0667,243.0753,1.9913,1.9913,0.0008,1.9913,-0.6832,0.9253,0.4444,3
0.2533,12223.3333,15194348.8363,12223.3333,0.4892,217.0667,215.2667,1.8000,1.8000,0.0010,1.7075,-0.5787,0.8614,0.4500,3
0.2000,12288.6000,22652989.5675,12288.6000,0.4533,250.0667,248.0753,1.9913,1.9913,0.0008,1.9913,-0.6832,0.9253,0.0000,3
0.2089,12361.2000,19944328.1594,12361.2000,0.4743,251.7333,249.8344,1.8989,1.8989,0.0010,1.6151,-0.4504,0.7397,0.8292,3
0.2089,12341.6000,20818497.9108,12341.6000,0.4768,250.1333,248.3268,1.8065,1.8989,0.0009,1.7141,-0.5867,0.8606,0.7202,3
0.2089,12449.0667,22113897.1322,12449.0667,0.4909,252.4000,250.5011,1.8989,1.8989,0.0010,1.7075,-0.6158,0.8919,0.6944,3
0.2000,12377.6667,20622177.2071,12377.6667,0.5519,251.1333,249.2344,1.8989,1.9913,0.0013,1.5066,-0.5044,0.7982,0.1326,3
0.3156,7960.8667,14043155.8701,7960.8667,0.6081,200.7333,199.1343,1.5990,1.5990,0.0013,1.4142,-0.7336,0.9042,0.0000,3
0.2533,8447.7333,16464380.3139,8447.7333,0.6069,201.7333,199.9334,1.8000,1.8000,0.0013,1.5066,-0.6888,0.8919,0.6944,3
0.2089,12110.8000,21752850.1638,12110.8000,0.4951,248.9333,247.1268,1.8065,1.8989,0.0009,1.7141,-0.6670,0.9102,1.0000,3
0.2000,11293.0667,21613319.8002,11293.0667,0.4061,245.3333,243.3420,1.9913,1.9913,0.0008,1.8989,-0.6670,0.9102,0.4444,3
0.1644,23006.6000,13467521.6075,23006.6000,0.3414,230.0667,228.0799,1.9867,2.0792,0.0007,1.9867,-0.4984,0.8348,0.0723,3
0.2000,11811.2667,21320699.5653,11811.2667,0.4053,248.3333,246.4344,1.8989,1.9913,0.0009,1.6792,-0.6082,0.8841,0.5926,3
0.2533,12161.5333,15133761.0698,12161.5333,0.4772,215.8000,214.0000,1.8000,1.8000,0.0010,1.7075,-0.6328,0.8848,0.0000,3
0.2000,18985.4000,12065391.8488,18985.4000,0.4020,212.7333,210.8344,1.8989,1.9913,0.0008,1.8989,-0.5207,0.8311,0.0465,3
0.1289,16845.5333,25617126.1849,16845.5333,0.3455,274.0667,271.9131,2.1535,2.2460,0.0007,1.9867,-0.5560,0.8859,1.0000,3
0.2000,19479.4667,11879060.0877,19479.4667,0.4047,213.8667,211.9677,1.8989,1.9913,0.0008,1.8065,-0.4933,0.7968,0.0465,3
0.2533,7954.8000,20307885.8131,7954.8000,0.4961,232.0000,230.2000,1.8000,1.8000,0.0010,1.7075,-0.7721,0.9379,0.0000,3
0.2533,7051.8000,19756484.2330,7051.8000,0.5082,227.2667,225.4667,1.8000,1.8000,0.0010,1.8000,-0.7721,0.9379,0.0000,3
0.2089,19058.1333,11841816.2466,19058.1333,0.4383,212.2667,210.4950,1.7716,1.8989,0.0009,1.7716,-0.5207,0.8311,0.4857,3
0.2000,12026.0667,23058832.6943,12026.0667,0.4330,251.2667,249.2753,1.9913,1.9913,0.0008,1.8065,-0.6832,0.9253,0.0000,3
0.2000,12067.9333,23204597.6160,12067.9333,0.4194,249.8000,247.9011,1.8989,1.9913,0.0008,1.8989,-0.6979,0.9379,0.0000,3
0.2089,12267.0000,22493145.4124,12267.0000,0.4398,250.4667,248.7526,1.7141,1.8989,0.0008,1.8065,-0.6832,0.9253,0.0000,3
0.3867,4220.9333,12161516.6635,4220.9333,0.6747,183.0667,181.6770,1.3897,1.3897,0.0018,1.1730,-0.7617,0.8614,0.2500,3
0.2000,12124.0000,21554619.1843,12124.0000,0.4140,248.9333,246.9420,1.9913,1.9913,0.0008,1.8989,-0.6604,0.9037,0.5926,3
0.2533,11893.4000,15083313.2328,11893.4000,0.5047,215.0000,213.4198,1.5802,1.8000,0.0011,1.5802,-0.6328,0.8848,0.4500,3
0.2000,8040.8667,27036040.7409,8040.8667,0.4756,265.1333,263.1420,1.9913,1.9913,0.0010,1.7075,-0.6633,0.8971,0.8669,3
0.2533,14624.1333,11730668.7386,14624.1333,0.5169,198.4000,196.6000,1.8000,1.8000,0.0010,1.8000,-0.5276,0.8503,0.0000,3
0.2000,11746.6667,21937438.1962,11746.6667,0.4075,247.8667,245.8753,1.9913,1.9913,0.0008,1.8989,-0.6670,0.9102,0.4444,3
0.2000,11712.2000,20936349.2255,11712.2000,0.4056,247.1333,245.2344,1.8989,1.9913,0.0009,1.7716,-0.6417,0.8841,0.5926,4
0.1556,20840.7333,17349729.7100,20840.7333,0.3363,225.9333,223.8542,2.0792,2.1716,0.0006,2.1716,-0.6240,0.9253,0.4444,4
0.2000,7970.8667,27159404.3882,7970.8667,0.4100,263.9333,261.9420,1.9913,1.9913,0.0008,1.8989,-0.7172,0.9145,0.4227,4
0.2622,12345.6667,14781775.5649,12345.6667,0.4885,217.8000,216.1849,1.6151,1.7075,0.0011,1.4878,-0.6032,0.8514,0.2667,4
0.2000,8159.2667,30304512.6704,8159.2667,0.4157,268.0667,266.1677,1.8989,1.9913,0.0008,1.8989,-0.8030,0.9592,0.0000,4
0.2000,11632.5333,18909971.2992,11632.5333,0.4120,216.4000,214.6284,1.7716,1.9913,0.0008,1.8989,-0.6832,0.9253,0.4444,4
0.1200,18048.2000,27917445.8255,18048.2000,0.3616,278.8667,276.7131,2.1535,2.3384,0.0007,1.9867,-0.6279,0.9175,0.0824,4
0.1644,15568.2000,24706714.6129,15568.2000,0.3507,266.2000,264.1208,2.0792,2.0792,0.0006,2.0792,-0.5599,0.8919,0.2500,4
0.1289,19608.6000,26911998.6974,19608.6000,0.3678,285.0000,282.8465,2.1535,2.2460,0.0006,1.9687,-0.6024,0.8936,0.1000,4
0.2089,11327.2000,20926334.3653,11327.2000,0.4697,245.4667,243.6602,1.8065,1.8989,0.0010,1.7075,-0.6490,0.8919,0.4444,4
0.2000,15798.5333,15921212.3812,15798.5333,0.4102,231.3333,229.5268,1.8065,1.9913,0.0008,1.8065,-0.5608,0.8301,0.0476,4
0.2089,7806.4667,24684450.9276,7806.4667,0.4051,262.2000,260.3935,1.8065,1.8989,0.0008,1.8065,-0.6796,0.8896,0.3750,4
0.2089,11724.7333,21506324.1666,11724.7333,0.4074,247.0000,245.1011,1.8989,1.8989,0.0008,1.8065,-0.6670,0.9102,0.0000,4
0.2000,11578.4000,22226632.7608,11578.4000,0.4082,246.6667,244.8602,1.8065,1.9913,0.0008,1.9913,-0.6832,0.9253,0.4444,4
0.2000,11860.3333,22310386.8382,11860.3333,0.4702,247.6667,245.7677,1.8989,1.9913,0.0008,1.8989,-0.6832,0.9253,0.4444,4
0.1200,17774.7333,28469466.4191,17774.7333,0.2791,274.6000,272.3540,2.2460,2.3384,0.0005,2.1535,-0.6595,0.9430,0.1000,4
0.2000,7607.4000,28573150.4223,7607.4000,0.4056,260.0667,258.0753,1.9913,1.9913,0.0008,1.8989,-0.8030,0.9592,0.0000,4
0.3156,3993.4000,17418670.5099,3993.4000,0.5391,212.7333,211.1343,1.5990,1.5990,0.0012,1.5990,-0.8113,0.9253,0.0000,4
0.2089,12200.2000,20528393.5764,12200.2000,0.5208,249.5333,247.6344,1.8989,1.8989,0.0010,1.7075,-0.5659,0.8505,0.7856,4
0.2000,7692.6000,27749217.0657,7692.6000,0.4015,259.2667,257.3677,1.8989,1.9913,0.0008,1.8065,-0.7934,0.9509,0.0000,4
0.2089,7712.0667,26360002.2833,7712.0667,0.4873,263.8000,261.9011,1.8989,1.8989,0.0010,1.6151,-0.7113,0.9083,1.0000,4
0.2000,11993.8000,21530818.1720,11993.8000,0.4151,247.6667,245.7677,1.8989,1.9913,0.0008,1.8989,-0.6158,0.8919,0.4327,4
0.2000,7821.7333,26993484.8217,7821.7333,0.4469,262.9333,261.0344,1.8989,1.9913,0.0008,1.8989,-0.7172,0.9145,0.4227,4
0.2000,11317.8667,21564945.3115,11317.8667,0.4126,246.4000,244.4087,1.9913,1.9913,0.0008,1.9913,-0.6158,0.8919,0.2500,4
0.2000,11890.2000,21589086.8852,11890.2000,0.4047,247.6667,245.6753,1.9913,1.9913,0.0008,1.9913,-0.6158,0.8919,0.3889,4
0.2000,12160.8000,22906133.2316,12160.8000,0.4080,250.9333,248.9420,1.9913,1.9913,0.0008,1.8065,-0.6832,0.9253,0.4444,4
0.2533,12239.8000,15618727.8954,12239.8000,0.4717,217.1333,215.3334,1.8000,1.8000,0.0010,1.8000,-0.6517,0.9042,0.0000,4
0.2000,11688.9333,22029712.4160,11688.9333,0.4206,248.1333,246.2344,1.8989,1.9913,0.0008,1.8989,-0.6670,0.9102,0.4444,4
0.1556,15624.2000,25188579.4701,15624.2000,0.4088,267.1333,265.1815,1.9518,2.1716,0.0008,1.8989,-0.5599,0.8919,0.4327,4
0.2000,12480.8000,21811238.7654,12480.8000,0.5035,252.0000,250.1011,1.8989,1.9913,0.0009,1.7716,-0.5951,0.8700,0.4327,4
0.1200,20480.1333,27310933.8940,20480.1333,0.3910,284.6667,282.4207,2.2460,2.3384,0.0006,2.0792,-0.5348,0.8806,1.0000,4
0.2000,7929.6000,28106021.7246,7929.6000,0.4317,263.8667,261.8753,1.9913,1.9913,0.0008,1.8989,-0.7828,0.9409,0.0000,4
0.2000,12028.6000,21659514.4932,12028.6000,0.4136,248.3333,246.3420,1.9913,1.9913,0.0008,1.9913,-0.6158,0.8919,0.4444,4
0.2089,12225.4667,22437346.6393,12225.4667,0.4216,250.1333,248.2344,1.8989,1.8989,0.0008,1.8989,-0.6832,0.9253,0.0000,4
0.2000,8039.4667,27858202.3077,8039.4667,0.4843,266.2667,264.3677,1.8989,1.9913,0.0010,1.7075,-0.6805,0.9145,0.0000,4
0.2000,11793.1333,22308384.0233,11793.1333,0.4481,247.5333,245.5420,1.9913,1.9913,0.0008,1.9913,-0.6832,0.9253,0.0000,4
0.2533,12479.3333,15811473.8598,12479.3333,0.4872,218.6667,216.8667,1.8000,1.8000,0.0010,1.7075,-0.6517,0.9042,0.0000,4
0.2000,12210.6000,22193092.0101,12210.6000,0.4839,249.0000,247.0087,1.9913,1.9913,0.0008,1.8065,-0.6345,0.9102,0.4444,4
0.2000,11773.8667,21064638.4481,11773.8667,0.4118,247.0667,245.0753,1.9913,1.9913,0.0008,1.9913,-0.6082,0.8841,-0.0000,4
0.2000,12350.6667,22528724.6300,12350.6667,0.4260,250.8000,248.8087,1.9913,1.9913,0.0008,1.8989,-0.6345,0.9102,0.0000,4
0.2178,8221.3333,23896147.6033,8221.3333,0.5404,267.0667,265.2602,1.8065,1.8065,0.0013,1.5066,-0.7064,0.8719,0.5608,4
0.1556,15651.6667,24836312.3412,15651.6667,0.3948,261.5333,259.4542,2.0792,2.1716,0.0007,1.9867,-0.6240,0.9253,0.4444,4
0.2000,12279.2000,21778588.5332,12279.2000,0.4960,250.2667,248.3677,1.8989,1.9913,0.0010,1.7075,-0.6490,0.8919,0.3889,4
0.2089,12217.6667,20001957.2308,12217.6667,0.4147,250.2000,248.3935,1.8065,1.8989,0.0008,1.8065,-0.6066,0.8436,0.3333,4
0.1289,21786.7333,20056997.2842,21786.7333,0.2896,259.8000,257.7738,2.0262,2.2460,0.0006,1.9338,-0.5907,0.8817,0.7171,4
0.2000,11986.0667,21997555.2638,11986.0667,0.4726,249.8000,247.8087,1.9913,1.9913,0.0008,1.8065,-0.6158,0.8919,0.3889,4
0.2000,6958.8667,24426853.9845,6958.8667,0.5046,229.4000,227.4087,1.9913,1.9913,0.0010,1.6151,-0.7447,0.9409,0.2500,4
0.2089,12217.5333,22277210.1604,12217.5333,0.4144,249.4000,247.5011,1.8989,1.8989,0.0009,1.6792,-0.6832,0.9253,0.0000,4
0.1733,15716.4667,22829543.3174,15716.4667,0.3689,265.8000,263.9057,1.8943,1.9867,0.0007,1.9867,-0.5111,0.8505,0.5926,4
0.2000,12062.8667,22513520.8213,12062.8667,0.4112,249.0000,247.0087,1.9913,1.9913,0.0008,1.8989,-0.6832,0.9253,0.4444,4
0.2533,15439.5333,11108693.3432,15439.5333,0.4724,198.8667,197.2515,1.6151,1.8000,0.0010,1.6151,-0.4735,0.7834,0.4091,5
0.1289,18346.8000,25181652.2816,18346.8000,0.3710,280.1333,278.0722,2.0611,2.2460,0.0007,1.8943,-0.5732,0.8627,0.0569,5
0.2089,16082.0000,15698914.3308,16082.0000,0.4851,234.6667,232.8602,1.8065,1.8989,0.0011,1.4303,-0.5794,0.8093,0.6175,5
0.0933,20286.6000,31500086.2189,20286.6000,0.2450,289.2667,286.9632,2.3035,2.4883,0.0004,2.3035,-0.5629,0.9202,0.1368,5
0.2000,11859.6000,21168294.5668,11859.6000,0.4257,247.7333,245.8344,1.8989,1.9913,0.0008,1.8989,-0.5951,0.8700,0.4327,5
0.3156,7870.2000,13799664.3420,7870.2000,0.5758,200.2000,198.6010,1.5990,1.5990,0.0012,1.5990,-0.7172,0.8848,0.0000,5
0.2000,8144.8667,28208003.1793,8144.8667,0.4263,266.3333,264.3420,1.9913,1.9913,0.0008,1.8989,-0.7317,0.9289,0.0000,5
0.2000,12087.0000,21632201.0339,12087.0000,0.4723,248.3333,246.3420,1.9913,1.9913,0.0008,1.8989,-0.6158,0.8919,0.3889,5
0.2089,12249.6000,21038972.6139,12249.6000,0.4858,249.8667,248.0602,1.8065,1.8989,0.0009,1.7141,-0.6417,0.8841,0.2593,5
0.1556,17233.5333,18908757.4720,17233.5333,0.4050,242.7333,240.6542,2.0792,2.1716,0.0008,1.8989,-0.5883,0.8929,0.0607,5
0.2000,7901.2000,27725782.3492,7901.2000,0.4139,263.8667,261.9677,1.8989,1.9913,0.0008,1.8065,-0.7317,0.9289,0.3750,5
0.2089,7719.4000,28091446.7536,7719.4000,0.4213,265.6667,263.7677,1.8989,1.8989,0.0008,1.8065,-0.7264,0.9366,0.0000,5
0.3156,8245.7333,13433126.9655,8245.7333,0.5494,198.5333,196.9343,1.5990,1.5990,0.0012,1.5990,-0.7172,0.8848,0.4500,5
0.2000,7920.8667,29130268.0345,7920.8667,0.4191,265.5333,263.6344,1.8989,1.9913,0.0008,1.8989,-0.7934,0.9509,0.4375,5
0.1556,14359.1333,22350588.4273,14359.1333,0.4114,260.7333,258.5618,2.1716,2.1716,0.0008,1.8989,-0.4529,0.7982,0.6784,5
0.2000,11015.6667,19741867.7759,11015.6667,0.4019,233.4000,231.5011,1.8989,1.9913,0.0008,1.8989,-0.6832,0.9253,0.4444,5
0.2000,11869.3333,21773701.2318,11869.3333,0.4223,246.4000,244.4087,1.9913,1.9913,0.0008,1.9913,-0.6345,0.9102,0.4444,5
0.2000,7782.1333,27701109.6799,7782.1333,0.5082,263.4667,261.5677,1.8989,1.9913,0.0010,1.8000,-0.7317,0.9289,0.5000,5
0.2000,19932.7333,12536139.9887,19932.7333,0.4368,217.2667,215.3677,1.8989,1.9913,0.0008,1.8989,-0.5207,0.8311,0.0465,5
0.1556,23486.3333,14175764.0677,23486.3333,0.3495,231.5333,229.4542,2.0792,2.1716,0.0006,2.0792,-0.4985,0.8627,0.0833,5
0.2000,19219.2000,12184086.8571,19219.2000,0.4158,213.8667,212.0602,1.8065,1.9913,0.0008,1.8065,-0.5207,0.8311,0.0465,5
0.1556,15123.8667,25502702.2742,15123.8667,0.3404,263.4667,261.2951,2.1716,2.1716,0.0006,2.0792,-0.6240,0.9253,0.4444,5
0.2178,12451.4667,22112154.6365,12451.4667,0.4202,252.4000,250.7208,1.6792,1.8065,0.0008,1.8065,-0.6670,0.9102,0.0000,5
0.2089,12328.3333,22498365.2976,12328.3333,0.4450,250.6000,248.7011,1.8989,1.8989,0.0008,1.8065,-0.6832,0.9253,0.0000,5
0.0933,15530.2667,45979618.0319,15530.2667,0.2417,322.8000,320.3117,2.4883,2.4883,0.0005,2.1762,-0.6558,0.9490,-0.0000,5
0.2000,7755.6667,27458298.3711,7755.6667,0.4375,263.9333,261.9420,1.9913,1.9913,0.0008,1.8989,-0.6805,0.9145,0.4375,5
0.2000,12094.8667,22015773.6457,12094.8667,0.4330,251.0000,249.2284,1.7716,1.9913,0.0008,1.8989,-0.6604,0.9037,0.5926,5
0.3156,7688.8000,13452060.5899,7688.8000,0.5384,198.5333,196.9343,1.5990,1.5990,0.0012,1.5990,-0.6559,0.8614,0.0000,5
0.2000,11692.0000,20448048.8964,11692.0000,0.4069,245.8667,243.9677,1.8989,1.9913,0.0009,1.7716,-0.5867,0.8606,0.7202,5
0.2000,16524.6000,16630793.2366,16524.6000,0.4416,231.1333,229.2344,1.8989,1.9913,0.0008,1.8989,-0.6658,0.9090,0.0476,5
0.2533,4016.7333,25300278.1196,4016.7333,0.5185,246.4667,244.7591,1.7075,1.8000,0.0010,1.7075,-0.8823,0.9509,0.0000,5
0.2000,11916.0667,23184373.0832,11916.0667,0.5039,246.3333,244.3420,1.9913,1.9913,0.0010,1.7075,-0.6805,0.9145,0.4375,5
0.2000,11857.4000,22613904.3314,11857.4000,0.4057,249.0000,247.1011,1.8989,1.9913,0.0008,1.8989,-0.6832,0.9253,0.4444,5
0.2000,8034.7333,28554723.6357,8034.7333,0.4053,263.4000,261.5011,1.8989,1.9913,0.0008,1.9913,-0.7934,0.9509,0.0000,5
0.2089,11817.0667,19890689.3371,11817.0667,0.5353,247.0667,245.1677,1.8989,1.8989,0.0012,1.5990,-0.6290,0.8700,0.6667,5
0.2533,8564.7333,20523508.9945,8564.7333,0.5369,233.2667,231.5591,1.7075,1.8000,0.0012,1.5990,-0.7338,0.9016,0.4444,5
0.2000,7700.4000,28241089.9403,7700.4000,0.4228,261.4667,259.5677,1.8989,1.9913,0.0008,1.9913,-0.7934,0.9509,0.0000,5
0.2000,11451.6667,21819454.4241,11451.6667,0.4161,244.6000,242.7011,1.8989,1.9913,0.0008,1.9913,-0.6832,0.9253,0.4444,5
0.2000,11697.2000,23290068.4839,11697.2000,0.4323,247.0667,245.1677,1.8989,1.9913,0.0008,1.8065,-0.7264,0.9238,0.5833,5
0.2089,7550.1333,26438595.8418,7550.1333,0.4098,260.0000,258.1935,1.8065,1.8989,0.0009,1.7141,-0.7711,0.9289,0.4375,5
0.2000,12083.5333,21548213.5226,12083.5333,0.4730,249.9333,247.9420,1.9913,1.9913,0.0010,1.8000,-0.6082,0.8841,0.7202,5
0.2000,7549.3333,28520017.4408,7549.3333,0.4067,262.2667,260.2753,1.9913,1.9913,0.0008,1.9913,-0.7934,0.9509,0.4375,5
0.2000,8339.8000,27370625.7665,8339.8000,0.4122,262.8667,260.9677,1.8989,1.9913,0.0008,1.8989,-0.7317,0.9289,0.4375,5
0.2000,11558.9333,22290844.2201,11558.9333,0.4027,246.9333,244.9420,1.9913,1.9913,0.0008,1.8989,-0.6832,0.9253,0.4444,5
0.2000,7448.6667,28624863.6689,7448.6667,0.4031,259.8667,257.9677,1.8989,1.9913,0.0008,1.8989,-0.8030,0.9592,0.0000,5
0.2000,12077.0000,22373808.0364,12077.0000,0.4113,249.5333,247.6344,1.8989,1.9913,0.0008,1.8989,-0.6345,0.9102,0.4444,5
0.1556,11821.8667,24063069.8477,11821.8667,0.3507,249.4667,247.6072,1.8594,2.1716,0.0007,1.8594,-0.5385,0.8700,0.4327,5
0.2089,14503.2667,16087542.9749,14503.2667,0.4166,230.7333,228.9268,1.8065,1.8989,0.0009,1.7141,-0.5956,0.8301,0.0183,5
0.2267,7788.0667,26169352.9974,7788.0667,0.4054,263.1333,261.5117,1.6217,1.7141,0.0009,1.6217,-0.8151,0.9289,0.0000,5
0.2089,11748.9333,20609657.1651,11748.9333,0.4035,247.8667,246.1875,1.6792,1.8989,0.0009,1.6792,-0.5867,0.8606,0.2593,5
0.2000,13739.8667,15215990.5615,13739.8667,0.4006,218.4000,216.5011,1.8989,1.9913,0.0008,1.9913,-0.5204,0.8614,0.4500,6
0.2000,11782.9333,22092080.0149,11782.9333,0.4493,246.5333,244.5420,1.9913,1.9913,0.0008,1.9913,-0.6832,0.9253,0.4444,6
0.2000,19994.1333,12573021.4145,19994.1333,0.4446,216.4000,214.5011,1.8989,1.9913,0.0008,1.8989,-0.5453,0.8596,0.0571,6
0.2000,11942.8667,22735469.1262,11942.8667,0.4132,249.6667,247.6753,1.9913,1.9913,0.0008,1.8989,-0.6832,0.9253,0.0000,6
0.2000,11817.8000,22340671.8270,11817.8000,0.4054,247.6667,245.6753,1.9913,1.9913,0.0008,1.8989,-0.6832,0.9253,0.0000,6
0.1200,17466.8667,25691902.5908,17466.8667,0.3766,275.5333,273.2874,2.2460,2.3384,0.0006,2.0792,-0.5527,0.8719,0.7355,6
0.2089,18152.9333,12052312.7799,18152.9333,0.4028,210.8000,208.9935,1.8065,1.8989,0.0008,1.8065,-0.5749,0.8596,0.0571,6
0.2000,12010.9333,22596118.8532,12010.9333,0.4028,246.9333,245.0344,1.8989,1.9913,0.0008,1.9913,-0.6979,0.9379,0.0000,6
0.2089,11528.9333,20187015.2580,11528.9333,0.4773,244.2667,242.3677,1.8989,1.8989,0.0010,1.6151,-0.6417,0.8841,-0.0000,6
0.2533,12110.5333,14525798.1429,12110.5333,0.4716,215.0667,213.3591,1.7075,1.8000,0.0010,1.7075,-0.6032,0.8514,-0.0000,6
0.2000,12289.9333,21941322.6757,12289.9333,0.4717,246.8667,244.9677,1.8989,1.9913,0.0008,1.8989,-0.6832,0.9253,0.4444,6
0.2000,11542.6667,22103933.9705,11542.6667,0.4060,247.2000,245.2087,1.9913,1.9913,0.0008,1.9913,-0.6345,0.9102,0.4444,6
0.2000,11618.2000,22117373.6750,11618.2000,0.4375,247.4000,245.4087,1.9913,1.9913,0.0008,1.8989,-0.6345,0.9102,0.0000,6
0.2000,12043.0000,21387635.7485,12043.0000,0.5892,249.1333,247.2344,1.8989,1.9913,0.0012,1.5990,-0.5951,0.8700,0.8067,6
0.2000,12289.1333,21460125.6970,12289.1333,0.5071,251.9333,249.9420,1.9913,1.9913,0.0010,1.7075,-0.5867,0.8606,0.4444,6
0.2000,10980.1333,21675797.9741,10980.1333,0.4350,242.9333,240.9420,1.9913,1.9913,0.0008,1.9913,-0.6832,0.9253,0.4444,6
0.2000,11784.0667,21199795.6347,11784.0667,0.4084,242.2000,240.3011,1.8989,1.9913,0.0008,1.8989,-0.6832,0.9253,0.4444,6
0.1289,17622.4667,25439497.6999,17622.4667,0.2839,274.0667,271.9131,2.1535,2.2460,0.0006,1.9687,-0.5609,0.8806,1.0000,6
0.2000,19782.0000,12354505.9350,19782.0000,0.4040,214.8000,212.9011,1.8989,1.9913,0.0008,1.8989,-0.5453,0.8596,0.0571,6
0.1556,10546.8667,33241264.5668,10546.8667,0.3369,276.4667,274.5148,1.9518,2.1716,0.0006,2.0792,-0.7363,0.9592,0.0000,6
0.2000,19285.0667,11672251.6373,19285.0667,0.4169,212.9333,211.0344,1.8989,1.9913,0.0008,1.8989,-0.4361,0.7555,1.0000,6
0.2000,11776.2000,22472068.6222,11776.2000,0.4239,248.2000,246.2087,1.9913,1.9913,0.0008,1.9913,-0.6832,0.9253,0.0000,6
0.1556,14464.6667,25389682.7610,14464.6667,0.3372,261.6000,259.5208,2.0792,2.1716,0.0006,2.1716,-0.6240,0.9253,0.4444,6
0.2000,11488.0667,21809580.4428,11488.0667,0.4116,245.8000,243.8087,1.9913,1.9913,0.0008,1.9913,-0.6345,0.9102,0.0000,6
0.3156,12007.8667,10054620.9263,12007.8667,0.5418,184.1333,182.7192,1.4142,1.5990,0.0013,1.4142,-0.5408,0.7834,0.4091,6
0.2622,11959.8667,14702298.1708,11959.8667,0.4745,215.2000,213.4925,1.7075,1.7075,0.0011,1.5227,-0.6118,0.8614,1.0000,6
0.2000,11648.8000,21644771.0990,11648.8000,0.4187,247.4667,245.4753,1.9913,1.9913,0.0008,1.9913,-0.6158,0.8919,0.4444,6
0.2000,11801.7333,22436646.0386,11801.7333,0.4426,245.8667,243.8753,1.9913,1.9913,0.0008,1.9913,-0.6979,0.9379,0.0000,6
0.3156,12245.2000,10279838.1550,12245.2000,0.6075,185.2000,183.6010,1.5990,1.5990,0.0013,1.5066,-0.5689,0.8199,0.4545,6
0.2000,11959.6000,22212591.5813,11959.6000,0.4734,248.5333,246.5420,1.9913,1.9913,0.0010,1.8000,-0.6345,0.9102,0.6944,6
0.2000,11950.3333,22403912.2245,11950.3333,0.4432,248.2000,246.3011,1.8989,1.9913,0.0008,1.8989,-0.6832,0.9253,0.0000,6
0.1556,22751.0667,14430054.5650,22751.0667,0.3825,231.2000,229.1208,2.0792,2.1716,0.0006,2.0792,-0.4985,0.8627,0.0833,6
0.2533,8234.3333,10517202.7885,8234.3333,0.5753,163.8000,162.0925,1.7075,1.8000,0.0011,1.5802,-0.6079,0.8569,0.0375,6
0.2000,11547.7333,21421015.6433,11547.7333,0.4647,242.9333,241.0344,1.8989,1.9913,0.0008,1.8989,-0.6832,0.9253,0.4444,6
0.2000,11713.2667,22672876.7800,11713.2667,0.4392,246.7333,244.8344,1.8989,1.9913,0.0008,1.9913,-0.6979,0.9379,0.0000,6
0.2000,11787.2000,22532744.5416,11787.2000,0.4158,249.6000,247.6087,1.9913,1.9913,0.0008,1.8065,-0.6345,0.9102,0.0000,6
0.2533,15249.3333,11617973.8787,15249.3333,0.5177,199.0667,197.2667,1.8000,1.8000,0.0010,1.8000,-0.5276,0.8503,0.0000,6
0.1556,18357.8667,18573152.3299,18357.8667,0.3978,246.6667,244.6799,1.9867,2.1716,0.0007,1.9867,-0.5160,0.8450,0.0442,6
0.3156,8092.2000,13699227.0489,8092.2000,0.5418,198.8667,197.2677,1.5990,1.5990,0.0013,1.5066,-0.7336,0.9042,0.0000,6
0.1556,14691.7333,25868255.2048,14691.7333,0.3848,261.0667,258.9875,2.0792,2.1716,0.0006,2.1716,-0.6400,0.9379,0.0000,6
0.2533,12292.0667,15426122.5112,12292.0667,0.5371,217.6667,215.8667,1.8000,1.8000,0.0010,1.7075,-0.6328,0.8848,0.4500,6
0.2000,12143.8667,21947392.4804,12143.8667,0.4062,249.8667,247.8753,1.9913,1.9913,0.0008,1.9913,-0.6158,0.8919,0.3889,6
0.3156,12031.9333,7819200.0121,12031.9333,0.5510,151.5333,149.9343,1.5990,1.5990,0.0012,1.5990,-0.5939,0.8503,0.0000,6
0.2000,19349.5333,12145231.0069,19349.5333,0.4354,215.6667,213.7677,1.8989,1.9913,0.0008,1.8989,-0.4361,0.7555,1.0000,6
0.2533,11910.9333,15072053.4329,11910.9333,0.4733,214.9333,213.1334,1.8000,1.8000,0.0010,1.8000,-0.6328,0.8848,0.0000,6
0.2000,19087.6000,12311976.5492,19087.6000,0.4151,214.2667,212.3677,1.8989,1.9913,0.0008,1.8989,-0.5207,0.8311,0.0465,6
0.2000,11535.0000,22485977.1233,11535.0000,0.4067,245.5333,243.5420,1.9913,1.9913,0.0008,1.8065,-0.6979,0.9379,0.0000,6
0.3156,11825.3333,9852654.3124,11825.3333,0.6177,182.0000,180.4010,1.5990,1.5990,0.0015,1.3897,-0.5076,0.7834,0.7045,6
0.2000,10551.1333,21585905.3611,10551.1333,0.4062,241.8000,239.8087,1.9913,1.9913,0.0008,1.8989,-0.6345,0.9102,0.4444,6
0.2089,14741.1333,16402808.3238,14741.1333,0.4419,228.6000,226.7011,1.8989,1.8989,0.0008,1.8989,-0.5470,0.8614,0.2500,6
0.2000,11876.2000,22449428.6844,11876.2000,0.4077,246.0667,244.1677,1.8989,1.9913,0.0008,1.8989,-0.6979,0.9379,0.0000,7
0.2000,12120.3333,22242110.9322,12120.3333,0.4382,249.0000,247.0087,1.9913,1.9913,0.0008,1.9913,-0.6345,0.9102,0.0000,7
0.2533,12289.8667,15411814.2066,12289.8667,0.4781,217.6000,215.8000,1.8000,1.8000,0.0010,1.8000,-0.6328,0.8848,0.4500,7
0.2089,15829.1333,15674800.2209,15829.1333,0.4406,230.4667,228.7526,1.7141,1.8989,0.0009,1.7141,-0.6577,0.8587,0.0000,7
0.2089,19522.4667,12206458.9486,19522.4667,0.4186,214.6000,212.8284,1.7716,1.8989,0.0009,1.7716,-0.5749,0.8596,0.0571,7
0.2000,11466.9333,21479891.7866,11466.9333,0.4130,246.2667,244.2753,1.9913,1.9913,0.0008,1.9913,-0.6158,0.8919,0.4444,7
0.3156,8087.7333,10380513.6366,8087.7333,0.6029,168.4000,166.8934,1.5066,1.5990,0.0013,1.5066,-0.5939,0.8503,0.0000,7
0.2000,11346.7333,21664448.6897,11346.7333,0.4357,243.6667,241.6753,1.9913,1.9913,0.0008,1.8065,-0.6832,0.9253,0.0000,7
0.2000,18938.5333,12198444.3312,18938.5333,0.4033,213.3333,211.4344,1.8989,1.9913,0.0008,1.8989,-0.5207,0.8311,0.0465,7
0.2533,12090.7333,16485926.0789,12090.7333,0.4800,217.4000,215.6000,1.8000,1.8000,0.0010,1.8000,-0.6888,0.8919,0.0000,7
0.2000,11828.3333,22111313.8082,11828.3333,0.4173,247.8000,245.8087,1.9913,1.9913,0.0008,1.8989,-0.6345,0.9102,0.4444,7
0.1556,14460.2667,23816790.7114,14460.2667,0.3431,260.4000,258.3208,2.0792,2.1716,0.0006,2.0792,-0.5873,0.8919,0.3333,7
0.2533,14640.1333,10535527.4556,14640.1333,0.4690,194.8000,193.1849,1.6151,1.8000,0.0011,1.4878,-0.5567,0.7929,0.4603,7
0.2533,11709.9333,14105909.9452,11709.9333,0.4715,213.1333,211.4258,1.7075,1.8000,0.0010,1.7075,-0.5786,0.8212,0.6196,7
0.2000,18164.9333,11969414.3093,18164.9333,0.4042,208.9333,207.0344,1.8989,1.9913,0.0008,1.8989,-0.5453,0.8596,0.0571,7
0.2000,11759.4667,20809556.8003,11759.4667,0.4372,246.9333,244.9420,1.9913,1.9913,0.0008,1.8065,-0.5412,0.8436,0.4167,7
0.2000,20160.3333,12794589.2054,20160.3333,0.4479,217.9333,216.0344,1.8989,1.9913,0.0008,1.8989,-0.5453,0.8596,0.0571,7
0.2000,11809.3333,22470369.2641,11809.3333,0.4097,248.2667,246.2753,1.9913,1.9913,0.0008,1.8065,-0.6832,0.9253,0.4444,7
0.2000,11884.8667,18449174.3327,11884.8667,0.4078,215.8000,213.8087,1.9913,1.9913,0.0008,1.8989,-0.6345,0.9102,0.4444,7
0.2000,11686.7333,22955832.4355,11686.7333,0.4383,247.9333,245.9420,1.9913,1.9913,0.0008,1.9913,-0.6979,0.9379,0.0000,7
0.2000,11703.8000,21449626.6414,11703.8000,0.4111,245.5333,243.6344,1.8989,1.9913,0.0009,1.7716,-0.6670,0.9102,0.4444,7
0.2000,12361.2667,22711071.1993,12361.2667,0.4218,250.4667,248.4753,1.9913,1.9913,0.0008,1.9913,-0.6832,0.9253,0.0000,7
0.2000,10878.5333,21598025.0946,10878.5333,0.4081,243.2000,241.2087,1.9913,1.9913,0.0008,1.8989,-0.6345,0.9102,0.4444,7
0.2089,10952.2667,20647741.7263,10952.2667,0.4041,241.3333,239.4344,1.8989,1.8989,0.0008,1.8989,-0.6670,0.9102,0.0000,7
0.1556,14736.2667,23260201.9740,14736.2667,0.4704,262.1333,259.9618,2.1716,2.1716,0.0008,1.8989,-0.5298,0.8606,0.8544,7
0.2000,11213.2667,22093438.2029,11213.2667,0.4484,243.1333,241.2344,1.8989,1.9913,0.0008,1.9913,-0.6979,0.9379,0.0000,7
0.2089,19012.5333,11796922.4854,19012.5333,0.4080,212.4000,210.5935,1.8065,1.8989,0.0008,1.8065,-0.5505,0.8311,0.0571,7
0.2000,15876.8000,16589978.2516,15876.8000,0.4034,231.2000,229.2087,1.9913,1.9913,0.0008,1.8989,-0.6477,0.8905,0.0476,7
0.2000,15063.5333,16593841.7583,15063.5333,0.4185,230.3333,228.3420,1.9913,1.9913,0.0008,1.8989,-0.4958,0.8333,0.4404,7
0.2089,12043.8667,21877023.6111,12043.8667,0.5350,249.3333,247.4344,1.8989,1.8989,0.0010,1.6151,-0.6670,0.9102,0.0000,7
0.3156,11966.3333,10194819.0041,11966.3333,0.5389,184.0667,182.4677,1.5990,1.5990,0.0012,1.5990,-0.5689,0.8199,0.4545,7
0.2089,12247.5333,20565433.2931,12247.5333,0.4871,249.8000,248.0859,1.7141,1.8989,0.0010,1.6151,-0.5659,0.8505,1.0000,7
0.2000,20515.8000,13519862.4870,20515.8000,0.4832,219.1333,217.2344,1.8989,1.9913,0.0010,1.7075,-0.5703,0.8415,0.0476,7
0.2000,19490.7333,12457133.6539,19490.7333,0.4064,214.7333,212.8344,1.8989,1.9913,0.0008,1.8065,-0.5453,0.8596,0.0571,7
0.2000,11906.6667,21868395.9274,11906.6667,0.5052,247.8667,245.8753,1.9913,1.9913,0.0010,1.8000,-0.6670,0.9102,0.4444,7
0.2622,15773.4000,10765434.7919,15773.4000,0.4829,198.3333,196.7531,1.5802,1.7075,0.0011,1.4878,-0.5839,0.8278,0.4750,7
0.2533,12177.5333,15133962.0010,12177.5333,0.5569,217.2667,215.5591,1.7075,1.8000,0.0013,1.5066,-0.6118,0.8614,0.4000,7
0.2000,12028.3333,21796389.6379,12028.3333,0.4714,251.0000,249.1011,1.8989,1.9913,0.0008,1.8065,-0.5951,0.8700,0.3889,7
0.2000,19732.0667,12367833.0237,19732.0667,0.4518,215.9333,214.1268,1.8065,1.9913,0.0008,1.8065,-0.5207,0.8311,0.0465,7
0.2000,12072.8000,22088178.5025,12072.8000,0.4404,249.2000,247.3935,1.8065,1.9913,0.0008,1.8065,-0.6670,0.9102,0.3889,7
0.2533,12097.3333,15492382.2151,12097.3333,0.4863,216.1333,214.4258,1.7075,1.8000,0.0010,1.7075,-0.6517,0.9042,0.0000,7
0.1644,15171.6000,23466834.2863,15171.6000,0.3849,264.1333,262.0542,2.0792,2.0792,0.0006,2.0792,-0.6121,0.8773,0.0625,7
0.0933,18455.0667,35572002.4302,18455.0667,0.2087,306.0000,303.5117,2.4883,2.4883,0.0004,2.3959,-0.5714,0.9112,1.0000,7
0.1200,21310.0667,18156850.9789,21310.0667,0.2710,246.2000,244.0465,2.1535,2.3384,0.0005,2.2460,-0.6287,0.9182,0.1667,7
0.0933,23202.3333,12675697.8272,23202.3333,0.2036,227.4000,225.0965,2.3035,2.4883,0.0005,2.2111,-0.5317,0.8672,0.2500,7
0.1644,13057.8667,17762995.0886,13057.8667,0.3814,228.6667,226.5875,2.0792,2.0792,0.0006,2.0792,-0.6985,0.9295,0.0625,7
0.1200,15189.8000,19847690.5281,15189.8000,0.3487,239.5333,237.1950,2.3384,2.3384,0.0005,2.1535,-0.5999,0.9175,0.0824,7
0.0933,17110.8667,18778274.2269,17110.8667,0.2772,248.4667,246.1632,2.3035,2.4883,0.0005,2.1535,-0.4861,0.8205,0.7206,7
0.1200,17023.4000,13623680.6912,17023.4000,0.4098,222.0667,219.8207,2.2460,2.3384,0.0008,1.8989,-0.5047,0.8164,0.5358,7
0.1556,13154.8667,18440692.7447,13154.8667,0.3437,230.8667,228.6951,2.1716,2.1716,0.0006,2.0792,-0.6985,0.9295,0.0625,7
