0.1905,5441.0833,27417231.0021,5441.0833,0.5536,244.4559,241.3669,3.0890,3.5584,0.0010,2.2568,-0.5099,0.9125,0.8721,1
0.2357,4714.3848,22502506.9310,4714.3848,0.6214,228.1985,225.3921,2.8065,3.1823,0.0013,1.9286,-0.5096,0.8936,0.8791,1
0.2213,3720.3750,25489609.3308,3720.3750,0.5868,235.4044,232.5017,2.9027,3.3553,0.0012,2.0037,-0.5284,0.9192,0.8863,1
0.2237,4559.7843,24819291.4055,4559.7843,0.5904,236.0343,233.1992,2.8351,3.3073,0.0011,1.9649,-0.5112,0.9006,0.8655,1
0.2284,4186.1667,24392258.2058,4186.1667,0.6123,232.8137,230.0058,2.8079,3.2584,0.0012,1.9276,-0.5087,0.8999,0.8714,1
0.2215,4023.9020,26093354.7670,4023.9020,0.5994,239.9804,237.1270,2.8534,3.3233,0.0012,1.9832,-0.5290,0.9105,0.8881,1
0.2262,5340.2868,22855946.0066,5340.2868,0.5776,231.6250,228.7961,2.8289,3.2856,0.0011,2.0823,-0.4757,0.8770,0.8447,1
0.2082,5197.5907,26235340.4014,5197.5907,0.5736,243.3064,240.4121,2.8943,3.3438,0.0011,2.0369,-0.4848,0.8831,0.8579,1
0.2144,5059.8824,23886927.8930,5059.8824,0.5771,232.1961,229.1831,3.0130,3.4255,0.0011,2.1302,-0.5384,0.9206,0.8805,1
0.2147,4605.7672,24708637.7474,4605.7672,0.5788,234.4926,231.5456,2.9470,3.3759,0.0011,2.1166,-0.5300,0.9131,0.8701,1
0.2240,4358.4877,24729101.3223,4358.4877,0.5898,235.7966,232.9266,2.8700,3.3018,0.0012,2.0989,-0.5295,0.9089,0.8601,1
0.1990,5422.9216,25426679.5898,5422.9216,0.5440,237.7108,234.6390,3.0718,3.5113,0.0010,2.2478,-0.5281,0.9222,0.8728,1
0.2166,4570.8971,24737497.6409,4570.8971,0.5516,234.3627,231.3883,2.9744,3.4178,0.0010,2.1813,-0.5186,0.9086,0.8721,1
0.2034,4815.0368,26437194.5641,4815.0368,0.5573,240.8750,237.8337,3.0413,3.4650,0.0010,2.1969,-0.5314,0.9210,0.8969,1
0.2100,4197.1569,26490231.3960,4197.1569,0.5645,239.4853,236.4984,2.9869,3.4233,0.0011,2.1552,-0.5470,0.9288,0.8874,1
0.2100,5282.7157,23649529.6357,5282.7157,0.5502,231.8039,228.8081,2.9958,3.4297,0.0010,2.2416,-0.5114,0.9102,0.8449,1
0.2121,4742.6667,25385003.7290,4742.6667,0.5674,237.3333,234.3230,3.0103,3.4429,0.0011,2.1749,-0.5333,0.9188,0.8352,1
0.2120,4430.6078,25713518.5153,4430.6078,0.5570,237.4706,234.4235,3.0471,3.4680,0.0010,2.2304,-0.5554,0.9321,0.8528,1
0.1821,5503.9363,29135997.3098,5503.9363,0.5268,249.1422,246.0018,3.1404,3.6142,0.0009,2.2801,-0.5267,0.9245,0.8807,1
0.1992,5174.2647,26531272.7511,5174.2647,0.5580,242.0588,239.0735,2.9853,3.4667,0.0011,2.1386,-0.5141,0.9102,0.8650,1
0.2012,4661.1863,27891554.9255,4661.1863,0.5746,244.5882,241.5604,3.0279,3.4900,0.0011,2.0944,-0.5342,0.9227,0.8675,1
0.1969,4969.2868,28198924.3752,4969.2868,0.5599,246.4730,243.4270,3.0460,3.5100,0.0010,2.1413,-0.5022,0.9077,0.8648,1
0.2101,4881.4755,25103683.5130,4881.4755,0.5459,236.4167,233.4753,2.9414,3.3931,0.0010,2.1061,-0.5335,0.9153,0.8652,1
0.1990,4951.6078,27675679.2853,4951.6078,0.5588,244.4706,241.4758,2.9948,3.5011,0.0010,2.1408,-0.4879,0.9001,0.8522,1
0.1969,5822.9387,25748009.1668,5822.9387,0.5455,239.8799,236.8192,3.0607,3.5091,0.0010,2.2400,-0.5253,0.9184,0.8933,1
0.2212,4411.7230,24120324.6551,4411.7230,0.5505,232.6838,229.7634,2.9204,3.3743,0.0010,2.2090,-0.5521,0.9249,0.8979,1
0.1990,5537.0539,25782622.9502,5537.0539,0.5445,240.2451,237.1804,3.0647,3.5024,0.0010,2.2783,-0.5191,0.9163,0.8889,1
0.1970,5395.1863,26582689.1017,5395.1863,0.5542,241.8333,238.7419,3.0914,3.4921,0.0010,2.2180,-0.5478,0.9283,0.9015,1
0.2142,4804.9020,24869548.3150,4804.9020,0.5557,235.6422,232.6114,3.0308,3.4688,0.0010,2.1865,-0.5397,0.9259,0.9047,1
0.2146,4232.9363,25359751.1392,4232.9363,0.5780,236.2108,233.2636,2.9472,3.3673,0.0011,2.0996,-0.5365,0.9185,0.8846,1
0.1944,5358.9363,26620906.0602,5358.9363,0.5322,240.9706,237.8132,3.1574,3.5938,0.0009,2.3264,-0.5304,0.9277,0.8490,1
0.2014,4586.3775,27581565.7721,4586.3775,0.5657,243.7402,240.7113,3.0289,3.4443,0.0011,2.0959,-0.5414,0.9280,0.8881,1
0.2055,4366.5662,27446071.9207,4366.5662,0.5639,243.4485,240.4927,2.9558,3.4661,0.0010,2.1494,-0.5166,0.9148,0.8707,1
0.2212,4565.6225,23715963.4945,4565.6225,0.5646,230.5833,227.5919,2.9914,3.3859,0.0011,2.1772,-0.5555,0.9314,0.8961,1
0.2212,4012.7108,25237632.7421,4012.7108,0.5735,236.1373,233.2220,2.9153,3.3770,0.0011,2.1210,-0.5202,0.9073,0.8814,1
0.2377,3746.2598,22891404.0184,3746.2598,0.5959,226.9314,224.1114,2.8200,3.2618,0.0012,2.0047,-0.5523,0.9222,0.7167,1
0.2306,4213.2647,23591926.1473,4213.2647,0.5906,230.6961,227.8165,2.8796,3.2891,0.0012,2.0172,-0.5637,0.9320,0.8819,1
0.2234,4505.4828,23843294.5033,4505.4828,0.5797,231.5613,228.5963,2.9650,3.3691,0.0011,2.1425,-0.5465,0.9262,0.8841,1
0.2096,3959.8162,24735988.8930,3959.8162,0.5514,229.7770,226.6424,3.1346,3.5109,0.0010,2.2706,-0.5955,0.9504,0.8800,1
0.2098,4938.4069,24898959.0993,4938.4069,0.5509,235.5882,232.5384,3.0498,3.4677,0.0010,2.2431,-0.5263,0.9174,0.8509,1
0.1800,5138.2990,30476004.7462,5138.2990,0.5119,253.2353,250.1528,3.0825,3.6202,0.0009,2.3958,-0.4923,0.9079,0.8761,1
0.2080,5364.3480,26173019.5624,5364.3480,0.5509,239.7696,236.7968,2.9728,3.4165,0.0010,2.2121,-0.5316,0.9173,0.8886,1
0.2076,5639.0098,25096101.4587,5639.0098,0.5513,237.6225,234.5985,3.0240,3.4653,0.0010,2.2465,-0.5416,0.9238,0.8475,1
0.2031,5003.9583,24421987.7640,5003.9583,0.5502,230.5466,227.4657,3.0809,3.5234,0.0010,2.2341,-0.5370,0.9270,0.8766,1
0.2212,4213.6422,24429463.8809,4213.6422,0.5829,232.6373,229.7004,2.9369,3.3770,0.0011,2.0881,-0.5369,0.9199,0.7573,1
0.1970,5439.7353,26526528.2216,5439.7353,0.5508,242.2745,239.1806,3.0939,3.4955,0.0010,2.2435,-0.5258,0.9212,0.7850,1
0.2257,4360.8971,23239188.7618,4360.8971,0.5556,228.7010,225.7184,2.9826,3.3748,0.0010,2.2154,-0.5446,0.9250,0.8843,1
0.2011,4718.0000,25367210.6274,4718.0000,0.5493,234.2451,231.2063,3.0388,3.5074,0.0010,2.2398,-0.5499,0.9337,0.8677,1
0.2058,4917.3137,23325718.5405,4917.3137,0.5683,228.0931,225.1032,2.9899,3.4013,0.0010,2.1323,-0.5420,0.9203,0.5996,1
0.2149,4729.6250,26156068.3646,4729.6250,0.5735,241.5123,238.6464,2.8658,3.3286,0.0011,2.0426,-0.5178,0.9067,1.0000,1
0.2033,4230.9902,28126865.9785,4230.9902,0.5631,244.1324,241.1382,2.9942,3.4758,0.0011,2.1229,-0.5422,0.9259,0.7472,2
0.2240,3695.0270,25858559.7219,3695.0270,0.6106,236.4485,233.6032,2.8454,3.2640,0.0012,1.9121,-0.5318,0.9157,0.8892,2
0.1929,4881.6618,28736969.7225,4881.6618,0.5762,247.5343,244.5284,3.0059,3.4704,0.0011,2.1003,-0.4900,0.8984,0.8592,2
0.2056,3985.2574,28552885.5688,3985.2574,0.5777,246.6446,243.6499,2.9947,3.4551,0.0011,2.0479,-0.5436,0.9276,0.8870,2
0.2103,3586.4485,28758939.4949,3586.4485,0.5816,247.7230,244.8495,2.8736,3.3721,0.0011,2.0088,-0.5097,0.9074,0.8812,2
0.2013,3061.2892,31083025.9808,3061.2892,0.5845,250.1422,247.1630,2.9791,3.4660,0.0011,2.0476,-0.5338,0.9300,0.9192,2
0.1842,4552.2304,31516893.9309,4552.2304,0.5408,255.2696,252.1456,3.1241,3.5787,0.0010,2.1736,-0.5347,0.9290,0.8788,2
0.1783,4362.1471,33373327.0575,4362.1471,0.5735,258.0490,254.9864,3.0626,3.5845,0.0010,2.1252,-0.4987,0.9113,0.8698,2
0.1994,3157.6544,31365373.7944,3157.6544,0.5766,253.2230,250.2253,2.9977,3.4651,0.0011,2.0333,-0.5511,0.9337,0.8102,2
0.1844,4927.2500,30971867.4069,4927.2500,0.5418,254.3529,251.2729,3.0801,3.5583,0.0010,2.1690,-0.5248,0.9279,0.7481,2
0.2216,3596.5221,26701922.5226,3596.5221,0.6027,241.3064,238.4150,2.8913,3.3039,0.0012,2.0034,-0.5400,0.9226,0.8807,2
0.1759,5514.7672,31188744.2532,5514.7672,0.5274,255.4681,252.2866,3.1815,3.6547,0.0009,2.2816,-0.5215,0.9250,0.8763,2
0.2262,2379.5882,28026783.3927,2379.5882,0.5983,243.2990,240.5167,2.7824,3.2726,0.0012,1.9559,-0.5389,0.9213,0.9125,2
0.1994,4357.9706,28620774.0440,4357.9706,0.5591,246.4510,243.4234,3.0276,3.4434,0.0010,2.1211,-0.5496,0.9302,0.6690,2
0.2329,3058.0049,25145159.6660,3058.0049,0.5918,234.0000,231.2076,2.7924,3.2678,0.0012,1.9454,-0.5350,0.9158,0.9000,2
0.2261,3934.0637,25128005.1735,3934.0637,0.5894,237.0833,234.2356,2.8477,3.2850,0.0012,2.0051,-0.4998,0.8977,0.8512,2
0.2017,4553.3995,28507702.4324,4553.3995,0.5705,248.9926,246.0912,2.9015,3.3878,0.0011,2.0150,-0.5177,0.9072,0.8700,2
0.2014,4981.7451,27259575.4075,4981.7451,0.5779,243.8235,240.8610,2.9625,3.4360,0.0011,2.0682,-0.4972,0.9026,0.8556,2
0.1782,5762.9069,30920325.1579,5762.9069,0.5525,252.8578,249.7500,3.1079,3.5933,0.0010,2.1842,-0.5162,0.9188,0.8556,2
0.1907,4018.0000,31779443.4390,4018.0000,0.5680,255.7500,252.7481,3.0019,3.5251,0.0010,2.0961,-0.5127,0.9150,0.8602,2
0.1700,5557.9338,32349267.9809,5557.9338,0.5445,257.6495,254.4251,3.2245,3.6879,0.0010,2.2595,-0.5255,0.9293,0.8723,2
0.1882,4729.2034,29249936.5972,4729.2034,0.5412,246.7377,243.6102,3.1276,3.6054,0.0010,2.2056,-0.5286,0.9269,0.8878,2
0.1723,5352.1373,31457736.5882,5352.1373,0.5438,254.5343,251.4210,3.1134,3.6147,0.0010,2.2338,-0.5031,0.9162,0.8437,2
0.2250,3676.1078,26235800.2568,3676.1078,0.6356,242.2794,239.5774,2.7020,3.1485,0.0013,1.7914,-0.4929,0.8820,0.8694,2
0.1849,5485.7083,29170906.4951,5485.7083,0.5444,252.2230,249.2403,2.9827,3.4959,0.0010,2.2323,-0.4643,0.8823,0.8520,2
0.1908,4513.9093,30563554.5685,4513.9093,0.5430,253.6642,250.6477,3.0165,3.5053,0.0010,2.2276,-0.5194,0.9204,0.8478,2
0.2168,3670.0245,26781962.7687,3670.0245,0.5685,240.6078,237.6681,2.9397,3.3832,0.0011,2.0465,-0.5365,0.9265,0.8708,2
0.2057,3943.3995,28422871.5341,3943.3995,0.5646,245.5123,242.4961,3.0162,3.4325,0.0010,2.1243,-0.5515,0.9289,0.8831,2
0.1820,5361.0221,30188972.1559,5361.0221,0.5527,252.5760,249.4644,3.1115,3.6337,0.0010,2.2435,-0.5019,0.9126,0.8335,2
0.1761,5533.7206,31036185.5668,5533.7206,0.5645,255.3333,252.1963,3.1370,3.5990,0.0010,2.1541,-0.5098,0.9181,0.8358,2
0.2169,2721.4240,27832136.6677,2721.4240,0.6022,240.6348,237.7434,2.8914,3.3725,0.0012,1.9217,-0.5322,0.9230,0.8974,2
0.1620,5447.8676,34072030.4794,5447.8676,0.5375,260.5931,257.3191,3.2741,3.7547,0.0009,2.2837,-0.5363,0.9367,0.8684,2
0.2147,3314.6078,28851832.4403,3314.6078,0.5689,246.6961,243.8168,2.8792,3.3643,0.0011,2.0834,-0.5330,0.9201,0.8840,2
0.1658,5639.2255,31341695.1096,5639.2255,0.5243,252.2451,248.9737,3.2714,3.7433,0.0009,2.3075,-0.5036,0.9207,0.8558,2
0.2079,4239.4387,27560696.9404,4239.4387,0.5785,243.2672,240.2772,2.9900,3.4228,0.0011,2.0797,-0.5298,0.9226,0.8815,2
0.2062,4291.8480,27714379.2420,4291.8480,0.5798,245.2255,242.3278,2.8977,3.3563,0.0011,2.0658,-0.5110,0.9085,0.8770,2
0.1746,5210.7794,31449362.9558,5210.7794,0.5410,257.6863,254.6368,3.0495,3.5476,0.0010,2.2129,-0.4701,0.8960,0.8711,2
0.1833,5374.1152,30539632.9306,5374.1152,0.5520,256.8799,253.9486,2.9313,3.4411,0.0010,2.1754,-0.4642,0.8776,0.8281,2
0.2175,4329.6863,26608648.3904,4329.6863,0.6263,243.4069,240.5817,2.8251,3.2536,0.0013,1.8850,-0.4810,0.8814,0.8259,2
0.1932,4318.8186,31241024.1725,4318.8186,0.5585,256.1127,253.1985,2.9142,3.4541,0.0011,2.0654,-0.4950,0.8998,0.8573,2
0.2358,3208.2647,25054194.0975,3208.2647,0.6072,235.9951,233.2383,2.7568,3.1597,0.0013,1.8736,-0.5157,0.9026,0.5523,2
0.2195,3932.7328,26674036.4886,3932.7328,0.5831,242.1201,239.2742,2.8459,3.2974,0.0011,2.0466,-0.5200,0.9132,0.8508,2
0.2015,4266.8064,28467922.8213,4266.8064,0.5484,246.9338,243.9532,2.9807,3.4267,0.0010,2.1232,-0.5097,0.9136,0.8545,2
0.1764,4773.7745,32446518.1496,4773.7745,0.5446,257.0098,253.9053,3.1045,3.5835,0.0010,2.2137,-0.4990,0.9131,0.8529,2
0.2084,3997.0098,29098114.3645,3997.0098,0.5884,251.0784,248.2169,2.8615,3.3143,0.0011,1.9711,-0.4841,0.8927,0.8848,2
0.1644,6518.8946,32344142.5859,6518.8946,0.5456,261.0858,257.9560,3.1297,3.6440,0.0009,2.2045,-0.4594,0.8923,0.7891,2
0.2144,3784.9191,26443061.2202,3784.9191,0.5761,237.9289,234.9568,2.9721,3.4081,0.0011,2.0339,-0.5434,0.9284,0.8937,2
0.1705,5632.9485,32046242.7146,5632.9485,0.5673,258.3995,255.2327,3.1668,3.6067,0.0010,2.1508,-0.5011,0.9139,0.8900,2
0.1968,3506.2426,30261723.0983,3506.2426,0.5399,249.2819,246.2657,3.0161,3.5189,0.0010,2.2078,-0.5242,0.9265,0.8849,2
0.1708,5656.6716,29607806.6258,5656.6716,0.5454,250.5735,247.4155,3.1580,3.5973,0.0010,2.2505,-0.5036,0.9112,0.8248,2
0.1886,6054.1740,26981867.9756,6054.1740,0.5482,244.8211,241.7932,3.0278,3.5244,0.0010,2.1869,-0.4862,0.8968,0.8301,3
0.1727,6834.5564,28731994.7295,6834.5564,0.5397,252.5319,249.4392,3.0927,3.5655,0.0010,2.2583,-0.4557,0.8816,0.8524,3
0.2237,4498.0564,24677080.4000,4498.0564,0.5987,235.2377,232.3564,2.8814,3.3105,0.0012,2.0061,-0.5098,0.9011,0.8648,3
0.2001,5897.9436,25910695.9475,5897.9436,0.5950,242.9485,240.0306,2.9179,3.3301,0.0011,2.0697,-0.4973,0.8937,0.8536,3
0.2036,5089.5294,27261333.1536,5089.5294,0.5649,245.5735,242.6373,2.9363,3.4261,0.0011,2.1467,-0.4958,0.9004,1.0000,3
0.1974,6152.0441,25986128.4825,6152.0441,0.5591,242.0294,239.1217,2.9078,3.4076,0.0010,2.1423,-0.4762,0.8811,0.8395,3
0.2039,5722.0098,25603410.0426,5722.0098,0.5785,240.3333,237.3810,2.9523,3.3717,0.0011,2.0613,-0.5053,0.8977,0.8643,3
0.1949,5063.0074,27421224.6433,5063.0074,0.5486,244.9828,241.9965,2.9863,3.4851,0.0010,2.1686,-0.4856,0.8947,0.8603,3
0.2179,5021.8897,24802674.9228,5021.8897,0.6118,238.9534,236.2345,2.7190,3.2050,0.0012,1.9443,-0.4423,0.8442,0.7751,3
0.2197,4720.2475,25293864.2450,4720.2475,0.5968,239.0662,236.2829,2.7833,3.2547,0.0012,1.9262,-0.4880,0.8839,0.8716,3
0.2195,5490.6348,24535750.4947,5490.6348,0.5852,236.7525,233.9216,2.8309,3.2777,0.0011,2.0129,-0.4936,0.8860,0.8381,3
0.2125,4310.5466,27302753.7739,4310.5466,0.6014,243.5123,240.6343,2.8779,3.3481,0.0011,1.9195,-0.5048,0.8998,0.8801,3
0.2037,4303.8407,28158825.6634,4303.8407,0.5802,247.0466,244.1226,2.9240,3.4015,0.0011,2.0446,-0.5079,0.9080,0.8693,3
0.2172,4472.5613,25949589.2150,4472.5613,0.5874,241.5515,238.7319,2.8195,3.2895,0.0011,2.0425,-0.4817,0.8828,0.7987,3
0.2645,2468.8529,22579841.0366,2468.8529,0.6349,226.2941,223.7353,2.5588,3.0531,0.0013,1.7647,-0.5017,0.8803,0.8934,3
0.2450,3512.7328,22649290.3533,3512.7328,0.5961,225.5564,222.8324,2.7239,3.1643,0.0012,1.9635,-0.5283,0.9069,0.9041,3
0.2081,5343.3260,25839651.7102,5343.3260,0.5745,242.0221,239.1149,2.9072,3.3787,0.0011,2.0693,-0.4766,0.8853,0.8310,3
0.2014,4588.2353,28009605.5544,4588.2353,0.5561,245.3382,242.3939,2.9443,3.4411,0.0010,2.1629,-0.5212,0.9116,0.8847,3
0.1884,6163.6716,26903625.7792,6163.6716,0.5578,242.9608,239.9134,3.0474,3.5572,0.0010,2.2331,-0.5096,0.9122,0.8272,3
0.1973,5101.9265,27975266.8876,5101.9265,0.5567,246.3627,243.3675,2.9952,3.4392,0.0010,2.2202,-0.5153,0.9129,0.6942,3
0.1931,6489.5172,26184372.9159,6489.5172,0.5627,243.5515,240.4999,3.0515,3.4742,0.0011,2.1454,-0.4782,0.8910,0.8236,3
0.2056,5290.1029,24788275.6080,5290.1029,0.5454,234.5245,231.4854,3.0391,3.4519,0.0010,2.2418,-0.5369,0.9245,0.8933,3
0.2102,4421.1789,26713979.4065,4421.1789,0.5925,240.9240,238.0043,2.9197,3.3946,0.0012,2.0483,-0.5015,0.9015,0.8824,3
0.1947,5324.4142,26935510.2896,5324.4142,0.5504,243.5319,240.5090,3.0229,3.5230,0.0010,2.2501,-0.4904,0.8992,0.8662,3
0.1914,5016.6618,28260419.6334,5016.6618,0.5495,247.7696,244.8550,2.9146,3.4234,0.0010,2.1855,-0.5096,0.9058,0.8361,3
0.2264,4582.8015,24631456.9672,4582.8015,0.5994,236.3897,233.5849,2.8048,3.2452,0.0012,1.9800,-0.4965,0.8879,0.8768,3
0.1888,6019.1299,27918000.2774,6019.1299,0.5537,249.9240,246.9678,2.9562,3.4828,0.0010,2.1412,-0.4542,0.8718,0.8311,3
0.2286,3232.3137,24231099.9467,3232.3137,0.5997,229.8480,227.0788,2.7692,3.2280,0.0012,1.9417,-0.4988,0.8937,0.8858,3
0.2099,5153.2525,25333706.8761,5153.2525,0.5576,237.9534,234.9791,2.9743,3.4582,0.0010,2.1739,-0.5004,0.9025,0.8804,3
0.1747,6536.5147,30314212.9403,6536.5147,0.5519,256.1471,253.0703,3.0767,3.5536,0.0010,2.2322,-0.4704,0.8884,0.8283,3
0.1993,6320.0613,25616411.9145,6320.0613,0.5619,242.6544,239.6500,3.0045,3.4425,0.0010,2.1771,-0.4778,0.8868,0.8646,3
0.2080,4652.2598,26911648.6407,4652.2598,0.5711,243.6765,240.7553,2.9211,3.4010,0.0011,2.0884,-0.5080,0.9049,0.8694,3
0.2058,5093.8824,25770820.3766,5093.8824,0.5698,239.1324,236.1036,3.0287,3.4235,0.0010,2.1383,-0.5353,0.9227,0.8544,3
0.2081,4987.9681,26187408.2148,4987.9681,0.5617,241.5956,238.6419,2.9537,3.3848,0.0011,2.1040,-0.5256,0.9156,0.8798,3
0.1800,6121.3431,26572995.5747,6121.3431,0.5297,240.5098,237.3818,3.1280,3.6394,0.0009,2.2977,-0.5100,0.9187,0.8667,3
0.2522,3720.8578,22775132.8125,3720.8578,0.6114,229.4951,226.8005,2.6946,3.1260,0.0012,1.9237,-0.5012,0.8902,0.8564,3
0.2080,5479.2696,24721445.9402,5479.2696,0.5786,236.0833,233.0577,3.0256,3.4055,0.0011,2.1921,-0.5277,0.9152,0.8568,3
0.2080,5066.0980,26223903.2847,5066.0980,0.5639,242.2108,239.3359,2.8749,3.3774,0.0011,2.1522,-0.4917,0.8940,0.8332,3
0.2193,4754.0172,24604137.6888,4754.0172,0.5913,235.8848,233.0528,2.8320,3.3131,0.0012,1.9705,-0.4914,0.8880,0.8429,3
0.2399,3008.7279,24751059.0023,3008.7279,0.5941,233.7525,230.9406,2.8118,3.2492,0.0012,2.0307,-0.5589,0.9258,0.9019,3
0.2192,3631.1814,26837215.3853,3631.1814,0.5850,239.8529,236.9231,2.9298,3.3348,0.0011,2.0657,-0.5641,0.9361,0.8699,3
0.2150,4249.2426,26014427.2431,4249.2426,0.5794,239.5613,236.7159,2.8454,3.3137,0.0011,2.0277,-0.4992,0.8958,0.8717,3
0.1843,5527.1324,28109334.7699,5527.1324,0.5418,245.8137,242.6675,3.1463,3.5774,0.0010,2.2479,-0.5248,0.9216,0.8616,3
0.1826,5453.5000,29715055.0621,5453.5000,0.5559,250.6127,247.5206,3.0921,3.5396,0.0010,2.1881,-0.5168,0.9151,0.8780,3
0.2305,3349.6201,25377596.5771,3349.6201,0.5898,230.9338,228.0374,2.8965,3.3156,0.0012,2.0433,-0.5742,0.9380,0.9141,3
0.1996,4879.6789,28827260.2592,4879.6789,0.5540,249.8309,246.9384,2.8925,3.4007,0.0010,2.1284,-0.5058,0.9038,0.8886,3
0.2171,4445.8358,25339106.9299,4445.8358,0.5790,238.1446,235.2666,2.8780,3.3297,0.0011,2.0865,-0.5186,0.9092,0.8764,3
0.1970,4374.7353,29464679.4280,4374.7353,0.5541,248.3137,245.3286,2.9851,3.4806,0.0010,2.1529,-0.5174,0.9135,0.8903,3
0.1990,5069.7010,25839232.2287,5069.7010,0.5604,237.8971,234.7918,3.1053,3.5134,0.0010,2.2519,-0.5429,0.9290,0.8842,3
0.1948,5149.1324,26822639.0523,5149.1324,0.5358,242.1127,239.1160,2.9967,3.5030,0.0009,2.2511,-0.5154,0.9122,0.8764,3
0.1746,5272.4975,32281372.7119,5272.4975,0.5366,257.1642,254.0291,3.1352,3.5995,0.0010,2.2237,-0.5173,0.9234,0.8548,4
0.1723,4908.3995,33753040.7470,4908.3995,0.5367,261.9387,258.8061,3.1327,3.6106,0.0009,2.2569,-0.5034,0.9203,0.8597,4
0.2085,3099.6176,30505102.5036,3099.6176,0.5770,251.9559,249.1569,2.7989,3.3107,0.0011,2.0013,-0.5266,0.9101,0.9062,4
0.1804,5880.6520,30275889.6660,5880.6520,0.5388,254.6127,251.5385,3.0742,3.5656,0.0009,2.2418,-0.4881,0.9087,0.8357,4
0.1977,4506.1299,30332437.6979,4506.1299,0.5761,254.3064,251.4229,2.8835,3.3816,0.0011,2.0063,-0.4993,0.8962,0.8732,4
0.1723,4767.8578,32379725.5028,4767.8578,0.5346,256.8284,253.7096,3.1189,3.6144,0.0009,2.2326,-0.5047,0.9155,0.8819,4
0.1867,4807.3064,31103860.2757,4807.3064,0.5465,255.4191,252.3894,3.0297,3.5224,0.0010,2.1685,-0.5002,0.9121,0.8608,4
0.1471,6168.8382,35930513.8749,6168.8382,0.5058,266.5735,263.3238,3.2497,3.8151,0.0009,2.3542,-0.4426,0.8857,0.7925,4
0.1833,4842.5221,29607632.6853,4842.5221,0.5681,251.0613,248.1537,2.9075,3.4060,0.0010,2.0306,-0.4705,0.8856,0.8573,4
0.1569,5359.2353,35399768.7406,5359.2353,0.5167,265.2451,262.0518,3.1933,3.6864,0.0009,2.3121,-0.5044,0.9210,0.9016,4
0.2288,3198.7917,26832019.1510,3198.7917,0.6178,242.6103,239.9119,2.6984,3.1948,0.0012,1.8986,-0.4960,0.8871,0.8982,4
0.1802,4693.1176,31878239.0352,4693.1176,0.5296,255.4510,252.3590,3.0919,3.6010,0.0009,2.2247,-0.5243,0.9267,0.8779,4
0.1974,3860.8725,29686763.4809,3860.8725,0.5619,249.7598,246.7733,2.9865,3.4220,0.0010,2.1661,-0.5251,0.9233,0.9085,4
0.1758,5431.8554,31216033.9245,5431.8554,0.5109,254.8946,251.7303,3.1643,3.6831,0.0009,2.4009,-0.5056,0.9218,0.8706,4
0.1642,5360.9779,31877416.0740,5360.9779,0.5347,255.9191,252.6962,3.2229,3.7043,0.0010,2.2814,-0.4882,0.9100,1.0000,4
0.1843,5766.3480,28392075.6172,5766.3480,0.5394,248.3235,245.2076,3.1159,3.5719,0.0010,2.2216,-0.5279,0.9268,0.9049,4
0.1968,2920.9044,31919232.3701,2920.9044,0.5379,252.3554,249.3084,3.0470,3.5346,0.0010,2.1982,-0.5624,0.9443,0.9097,4
0.2053,3883.6863,27226020.4499,3883.6863,0.5529,240.0245,236.9641,3.0604,3.5150,0.0010,2.1493,-0.5529,0.9372,0.8869,4
0.1742,4464.2598,34023783.3897,4464.2598,0.5354,261.6324,258.4983,3.1341,3.6448,0.0010,2.2700,-0.5049,0.9228,0.8502,4
0.1561,5018.6005,34427309.2155,5018.6005,0.4984,258.5956,255.3185,3.2771,3.8192,0.0008,2.3819,-0.5095,0.9278,0.8747,4
0.2401,2880.3824,24709294.7263,2880.3824,0.5967,232.8971,230.1191,2.7779,3.2294,0.0012,1.9454,-0.5382,0.9149,0.8019,4
0.1971,3718.5025,30206974.3473,3718.5025,0.5494,249.6838,246.6877,2.9961,3.4675,0.0010,2.0959,-0.5311,0.9275,0.9016,4
0.1780,4800.1765,30525951.1552,4800.1765,0.5333,251.5294,248.4082,3.1212,3.6388,0.0009,2.2490,-0.5081,0.9171,0.8670,4
0.1740,4886.6422,31424904.8692,4886.6422,0.5279,251.9902,248.7871,3.2031,3.6621,0.0009,2.3357,-0.5523,0.9420,0.8908,4
0.1488,6420.0319,35075320.2791,6420.0319,0.5018,263.4142,260.1136,3.3006,3.8383,0.0008,2.4305,-0.4941,0.9220,0.8777,4
0.1739,5322.3211,33570643.9637,5322.3211,0.5489,266.8701,263.9790,2.8911,3.4159,0.0010,2.0999,-0.4485,0.8648,0.8657,4
0.1644,5570.9289,33845509.6833,5570.9289,0.5297,263.1005,259.9385,3.1620,3.6685,0.0009,2.2745,-0.4800,0.9066,0.8068,4
0.1754,5157.8309,33658539.8248,5157.8309,0.5795,265.2966,262.3044,2.9922,3.4385,0.0011,2.0541,-0.5045,0.9078,1.0000,4
0.1552,5498.3382,37275442.6962,5498.3382,0.5427,271.9657,268.7953,3.1704,3.6705,0.0009,2.2152,-0.4854,0.9053,0.8278,4
0.1726,4941.0833,31338314.1895,4941.0833,0.5627,254.6814,251.6084,3.0730,3.5572,0.0010,2.2110,-0.4916,0.9061,0.8714,4
0.1790,3830.6373,33697135.7430,3830.6373,0.5850,258.9755,256.0045,2.9710,3.4708,0.0011,1.9257,-0.5004,0.9076,0.9061,4
0.2242,2582.0123,28719661.1697,2582.0123,0.5963,246.6936,243.9338,2.7598,3.2426,0.0012,1.8503,-0.5168,0.8987,0.9064,4
0.1705,5569.9289,32056764.2724,5569.9289,0.5510,258.3309,255.1834,3.1475,3.5968,0.0010,2.1831,-0.5021,0.9110,0.5876,4
0.1705,5399.3799,33205732.9977,5399.3799,0.5383,259.2770,256.1701,3.1068,3.5836,0.0009,2.1797,-0.4975,0.9087,0.8502,4
0.1994,4314.4485,29251438.8140,4314.4485,0.5938,249.1789,246.2591,2.9198,3.4285,0.0011,2.0291,-0.4885,0.8957,0.8746,4
0.1705,5944.0294,31897885.7033,5944.0294,0.5603,259.3578,256.2484,3.1094,3.5915,0.0010,2.1526,-0.4968,0.9090,0.8712,4
0.2083,3352.9877,29689820.9161,3352.9877,0.5865,251.1495,248.2678,2.8817,3.3583,0.0011,2.0249,-0.4938,0.9021,0.8904,4
0.1970,4677.9020,28909705.3550,4677.9020,0.5822,247.2255,244.2234,3.0021,3.4848,0.0011,2.1305,-0.5181,0.9200,0.8810,4
0.1823,4741.6936,31896406.6243,4741.6936,0.5538,256.4044,253.3285,3.0759,3.5740,0.0010,2.1425,-0.5020,0.9149,0.8672,4
0.1874,5556.4216,28704506.4978,5556.4216,0.5703,249.3235,246.4050,2.9186,3.3982,0.0010,2.0533,-0.4748,0.8849,0.8435,4
0.1996,3264.3775,30415093.3191,3264.3775,0.5851,250.6863,247.8163,2.8700,3.3971,0.0011,1.9759,-0.5099,0.9093,0.8706,4
0.1684,5107.7230,33341583.5669,5107.7230,0.5600,260.5613,257.4189,3.1423,3.6224,0.0010,2.1651,-0.5088,0.9167,0.7667,4
0.1998,3908.1593,30703892.3843,3908.1593,0.5886,254.8064,251.9143,2.8920,3.3614,0.0011,1.9384,-0.4995,0.9035,0.9037,4
0.1895,5123.8799,29444039.7460,5123.8799,0.5613,252.9142,250.0015,2.9127,3.4006,0.0010,2.1247,-0.4542,0.8711,0.8227,4
0.2082,3760.3652,27570731.4319,3760.3652,0.5781,242.2770,239.3959,2.8811,3.3568,0.0011,1.9976,-0.5323,0.9181,0.8971,4
0.2132,3383.5368,29519866.7951,3383.5368,0.6100,250.3995,247.5898,2.8097,3.2486,0.0012,1.8297,-0.5183,0.9072,0.9073,4
0.2063,3108.3260,30861015.6763,3108.3260,0.6016,253.5319,250.6678,2.8641,3.3344,0.0012,1.9716,-0.5436,0.9234,0.7472,4
0.1869,4956.9167,30951763.3797,4956.9167,0.5621,257.1324,254.1816,2.9508,3.4568,0.0010,2.1301,-0.4782,0.8922,0.8295,4
0.1745,5060.2794,32521698.1747,5060.2794,0.5356,258.5343,255.4322,3.1021,3.5733,0.0009,2.2369,-0.5280,0.9246,0.8861,4
0.1974,4117.5417,30178148.8981,4117.5417,0.5957,251.5956,248.6713,2.9243,3.4197,0.0012,1.9367,-0.5097,0.9101,0.8747,4
0.1505,5828.0564,35569130.2721,5828.0564,0.5118,263.8750,260.5184,3.3566,3.8481,0.0008,2.3073,-0.5134,0.9324,0.7853,5
0.1664,4426.2598,36950996.6127,4426.2598,0.5336,266.4363,263.3193,3.1170,3.6443,0.0009,2.2620,-0.4992,0.9191,0.8847,5
0.1711,4840.6373,34740468.0672,4840.6373,0.5551,266.4510,263.4468,3.0042,3.5100,0.0010,2.1291,-0.4982,0.9070,0.8833,5
0.1243,6420.1078,43937575.8259,6420.1078,0.5124,282.9412,279.5226,3.4186,3.9404,0.0008,2.4151,-0.4918,0.9234,0.8384,5
0.1729,4256.3505,35391633.5661,4256.3505,0.5672,266.5956,263.5453,3.0503,3.5454,0.0010,2.0395,-0.5067,0.9182,0.9018,5
0.1764,4143.5858,33550703.3824,4143.5858,0.5289,260.3603,257.2302,3.1301,3.5923,0.0009,2.2720,-0.5190,0.9237,0.8634,5
0.1701,4880.5637,34339484.7522,4880.5637,0.5178,261.0343,257.8384,3.1959,3.6865,0.0009,2.3061,-0.5268,0.9328,0.8587,5
0.1763,5005.7990,32152228.4691,5005.7990,0.5418,257.2206,254.1013,3.1193,3.5937,0.0010,2.2424,-0.5133,0.9202,0.8672,5
0.1598,4352.3284,36992494.1353,4352.3284,0.4933,266.6127,263.3322,3.2805,3.8123,0.0008,2.5053,-0.5229,0.9367,0.8655,5
0.1802,4620.1005,31633993.0874,4620.1005,0.5471,254.8162,251.7359,3.0803,3.5995,0.0010,2.2068,-0.5085,0.9197,0.8570,5
0.1623,4674.0490,35486906.2113,4674.0490,0.5191,263.0343,259.8541,3.1802,3.6988,0.0009,2.3204,-0.5094,0.9260,0.8719,5
0.2217,1772.7892,30060709.3451,1772.7892,0.5937,248.9314,246.1726,2.7588,3.2835,0.0012,1.9418,-0.5432,0.9199,0.9453,5
0.2034,3119.1471,31096127.1618,3119.1471,0.5558,251.8529,248.8816,2.9714,3.4733,0.0010,2.1675,-0.5532,0.9362,0.8994,5
0.1887,3394.2181,33728957.9248,3394.2181,0.5473,259.5662,256.5260,3.0402,3.5126,0.0010,2.1830,-0.5251,0.9254,0.8894,5
0.1718,4463.4975,33484736.0888,4463.4975,0.5211,259.3309,256.1697,3.1612,3.7026,0.0009,2.3494,-0.4892,0.9162,0.8315,5
0.2033,3132.0956,29686167.1969,3132.0956,0.5623,245.4338,242.4150,3.0189,3.4867,0.0011,2.1493,-0.5724,0.9451,0.9072,5
0.1720,3886.2721,34554739.1754,3886.2721,0.5488,258.6005,255.3770,3.2235,3.6753,0.0010,2.2855,-0.5405,0.9411,0.8895,5
0.1974,3255.6814,31074840.7934,3255.6814,0.5701,252.7990,249.8317,2.9673,3.4385,0.0010,2.0880,-0.5328,0.9266,0.8506,5
0.1760,3853.7672,33531059.6776,3853.7672,0.5315,256.1544,252.9940,3.1604,3.6626,0.0009,2.2857,-0.5334,0.9385,0.8745,5
0.1821,3511.1225,33860212.6146,3511.1225,0.5385,257.8824,254.7201,3.1623,3.6153,0.0010,2.2314,-0.5404,0.9404,0.8890,5
0.1923,3104.9216,32273853.4612,3104.9216,0.5454,253.5392,250.4317,3.1076,3.5926,0.0010,2.1493,-0.5503,0.9431,0.9074,5
0.1585,5302.7083,35584351.5777,5302.7083,0.5282,266.2426,263.0355,3.2072,3.7230,0.0009,2.2849,-0.4841,0.9125,0.8427,5
0.1700,4904.9632,31580822.6577,4904.9632,0.5169,254.6446,251.5277,3.1169,3.6698,0.0009,2.3384,-0.4834,0.9100,0.8224,5
0.1600,5257.3309,34086550.7226,5257.3309,0.5142,259.2426,255.9332,3.3094,3.7826,0.0009,2.3531,-0.5230,0.9358,0.8455,5
0.1433,5475.9314,38166780.2020,5475.9314,0.5098,268.2990,264.9244,3.3746,3.8787,0.0008,2.4004,-0.5300,0.9390,0.8597,5
0.1840,3976.1127,32267426.3763,3976.1127,0.5336,254.4951,251.2999,3.1952,3.6342,0.0010,2.3130,-0.5488,0.9406,0.8715,5
0.1526,5501.1716,35935219.0245,5501.1716,0.4959,265.7402,262.4438,3.2964,3.7859,0.0008,2.4871,-0.5134,0.9290,0.8440,5
0.2445,2781.5980,23545092.1700,2781.5980,0.6098,227.8186,225.0128,2.8058,3.2474,0.0012,1.9660,-0.5776,0.9350,0.9193,5
0.1525,4796.5074,37040642.5647,4796.5074,0.5091,263.7083,260.3937,3.3146,3.7986,0.0009,2.3338,-0.5511,0.9464,0.8294,5
0.1907,4093.2574,30565126.1228,4093.2574,0.5506,250.4926,247.4362,3.0564,3.5104,0.0010,2.1799,-0.5280,0.9264,0.8967,5
0.2189,2879.4779,26652359.3706,2879.4779,0.5764,234.8407,231.8593,2.9814,3.3985,0.0011,2.1206,-0.5794,0.9407,0.9219,5
0.1782,3897.5515,34242066.2929,3897.5515,0.5433,260.8211,257.6873,3.1338,3.6006,0.0010,2.1869,-0.5512,0.9415,0.9027,5
0.1485,5458.4559,36767613.2861,5458.4559,0.4924,264.1863,260.7879,3.3984,3.8852,0.0008,2.5112,-0.5346,0.9430,0.8622,5
0.1782,3673.7966,34197877.4115,3673.7966,0.5298,260.7475,257.6402,3.1073,3.5906,0.0009,2.2011,-0.5325,0.9287,0.9207,5
0.1602,4260.1789,37261825.8746,4260.1789,0.5056,266.7623,263.5026,3.2597,3.7542,0.0009,2.3842,-0.5303,0.9367,0.8884,5
0.1666,4191.7941,37592089.9003,4191.7941,0.5496,269.1961,266.0399,3.1562,3.6387,0.0010,2.1654,-0.5404,0.9368,0.8854,5
0.2304,2822.7598,26007946.2978,2822.7598,0.5935,235.8676,233.0411,2.8266,3.3266,0.0012,2.0128,-0.5420,0.9216,0.9125,5
0.1802,4358.1495,31794018.3630,4358.1495,0.5493,253.2181,250.0218,3.1964,3.6264,0.0010,2.2387,-0.5454,0.9406,0.8806,5
0.1600,3353.9853,40519399.6032,3353.9853,0.5006,272.7010,269.4648,3.2362,3.7647,0.0008,2.3224,-0.5359,0.9409,0.9006,5
0.2102,3011.1789,29522677.1229,3011.1789,0.5807,246.9730,244.0564,2.9166,3.4042,0.0011,2.0285,-0.5047,0.9076,0.9008,5
0.2287,3305.3358,26042681.6255,3305.3358,0.6022,239.2181,236.4967,2.7214,3.2076,0.0012,1.9277,-0.5080,0.8966,0.9145,5
0.2103,3276.8284,28738145.4360,3276.8284,0.5599,245.8039,242.8572,2.9467,3.3883,0.0011,2.1262,-0.5415,0.9283,1.0000,5
0.2100,2470.2353,30556077.5023,2470.2353,0.5780,248.8971,245.9531,2.9439,3.4189,0.0011,2.0253,-0.5471,0.9316,0.9184,5
0.1758,4152.3824,33309517.5226,4152.3824,0.5336,256.5000,253.2759,3.2241,3.6975,0.0009,2.2718,-0.5515,0.9430,0.8458,5
0.1741,4647.8676,32733696.5320,4647.8676,0.5369,254.6716,251.4591,3.2125,3.6463,0.0010,2.3146,-0.5694,0.9465,0.8969,5
0.1841,3867.5588,31921208.9494,3867.5588,0.5557,252.4706,249.3515,3.1191,3.6206,0.0011,2.1563,-0.5509,0.9388,0.9119,5
0.1419,6558.7868,38348611.1157,6558.7868,0.5004,273.4289,270.1690,3.2599,3.8145,0.0008,2.3981,-0.4686,0.9051,0.8576,5
0.1933,3552.8088,30989762.0856,3552.8088,0.5849,253.0294,250.1021,2.9273,3.4262,0.0011,2.0191,-0.5189,0.9175,0.8911,5
0.2040,2734.5466,31351464.9628,2734.5466,0.5851,253.5907,250.7163,2.8744,3.3656,0.0011,1.9517,-0.5286,0.9180,0.9140,5
0.1802,3126.8431,35745320.6434,3126.8431,0.5378,263.5294,260.4330,3.0964,3.5938,0.0009,2.1986,-0.5139,0.9269,0.9022,5
0.2071,5206.9706,20878686.7293,5206.9706,0.5121,218.0735,214.8504,3.2232,3.5953,0.0009,2.5024,-0.6049,0.9557,0.8548,6
0.2304,5295.7549,21468285.5522,5295.7549,0.5770,224.6176,221.7602,2.8575,3.3084,0.0011,2.1390,-0.5190,0.9016,0.8543,6
0.2519,4240.1005,20833797.2573,4240.1005,0.6007,220.6887,217.8876,2.8011,3.1814,0.0012,2.0603,-0.5354,0.9123,0.8733,6
0.2260,4900.5956,23033697.0174,4900.5956,0.5728,228.1985,225.3057,2.8928,3.3130,0.0011,2.1762,-0.5276,0.9110,0.8747,6
0.2122,5543.1691,23262258.8978,5543.1691,0.5529,229.5662,226.5617,3.0045,3.4305,0.0010,2.2628,-0.5307,0.9176,0.8779,6
0.2258,4867.0319,23453282.5868,4867.0319,0.5694,230.6201,227.6996,2.9205,3.3544,0.0011,2.2015,-0.5535,0.9251,0.8887,6
0.2497,3562.3799,22634211.3258,3562.3799,0.5991,226.6054,223.8877,2.7177,3.1529,0.0013,1.9966,-0.5500,0.9148,0.9068,6
0.2495,5016.9706,20753599.2224,5016.9706,0.5989,219.5343,216.7695,2.7649,3.2010,0.0012,2.0453,-0.5311,0.9028,1.0000,6
0.2496,4985.7525,20354505.2754,4985.7525,0.5932,220.6887,217.9455,2.7432,3.1748,0.0012,2.0257,-0.4981,0.8825,0.8511,6
0.2284,5465.9363,22123177.3967,5465.9363,0.5808,228.9755,226.1521,2.8234,3.2675,0.0011,2.1546,-0.5220,0.9005,0.8828,6
0.2350,4862.0196,21812084.9269,4862.0196,0.5741,225.4951,222.6434,2.8517,3.3029,0.0011,2.1805,-0.5118,0.9026,0.8765,6
0.2307,5416.6593,21932096.7583,5416.6593,0.5765,227.7132,224.8859,2.8273,3.2728,0.0011,2.1384,-0.5070,0.8959,0.8399,6
0.2102,5654.0245,23846479.9578,5654.0245,0.5603,230.9118,227.8982,3.0136,3.3995,0.0011,2.2844,-0.5484,0.9233,0.8475,6
0.2498,4350.0637,20988015.6870,4350.0637,0.6091,221.4853,218.7501,2.7351,3.1387,0.0012,1.9880,-0.5348,0.9033,0.8822,6
0.2402,4370.0539,22526700.1323,4370.0539,0.6095,228.2990,225.5442,2.7548,3.1891,0.0012,1.9806,-0.5159,0.8941,0.8665,6
0.2280,5657.8039,21450295.3603,5657.8039,0.5815,225.9608,223.0345,2.9263,3.3373,0.0011,2.1433,-0.4986,0.8947,0.8321,6
0.1905,6531.1716,24655994.1027,6531.1716,0.5294,236.6422,233.5175,3.1246,3.5605,0.0009,2.4048,-0.5058,0.9102,0.8311,6
0.2350,4962.2377,22278329.7876,4962.2377,0.6008,226.4485,223.5656,2.8829,3.3138,0.0012,2.0695,-0.5166,0.9050,0.8623,6
0.2259,4879.3873,23398697.6791,4879.3873,0.5686,232.0931,229.2004,2.8928,3.3077,0.0011,2.1718,-0.5033,0.9016,0.8429,6
0.2054,5538.9485,24479547.3013,5538.9485,0.5449,234.3701,231.2875,3.0826,3.4827,0.0010,2.3424,-0.5366,0.9228,0.8452,6
0.2236,5583.9755,22785478.4409,5583.9755,0.5644,231.5245,228.6817,2.8428,3.3404,0.0011,2.1473,-0.4916,0.8878,0.8354,6
0.2304,4840.7181,22712813.7341,4840.7181,0.5738,228.8897,226.0449,2.8448,3.3071,0.0011,2.1193,-0.5180,0.9058,1.0000,6
0.2144,5404.9363,23782321.2940,5404.9363,0.5664,233.1814,230.1788,3.0026,3.4172,0.0011,2.2478,-0.5500,0.9252,0.8760,6
0.2258,3992.6520,25052275.8602,3992.6520,0.5769,235.0392,232.1997,2.8395,3.3438,0.0012,2.0368,-0.5344,0.9187,0.8882,6
0.2351,5395.9240,20686576.6609,5395.9240,0.5833,222.3015,219.4744,2.8271,3.2895,0.0012,2.1586,-0.4989,0.8924,0.8561,6
0.2168,5016.2010,24313762.2882,5016.2010,0.5606,234.8039,231.8507,2.9532,3.3798,0.0010,2.2194,-0.5228,0.9132,0.8544,6
0.2328,4210.2843,23491438.8353,4210.2843,0.5934,230.1176,227.2531,2.8646,3.2854,0.0012,2.0213,-0.5363,0.9146,0.8817,6
0.2400,4364.2010,22291370.1289,4364.2010,0.5763,227.0686,224.3088,2.7598,3.2230,0.0011,2.0822,-0.5118,0.8949,0.8719,6
0.2256,5579.7966,21226882.0908,5579.7966,0.5540,224.1544,221.1789,2.9755,3.3897,0.0011,2.2557,-0.5263,0.9113,0.8495,6
0.2166,5382.2304,21619727.7214,5382.2304,0.5583,223.8676,220.8987,2.9690,3.4075,0.0010,2.2730,-0.5309,0.9164,0.8782,6
0.2260,4795.5980,23154460.3803,4795.5980,0.5765,230.1569,227.2357,2.9212,3.3192,0.0011,2.1621,-0.5519,0.9222,0.8797,6
0.2101,5173.5270,24837444.0528,5173.5270,0.5722,236.0123,233.0968,2.9155,3.4050,0.0011,2.1449,-0.4999,0.9010,0.8611,6
0.2672,3831.5441,20794192.3384,3831.5441,0.6307,222.3922,219.8212,2.5709,3.0097,0.0013,1.8106,-0.5019,0.8743,0.8579,6
0.2211,5190.4240,21743250.3304,5190.4240,0.5716,221.8603,218.9077,2.9526,3.3830,0.0011,2.1782,-0.5296,0.9135,0.8543,6
0.2124,5583.2549,24171957.1141,5583.2549,0.5458,236.3627,233.4426,2.9202,3.3815,0.0010,2.2552,-0.4927,0.8904,0.8690,6
0.2353,5085.5196,21858946.8905,5085.5196,0.5773,226.8039,223.9978,2.8061,3.2593,0.0011,2.0744,-0.5249,0.9045,0.8822,6
0.2259,5250.4142,22552881.0048,5250.4142,0.5794,228.0319,225.1286,2.9032,3.3429,0.0011,2.1262,-0.5376,0.9173,0.8608,6
0.2165,5342.5147,22937445.3497,5342.5147,0.5667,229.2255,226.2195,3.0060,3.4259,0.0011,2.2436,-0.5276,0.9157,0.8623,6
0.2593,3478.2426,20362915.9444,3478.2426,0.6171,214.9485,212.2140,2.7345,3.1413,0.0013,1.9236,-0.5601,0.9225,0.8805,6
0.2259,5708.2010,20567057.0945,5708.2010,0.5708,220.4755,217.5190,2.9564,3.3238,0.0011,2.2522,-0.5386,0.9161,0.8659,6
0.2348,4387.7819,21898719.6793,4387.7819,0.5547,222.8946,219.9729,2.9217,3.3490,0.0010,2.2746,-0.5474,0.9227,0.8821,6
0.2353,4560.7500,22403247.7330,4560.7500,0.6047,227.8480,225.0254,2.8227,3.2462,0.0012,2.0533,-0.5224,0.8993,0.8812,6
0.2259,5191.7941,22571924.0191,5191.7941,0.5898,226.3480,223.4231,2.9249,3.3200,0.0012,2.0751,-0.5696,0.9318,0.8819,6
0.2305,5030.8015,22299673.7511,5030.8015,0.5786,226.6054,223.6872,2.9182,3.2909,0.0011,2.1237,-0.5567,0.9236,0.9042,6
0.2305,5407.7059,21985451.0855,5407.7059,0.5671,227.4951,224.6374,2.8577,3.3053,0.0011,2.1944,-0.5047,0.8943,0.8460,6
0.2213,6035.8088,21394531.1948,6035.8088,0.5760,224.6569,221.6695,2.9874,3.3662,0.0011,2.1619,-0.5348,0.9158,0.8650,6
0.2145,5487.1176,22450254.4224,5487.1176,0.5632,227.7843,224.8086,2.9757,3.4032,0.0011,2.2025,-0.5261,0.9136,0.8489,6
0.2375,5202.7500,20696725.5797,5202.7500,0.5813,221.4167,218.5013,2.9154,3.2775,0.0011,2.1413,-0.5510,0.9197,0.8154,6
0.2190,4983.9681,24081489.7919,4983.9681,0.5740,234.0025,231.0568,2.9456,3.3753,0.0011,2.1065,-0.5491,0.9239,0.9002,6
0.1968,6312.1814,23971227.1100,6312.1814,0.5411,232.1912,229.0712,3.1200,3.5214,0.0010,2.3277,-0.5462,0.9291,0.8737,6
0.2235,5810.0147,21985423.0054,5810.0147,0.5558,227.4167,224.5506,2.8661,3.3570,0.0011,2.2495,-0.4854,0.8837,0.8365,7
0.2013,5049.9902,26818389.4546,5049.9902,0.5658,242.4951,239.4651,3.0300,3.4732,0.0011,2.1709,-0.5273,0.9179,0.8827,7
0.1950,5989.8431,25380649.5847,5989.8431,0.5491,238.8578,235.8759,2.9819,3.4880,0.0010,2.2444,-0.4843,0.8930,0.8258,7
0.2145,4569.3137,25819240.8165,4569.3137,0.5846,237.8333,234.8517,2.9817,3.3864,0.0011,2.0958,-0.5383,0.9198,0.8760,7
0.2058,5046.8015,26464111.0159,5046.8015,0.5655,242.4338,239.4370,2.9968,3.4141,0.0011,2.1060,-0.5239,0.9158,0.8662,7
0.2170,5319.8701,23385272.2692,5319.8701,0.5781,232.4730,229.5035,2.9696,3.3581,0.0012,2.1546,-0.5337,0.9139,0.8805,7
0.2234,3919.2132,25473870.3696,3919.2132,0.5762,234.7819,231.8937,2.8882,3.3676,0.0011,2.0879,-0.5516,0.9266,0.8771,7
0.2330,3398.9779,25024864.3132,3398.9779,0.5937,235.4142,232.5849,2.8294,3.2633,0.0012,2.0386,-0.5246,0.9138,0.8816,7
0.2304,3849.7843,24630671.1417,3849.7843,0.5791,233.0490,230.2182,2.8308,3.3232,0.0011,2.0421,-0.5109,0.9084,0.8880,7
0.2105,5695.7549,25195307.4773,5695.7549,0.5916,241.0931,238.2384,2.8548,3.3237,0.0011,2.0545,-0.4756,0.8779,0.8508,7
0.2168,4886.2402,24377023.4063,4886.2402,0.5795,234.2108,231.2485,2.9623,3.3703,0.0011,2.1229,-0.5449,0.9240,0.9160,7
0.1990,5721.7941,25974480.3156,5721.7941,0.5521,241.0147,237.9829,3.0318,3.4879,0.0010,2.2389,-0.5199,0.9137,0.8829,7
0.2353,3803.1814,22773401.1525,3803.1814,0.6059,226.4265,223.5883,2.8381,3.2551,0.0012,1.9781,-0.5527,0.9254,0.8663,7
0.1970,5498.7990,25626182.1361,5498.7990,0.5437,238.0294,234.9833,3.0461,3.4900,0.0010,2.2030,-0.4980,0.9039,0.8724,7
0.2642,3400.3235,21090461.8148,3400.3235,0.6100,219.0686,216.4072,2.6614,3.1200,0.0013,1.9245,-0.5172,0.8993,0.8823,7
0.2281,3057.0245,25995251.8537,3057.0245,0.5588,236.6176,233.7287,2.8889,3.3331,0.0010,2.1485,-0.5645,0.9333,0.7443,7
0.2147,5381.4020,24380544.2950,5381.4020,0.5762,236.6422,233.6507,2.9914,3.3756,0.0011,2.1400,-0.5122,0.9040,0.8692,7
0.1885,6985.0441,24272111.1169,6985.0441,0.5362,235.9510,232.8384,3.1126,3.5493,0.0010,2.3121,-0.5028,0.9078,0.8530,7
0.1945,5662.2745,26214979.1053,5662.2745,0.5483,240.5196,237.4039,3.1157,3.5676,0.0010,2.2698,-0.5247,0.9209,0.8558,7
0.2261,4487.0613,24233783.1001,4487.0613,0.5770,233.5417,230.6778,2.8638,3.3190,0.0011,2.0909,-0.5079,0.9068,0.8669,7
0.1927,5566.1225,26662755.1731,5566.1225,0.5471,242.3088,239.2473,3.0616,3.5156,0.0010,2.2730,-0.5090,0.9116,0.8559,7
0.2193,4951.5098,23822220.0993,4951.5098,0.5900,232.8627,230.0138,2.8489,3.3290,0.0012,2.0783,-0.5116,0.9006,0.8271,7
0.2424,4040.8995,22185686.1990,4040.8995,0.6018,224.1887,221.3710,2.8177,3.2292,0.0012,2.0135,-0.5411,0.9171,0.8848,7
0.1945,5351.1275,25907590.6898,5351.1275,0.5436,238.5637,235.4270,3.1367,3.5731,0.0010,2.3184,-0.5168,0.9176,0.9292,7
0.2103,4968.1765,25408781.1836,4968.1765,0.5706,238.9951,236.0947,2.9004,3.3662,0.0011,2.0597,-0.5036,0.8963,0.8671,7
0.1884,3237.3873,34002195.6122,3237.3873,0.5487,258.5098,255.4169,3.0929,3.5608,0.0010,2.1387,-0.5545,0.9417,0.8976,7
0.2082,5390.0956,25893026.9600,5390.0956,0.5863,241.7966,238.8543,2.9423,3.3685,0.0012,2.0747,-0.5103,0.9062,0.8460,7
0.2376,4807.5809,21327238.8856,4807.5809,0.5793,223.3260,220.5147,2.8113,3.2469,0.0011,2.1120,-0.4795,0.8845,0.8593,7
0.1840,6080.0686,26246258.5291,6080.0686,0.5235,237.8824,234.7222,3.1602,3.6233,0.0009,2.3859,-0.5215,0.9224,0.8396,7
0.2261,4232.4926,24888912.2022,4232.4926,0.5657,235.5417,232.7054,2.8362,3.2882,0.0011,2.1372,-0.4997,0.8957,0.8846,7
0.2011,5420.2108,25440929.5117,5420.2108,0.5548,238.5245,235.4601,3.0644,3.4936,0.0010,2.2413,-0.5291,0.9199,1.0000,7
0.2168,6072.6471,23416164.0214,6072.6471,0.5803,233.2451,230.2871,2.9580,3.3719,0.0011,2.1473,-0.4935,0.8957,0.8237,7
0.1950,5788.3897,26699791.0314,5788.3897,0.5579,243.5270,240.4854,3.0416,3.4934,0.0010,2.1700,-0.5010,0.9053,0.8185,7
0.2375,4186.8137,23308715.4052,4186.8137,0.5935,231.0196,228.2012,2.8184,3.2610,0.0012,2.0430,-0.5245,0.9103,0.8697,7
0.2217,4715.4485,24596752.0973,4715.4485,0.5759,236.8211,233.9714,2.8497,3.2968,0.0011,2.1375,-0.5127,0.8989,0.8459,7
0.2353,3299.0735,24728273.1837,3299.0735,0.5889,233.5539,230.7305,2.8234,3.2477,0.0012,1.9792,-0.5367,0.9172,0.8762,7
0.2235,4920.5858,23979864.6918,4920.5858,0.5726,234.2328,231.3126,2.9202,3.3568,0.0011,2.1547,-0.5107,0.9089,0.8426,7
0.2168,4452.3946,24319206.6860,4452.3946,0.5633,234.1740,231.3016,2.8724,3.3645,0.0011,2.1464,-0.4730,0.8854,0.8527,7
0.2258,3887.5270,25814446.2206,3887.5270,0.5815,238.2034,235.3414,2.8620,3.3394,0.0011,2.0718,-0.5172,0.9131,0.8783,7
0.2280,4525.1520,23525268.4581,4525.1520,0.5778,231.4853,228.5796,2.9057,3.3607,0.0011,2.1045,-0.5182,0.9073,0.8415,7
0.2104,4680.3480,25828948.4082,4680.3480,0.5706,238.3627,235.4165,2.9462,3.3581,0.0011,2.1006,-0.5287,0.9200,0.8808,7
0.2079,4385.1201,26556360.1528,4385.1201,0.5782,241.3260,238.3799,2.9461,3.4215,0.0011,2.0507,-0.5011,0.9050,0.8822,7
0.1842,5709.6814,28523036.3689,5709.6814,0.5401,248.7892,245.6693,3.1199,3.5900,0.0010,2.2386,-0.5042,0.9115,0.8477,7
0.2168,3996.6397,21749967.0052,3996.6397,0.6039,219.5123,216.5989,2.9133,3.3656,0.0012,1.9881,-0.5283,0.9178,0.8402,7
0.1449,4446.0515,28290569.7844,4446.0515,0.5156,232.3162,228.9469,3.3692,3.8973,0.0008,2.3894,-0.5236,0.9380,0.8544,7
0.2013,4234.7451,18568204.7931,4234.7451,0.5617,203.9755,201.0086,2.9669,3.4591,0.0010,2.1330,-0.5134,0.9098,0.8753,7
0.2150,3902.2426,17741266.6731,3902.2426,0.5892,202.3260,199.4806,2.8454,3.3057,0.0011,2.0082,-0.5158,0.9006,0.8567,7
0.1930,4054.2132,19545503.9510,4054.2132,0.5728,208.9632,206.0165,2.9468,3.4651,0.0010,2.0812,-0.4748,0.8848,0.8246,7
0.1910,4268.3578,19600265.7105,4268.3578,0.5839,209.0343,206.0460,2.9883,3.4592,0.0011,2.0597,-0.4922,0.8955,0.8376,7
0.2016,4520.9510,19197621.8138,4520.9510,0.5813,208.7402,205.8261,2.9140,3.4200,0.0011,2.0634,-0.5077,0.9040,0.8418,7
