0.2286,2207.2174,25824980.4456,2207.2174,0.6281,232.5691,229.5727,2.9965,3.6995,0.0013,1.9200,-0.4548,0.8867,0.8976,1
0.2509,2190.1187,24483635.1758,2190.1187,0.6594,230.9658,228.1543,2.8115,3.4216,0.0014,1.7273,-0.4664,0.8771,0.9242,1
0.2386,1976.2922,26079573.8462,1976.2922,0.6458,233.9551,231.0342,2.9210,3.5721,0.0013,1.7614,-0.4777,0.8951,0.7462,1
0.2526,1849.3305,24132826.9061,1849.3305,0.6705,228.1257,225.2813,2.8444,3.4223,0.0014,1.6654,-0.4980,0.8970,0.9316,1
0.2498,1883.8245,25476955.1308,1883.8245,0.6499,233.5924,230.7852,2.8072,3.4484,0.0014,1.7208,-0.4667,0.8795,0.9194,1
0.2480,1728.4192,25475745.5757,1728.4192,0.6598,233.1945,230.3585,2.8359,3.4323,0.0014,1.6936,-0.4926,0.8939,0.9447,1
0.2554,1984.4136,23408106.1882,1984.4136,0.6587,225.5858,222.7720,2.8138,3.4266,0.0014,1.7099,-0.4753,0.8837,0.9251,1
0.2498,2145.0658,24435440.5649,2145.0658,0.6680,230.6908,227.8897,2.8012,3.3705,0.0014,1.6737,-0.4813,0.8819,0.9248,1
0.2503,1756.0329,23271390.1438,1756.0329,0.6288,222.5256,219.5671,2.9585,3.6469,0.0013,1.8625,-0.4788,0.8995,0.9323,1
0.2502,1798.5140,22535886.3235,1798.5140,0.6388,220.3544,217.4644,2.8900,3.5542,0.0013,1.8215,-0.4683,0.8870,0.9200,1
0.2537,1822.4681,24367712.1960,1822.4681,0.6407,229.4195,226.5537,2.8658,3.4966,0.0013,1.8040,-0.4816,0.8915,0.9291,1
0.2406,1739.2786,25149155.1667,1739.2786,0.6421,229.5745,226.5784,2.9961,3.6419,0.0013,1.7855,-0.4955,0.9100,0.9406,1
0.2492,1861.7201,24613146.5472,1861.7201,0.6362,229.5372,226.6346,2.9026,3.5457,0.0013,1.8063,-0.4808,0.8940,0.9320,1
0.2410,2000.4947,25483320.2048,2000.4947,0.6352,232.0805,229.0824,2.9981,3.6330,0.0013,1.8785,-0.4790,0.8987,0.9269,1
0.2331,1662.7427,25988386.3656,1662.7427,0.6244,230.8823,227.8433,3.0390,3.7254,0.0012,1.8590,-0.4806,0.9074,0.9378,1
0.2399,1948.9043,25234368.1385,1948.9043,0.6211,231.0785,228.0945,2.9840,3.6738,0.0013,1.9116,-0.4651,0.8925,0.9266,1
0.2385,1861.9525,25929509.2272,1861.9525,0.6427,233.4072,230.4380,2.9693,3.6052,0.0013,1.7718,-0.4923,0.9055,0.9335,1
0.2513,1676.2566,23682503.8384,1676.2566,0.6356,224.3251,221.3844,2.9407,3.6295,0.0013,1.8197,-0.4835,0.9018,0.9317,1
0.2237,2061.6170,27064198.7935,2061.6170,0.6304,235.7128,232.6450,3.0678,3.7514,0.0013,1.8313,-0.4791,0.9059,0.9369,1
0.2375,1879.0020,25808917.5969,1879.0020,0.6438,232.4282,229.4846,2.9436,3.6056,0.0013,1.7881,-0.4796,0.8976,0.9406,1
0.2362,1748.4930,26868527.5151,1748.4930,0.6463,236.1951,233.2303,2.9648,3.5963,0.0014,1.7250,-0.4958,0.9068,0.9470,1
0.2351,1831.6193,27342317.6266,1831.6193,0.6460,238.4618,235.5034,2.9584,3.5747,0.0013,1.7672,-0.4949,0.9061,0.9419,1
0.2469,1879.3178,24789510.2845,1879.3178,0.6400,229.2945,226.3846,2.9100,3.5672,0.0013,1.7571,-0.4786,0.8940,0.9380,1
0.2306,1901.3467,26183529.7248,1901.3467,0.6445,233.1174,230.1611,2.9562,3.6055,0.0013,1.7828,-0.4768,0.8956,0.9324,1
0.2358,2034.0938,24814566.4985,2034.0937,0.6348,228.2267,225.2368,2.9900,3.6563,0.0013,1.8443,-0.4768,0.8988,0.9339,1
0.2421,2003.6842,24096272.5031,2003.6842,0.6273,226.1702,223.1973,2.9729,3.6783,0.0013,1.8811,-0.4672,0.8946,0.9272,1
0.2295,2102.8331,27101446.8841,2102.8331,0.6279,237.1476,234.1097,3.0379,3.6867,0.0013,1.8585,-0.4878,0.9073,0.9448,1
0.2367,1935.8624,26145880.3547,1935.8624,0.6304,234.0977,231.0643,3.0335,3.6601,0.0013,1.8523,-0.4932,0.9089,0.9413,1
0.2292,2155.5233,26472152.5642,2155.5233,0.6147,233.6682,230.5566,3.1116,3.7776,0.0012,1.9203,-0.4862,0.9119,0.9331,1
0.2389,1840.2769,25912526.0250,1840.2769,0.6148,233.0828,230.1094,2.9734,3.6774,0.0012,1.9513,-0.4615,0.8905,0.9270,1
0.2393,1950.5090,22971859.6473,1950.5090,0.6334,220.1732,217.1353,3.0379,3.6886,0.0013,1.8645,-0.4911,0.9098,0.9244,1
0.2290,1986.2081,27219661.5389,1986.2081,0.6251,237.9648,234.9594,3.0054,3.6470,0.0012,1.8362,-0.4787,0.9002,0.9315,1
0.2302,1723.3514,27717586.4204,1723.3514,0.6285,238.9166,235.9244,2.9921,3.6519,0.0013,1.8151,-0.4823,0.9019,0.9400,1
0.2491,1782.2743,23933858.6141,1782.2743,0.6403,225.2809,222.3038,2.9771,3.6136,0.0013,1.8120,-0.4943,0.9081,0.9425,1
0.2570,1420.0469,21394658.9771,1420.0469,0.6542,215.0043,212.2018,2.8026,3.4464,0.0014,1.7268,-0.4792,0.8867,0.9407,1
0.2535,1717.5971,23827423.8615,1717.5971,0.6433,226.1031,223.1904,2.9126,3.5438,0.0013,1.7839,-0.4965,0.9040,0.9437,1
0.2478,2045.2487,24677725.4918,2045.2487,0.6479,229.6709,226.7081,2.9628,3.5823,0.0014,1.7410,-0.4982,0.9081,0.9398,1
0.2406,2021.1250,24812523.0505,2021.1250,0.6328,228.9508,225.9387,3.0121,3.6733,0.0013,1.8670,-0.4786,0.9021,0.9235,1
0.2455,1726.6390,23825865.8372,1726.6390,0.6265,223.7600,220.6617,3.0983,3.7782,0.0013,1.8774,-0.5033,0.9213,0.9340,1
0.2415,1792.7500,25313230.2316,1792.7500,0.6348,230.7786,227.7596,3.0190,3.6779,0.0013,1.8202,-0.4855,0.9062,0.9358,1
0.2235,1909.1925,28493611.8852,1909.1925,0.6142,241.7995,238.8176,2.9819,3.7090,0.0012,1.9061,-0.4508,0.8854,0.9367,1
0.2406,1833.0668,26278450.4338,1833.0668,0.6419,235.3886,232.4545,2.9341,3.5519,0.0013,1.7532,-0.4952,0.9038,0.9445,1
0.2399,2039.9355,25425856.9608,2039.9355,0.6250,231.4973,228.4766,3.0207,3.6659,0.0013,1.8912,-0.4873,0.9058,0.9293,1
0.2481,1948.1483,23786711.2902,1948.1483,0.6383,225.5971,222.6237,2.9734,3.6190,0.0013,1.8625,-0.4822,0.9008,0.9264,1
0.2452,1780.0602,24599027.2521,1780.0602,0.6397,228.2178,225.2881,2.9297,3.5779,0.0013,1.7981,-0.4825,0.8974,0.9343,1
0.2262,1999.4581,25175834.4782,1999.4581,0.6171,227.6782,224.6011,3.0771,3.7662,0.0012,1.9285,-0.4717,0.9029,0.9120,1
0.2444,1865.2377,23986612.8817,1865.2377,0.6351,225.4830,222.4558,3.0272,3.6582,0.0013,1.8437,-0.4989,0.9125,0.9337,1
0.2454,1920.4475,24482068.3475,1920.4475,0.6320,228.3697,225.3972,2.9724,3.6340,0.0013,1.8379,-0.4761,0.8977,0.9266,1
0.2361,1845.5711,24401038.6804,1845.5711,0.6383,226.0505,223.0589,2.9916,3.6511,0.0013,1.8138,-0.4859,0.9040,0.9307,1
0.2424,1736.2074,25649845.6319,1736.2074,0.6585,233.2992,230.4311,2.8681,3.4736,0.0014,1.7062,-0.4881,0.8946,0.9417,1
0.2279,1619.8098,28483845.2501,1619.8098,0.6380,240.6070,237.6154,2.9916,3.6757,0.0013,1.7863,-0.4839,0.9051,0.9331,2
0.2347,1434.2457,28307616.5998,1434.2457,0.6491,241.5894,238.6792,2.9102,3.5395,0.0014,1.6915,-0.4929,0.9051,0.9436,2
0.2254,1948.1443,29159862.2159,1948.1443,0.6345,246.1436,243.2284,2.9153,3.5516,0.0013,1.8186,-0.4610,0.8813,0.9201,2
0.2261,1756.8401,28396314.7245,1756.8401,0.6386,240.4053,237.4058,2.9994,3.6712,0.0013,1.7802,-0.4832,0.9041,0.9272,2
0.2183,1847.7653,30883575.0362,1847.7653,0.6404,250.2181,247.2544,2.9637,3.6144,0.0013,1.7421,-0.4772,0.8975,0.9293,2
0.2112,1805.9668,31436375.9136,1805.9668,0.6251,249.8265,246.7530,3.0735,3.7410,0.0012,1.8354,-0.4855,0.9098,0.9337,2
0.2088,2037.0565,31049393.8705,2037.0565,0.6174,247.4069,244.2549,3.1521,3.8287,0.0012,1.9081,-0.4870,0.9152,0.9317,2
0.2084,2054.3787,31567499.2790,2054.3787,0.6352,250.2543,247.2193,3.0350,3.6962,0.0013,1.8057,-0.4679,0.8961,0.9328,2
0.2088,2029.6948,30866534.1212,2029.6948,0.6185,246.9102,243.7997,3.1106,3.8175,0.0012,1.8429,-0.4764,0.9083,0.9198,2
0.2029,2273.6333,31688873.8234,2273.6333,0.6108,250.0795,246.9137,3.1657,3.8554,0.0012,1.9159,-0.4691,0.9076,0.9203,2
0.2310,1934.0409,27524356.3343,1934.0409,0.6461,239.0216,236.0346,2.9870,3.6216,0.0013,1.7859,-0.4891,0.9056,0.9296,2
0.2182,2076.9943,28804036.9731,2076.9943,0.6312,240.7171,237.5939,3.1232,3.7655,0.0013,1.8656,-0.4978,0.9181,0.9281,2
0.2205,1728.3484,30027656.1407,1728.3484,0.6369,246.1463,243.1680,2.9783,3.6342,0.0013,1.7928,-0.4775,0.8995,0.9357,2
0.2184,2105.7527,28545892.1670,2105.7527,0.6238,241.3052,238.2377,3.0675,3.7338,0.0012,1.8765,-0.4749,0.9036,0.9383,2
0.2434,1311.3062,26500310.9699,1311.3062,0.6487,234.7397,231.8654,2.8743,3.5302,0.0013,1.7214,-0.4865,0.9001,0.9429,2
0.2424,1454.2513,26791488.8956,1454.2513,0.6486,236.8564,234.0282,2.8282,3.4872,0.0013,1.7226,-0.4658,0.8834,0.9427,2
0.2211,2030.2520,29188589.9672,2030.2520,0.6361,244.3158,241.3195,2.9964,3.6471,0.0013,1.7934,-0.4738,0.8963,0.9324,2
0.2125,2250.4977,29739141.9066,2250.4977,0.6315,245.1240,242.0647,3.0593,3.7036,0.0013,1.8522,-0.4711,0.8986,0.9174,2
0.2164,2161.2064,29977325.9155,2161.2064,0.6360,246.7124,243.6822,3.0303,3.6681,0.0013,1.7970,-0.4823,0.9028,0.9259,2
0.2111,1727.9953,32011129.7374,1727.9953,0.6297,251.7520,248.7289,3.0231,3.6775,0.0013,1.8043,-0.4768,0.9013,0.9270,2
0.1992,2364.9661,31424485.7458,2364.9661,0.6050,248.5060,245.3024,3.2035,3.9265,0.0012,1.9892,-0.4597,0.9043,0.7092,2
0.2264,1989.1646,27838666.2693,1989.1646,0.6364,239.4079,236.3648,3.0431,3.6978,0.0013,1.8015,-0.4852,0.9066,0.9243,2
0.2055,2145.1902,31821556.1801,2145.1902,0.6142,251.2640,248.1761,3.0879,3.7622,0.0012,1.8839,-0.4747,0.9040,0.9258,2
0.2249,1866.3115,29290108.3628,1866.3115,0.6523,246.9910,244.1479,2.8431,3.4652,0.0013,1.6934,-0.4602,0.8767,0.9192,2
0.2097,2135.0811,31522038.6796,2135.0811,0.6234,251.4934,248.4970,2.9964,3.6793,0.0012,1.8562,-0.4604,0.8896,0.9323,2
0.2094,2059.5539,30882259.6663,2059.5539,0.6281,247.9960,244.8769,3.1191,3.7834,0.0013,1.8673,-0.4774,0.9082,0.9164,2
0.2231,1783.2975,28739716.9049,1783.2975,0.6345,241.6340,238.6030,3.0310,3.6766,0.0013,1.7669,-0.4865,0.9082,0.9333,2
0.2208,1794.6679,29660216.1298,1794.6679,0.6363,244.5429,241.4941,3.0488,3.6971,0.0013,1.7862,-0.4946,0.9124,0.9324,2
0.2094,2044.3590,30432073.2332,2044.3590,0.6239,246.2181,243.1141,3.1040,3.7666,0.0012,1.8624,-0.4762,0.9052,0.9281,2
0.2105,2395.8883,30504981.6026,2395.8883,0.6351,247.5146,244.4092,3.1055,3.7385,0.0013,1.8119,-0.4846,0.9085,0.9218,2
0.2188,1821.5705,29991670.8838,1821.5705,0.6381,245.6868,242.6765,3.0103,3.6616,0.0013,1.7733,-0.4779,0.9016,0.9120,2
0.2086,2216.7813,31000568.6679,2216.7812,0.6283,247.9867,244.8397,3.1470,3.8070,0.0013,1.8570,-0.4938,0.9176,0.9371,2
0.2256,1884.9571,28513893.1016,1884.9571,0.6494,241.8241,238.8806,2.9435,3.5806,0.0013,1.7555,-0.4741,0.8932,0.9205,2
0.2089,2233.5851,30943296.9515,2233.5851,0.6268,248.6011,245.4895,3.1116,3.7824,0.0013,1.8564,-0.4772,0.9066,0.9153,2
0.2267,1803.9804,28957810.7337,1803.9804,0.6411,243.7430,240.7731,2.9699,3.5937,0.0013,1.7494,-0.4883,0.9045,1.0000,2
0.2199,2102.4877,28997734.6198,2102.4877,0.6297,244.5090,241.5221,2.9869,3.6309,0.0013,1.8174,-0.4610,0.8880,0.9267,2
0.2046,2226.0502,31584557.1970,2226.0502,0.6219,251.4791,248.4350,3.0441,3.7076,0.0012,1.8660,-0.4613,0.8929,0.9224,2
0.2175,1838.0053,28695687.4178,1838.0053,0.6377,243.0605,240.1852,2.8753,3.5580,0.0013,1.8011,-0.4402,0.8665,0.9153,2
0.2364,1620.3481,27428438.5148,1620.3481,0.6639,239.8833,237.0715,2.8118,3.4141,0.0014,1.6377,-0.4799,0.8868,0.9301,2
0.2221,1749.4997,30077577.4741,1749.4997,0.6378,247.1200,244.1547,2.9653,3.6055,0.0013,1.7686,-0.4783,0.8974,0.9302,2
0.2330,1742.6695,27067075.1850,1742.6695,0.6492,237.7972,234.9184,2.8788,3.4995,0.0013,1.7458,-0.4723,0.8892,0.9267,2
0.2308,1773.3820,28085638.0655,1773.3820,0.6418,240.6479,237.7108,2.9372,3.5845,0.0013,1.7687,-0.4728,0.8944,0.9311,2
0.2193,2000.1313,29650037.7727,2000.1313,0.6301,245.5894,242.5808,3.0086,3.6424,0.0013,1.8214,-0.4755,0.8997,0.9193,2
0.2031,1909.4102,31359552.2877,1909.4102,0.6085,248.8737,245.8204,3.0532,3.7807,0.0012,1.9222,-0.4448,0.8867,0.9204,2
0.2139,2151.5003,30902619.5966,2151.5003,0.6274,251.5781,248.6304,2.9478,3.5912,0.0013,1.8167,-0.4464,0.8768,0.9184,2
0.1977,2491.1160,32748609.4592,2491.1160,0.6184,254.2769,251.1735,3.1034,3.7573,0.0012,1.8581,-0.4654,0.8986,1.0000,2
0.2398,1682.8105,26367854.0158,1682.8105,0.6524,234.8903,231.9375,2.9528,3.5789,0.0013,1.7267,-0.4985,0.9096,0.9371,2
0.2076,2366.2453,31218573.2007,2366.2453,0.6268,250.8517,247.7718,3.0799,3.7273,0.0013,1.8594,-0.4673,0.8982,0.9246,2
0.2123,1891.5103,30601715.4125,1891.5103,0.6259,247.5655,244.5385,3.0270,3.7259,0.0012,1.8319,-0.4662,0.8968,0.9300,2
0.2129,2304.1616,29712176.4472,2304.1616,0.6228,245.3371,242.2611,3.0760,3.7505,0.0012,1.9091,-0.4641,0.8964,0.9285,2
0.2293,2306.5399,26688274.3521,2306.5399,0.6388,236.8105,233.8550,2.9556,3.6302,0.0013,1.8235,-0.4580,0.8843,0.9109,3
0.2121,2874.7028,29022485.5781,2874.7028,0.6346,245.2400,242.2057,3.0343,3.6603,0.0013,1.8985,-0.4587,0.8869,0.9110,3
0.2433,2118.8910,25510317.7532,2118.8910,0.6565,233.6077,230.7492,2.8585,3.4724,0.0014,1.7455,-0.4757,0.8865,0.9232,3
0.2229,2883.0339,27188398.6784,2883.0339,0.6345,240.6596,237.7027,2.9568,3.5793,0.0013,1.8462,-0.4502,0.8758,0.9063,3
0.2304,2083.5725,27439464.5928,2083.5725,0.6457,239.5904,236.6516,2.9388,3.5795,0.0013,1.7901,-0.4733,0.8923,0.9255,3
0.2312,2114.3039,27173554.7157,2114.3039,0.6444,238.7906,235.8963,2.8942,3.5360,0.0013,1.7817,-0.4583,0.8779,0.9233,3
0.2417,2259.4461,26005877.6809,2259.4461,0.6610,236.3391,233.4787,2.8604,3.4758,0.0014,1.7304,-0.4683,0.8806,0.9258,3
0.2302,2041.8441,27815627.8952,2041.8441,0.6335,241.2264,238.3196,2.9068,3.5743,0.0013,1.8196,-0.4591,0.8815,0.9223,3
0.2371,2066.5266,26199658.1309,2066.5266,0.6607,237.7945,235.0690,2.7255,3.3544,0.0014,1.6964,-0.4406,0.8501,0.9056,3
0.2322,1903.2563,27680154.9771,1903.2563,0.6520,241.0967,238.2903,2.8064,3.4540,0.0014,1.7157,-0.4608,0.8738,0.9255,3
0.2476,2253.6865,24869404.2654,2253.6865,0.6587,232.1872,229.3619,2.8253,3.4508,0.0014,1.7231,-0.4665,0.8776,0.9218,3
0.2283,1979.9072,28111907.2972,1979.9072,0.6397,241.9445,239.0523,2.8922,3.5538,0.0013,1.7702,-0.4574,0.8786,0.9197,3
0.2336,1902.4003,27228799.8040,1902.4003,0.6403,238.7081,235.7746,2.9336,3.5675,0.0013,1.8046,-0.4778,0.8946,0.9306,3
0.2276,2150.3464,28108675.5542,2150.3464,0.6450,242.2507,239.3463,2.9044,3.5386,0.0013,1.7873,-0.4600,0.8800,0.9172,3
0.2662,1113.0163,24139881.6023,1113.0163,0.6781,228.9491,226.3140,2.6351,3.2812,0.0015,1.5694,-0.4641,0.8657,0.9434,3
0.2596,1331.9777,24687795.9832,1331.9777,0.6625,230.3441,227.6075,2.7365,3.3709,0.0014,1.6518,-0.4718,0.8792,0.9417,3
0.2310,2437.5180,27104812.6508,2437.5180,0.6288,239.7939,236.8801,2.9138,3.5883,0.0013,1.8524,-0.4387,0.8676,0.9050,3
0.2356,1986.3039,26743317.2157,1986.3039,0.6402,236.5319,233.6055,2.9264,3.6034,0.0013,1.7936,-0.4630,0.8859,0.9337,3
0.2363,2534.5299,25427727.9627,2534.5299,0.6412,233.1257,230.1586,2.9671,3.6161,0.0013,1.8359,-0.4634,0.8871,0.9102,3
0.2310,2240.9794,26759418.7430,2240.9794,0.6318,236.9721,234.0179,2.9542,3.6270,0.0013,1.8605,-0.4555,0.8833,0.9122,3
0.2329,2354.9006,26623534.8125,2354.9006,0.6444,236.8953,233.9276,2.9677,3.6024,0.0013,1.8236,-0.4707,0.8912,0.9180,3
0.2310,2033.1699,26729077.1097,2033.1699,0.6256,235.9072,232.8619,3.0453,3.7322,0.0013,1.8965,-0.4728,0.9013,0.9314,3
0.2355,1800.0947,25892032.7455,1800.0947,0.6384,232.6699,229.7522,2.9177,3.5788,0.0013,1.8043,-0.4696,0.8900,0.9219,3
0.2310,2097.0751,26497075.1276,2097.0751,0.6309,235.3544,232.3999,2.9545,3.6330,0.0013,1.8610,-0.4599,0.8860,0.9279,3
0.2219,2315.8511,28648086.2997,2315.8511,0.6252,243.6011,240.6269,2.9741,3.6502,0.0013,1.8609,-0.4498,0.8804,0.9163,3
0.2503,1943.5854,24208995.0852,1943.5854,0.6608,228.6100,225.8223,2.7877,3.4247,0.0014,1.7228,-0.4670,0.8771,0.9203,3
0.2254,2102.9850,28203498.4694,2102.9850,0.6409,241.7084,238.7816,2.9269,3.5664,0.0013,1.8055,-0.4727,0.8902,0.9327,3
0.2481,1937.1865,24854128.4810,1937.1865,0.6612,231.8441,229.0543,2.7897,3.3939,0.0014,1.7039,-0.4691,0.8761,0.9285,3
0.2414,2047.8271,25533937.7667,2047.8271,0.6394,232.8384,229.8802,2.9583,3.5921,0.0013,1.8024,-0.4837,0.8998,0.9292,3
0.2305,2384.2035,27617701.1787,2384.2035,0.6523,242.2527,239.3743,2.8784,3.4959,0.0014,1.7558,-0.4623,0.8783,0.9222,3
0.2281,2302.2856,27208052.0346,2302.2856,0.6279,239.2084,236.2274,2.9810,3.6441,0.0013,1.8716,-0.4571,0.8849,0.9166,3
0.2425,2102.5239,25693094.0753,2102.5239,0.6510,233.9900,231.0807,2.9094,3.5485,0.0014,1.7678,-0.4735,0.8897,0.9296,3
0.2256,2384.1017,27601732.1957,2384.1017,0.6366,239.9541,236.9262,3.0280,3.6575,0.0013,1.8162,-0.4758,0.8983,0.9056,3
0.2286,2148.7533,27669282.6739,2148.7533,0.6238,240.0785,237.0820,2.9965,3.6794,0.0012,1.8754,-0.4632,0.8914,0.9214,3
0.2226,2222.2138,26904919.5185,2222.2138,0.6332,235.2011,232.1245,3.0766,3.7539,0.0013,1.8607,-0.4764,0.9048,0.9132,3
0.2521,1605.4186,25077610.8386,1605.4186,0.6524,230.9199,228.0831,2.8368,3.4592,0.0014,1.7248,-0.4781,0.8901,0.9372,3
0.2382,2100.3441,25734412.1065,2100.3441,0.6363,233.1626,230.1852,2.9773,3.6206,0.0013,1.8504,-0.4733,0.8942,0.9174,3
0.2369,2148.8600,26209144.7395,2148.8600,0.6322,236.0076,233.1185,2.8891,3.5666,0.0013,1.8530,-0.4473,0.8721,0.9221,3
0.2468,2144.1699,24810058.7419,2144.1699,0.6417,231.7570,228.9213,2.8357,3.5008,0.0013,1.7838,-0.4516,0.8707,0.9100,3
0.2367,1718.7723,26394102.3419,1718.7723,0.6370,233.8295,230.8371,2.9923,3.6704,0.0013,1.8109,-0.4842,0.9052,0.9411,3
0.2318,1733.3647,27149998.6053,1733.3647,0.6361,236.7417,233.7322,3.0095,3.6638,0.0013,1.7854,-0.4850,0.9069,0.9316,3
0.2367,1654.8604,24722071.5750,1654.8604,0.6485,228.2001,225.3250,2.8752,3.5356,0.0013,1.7436,-0.4739,0.8896,0.9351,3
0.2319,2207.4767,26378114.3467,2207.4767,0.6394,234.6310,231.6352,2.9958,3.6304,0.0013,1.8330,-0.4758,0.8963,0.9313,3
0.2332,2158.8185,24936164.5693,2158.8185,0.6431,229.3072,226.3496,2.9576,3.5797,0.0013,1.8090,-0.4803,0.8959,0.9317,3
0.2438,1682.9874,24494398.0338,1682.9874,0.6374,226.9973,224.0683,2.9290,3.6310,0.0013,1.7987,-0.4761,0.8971,0.9223,3
0.2300,1877.0166,28253803.0816,1877.0166,0.6476,242.6556,239.7684,2.8872,3.5417,0.0013,1.7372,-0.4585,0.8786,0.9229,3
0.2442,1956.3394,25062607.4978,1956.3394,0.6455,231.6539,228.7714,2.8826,3.5342,0.0013,1.8277,-0.4620,0.8808,0.9227,3
0.2267,1898.2756,28029962.2277,1898.2756,0.6293,240.3773,237.4129,2.9645,3.6704,0.0013,1.8452,-0.4584,0.8882,0.9320,3
0.2448,2218.2813,24452626.5700,2218.2813,0.6323,229.1649,226.1835,2.9814,3.6412,0.0013,1.9020,-0.4698,0.8938,0.9206,3
0.2366,1903.7613,26299101.0087,1903.7613,0.6238,235.0831,232.1385,2.9446,3.6072,0.0013,1.8555,-0.4723,0.8925,0.9255,3
0.1974,2297.4142,32488147.8528,2297.4142,0.5957,251.8172,248.6472,3.1699,3.9133,0.0011,1.9713,-0.4501,0.8981,0.9044,4
0.1920,1964.7417,32760584.1584,1964.7417,0.6167,250.0542,246.9096,3.1446,3.8437,0.0012,1.9044,-0.4727,0.9086,0.9194,4
0.2233,1589.7254,29639739.1876,1589.7254,0.6279,246.4049,243.5532,2.8518,3.5390,0.0013,1.7733,-0.4484,0.8720,0.9277,4
0.2015,2414.7483,30855091.0066,2414.7483,0.6063,247.9830,244.8634,3.1197,3.8220,0.0012,1.9346,-0.4500,0.8929,0.9085,4
0.2119,1808.9292,31302659.2419,1808.9292,0.6380,250.3401,247.4080,2.9321,3.6046,0.0013,1.7315,-0.4623,0.8859,0.9293,4
0.2069,2027.6649,31674028.4144,2027.6649,0.6105,249.9934,246.9329,3.0604,3.7833,0.0012,1.8909,-0.4535,0.8916,0.9278,4
0.1977,2333.4059,31911192.6631,2333.4059,0.6041,250.8115,247.6730,3.1385,3.8301,0.0012,1.9251,-0.4607,0.8998,0.9209,4
0.1999,2564.6636,31960537.9948,2564.6636,0.6155,252.5791,249.5087,3.0704,3.7292,0.0012,1.9020,-0.4436,0.8807,0.8966,4
0.2035,2535.9508,29702704.8130,2535.9508,0.6249,246.5313,243.5916,2.9397,3.6216,0.0012,1.8458,-0.4282,0.8628,0.8944,4
0.1924,2341.7586,34165607.8861,2341.7586,0.6126,257.2759,254.1545,3.1214,3.8128,0.0012,1.9149,-0.4621,0.8994,0.9230,4
0.2361,1577.0096,27787532.0420,1577.0096,0.6562,241.4205,238.6359,2.7847,3.4239,0.0014,1.7065,-0.4615,0.8747,0.9291,4
0.2079,1754.2188,31946231.5836,1754.2187,0.6076,250.4302,247.3286,3.1016,3.8268,0.0012,1.9042,-0.4654,0.9034,0.9253,4
0.2072,1938.6932,29718967.6896,1938.6932,0.6196,242.7224,239.6288,3.0936,3.7921,0.0012,1.9049,-0.4703,0.9038,0.9319,4
0.2061,1985.1247,31084388.2076,1985.1247,0.5980,247.6307,244.4880,3.1427,3.8529,0.0012,1.9649,-0.4670,0.9054,0.9357,4
0.1970,2074.7490,31532742.8009,2074.7490,0.5955,248.0482,244.9222,3.1260,3.8787,0.0011,1.9945,-0.4444,0.8911,0.9121,4
0.2071,2299.1576,30108073.5664,2299.1576,0.6004,244.7753,241.6136,3.1617,3.8877,0.0012,1.9892,-0.4623,0.9050,0.9124,4
0.2032,1780.5003,32453143.0883,1780.5003,0.5970,250.5562,247.3642,3.1920,3.9255,0.0012,1.9727,-0.4761,0.9151,0.9386,4
0.2171,1749.7596,29758643.2491,1749.7596,0.6093,243.4558,240.3187,3.1370,3.8284,0.0012,1.8866,-0.4885,0.9173,0.9418,4
0.1952,2054.1642,31357935.3068,2054.1642,0.5924,246.8132,243.6813,3.1319,3.8962,0.0011,1.9894,-0.4439,0.8930,0.9163,4
0.1915,2189.0738,33517333.6581,2189.0738,0.5858,253.4774,250.2467,3.2307,3.9944,0.0011,2.0492,-0.4433,0.8978,0.9208,4
0.2506,1113.7370,25976509.7720,1113.7370,0.6420,233.3554,230.5085,2.8468,3.5232,0.0013,1.7329,-0.4759,0.8927,0.9505,4
0.2062,2017.8850,31965691.8166,2017.8850,0.6203,251.7427,248.6502,3.0925,3.7798,0.0012,1.8687,-0.4680,0.9024,0.9280,4
0.2055,1951.1579,31876208.0145,1951.1579,0.6054,250.3095,247.1895,3.1200,3.8486,0.0012,1.9292,-0.4637,0.9023,0.9348,4
0.2087,1977.4927,30521489.1177,1977.4927,0.6033,246.1809,243.0350,3.1459,3.8614,0.0012,1.9796,-0.4649,0.9042,0.9403,4
0.1909,2291.6556,33816146.0987,2291.6556,0.5940,254.7008,251.4629,3.2379,3.9474,0.0011,2.0120,-0.4636,0.9078,0.9308,4
0.1925,2185.7394,34364857.4640,2185.7394,0.6048,260.4980,257.5424,2.9556,3.6882,0.0012,1.9174,-0.4094,0.8511,0.8951,4
0.1975,2244.1659,33471467.7493,2244.1659,0.6222,255.9372,252.8564,3.0808,3.7242,0.0012,1.8266,-0.4703,0.9001,0.9238,4
0.1931,2312.0146,34017221.2596,2312.0146,0.6181,257.2001,254.0877,3.1125,3.7995,0.0012,1.8944,-0.4601,0.8973,1.0000,4
0.1913,2485.7247,32383104.2788,2485.7247,0.6104,252.2061,249.0968,3.1093,3.7922,0.0012,1.9332,-0.4508,0.8901,0.8985,4
0.2079,2209.8743,30463984.2244,2209.8743,0.6365,248.5160,245.5474,2.9685,3.6164,0.0013,1.8206,-0.4576,0.8839,0.9162,4
0.2015,1984.6406,33172044.7173,1984.6406,0.6300,256.1439,253.1749,2.9691,3.6426,0.0012,1.7772,-0.4525,0.8829,0.9257,4
0.2289,1343.5216,29690495.4478,1343.5216,0.6572,246.4631,243.6343,2.8288,3.4910,0.0014,1.6770,-0.4709,0.8849,0.9435,4
0.1998,2204.9960,32163198.3980,2204.9960,0.6177,251.0233,247.9097,3.1136,3.8052,0.0012,1.8875,-0.4605,0.8973,0.9225,4
0.2034,2218.8354,32379257.5873,2218.8354,0.6288,253.7982,250.7699,3.0283,3.6918,0.0012,1.8425,-0.4618,0.8912,0.9123,4
0.2195,1958.8172,30191085.4234,1958.8172,0.6397,247.5239,244.5795,2.9445,3.6270,0.0013,1.8068,-0.4609,0.8870,0.9323,4
0.2053,2278.8900,32032265.4925,2278.8900,0.6267,252.4239,249.3432,3.0807,3.7244,0.0012,1.8328,-0.4835,0.9071,0.9289,4
0.2117,1779.7949,31580827.9534,1779.7949,0.6259,251.2158,248.2166,2.9991,3.6899,0.0012,1.8484,-0.4603,0.8916,0.9251,4
0.2180,1726.1775,30253946.4544,1726.1775,0.6399,246.9375,243.9351,3.0024,3.6618,0.0013,1.8021,-0.4750,0.8994,0.9241,4
0.2013,1915.6094,33599441.1525,1915.6094,0.6127,255.5828,252.4819,3.1008,3.8272,0.0012,1.9095,-0.4629,0.9010,0.9247,4
0.1966,2825.4807,31872922.1180,2825.4807,0.6207,252.9801,249.9374,3.0427,3.6859,0.0012,1.8734,-0.4461,0.8799,0.9147,4
0.2061,1918.3461,30864870.9741,1918.3461,0.6348,247.4378,244.4597,2.9782,3.6759,0.0013,1.8012,-0.4567,0.8867,0.9159,4
0.1995,2212.6878,33319058.1431,2212.6878,0.6237,255.9139,252.8540,3.0599,3.7338,0.0012,1.8268,-0.4673,0.8976,0.9264,4
0.2080,2049.1154,31471113.4598,2049.1154,0.6472,250.8541,247.8747,2.9793,3.6019,0.0013,1.7328,-0.4801,0.9003,0.7767,4
0.2129,2202.7281,30609103.3363,2202.7281,0.6278,250.2134,247.2846,2.9288,3.6148,0.0012,1.8619,-0.4381,0.8700,0.9129,4
0.2194,1475.6925,29113221.0920,1475.6925,0.6439,241.9179,238.9838,2.9341,3.5801,0.0013,1.7306,-0.4844,0.9008,0.9418,4
0.2214,1368.4980,31029853.9370,1368.4980,0.6529,249.5286,246.6567,2.8719,3.4770,0.0013,1.6416,-0.4932,0.9011,0.9447,4
0.2164,1948.0798,31062351.2115,1948.0798,0.6396,250.7234,247.7647,2.9587,3.6110,0.0013,1.8001,-0.4749,0.8950,0.9241,4
0.2066,2169.0103,31456446.3884,2169.0103,0.6212,250.9166,247.9140,3.0026,3.7009,0.0012,1.8875,-0.4431,0.8799,0.9157,4
0.1927,2212.7759,34473435.9312,2212.7759,0.6038,257.8039,254.6347,3.1691,3.8327,0.0012,1.9489,-0.4759,0.9089,0.9345,4
0.2140,1756.2088,31789807.7710,1756.2088,0.6467,252.1775,249.2310,2.9465,3.5922,0.0013,1.7069,-0.4763,0.8958,0.9352,4
0.1819,2210.2979,34784335.5880,2210.2979,0.5926,254.0864,250.7894,3.2970,4.0420,0.0011,1.9780,-0.4673,0.9158,0.9229,5
0.1822,2118.2344,37455262.4265,2118.2344,0.6028,265.4830,262.3342,3.1488,3.8339,0.0011,1.9367,-0.4615,0.9011,0.9270,5
0.1895,2262.2906,35430149.0629,2262.2906,0.6142,261.8803,258.8109,3.0694,3.7704,0.0012,1.8867,-0.4443,0.8847,0.9155,5
0.1714,2491.1636,39103427.7346,2491.1636,0.5802,267.4661,264.1659,3.3002,4.0466,0.0010,2.0612,-0.4483,0.9035,0.9064,5
0.1883,1910.2709,36342922.3282,1910.2709,0.6200,261.6805,258.5527,3.1278,3.7958,0.0012,1.8575,-0.4733,0.9080,0.9324,5
0.1844,1989.3188,36451889.4902,1989.3188,0.5863,260.6519,257.4029,3.2490,4.0152,0.0011,2.0539,-0.4518,0.9052,0.9120,5
0.1951,1980.7247,34337534.9870,1980.7247,0.5878,256.6210,253.4414,3.1796,3.9489,0.0011,2.0078,-0.4468,0.8981,0.9193,5
0.1993,2053.5000,32264896.2719,2053.5000,0.6068,250.7806,247.5916,3.1890,3.9003,0.0012,1.9719,-0.4715,0.9113,0.9307,5
0.1914,1965.5755,34508048.2968,1965.5755,0.5680,255.8474,252.6349,3.2125,4.0316,0.0010,2.1191,-0.4273,0.8891,0.9102,5
0.2014,2074.8451,33060161.3510,2074.8451,0.6110,254.5904,251.4802,3.1102,3.8079,0.0012,1.8824,-0.4615,0.8995,0.9096,5
0.1829,2239.4235,36098278.2182,2239.4235,0.5822,260.3703,257.1381,3.2322,3.9971,0.0011,2.0657,-0.4457,0.8992,0.9184,5
0.2176,1008.2241,32002828.4800,1008.2241,0.6222,250.9455,248.0160,2.9295,3.6603,0.0012,1.7882,-0.4607,0.8911,0.9594,5
0.2069,1397.3025,33073374.2467,1397.3025,0.5999,252.4428,249.3119,3.1309,3.8823,0.0012,1.9407,-0.4659,0.9080,0.9374,5
0.1932,2034.7806,35148232.6675,2034.7806,0.5901,259.3398,256.2048,3.1350,3.9074,0.0011,2.0025,-0.4408,0.8914,0.9213,5
0.1881,2238.1563,34782975.0059,2238.1562,0.5766,257.5213,254.3103,3.2110,3.9970,0.0011,2.0795,-0.4300,0.8896,0.9100,5
0.2020,1569.0030,32918282.0527,1569.0030,0.6055,251.2869,248.0701,3.2168,3.9685,0.0012,1.9886,-0.4720,0.9160,0.9322,5
0.1881,1819.7410,36484712.8210,1819.7410,0.5909,261.2829,258.0520,3.2309,4.0018,0.0011,2.0114,-0.4573,0.9086,0.9269,5
0.1986,1716.7876,34712500.9722,1716.7876,0.6103,258.2078,255.1101,3.0976,3.8230,0.0012,1.8656,-0.4621,0.9013,0.9361,5
0.1912,1889.7670,34719471.6574,1889.7670,0.5871,254.6154,251.3538,3.2615,4.0174,0.0011,2.0074,-0.4737,0.9196,0.9318,5
0.1906,2158.8245,33444559.9334,2158.8245,0.6043,252.3637,249.1354,3.2283,3.9494,0.0011,1.9472,-0.4712,0.9131,0.9296,5
0.1947,1853.0160,34504224.2233,1853.0160,0.6001,255.1416,251.9272,3.2144,3.9564,0.0011,1.9461,-0.4767,0.9177,0.9375,5
0.1854,2340.3182,35251412.6569,2340.3182,0.5904,258.9977,255.7492,3.2484,3.9785,0.0011,2.0066,-0.4528,0.9028,0.9243,5
0.1947,2066.4092,32756120.7256,2066.4092,0.6046,252.4624,249.3487,3.1137,3.8560,0.0012,1.9689,-0.4406,0.8891,0.9111,5
0.1819,2145.9209,36286441.9750,2145.9209,0.5903,259.7699,256.4546,3.3153,4.0586,0.0011,2.0401,-0.4700,0.9187,0.9314,5
0.1786,2290.6430,37269825.8697,2290.6430,0.5897,262.3677,259.0442,3.3235,4.0605,0.0011,2.0328,-0.4639,0.9139,0.9184,5
0.1856,1853.3580,35623285.5886,1853.3580,0.5795,256.7084,253.3727,3.3357,4.1193,0.0011,2.0570,-0.4657,0.9195,0.9323,5
0.1860,2167.6370,33980783.2534,2167.6370,0.5812,253.9588,250.6973,3.2615,4.0182,0.0011,2.0876,-0.4501,0.9031,0.9203,5
0.2477,1252.4947,25279732.4206,1252.4947,0.6379,229.4222,226.4826,2.9396,3.6346,0.0013,1.8066,-0.4887,0.9077,0.9505,5
0.1847,2101.3235,35254000.5843,2101.3235,0.5857,256.6280,253.3199,3.3081,4.0530,0.0011,2.0482,-0.4656,0.9152,0.9305,5
0.1967,1799.1546,34106829.8380,1799.1546,0.5980,255.5409,252.3686,3.1723,3.9011,0.0011,1.9859,-0.4598,0.9047,0.9288,5
0.2297,1168.2507,28354625.9010,1168.2507,0.6281,238.7972,235.7780,3.0192,3.7271,0.0013,1.8216,-0.4915,0.9134,0.9461,5
0.1835,1978.4252,36188182.3902,1978.4252,0.5784,259.1014,255.7946,3.3068,4.0635,0.0011,2.0524,-0.4615,0.9134,0.9186,5
0.1759,2392.7134,35492932.8693,2392.7134,0.5678,256.3404,252.9812,3.3593,4.1546,0.0010,2.1290,-0.4325,0.8990,0.9025,5
0.1903,1818.0249,34932343.0757,1818.0249,0.5994,257.3009,254.1230,3.1778,3.8870,0.0011,1.9467,-0.4734,0.9105,0.9475,5
0.1827,1922.9062,36966907.9031,1922.9063,0.5712,261.8444,258.5523,3.2921,4.0627,0.0011,2.1179,-0.4565,0.9096,0.9329,5
0.1741,2030.8654,38909740.0051,2030.8654,0.5830,265.4033,262.1382,3.2651,4.0243,0.0011,1.9714,-0.4588,0.9091,0.9211,5
0.2337,1494.8045,27719801.2468,1494.8045,0.6299,239.0180,236.0838,2.9341,3.6185,0.0013,1.8199,-0.4651,0.8912,0.9295,5
0.2018,2024.4455,32530807.1584,2024.4455,0.6095,251.6649,248.4510,3.2139,3.9191,0.0012,1.9361,-0.4778,0.9157,0.9183,5
0.1853,1977.1745,36754851.5957,1977.1745,0.5854,262.8168,259.6071,3.2097,3.9423,0.0011,2.0220,-0.4557,0.9034,0.9286,5
0.2160,1588.6955,31262080.7987,1588.6955,0.6205,249.2347,246.2223,3.0124,3.7153,0.0012,1.8763,-0.4676,0.8993,0.9347,5
0.2337,1531.1642,27306785.4766,1531.1642,0.6414,238.1961,235.3354,2.8607,3.5353,0.0013,1.7674,-0.4590,0.8816,0.9359,5
0.2124,1535.9455,31283431.0775,1535.9455,0.6148,247.4043,244.3319,3.0723,3.8029,0.0012,1.8980,-0.4720,0.9075,0.9364,5
0.2117,1385.1336,32237458.6619,1385.1336,0.6219,251.1602,248.1242,3.0360,3.7535,0.0012,1.8554,-0.4673,0.9018,0.9374,5
0.1912,1934.5791,33448739.8037,1934.5791,0.5798,250.5306,247.2238,3.3067,4.1315,0.0011,2.0457,-0.4548,0.9123,0.9139,5
0.1952,2190.3444,32903248.9529,2190.3444,0.5863,251.6556,248.4103,3.2453,3.9968,0.0011,2.0405,-0.4642,0.9107,0.9267,5
0.2096,1490.9917,30498319.3406,1490.9917,0.6034,244.0203,240.9308,3.0894,3.8448,0.0012,1.9025,-0.4727,0.9087,0.7422,5
0.1809,2311.2513,37268987.0662,2311.2513,0.5885,265.2766,262.0840,3.1926,3.9203,0.0011,1.9936,-0.4459,0.8946,0.9143,5
0.1959,1896.7008,34742123.7313,1896.7008,0.6250,258.7666,255.7026,3.0641,3.7420,0.0012,1.8459,-0.4642,0.8990,0.9335,5
0.2197,1523.1506,30600623.6034,1523.1506,0.6457,248.1752,245.2469,2.9283,3.6092,0.0013,1.7582,-0.4637,0.8894,0.9334,5
0.1889,1597.4441,36474618.5459,1597.4441,0.5811,260.9136,257.7525,3.1610,3.9228,0.0011,2.0045,-0.4556,0.9051,0.9390,5
0.2488,1743.2187,20365328.1284,1743.2188,0.5897,207.6496,204.4177,3.2319,3.9716,0.0012,2.1023,-0.5055,0.9319,0.9405,6
0.2607,2065.4714,22423145.6355,2065.4714,0.6418,222.0891,219.2204,2.8687,3.5293,0.0013,1.8159,-0.4646,0.8819,0.9156,6
0.2676,1772.8035,21021824.9935,1772.8035,0.6522,215.1513,212.3307,2.8206,3.4860,0.0014,1.7663,-0.4745,0.8874,0.9239,6
0.2533,2103.3474,22589356.0410,2103.3474,0.6223,220.8128,217.8942,2.9186,3.6289,0.0013,1.9392,-0.4555,0.8826,0.9222,6
0.2620,2146.2410,21677855.9738,2146.2410,0.6342,217.9106,214.9839,2.9266,3.5719,0.0013,1.8870,-0.4738,0.8915,0.9186,6
0.2556,2200.9418,22670691.0446,2200.9418,0.6295,222.1433,219.2122,2.9311,3.6110,0.0013,1.9211,-0.4656,0.8884,0.9119,6
0.2701,1810.1516,20841443.3515,1810.1516,0.6547,214.9581,212.1965,2.7616,3.4133,0.0014,1.7623,-0.4637,0.8742,0.9252,6
0.2756,1787.5851,21294339.0734,1787.5851,0.6524,217.8670,215.1409,2.7261,3.3966,0.0014,1.7567,-0.4597,0.8692,0.9332,6
0.2687,2201.4046,21162430.2685,2201.4046,0.6466,217.4797,214.7045,2.7752,3.4503,0.0014,1.8525,-0.4338,0.8522,0.8986,6
0.2673,2181.6649,21028472.7537,2181.6649,0.6468,216.4295,213.5948,2.8347,3.4813,0.0014,1.8626,-0.4640,0.8779,0.9245,6
0.2606,2316.2962,22304266.4990,2316.2962,0.6454,222.0529,219.2074,2.8454,3.4673,0.0014,1.8126,-0.4658,0.8786,0.9226,6
0.2499,2070.6955,22265321.0324,2070.6955,0.6390,219.7141,216.8324,2.8817,3.5623,0.0013,1.8549,-0.4656,0.8856,0.9165,6
0.2461,2185.4309,23877049.4067,2185.4309,0.6250,226.2247,223.2570,2.9678,3.6386,0.0013,1.9503,-0.4653,0.8899,0.9123,6
0.2723,1978.9422,21715803.8843,1978.9422,0.6618,219.9874,217.2448,2.7425,3.3607,0.0014,1.7388,-0.4679,0.8726,0.9246,6
0.2640,1833.3930,21402669.9848,1833.3930,0.6531,216.8544,214.0992,2.7551,3.4241,0.0014,1.7518,-0.4661,0.8752,0.9253,6
0.2568,2234.8680,22117988.9667,2234.8680,0.6425,219.9558,217.0643,2.8915,3.5291,0.0014,1.7956,-0.4661,0.8834,0.9135,6
0.2360,2941.8590,22363361.0308,2941.8590,0.6176,220.5672,217.5251,3.0421,3.7249,0.0012,1.9943,-0.4418,0.8791,0.9026,6
0.2564,2390.4279,22093069.7235,2390.4279,0.6354,220.7969,217.9133,2.8836,3.5539,0.0013,1.8759,-0.4524,0.8750,0.9087,6
0.2474,2449.7547,24003833.0933,2449.7547,0.6283,228.6037,225.6835,2.9202,3.6035,0.0013,1.9123,-0.4435,0.8723,0.8976,6
0.2504,2462.5778,23064226.7238,2462.5778,0.6241,224.2660,221.2674,2.9986,3.6231,0.0013,1.9518,-0.4760,0.8962,0.9175,6
0.2565,2389.5635,22304290.6126,2389.5635,0.6398,221.4684,218.5995,2.8690,3.5337,0.0013,1.8790,-0.4551,0.8758,0.9080,6
0.2559,2051.0648,22457751.2730,2051.0648,0.6477,221.1140,218.2519,2.8621,3.5184,0.0014,1.8082,-0.4670,0.8835,0.9219,6
0.2583,2074.4787,22757223.0392,2074.4787,0.6409,222.7301,219.7806,2.9494,3.5829,0.0013,1.8478,-0.4900,0.9023,0.9372,6
0.2539,1929.0382,23703515.1040,1929.0382,0.6346,226.5854,223.7128,2.8726,3.5344,0.0013,1.8510,-0.4685,0.8856,0.9329,6
0.2592,2189.0652,22557861.2014,2189.0652,0.6426,222.3285,219.4819,2.8465,3.5073,0.0013,1.8519,-0.4581,0.8758,0.9144,6
0.2532,2025.7141,23962495.4158,2025.7141,0.6388,227.3457,224.4633,2.8824,3.5385,0.0013,1.8457,-0.4669,0.8841,0.9233,6
0.2552,2015.4006,23644798.2200,2015.4006,0.6449,226.3647,223.4947,2.8700,3.5142,0.0014,1.8067,-0.4702,0.8864,0.9241,6
0.2697,1653.9827,22390557.9748,1653.9827,0.6486,221.4801,218.6694,2.8107,3.4516,0.0014,1.7908,-0.4820,0.8890,0.7136,6
0.2439,2315.0010,23253875.8122,2315.0010,0.6192,223.1227,220.0716,3.0511,3.7457,0.0012,1.9697,-0.4659,0.8975,0.9108,6
0.2622,2335.1393,21917153.3990,2335.1393,0.6420,220.3368,217.4636,2.8732,3.5203,0.0014,1.8700,-0.4650,0.8817,0.9170,6
0.2518,2080.1017,23911145.9523,2080.1017,0.6426,227.5259,224.6058,2.9202,3.5741,0.0013,1.8327,-0.4741,0.8918,0.9200,6
0.2460,2588.5871,24282588.4051,2588.5871,0.6318,230.2527,227.3719,2.8807,3.5482,0.0013,1.8629,-0.4448,0.8688,0.9079,6
0.2800,1666.5971,21371500.1673,1666.5971,0.6635,218.8757,216.2300,2.6456,3.2972,0.0014,1.7086,-0.4489,0.8536,0.9157,6
0.2620,2376.6981,21926047.0606,2376.6981,0.6310,220.3856,217.4562,2.9295,3.5763,0.0013,1.9052,-0.4706,0.8893,0.9177,6
0.2564,2124.6981,21239161.4821,2124.6981,0.6398,216.6350,213.8493,2.7856,3.4562,0.0013,1.8512,-0.4440,0.8609,0.9097,6
0.2638,2016.7480,21939605.3932,2016.7480,0.6472,219.5293,216.6533,2.8760,3.5260,0.0014,1.8433,-0.4659,0.8833,0.9168,6
0.2680,2162.7224,21563007.0272,2162.7224,0.6469,219.4664,216.6352,2.8312,3.4672,0.0014,1.8056,-0.4675,0.8795,0.9231,6
0.2566,2107.0246,22788681.1459,2107.0246,0.6352,223.0180,220.0769,2.9411,3.6319,0.0013,1.9105,-0.4620,0.8872,0.9155,6
0.2717,1687.3614,20582820.4001,1687.3614,0.6575,213.1227,210.3288,2.7939,3.4628,0.0014,1.7439,-0.4726,0.8837,0.9151,6
0.2620,2422.4564,21538426.0171,2422.4564,0.6315,218.5396,215.5810,2.9585,3.6193,0.0013,1.9537,-0.4611,0.8858,0.8987,6
0.2656,2074.7613,21162750.8947,2074.7613,0.6296,216.0964,213.1476,2.9488,3.6250,0.0013,1.9744,-0.4682,0.8919,0.9090,6
0.2666,1987.6456,22031571.4806,1987.6456,0.6516,220.7673,217.9506,2.8167,3.4636,0.0014,1.8045,-0.4654,0.8777,0.9288,6
0.2620,2052.7822,21039257.5903,2052.7822,0.6447,214.8115,211.8976,2.9139,3.5592,0.0014,1.8025,-0.4761,0.8920,0.9166,6
0.2706,2220.6370,20687044.8530,2220.6370,0.6532,215.0665,212.2315,2.8350,3.4585,0.0014,1.7855,-0.4701,0.8813,0.9152,6
0.2521,2227.9003,23263379.1137,2227.9003,0.6269,225.0326,222.1072,2.9254,3.5855,0.0013,1.8948,-0.4653,0.8866,0.9191,6
0.2544,2429.5376,22219276.9425,2429.5376,0.6440,220.4099,217.4453,2.9646,3.5977,0.0013,1.8602,-0.4819,0.8984,0.9288,6
0.2504,2127.5944,23662203.8612,2127.5944,0.6378,225.7786,222.7842,2.9944,3.6006,0.0013,1.8747,-0.4996,0.9092,0.9264,6
0.2553,1858.4355,22764088.2913,1858.4355,0.6378,221.3032,218.3415,2.9617,3.6108,0.0013,1.8519,-0.4912,0.9047,0.9374,6
0.2621,1833.3537,22921057.5514,1833.3537,0.6542,223.4501,220.5738,2.8764,3.5159,0.0014,1.7697,-0.4938,0.9003,0.9358,6
0.2587,2247.8138,22253636.3775,2247.8138,0.6413,221.1729,218.2122,2.9606,3.5784,0.0013,1.8631,-0.4867,0.8999,0.9332,6
0.2501,2293.1356,23240539.4371,2293.1356,0.6232,225.2507,222.3311,2.9196,3.6095,0.0013,1.9380,-0.4457,0.8738,0.9122,7
0.2390,1904.2487,25532192.0574,1904.2487,0.6318,231.6184,228.6765,2.9418,3.6373,0.0013,1.8651,-0.4707,0.8936,0.9380,7
0.2350,2536.1868,25773408.5174,2536.1868,0.6332,234.8610,231.9534,2.9076,3.5567,0.0013,1.8425,-0.4522,0.8748,0.6402,7
0.2406,2120.5861,25841156.5495,2120.5861,0.6229,232.9910,230.0408,2.9502,3.6737,0.0013,1.9227,-0.4561,0.8862,0.9031,7
0.2337,2326.2284,26135786.6945,2326.2284,0.6289,234.8740,231.8759,2.9981,3.6377,0.0013,1.8793,-0.4750,0.8964,0.9176,7
0.2517,1860.7886,23766970.9523,1860.7886,0.6413,225.4920,222.5403,2.9517,3.6165,0.0013,1.8563,-0.4787,0.8976,0.9285,7
0.2509,1441.0741,24736147.0546,1441.0741,0.6478,228.8175,225.9264,2.8911,3.5503,0.0014,1.7799,-0.4865,0.8982,0.9436,7
0.2447,1826.7939,24282773.4542,1826.7939,0.6453,227.7899,224.9166,2.8733,3.5563,0.0013,1.7657,-0.4643,0.8851,0.9320,7
0.2467,1921.9232,25120716.0849,1921.9232,0.6408,231.5622,228.6445,2.9176,3.5481,0.0013,1.7974,-0.4870,0.8996,0.9386,7
0.2425,2005.5492,25886493.3868,2005.5492,0.6561,235.4927,232.6351,2.8576,3.4642,0.0014,1.7312,-0.4724,0.8828,0.9301,7
0.2422,2118.5449,25102845.7435,2118.5449,0.6367,230.8421,227.8522,2.9899,3.6583,0.0013,1.8500,-0.4800,0.9010,0.9337,7
0.2411,1990.0160,25562038.0199,1990.0160,0.6358,232.4428,229.4654,2.9774,3.6025,0.0013,1.7938,-0.4943,0.9061,0.9427,7
0.2535,1843.9977,23139016.9656,1843.9977,0.6527,223.2330,220.3367,2.8963,3.5386,0.0014,1.7452,-0.4820,0.8966,0.9105,7
0.2309,2352.0027,26253701.2233,2352.0027,0.6220,235.0938,232.0606,3.0331,3.7146,0.0013,1.8974,-0.4640,0.8940,0.9189,7
0.2711,1788.3211,21361831.8381,1788.3211,0.6555,216.7008,213.9274,2.7734,3.4166,0.0014,1.7421,-0.4758,0.8845,0.9285,7
0.2447,1817.7148,22880859.8934,1817.7148,0.6248,220.6469,217.7025,2.9444,3.6658,0.0013,1.8654,-0.4651,0.8916,0.9352,7
0.2452,2035.8318,24469200.4116,2035.8318,0.6373,228.5033,225.5383,2.9650,3.6176,0.0013,1.8533,-0.4739,0.8948,0.9289,7
0.2394,2406.6449,24915327.7463,2406.6449,0.6324,230.9814,228.0171,2.9643,3.6453,0.0013,1.8879,-0.4571,0.8847,0.9132,7
0.2379,2125.9362,24979210.9141,2125.9362,0.6188,229.9222,226.8909,3.0313,3.7173,0.0012,1.9187,-0.4724,0.8997,0.9222,7
0.2358,2108.2197,26188909.1038,2108.2197,0.6222,234.3029,231.3318,2.9711,3.6546,0.0012,1.9034,-0.4589,0.8884,0.9239,7
0.2293,2255.8700,26388490.8650,2255.8700,0.6113,234.9292,231.8964,3.0328,3.7300,0.0012,1.9056,-0.4628,0.8944,0.9153,7
0.2410,1981.4545,25037166.7871,1981.4545,0.6300,230.2104,227.2837,2.9267,3.6289,0.0013,1.8633,-0.4558,0.8827,0.9097,7
0.2594,1832.5711,23436416.9904,1832.5711,0.6557,225.4914,222.6267,2.8646,3.4920,0.0014,1.7174,-0.4769,0.8896,0.9269,7
0.2267,2367.7899,26433499.1995,2367.7899,0.6121,234.6855,231.5753,3.1102,3.8066,0.0012,1.9848,-0.4608,0.8977,0.9084,7
0.2453,2184.1423,25008152.0195,2184.1423,0.6330,231.5412,228.6512,2.8900,3.5556,0.0013,1.8115,-0.4577,0.8788,0.9122,7
0.1927,1577.0100,35484116.6656,1577.0100,0.5972,257.3265,254.1445,3.1820,3.9327,0.0011,1.9027,-0.4636,0.9084,0.9335,7
0.2433,2388.2068,24634306.5404,2388.2068,0.6342,231.0066,228.0799,2.9267,3.5893,0.0013,1.8397,-0.4525,0.8782,0.8926,7
0.2449,2388.6127,24631823.9164,2388.6127,0.6269,230.9618,228.0249,2.9369,3.5919,0.0013,1.8965,-0.4489,0.8777,0.9160,7
0.2274,2598.5166,25718678.4649,2598.5166,0.6127,233.0492,229.9698,3.0794,3.7786,0.0012,1.9697,-0.4565,0.8930,0.9108,7
0.2471,1958.4624,24937049.4464,1958.4624,0.6382,231.4053,228.5785,2.8268,3.5087,0.0013,1.8285,-0.4339,0.8595,0.9168,7
0.2281,2454.2025,26463818.2462,2454.2025,0.6201,235.2982,232.2206,3.0776,3.7611,0.0012,1.9215,-0.4642,0.8972,0.9117,7
0.2480,2597.5568,23524750.2438,2597.5568,0.6373,227.1466,224.2084,2.9382,3.5465,0.0013,1.8541,-0.4578,0.8785,0.8872,7
0.2286,2159.8158,25555077.6553,2159.8158,0.6212,231.4814,228.5095,2.9719,3.6656,0.0012,1.8967,-0.4497,0.8810,0.9081,7
0.2485,1973.3261,25056001.2276,1973.3261,0.6404,231.4086,228.5205,2.8881,3.5585,0.0013,1.8093,-0.4680,0.8881,0.9147,7
0.2508,1938.4076,23885839.5019,1938.4076,0.6436,227.2241,224.3636,2.8605,3.5209,0.0013,1.8461,-0.4704,0.8853,0.9297,7
0.2450,1991.9581,25405873.5771,1991.9581,0.6417,233.4535,230.5522,2.9013,3.5445,0.0013,1.7943,-0.4707,0.8872,0.9179,7
0.2404,1953.4664,25513619.0559,1953.4664,0.6431,231.5083,228.5041,3.0042,3.6441,0.0013,1.8434,-0.4835,0.9036,0.9307,7
0.2482,1909.2094,23799388.1167,1909.2094,0.6467,226.6463,223.8184,2.8279,3.4873,0.0013,1.8008,-0.4600,0.8767,0.9168,7
0.2452,1808.4176,25160051.1570,1808.4176,0.6326,230.8750,227.9700,2.9050,3.5783,0.0013,1.8442,-0.4593,0.8844,0.9173,7
0.2373,2032.6556,24127437.3990,2032.6556,0.6309,225.1868,222.1946,2.9922,3.6988,0.0013,1.8961,-0.4577,0.8890,0.9097,7
0.2222,2409.2311,27689378.9904,2409.2311,0.6210,239.4943,236.4181,3.0762,3.7553,0.0013,1.9213,-0.4655,0.8987,0.9321,7
0.2258,2214.2284,26835586.0365,2214.2284,0.6217,235.6559,232.6675,2.9884,3.6684,0.0012,1.8539,-0.4622,0.8898,0.9314,7
0.2278,2135.0472,27525863.4172,2135.0472,0.6270,239.1410,236.1248,3.0162,3.7122,0.0013,1.8654,-0.4575,0.8895,0.9066,7
0.2361,2058.9664,22441600.6751,2058.9664,0.6370,218.2144,215.2575,2.9569,3.6576,0.0013,1.8511,-0.4562,0.8854,0.8950,7
0.1712,2158.1310,28582890.3967,2158.1310,0.5757,229.5339,226.2090,3.3249,4.1749,0.0010,2.0746,-0.4293,0.8980,0.8871,7
0.2326,1846.2749,19513352.3401,1846.2749,0.6621,203.3049,200.3755,2.9294,3.5883,0.0014,1.7126,-0.4868,0.9008,0.9312,7
0.2526,1540.4714,17636730.7755,1540.4714,0.6660,196.1656,193.4122,2.7533,3.4208,0.0014,1.6666,-0.4741,0.8810,0.9210,7
0.2284,1742.9149,19467671.7165,1742.9149,0.6510,202.7680,199.8902,2.8777,3.5621,0.0013,1.7301,-0.4600,0.8812,0.8996,7
0.2294,1862.5402,19596735.3816,1862.5402,0.6574,204.5229,201.6636,2.8594,3.5511,0.0014,1.7473,-0.4538,0.8758,0.8962,7
0.2436,1651.5226,19286354.8162,1651.5226,0.6595,203.5539,200.7416,2.8123,3.4802,0.0014,1.6887,-0.4808,0.8899,0.9308,7
