0.2550,668.7907,24018761.8667,668.7907,0.6989,223.1075,220.2504,2.8571,3.5095,0.0015,1.5239,-0.5173,0.9136,0.9666,1
0.2730,697.5534,22878212.2268,697.5534,0.7244,221.4147,218.6930,2.7217,3.2713,0.0017,1.3948,-0.5378,0.9101,0.9720,1
0.2623,606.7851,24644997.3366,606.7851,0.7200,227.3207,224.5224,2.7983,3.3721,0.0016,1.3977,-0.5477,0.9216,0.9731,1
0.2769,591.7067,22894144.8333,591.7067,0.7303,221.5940,218.8691,2.7250,3.2484,0.0017,1.3561,-0.5563,0.9182,0.9768,1
0.2677,611.7601,23889166.2549,611.7601,0.7246,224.9736,222.2533,2.7204,3.3038,0.0016,1.3930,-0.5335,0.9100,0.9708,1
0.2704,541.0210,24365181.7782,541.0210,0.7269,227.3252,224.5858,2.7394,3.2661,0.0017,1.3693,-0.5555,0.9191,0.9791,1
0.2744,660.2131,22761365.8938,660.2131,0.7235,220.7455,218.0232,2.7223,3.2717,0.0017,1.3879,-0.5390,0.9109,0.9711,1
0.2750,642.6787,23893642.6203,642.6787,0.7324,226.4628,223.7792,2.6836,3.1864,0.0017,1.3414,-0.5535,0.9127,0.9759,1
0.2748,561.9592,22016752.2504,561.9592,0.6954,216.0120,213.1761,2.8360,3.5015,0.0015,1.5132,-0.5207,0.9150,0.9750,1
0.2714,573.7603,21750906.0904,573.7603,0.6984,214.8722,212.0783,2.7939,3.4362,0.0016,1.5069,-0.5192,0.9104,0.9711,1
0.2730,617.7943,22804240.4418,617.7943,0.7026,220.3000,217.5251,2.7749,3.3929,0.0016,1.4938,-0.5236,0.9100,0.9730,1
0.2623,626.2679,24265187.1087,626.2679,0.7005,224.7996,221.9092,2.8905,3.5174,0.0016,1.4806,-0.5345,0.9234,0.9737,1
0.2724,535.8073,22184113.7205,535.8073,0.6993,216.9778,214.1985,2.7794,3.3993,0.0016,1.4744,-0.5264,0.9118,0.9749,1
0.2652,587.6092,23071491.3477,587.6092,0.6948,220.0512,217.1947,2.8565,3.4971,0.0015,1.5303,-0.5244,0.9167,0.9728,1
0.2522,587.6448,25317988.9752,587.6448,0.6842,227.6703,224.7248,2.9455,3.6021,0.0015,1.5335,-0.5262,0.9238,0.9747,1
0.2661,601.1957,22905483.4574,601.1957,0.6940,219.4008,216.5619,2.8390,3.4842,0.0015,1.5092,-0.5205,0.9139,0.9744,1
0.2630,583.0761,24536399.4127,583.0761,0.7095,226.5417,223.6852,2.8564,3.4440,0.0016,1.4315,-0.5463,0.9251,0.9771,1
0.2719,498.5427,22154074.3533,498.5427,0.7057,216.3683,213.5300,2.8383,3.4872,0.0016,1.4634,-0.5331,0.9211,0.9761,1
0.2519,644.5292,25626252.5728,644.5292,0.7005,229.4539,226.5318,2.9220,3.5284,0.0015,1.4613,-0.5434,0.9281,0.9776,1
0.2613,601.8132,22563640.7590,601.8132,0.7068,217.1743,214.3517,2.8225,3.4427,0.0016,1.4451,-0.5342,0.9188,0.9732,1
0.2585,572.4214,25312460.1354,572.4214,0.7048,229.0045,226.1468,2.8577,3.4444,0.0016,1.4307,-0.5473,0.9254,0.9786,1
0.2586,527.9246,23914902.4873,527.9246,0.7085,222.8741,220.0456,2.8285,3.4309,0.0016,1.4327,-0.5402,0.9215,0.9776,1
0.2713,564.4348,23586222.1815,564.4348,0.7057,223.3341,220.5360,2.7981,3.4026,0.0016,1.4332,-0.5368,0.9177,0.9780,1
0.2557,557.5717,23527539.6875,557.5717,0.7052,221.0096,218.1940,2.8157,3.4355,0.0016,1.4411,-0.5304,0.9163,0.9725,1
0.2619,650.9283,23415748.8639,650.9283,0.6972,221.2880,218.4304,2.8576,3.4968,0.0015,1.5109,-0.5251,0.9172,0.9740,1
0.2664,628.7339,20706831.6309,628.7339,0.6955,208.8521,206.0116,2.8405,3.5304,0.0015,1.5230,-0.5122,0.9123,0.9709,1
0.2562,657.2544,25651009.3968,657.2544,0.6970,230.3717,227.4548,2.9169,3.5219,0.0015,1.5006,-0.5404,0.9263,0.9777,1
0.2626,615.5408,24673595.0832,615.5408,0.6965,226.8086,223.9182,2.8904,3.5012,0.0015,1.5028,-0.5362,0.9231,0.9758,1
0.2550,573.8069,22300630.7970,573.8069,0.6908,214.1239,211.1664,2.9575,3.6366,0.0015,1.5323,-0.5305,0.9277,0.9738,1
0.2608,602.9351,24646187.6933,602.9351,0.6846,226.7751,223.9102,2.8649,3.5430,0.0015,1.5893,-0.5032,0.9077,0.9709,1
0.2632,629.8666,21676803.2042,629.8666,0.7000,212.8953,209.9846,2.9107,3.5541,0.0015,1.5156,-0.5350,0.9254,0.9703,1
0.2520,594.2130,25009033.0437,594.2130,0.6950,227.0342,224.1588,2.8753,3.4974,0.0015,1.4875,-0.5272,0.9183,0.9732,1
0.2519,566.8768,26487519.9368,566.8768,0.6985,233.1085,230.2194,2.8891,3.4819,0.0015,1.4699,-0.5408,0.9243,0.9769,1
0.2718,584.3808,22878416.5390,584.3808,0.7077,219.7569,216.8774,2.8795,3.4719,0.0016,1.4594,-0.5474,0.9271,0.9778,1
0.2760,466.3611,21329692.8086,466.3611,0.7106,213.5579,210.8340,2.7239,3.3270,0.0016,1.4328,-0.5304,0.9097,0.9793,1
0.2742,585.1536,21684062.4110,585.1536,0.7090,214.7596,211.9478,2.8118,3.4118,0.0016,1.4481,-0.5398,0.9201,0.9751,1
0.2680,696.0443,23843654.7595,696.0443,0.7130,224.0737,221.2045,2.8692,3.4544,0.0016,1.4275,-0.5497,0.9272,0.9747,1
0.2630,625.1539,22504465.6590,625.1539,0.6924,217.0000,214.1118,2.8881,3.5532,0.0015,1.5330,-0.5238,0.9199,0.9674,1
0.2706,539.5530,22124187.4036,539.5530,0.6946,215.3097,212.3470,2.9627,3.6373,0.0015,1.5098,-0.5388,0.9316,0.9734,1
0.2629,591.9475,24285149.7449,591.9475,0.6894,224.9160,222.0024,2.9136,3.5388,0.0015,1.5275,-0.5327,0.9237,0.9754,1
0.2490,610.3997,26291440.7955,610.3997,0.6815,232.3816,229.5178,2.8639,3.5259,0.0015,1.5402,-0.5087,0.9100,0.9764,1
0.2638,570.8044,24330875.9692,570.8044,0.7084,225.7988,222.9854,2.8134,3.4027,0.0016,1.4320,-0.5411,0.9200,0.9783,1
0.2648,641.0357,23607700.6422,641.0357,0.6961,222.3229,219.4313,2.8915,3.5128,0.0015,1.5143,-0.5367,0.9240,0.9743,1
0.2741,652.4343,22226579.6793,652.4343,0.7005,217.5182,214.6670,2.8512,3.4787,0.0016,1.5154,-0.5262,0.9169,0.9698,1
0.2671,571.0687,22441169.8760,571.0687,0.6965,217.4628,214.6382,2.8246,3.4601,0.0015,1.4868,-0.5215,0.9131,0.9727,1
0.2512,651.8374,22144185.7419,651.8374,0.6841,213.4424,210.5258,2.9166,3.6043,0.0015,1.5559,-0.5130,0.9169,0.9643,1
0.2678,581.8051,22962502.9591,581.8051,0.6979,219.4538,216.5482,2.9056,3.5252,0.0016,1.4959,-0.5397,0.9262,0.9770,1
0.2683,622.4719,23112424.9180,622.4719,0.6995,220.6291,217.7669,2.8623,3.4733,0.0016,1.4680,-0.5374,0.9223,0.9749,1
0.2627,540.9972,22428040.5199,540.9972,0.7027,216.3054,213.4487,2.8568,3.4784,0.0016,1.4589,-0.5394,0.9234,0.9755,1
0.2639,572.9390,24512425.0859,572.9390,0.7120,227.0887,224.3203,2.7684,3.3479,0.0016,1.4152,-0.5371,0.9146,0.9766,1
0.2489,492.6488,26327561.9460,492.6488,0.7013,231.4472,228.5596,2.8876,3.5170,0.0015,1.4546,-0.5374,0.9249,0.9762,2
0.2441,555.8715,27780658.9270,555.8715,0.7070,237.3456,234.4619,2.8837,3.4683,0.0016,1.4296,-0.5454,0.9265,0.9750,2
0.2458,640.1358,27044959.7316,640.1358,0.6998,235.7494,232.9262,2.8232,3.4180,0.0015,1.4850,-0.5214,0.9103,0.9726,2
0.2462,532.0371,26454524.2447,532.0371,0.7061,231.6382,228.7399,2.8983,3.5210,0.0016,1.4506,-0.5384,0.9255,0.9746,2
0.2355,630.2239,29297862.2056,630.2239,0.7034,242.2584,239.3705,2.8879,3.4824,0.0015,1.4360,-0.5380,0.9229,0.9731,2
0.2283,623.0184,30410416.7813,623.0184,0.6875,244.5932,241.5904,3.0028,3.6241,0.0015,1.5189,-0.5347,0.9290,0.9739,2
0.2333,641.2726,28984965.8063,641.2726,0.6924,239.5110,236.4973,3.0137,3.6431,0.0015,1.5103,-0.5405,0.9327,0.9735,2
0.2324,711.2900,29562051.7998,711.2900,0.6956,242.9868,240.0764,2.9104,3.5081,0.0015,1.4918,-0.5268,0.9189,0.9718,2
0.2284,685.4215,28686381.9401,685.4215,0.6963,237.5751,234.5633,3.0118,3.6586,0.0015,1.4927,-0.5374,0.9321,0.9675,2
0.2259,732.7457,29000735.3695,732.7457,0.6881,238.2473,235.2095,3.0378,3.6849,0.0015,1.5311,-0.5334,0.9316,0.9697,2
0.2493,668.5965,26686650.0611,668.5965,0.7039,233.7617,230.8514,2.9103,3.5012,0.0016,1.4788,-0.5394,0.9249,0.9712,2
0.2437,666.6995,27367887.5922,666.6995,0.6949,234.9880,232.0038,2.9842,3.5968,0.0015,1.5070,-0.5417,0.9310,0.9712,2
0.2400,529.8822,27533646.5560,529.8822,0.6954,235.7174,232.8393,2.8781,3.4912,0.0015,1.4725,-0.5296,0.9193,0.9762,2
0.2426,705.9229,27880061.4997,705.9229,0.6910,237.7079,234.7617,2.9461,3.5694,0.0015,1.5391,-0.5282,0.9230,0.9741,2
0.2534,548.0917,26413722.4444,548.0917,0.7093,233.1510,230.3085,2.8425,3.4445,0.0016,1.4281,-0.5388,0.9217,0.9772,2
0.2527,516.2229,26442103.1375,516.2229,0.7117,233.7573,230.9822,2.7751,3.3568,0.0016,1.4053,-0.5320,0.9131,0.9759,2
0.2449,627.1779,28033638.1309,627.1779,0.7055,238.9754,236.0996,2.8757,3.4538,0.0016,1.4505,-0.5391,0.9220,0.9751,2
0.2392,832.8632,27681763.4219,832.8632,0.6987,237.0587,234.1449,2.9138,3.5351,0.0015,1.5144,-0.5198,0.9165,0.9625,2
0.2419,685.7658,28402011.7267,685.7658,0.7079,239.7920,236.8851,2.9069,3.4806,0.0016,1.4438,-0.5475,0.9275,0.9735,2
0.2341,602.0437,29704909.8718,602.0437,0.6937,243.6241,240.7116,2.9125,3.5265,0.0015,1.4973,-0.5270,0.9202,0.9708,2
0.2218,789.7574,29394900.5236,789.7574,0.6697,239.0875,236.0036,3.0840,3.7843,0.0014,1.6400,-0.5086,0.9243,0.9627,2
0.2470,642.8358,26611185.3272,642.8358,0.7015,232.5161,229.5645,2.9516,3.5621,0.0015,1.4845,-0.5443,0.9303,0.9734,2
0.2312,667.7866,29996940.2717,667.7866,0.6913,244.2386,241.2853,2.9533,3.5641,0.0015,1.5028,-0.5313,0.9241,0.9720,2
0.2409,599.8555,26088517.5088,599.8555,0.7086,231.5374,228.7855,2.7518,3.3591,0.0016,1.4255,-0.5181,0.9049,0.9700,2
0.2342,653.9005,29643352.6957,653.9005,0.6958,243.8992,241.0216,2.8776,3.4892,0.0015,1.5057,-0.5230,0.9155,0.9742,2
0.2313,714.8321,29881706.3536,714.8321,0.6937,243.3761,240.3826,2.9934,3.6066,0.0015,1.4955,-0.5383,0.9300,0.9722,2
0.2404,646.4469,28132730.0107,646.4469,0.6970,238.0439,235.0876,2.9563,3.5602,0.0015,1.4810,-0.5387,0.9280,0.9710,2
0.2427,547.5812,28173901.8447,547.5812,0.6958,238.2447,235.3130,2.9318,3.5338,0.0015,1.4697,-0.5424,0.9282,0.9739,2
0.2339,662.7593,29355692.6850,662.7593,0.6948,241.9604,238.9952,2.9652,3.5587,0.0015,1.4896,-0.5395,0.9279,0.9739,2
0.2369,735.4760,29088982.1306,735.4760,0.6990,241.6450,238.6878,2.9573,3.5437,0.0015,1.4759,-0.5425,0.9285,0.9685,2
0.2379,589.1168,28740021.6904,589.1168,0.7072,239.9242,237.0269,2.8974,3.4973,0.0016,1.4374,-0.5420,0.9261,0.9705,2
0.2335,664.9886,29442402.2412,664.9886,0.6989,241.5756,238.5598,3.0158,3.6158,0.0015,1.4743,-0.5507,0.9359,0.9748,2
0.2442,705.9789,26719668.8482,705.9789,0.7037,233.6822,230.8309,2.8513,3.4465,0.0016,1.4675,-0.5263,0.9149,0.9680,2
0.2330,707.8204,28768063.7638,707.8204,0.7031,239.0702,236.0919,2.9783,3.5912,0.0015,1.4790,-0.5420,0.9308,0.9678,2
0.2376,683.5819,28613647.8822,683.5819,0.7057,239.8570,236.9272,2.9299,3.5089,0.0016,1.4553,-0.5440,0.9278,0.9720,2
0.2411,705.2933,28319000.6216,705.2933,0.6961,239.7698,236.8861,2.8837,3.4689,0.0015,1.4817,-0.5290,0.9178,0.9731,2
0.2259,791.4647,29014605.3626,791.4647,0.6954,239.7793,236.8446,2.9347,3.5680,0.0015,1.5254,-0.5191,0.9182,0.9638,2
0.2398,593.4806,26720067.8305,593.4806,0.7020,233.9379,231.1892,2.7487,3.3676,0.0015,1.4684,-0.5042,0.8969,0.9693,2
0.2503,599.0300,27288621.7972,599.0300,0.7197,237.4449,234.6813,2.7635,3.3045,0.0016,1.3739,-0.5399,0.9138,0.9745,2
0.2404,580.4081,28427498.6341,580.4081,0.6991,239.8101,236.9450,2.8651,3.4656,0.0015,1.4650,-0.5300,0.9181,0.9747,2
0.2444,654.4495,27658028.1258,654.4495,0.7003,238.1235,235.2983,2.8253,3.4188,0.0015,1.4739,-0.5210,0.9110,0.9697,2
0.2460,715.1254,27514330.0706,715.1254,0.7083,237.3733,234.5061,2.8672,3.4491,0.0016,1.4515,-0.5364,0.9208,0.9732,2
0.2368,712.4151,28990351.9520,712.4151,0.6964,241.5428,238.6173,2.9255,3.5216,0.0015,1.4972,-0.5305,0.9218,0.9694,2
0.2250,645.3979,30431841.8433,645.3979,0.6777,244.4122,241.4578,2.9544,3.6217,0.0014,1.5767,-0.5060,0.9144,0.9704,2
0.2291,755.5152,29818878.6179,755.5152,0.6983,244.4150,241.5440,2.8710,3.4561,0.0015,1.4821,-0.5207,0.9129,0.9697,2
0.2242,794.8026,31119514.4733,794.8026,0.6937,247.6322,244.6802,2.9520,3.5516,0.0015,1.4852,-0.5303,0.9231,0.9673,2
0.2507,631.5983,26398570.1214,631.5983,0.7094,232.4848,229.5823,2.9025,3.5014,0.0016,1.4509,-0.5466,0.9283,0.9744,2
0.2312,726.9665,29329522.1338,726.9665,0.6967,241.8552,238.9083,2.9469,3.5478,0.0015,1.5021,-0.5317,0.9238,0.9734,2
0.2351,619.1607,29488354.0158,619.1607,0.6952,242.5808,239.6457,2.9350,3.5421,0.0015,1.4867,-0.5349,0.9247,0.9761,2
0.2386,746.8710,28477083.2418,746.8710,0.6919,239.6696,236.7466,2.9230,3.5440,0.0015,1.5270,-0.5205,0.9174,0.9718,2
0.2553,711.0470,25885208.8598,711.0470,0.7201,231.9739,229.1473,2.8266,3.4080,0.0016,1.4173,-0.5410,0.9201,0.9710,3
0.2394,949.4500,28163942.9279,949.4500,0.7041,239.9493,237.0623,2.8869,3.4624,0.0016,1.5103,-0.5240,0.9145,0.9658,3
0.2672,713.2436,24655066.9447,713.2436,0.7202,228.6027,225.8317,2.7709,3.3131,0.0016,1.4121,-0.5451,0.9166,0.9734,3
0.2490,952.0653,26561197.0737,952.0653,0.7093,235.0868,232.2580,2.8288,3.3938,0.0016,1.4798,-0.5230,0.9098,0.9614,3
0.2556,673.8846,26165668.6615,673.8846,0.7168,233.4428,230.6294,2.8134,3.3769,0.0016,1.4236,-0.5431,0.9195,0.9734,3
0.2572,694.4625,23981270.6828,694.4625,0.7226,224.3615,221.6164,2.7451,3.3104,0.0016,1.4055,-0.5328,0.9097,0.9684,3
0.2674,712.5607,24926629.3518,712.5607,0.7237,230.2549,227.5253,2.7296,3.2548,0.0017,1.3920,-0.5443,0.9123,0.9719,3
0.2546,629.5169,26412908.6138,629.5169,0.7106,234.3286,231.5296,2.7990,3.3769,0.0016,1.4379,-0.5333,0.9142,0.9736,3
0.2590,756.3527,24481301.7042,756.3527,0.7306,228.7720,226.1545,2.6176,3.1571,0.0017,1.3479,-0.5175,0.8897,0.9628,3
0.2565,653.3248,26358895.3216,653.3248,0.7272,235.3383,232.6351,2.7032,3.2265,0.0017,1.3473,-0.5430,0.9097,0.9740,3
0.2729,703.2527,23706243.2156,703.2527,0.7271,225.3026,222.5891,2.7135,3.2544,0.0017,1.3915,-0.5388,0.9093,0.9701,3
0.2492,713.4411,26846491.0118,713.4411,0.7124,235.3806,232.5838,2.7968,3.3755,0.0016,1.4333,-0.5284,0.9116,0.9670,3
0.2547,639.0634,26213647.0665,639.0634,0.7104,233.2438,230.4155,2.8283,3.3983,0.0016,1.4466,-0.5391,0.9187,0.9733,3
0.2501,717.3691,27339060.4840,717.3691,0.7098,237.8813,235.0775,2.8037,3.3672,0.0016,1.4514,-0.5319,0.9131,0.9710,3
0.2715,388.0773,24505683.3063,388.0773,0.7313,228.3010,225.6766,2.6244,3.1783,0.0017,1.3140,-0.5388,0.9050,0.9820,3
0.2688,505.7326,24553864.0283,505.7326,0.7174,227.9583,225.2458,2.7125,3.2785,0.0016,1.3938,-0.5362,0.9104,0.9774,3
0.2546,761.1147,25453164.9363,761.1147,0.7034,230.5587,227.7588,2.7999,3.4105,0.0016,1.4802,-0.5124,0.9046,0.9673,3
0.2622,661.5567,25138159.5801,661.5567,0.7072,229.7365,226.9418,2.7946,3.3784,0.0016,1.4510,-0.5293,0.9121,0.9735,3
0.2644,856.2959,24383591.3488,856.2959,0.7170,226.9757,224.1521,2.8236,3.4020,0.0016,1.4427,-0.5362,0.9173,0.9663,3
0.2552,748.7460,25941214.1227,748.7460,0.7068,232.3714,229.5451,2.8263,3.4090,0.0016,1.4484,-0.5300,0.9146,0.9664,3
0.2592,759.4590,25391337.9141,759.4590,0.7114,230.7285,227.9138,2.8147,3.3975,0.0016,1.4620,-0.5310,0.9143,0.9696,3
0.2557,633.1763,25090138.5693,633.1763,0.6966,227.6403,224.7266,2.9137,3.5408,0.0015,1.5051,-0.5338,0.9241,0.9760,3
0.2543,631.0830,25064750.5357,631.0830,0.7084,227.8051,224.9809,2.8243,3.4154,0.0016,1.4504,-0.5344,0.9173,0.9717,3
0.2569,777.8013,25236887.9916,777.8013,0.6991,229.4016,226.5548,2.8468,3.4520,0.0015,1.5076,-0.5205,0.9120,0.9702,3
0.2485,672.9439,26307757.2735,672.9439,0.6992,232.8620,230.0327,2.8294,3.4404,0.0015,1.4905,-0.5197,0.9107,0.9717,3
0.2710,649.3733,23154059.2232,649.3733,0.7277,222.3472,219.6446,2.7026,3.2438,0.0017,1.3782,-0.5386,0.9088,0.9691,3
0.2518,707.8354,26873298.6307,707.8354,0.7104,236.5033,233.7161,2.7872,3.3522,0.0016,1.4432,-0.5300,0.9108,0.9736,3
0.2672,647.8789,24056809.0295,647.8789,0.7191,226.0657,223.3490,2.7167,3.2761,0.0016,1.4178,-0.5304,0.9061,0.9735,3
0.2644,661.6999,24238035.1464,661.6999,0.7166,225.5670,222.7266,2.8404,3.4081,0.0016,1.4243,-0.5485,0.9242,0.9732,3
0.2581,719.7743,26155412.3437,719.7743,0.7226,234.6824,231.9430,2.7394,3.2674,0.0016,1.3941,-0.5406,0.9113,0.9727,3
0.2530,719.5506,26470735.9194,719.5506,0.7003,234.1150,231.2533,2.8617,3.4538,0.0016,1.4921,-0.5273,0.9157,0.9698,3
0.2643,669.3312,24849072.6274,669.3312,0.7133,228.6158,225.8043,2.8115,3.3835,0.0016,1.4339,-0.5396,0.9180,0.9739,3
0.2531,747.3787,26239284.7454,747.3787,0.7112,232.8797,229.9991,2.8806,3.4613,0.0016,1.4407,-0.5416,0.9235,0.9667,3
0.2538,660.5028,26251254.5832,660.5028,0.7011,232.6482,229.7722,2.8759,3.4930,0.0016,1.4908,-0.5276,0.9182,0.9712,3
0.2498,698.1708,25038279.5343,698.1708,0.7073,226.4672,223.5348,2.9324,3.5536,0.0016,1.4730,-0.5402,0.9280,0.9663,3
0.2672,617.9061,24698332.2329,617.9061,0.7094,228.5115,225.7439,2.7676,3.3617,0.0016,1.4526,-0.5252,0.9096,0.9729,3
0.2619,712.1309,24719999.9923,712.1309,0.6965,227.5998,224.7422,2.8576,3.4812,0.0015,1.5296,-0.5182,0.9124,0.9701,3
0.2631,751.1967,25156847.4274,751.1967,0.7032,230.8194,228.0564,2.7630,3.3655,0.0016,1.4872,-0.5099,0.9002,0.9694,3
0.2687,676.1775,24208403.4595,676.1775,0.7154,226.7201,223.9831,2.7370,3.3296,0.0016,1.4325,-0.5242,0.9061,0.9701,3
0.2576,670.2003,24685113.8842,670.2003,0.7066,226.2059,223.3206,2.8853,3.4994,0.0016,1.4718,-0.5417,0.9257,0.9753,3
0.2473,631.8241,26540731.8707,631.8241,0.6925,232.4775,229.5356,2.9420,3.5583,0.0015,1.4901,-0.5358,0.9265,0.9722,3
0.2548,626.2919,23537170.8509,626.2919,0.7170,221.4238,218.6423,2.7816,3.3891,0.0016,1.4116,-0.5313,0.9140,0.9718,3
0.2584,728.1244,25113662.2785,728.1244,0.7010,229.0067,226.1497,2.8570,3.4533,0.0016,1.5058,-0.5283,0.9162,0.9703,3
0.2584,781.8874,25129800.2597,781.8874,0.7055,229.1504,226.3094,2.8410,3.4291,0.0016,1.4948,-0.5260,0.9135,0.9681,3
0.2627,607.7108,24367881.5036,607.7108,0.7040,225.5988,222.7523,2.8465,3.4878,0.0016,1.4702,-0.5268,0.9175,0.9699,3
0.2528,625.6021,26867887.5913,625.6021,0.7080,236.2924,233.5180,2.7744,3.3539,0.0016,1.4255,-0.5260,0.9087,0.9710,3
0.2667,632.5656,22919971.7621,632.5656,0.7138,220.4624,217.6984,2.7640,3.3578,0.0016,1.4485,-0.5289,0.9106,0.9702,3
0.2500,610.9268,26887018.2119,610.9268,0.6998,234.7689,231.9080,2.8609,3.4719,0.0015,1.4835,-0.5302,0.9186,0.9756,3
0.2677,701.3178,23371026.2961,701.3178,0.7094,221.9762,219.1112,2.8650,3.4751,0.0016,1.4899,-0.5353,0.9214,0.9728,3
0.2607,616.7695,24808060.5996,616.7695,0.7065,227.7175,224.8978,2.8198,3.4330,0.0016,1.4760,-0.5269,0.9143,0.9733,3
0.2201,798.3770,29370996.7385,798.3770,0.6705,238.5751,235.5149,3.0603,3.7618,0.0014,1.5975,-0.5106,0.9243,0.9641,4
0.2148,764.1992,31595005.4774,764.1992,0.6766,246.6089,243.5728,3.0361,3.6935,0.0014,1.5770,-0.5150,0.9229,0.9628,4
0.2403,579.8602,27660710.7698,579.8602,0.6973,237.5226,234.7384,2.7842,3.3974,0.0015,1.4677,-0.5079,0.9011,0.9716,4
0.2237,819.7308,30140771.1383,819.7308,0.6789,243.3565,240.3525,3.0040,3.6510,0.0014,1.5704,-0.5125,0.9194,0.9627,4
0.2309,638.8252,29510590.3637,638.8252,0.7005,243.0276,240.1873,2.8403,3.4433,0.0015,1.4547,-0.5208,0.9117,0.9718,4
0.2318,694.3723,29971389.2957,694.3723,0.6902,244.2793,241.3368,2.9425,3.5715,0.0015,1.5280,-0.5215,0.9195,0.9706,4
0.2189,811.3908,29388822.5757,811.3908,0.6811,239.1177,236.1054,3.0123,3.6742,0.0014,1.5732,-0.5148,0.9218,0.9634,4
0.2273,806.1169,27812948.5410,806.1169,0.6866,235.9485,233.0502,2.8983,3.5528,0.0015,1.5512,-0.4994,0.9060,0.9574,4
0.2261,882.8674,28681026.9806,882.8674,0.6960,240.5233,237.6908,2.8325,3.4585,0.0015,1.4974,-0.4977,0.8993,0.9567,4
0.2157,794.6495,32611161.8271,794.6495,0.6793,251.1269,248.1222,3.0046,3.6533,0.0014,1.5753,-0.5129,0.9196,0.9650,4
0.2469,571.9295,27132207.7071,571.9295,0.7144,236.7067,233.9807,2.7260,3.3184,0.0016,1.4310,-0.5168,0.9017,0.9730,4
0.2260,580.3291,30645333.6324,580.3291,0.6670,244.5282,241.5107,3.0175,3.7070,0.0014,1.5854,-0.5114,0.9218,0.9736,4
0.2317,622.6840,27622288.3081,622.6840,0.6696,234.1359,231.1618,2.9741,3.6690,0.0014,1.6010,-0.5044,0.9160,0.9698,4
0.2284,736.8618,29427003.4694,736.8618,0.6636,240.9426,237.8998,3.0428,3.7341,0.0014,1.6370,-0.5052,0.9200,0.9693,4
0.2238,725.0295,28757866.8685,725.0295,0.6612,237.9341,234.9552,2.9790,3.7084,0.0014,1.6398,-0.4845,0.9066,0.9629,4
0.2286,768.8187,29401253.5490,768.8187,0.6698,240.5348,237.4736,3.0612,3.7679,0.0014,1.6247,-0.5082,0.9237,0.9648,4
0.2224,706.3483,29954346.5504,706.3483,0.6622,240.8900,237.8007,3.0893,3.8094,0.0014,1.6335,-0.5085,0.9256,0.9685,4
0.2338,617.9260,28883437.2117,617.9260,0.6688,238.5276,235.4542,3.0734,3.7495,0.0014,1.5902,-0.5278,0.9322,0.9752,4
0.2159,791.3306,30026255.8743,791.3306,0.6550,240.8293,237.7753,3.0540,3.7828,0.0013,1.6679,-0.4860,0.9122,0.9608,4
0.2177,706.1928,30082505.9856,706.1928,0.6531,240.6557,237.5716,3.0841,3.8137,0.0013,1.6684,-0.4930,0.9177,0.9663,4
0.2559,441.5434,25710666.0805,441.5434,0.6887,230.2322,227.3894,2.8427,3.4891,0.0015,1.4918,-0.5193,0.9143,0.9777,4
0.2244,710.9967,31043040.2888,710.9967,0.6775,246.2787,243.2648,3.0139,3.6706,0.0014,1.5622,-0.5180,0.9233,0.9723,4
0.2267,656.4554,30548448.4205,656.4554,0.6768,244.5364,241.5124,3.0240,3.6755,0.0014,1.5530,-0.5250,0.9271,0.9755,4
0.2307,711.2003,29278690.3164,711.2003,0.6553,240.4763,237.4316,3.0446,3.7497,0.0014,1.6635,-0.5002,0.9181,0.9718,4
0.2165,815.4229,31607180.1328,815.4229,0.6495,246.8495,243.7463,3.1032,3.8134,0.0013,1.6929,-0.4946,0.9184,0.9664,4
0.2172,761.4685,31515036.3781,761.4685,0.6792,249.9629,247.1356,2.8273,3.4745,0.0014,1.5601,-0.4807,0.8891,0.9633,4
0.2191,804.1214,32504099.2001,804.1214,0.6952,251.8068,248.8405,2.9662,3.5581,0.0015,1.4920,-0.5305,0.9236,0.9683,4
0.2164,812.5686,32634295.0367,812.5686,0.6823,251.6355,248.6397,2.9958,3.6345,0.0014,1.5672,-0.5139,0.9190,0.9660,4
0.2176,834.1224,29851516.8290,834.1224,0.6898,241.8245,238.8700,2.9545,3.6050,0.0015,1.5450,-0.5094,0.9149,0.9599,4
0.2345,704.9019,28891579.3865,704.9019,0.7112,241.8725,239.0387,2.8337,3.4154,0.0016,1.4441,-0.5274,0.9135,0.9695,4
0.2193,766.9380,31573881.8746,766.9380,0.6931,248.8873,245.9915,2.8957,3.5113,0.0015,1.4936,-0.5133,0.9117,0.9660,4
0.2429,457.0887,29075375.5672,457.0887,0.7141,243.1435,240.3752,2.7683,3.3290,0.0016,1.3764,-0.5408,0.9154,0.9791,4
0.2276,755.4925,30299440.4632,755.4925,0.6898,244.8031,241.8487,2.9543,3.5741,0.0015,1.5333,-0.5208,0.9193,0.9687,4
0.2251,745.1995,30558067.4596,745.1995,0.6959,245.6066,242.6932,2.9134,3.5249,0.0015,1.5064,-0.5227,0.9175,0.9670,4
0.2405,705.6124,28522883.5266,705.6124,0.7049,240.8300,237.9890,2.8410,3.4350,0.0016,1.4605,-0.5264,0.9140,0.9702,4
0.2284,718.0956,30394943.2899,718.0956,0.6989,245.0328,242.0594,2.9734,3.5675,0.0015,1.4928,-0.5395,0.9284,0.9721,4
0.2300,560.9485,30464569.0000,560.9485,0.6950,245.8412,242.9309,2.9103,3.5268,0.0015,1.4925,-0.5294,0.9214,0.9743,4
0.2365,621.6638,28862157.3918,621.6638,0.7035,240.3848,237.4799,2.9049,3.5125,0.0015,1.4680,-0.5333,0.9226,0.9719,4
0.2209,597.4783,32254579.1621,597.4783,0.6755,250.0189,247.0107,3.0082,3.6789,0.0014,1.5748,-0.5140,0.9218,0.9738,4
0.2248,1052.7943,30046965.1024,1052.7943,0.6999,245.2737,242.3780,2.8958,3.4850,0.0015,1.5071,-0.5124,0.9093,0.9567,4
0.2282,631.2368,29336390.6359,631.2368,0.7062,241.4441,238.5847,2.8594,3.4825,0.0015,1.4641,-0.5209,0.9142,0.9699,4
0.2234,719.3747,31664600.6913,719.3747,0.7043,249.3743,246.4306,2.9437,3.5295,0.0015,1.4653,-0.5394,0.9263,0.9715,4
0.2222,794.5487,30531381.0252,794.5487,0.7063,245.1906,242.2747,2.9159,3.5014,0.0015,1.4579,-0.5311,0.9208,0.9646,4
0.2333,724.3456,29573584.7875,724.3456,0.6916,244.3728,241.5301,2.8427,3.4594,0.0015,1.5355,-0.5053,0.9039,0.9681,4
0.2347,598.1467,27693580.4261,598.1467,0.7092,235.6901,232.8250,2.8651,3.4648,0.0016,1.4330,-0.5365,0.9215,0.9730,4
0.2307,525.1616,31244242.9625,525.1616,0.7062,249.2457,246.3954,2.8503,3.4202,0.0016,1.4098,-0.5375,0.9198,0.9759,4
0.2371,692.4922,28895864.3456,692.4922,0.7079,241.5229,238.6472,2.8757,3.4515,0.0016,1.4579,-0.5334,0.9190,0.9708,4
0.2252,777.2636,31057016.0874,777.2636,0.6904,247.7679,244.8567,2.9112,3.5300,0.0015,1.5270,-0.5131,0.9128,0.9687,4
0.2168,789.0432,32661265.5122,789.0432,0.6856,250.9996,247.9566,3.0430,3.6599,0.0015,1.5648,-0.5322,0.9296,0.9708,4
0.2301,596.1584,31195399.5465,596.1584,0.7078,248.9926,246.1092,2.8833,3.4445,0.0016,1.4185,-0.5446,0.9245,0.9761,4
0.2054,792.0211,32600799.0000,792.0211,0.6650,246.6859,243.5136,3.1723,3.8644,0.0014,1.6112,-0.5206,0.9343,0.9676,5
0.2027,757.3198,35505314.0279,757.3198,0.6766,258.5293,255.4887,3.0405,3.6787,0.0014,1.5757,-0.5167,0.9231,0.9703,5
0.2093,820.6597,33743166.8854,820.6597,0.6866,254.7328,251.7735,2.9593,3.5837,0.0015,1.5308,-0.5128,0.9156,0.9671,5
0.1955,808.4699,37039594.7698,808.4699,0.6573,260.5481,257.3907,3.1574,3.8520,0.0013,1.6601,-0.5042,0.9255,0.9647,5
0.2018,768.7717,36029955.9608,768.7717,0.6847,259.2913,256.2241,3.0672,3.6884,0.0015,1.5421,-0.5273,0.9292,0.9699,5
0.2058,762.2617,34274945.8897,762.2617,0.6527,253.6068,250.4757,3.1311,3.8622,0.0013,1.6881,-0.4945,0.9210,0.9626,5
0.2146,659.6019,32800665.2120,659.6019,0.6579,250.2584,247.1793,3.0791,3.8036,0.0014,1.6494,-0.4988,0.9203,0.9666,5
0.2200,698.0994,31470208.2564,698.0994,0.6711,246.4560,243.3748,3.0811,3.7712,0.0014,1.6136,-0.5179,0.9286,0.9706,5
0.2139,615.1784,32787664.9830,615.1784,0.6389,249.6234,246.5315,3.0919,3.8609,0.0013,1.7109,-0.4815,0.9139,0.9697,5
0.2182,686.8058,31284424.2356,686.8058,0.6768,245.9277,242.8994,3.0283,3.7014,0.0014,1.5565,-0.5178,0.9250,0.9673,5
0.2073,759.2542,33951053.7563,759.2542,0.6582,253.2823,250.1869,3.0954,3.8046,0.0013,1.6652,-0.4997,0.9208,0.9690,5
0.2255,440.8322,31815914.8993,440.8322,0.6747,249.7299,246.8277,2.9022,3.5914,0.0014,1.5405,-0.5017,0.9104,0.9782,5
0.2154,627.1185,33219110.6596,627.1185,0.6571,251.2669,248.1671,3.0998,3.8093,0.0014,1.6417,-0.5072,0.9252,0.9719,5
0.2108,721.1314,33258313.7679,721.1314,0.6595,251.5332,248.4762,3.0570,3.7684,0.0014,1.6483,-0.4965,0.9171,0.9662,5
0.2092,859.7412,33084828.3228,859.7412,0.6423,250.5973,247.4815,3.1159,3.8740,0.0013,1.7333,-0.4774,0.9121,0.9617,5
0.2151,680.6417,32175836.5130,680.6417,0.6562,247.0433,243.8845,3.1588,3.8903,0.0014,1.6823,-0.5094,0.9302,0.9701,5
0.2032,654.9742,35505905.7917,654.9742,0.6501,256.1039,252.9419,3.1620,3.9137,0.0013,1.6919,-0.4991,0.9263,0.9704,5
0.2134,644.7013,31798725.6053,644.7013,0.6701,246.2038,243.1662,3.0376,3.7408,0.0014,1.5788,-0.5090,0.9224,0.9725,5
0.2063,664.1617,33435348.7808,664.1617,0.6557,249.4795,246.2909,3.1886,3.9157,0.0013,1.6623,-0.5139,0.9339,0.9717,5
0.2141,770.8332,32642707.7053,770.8332,0.6730,249.8985,246.8002,3.0983,3.7810,0.0014,1.5919,-0.5193,0.9296,0.9682,5
0.2081,618.4034,33493805.7995,618.4034,0.6620,250.0102,246.8512,3.1590,3.8660,0.0014,1.6170,-0.5231,0.9359,0.9744,5
0.2093,823.5492,32558848.8609,823.5492,0.6543,248.5384,245.4158,3.1226,3.8379,0.0013,1.6800,-0.4979,0.9215,0.9657,5
0.2132,696.0816,31631585.6591,696.0816,0.6708,246.4657,243.4467,3.0190,3.7126,0.0014,1.5900,-0.5068,0.9199,0.9690,5
0.2029,797.8562,34252748.5183,797.8562,0.6514,251.9707,248.7454,3.2254,3.9422,0.0013,1.6935,-0.5137,0.9346,0.9716,5
0.2009,765.0070,34977383.5224,765.0070,0.6597,253.7374,250.5397,3.1977,3.9023,0.0014,1.6358,-0.5175,0.9344,0.9678,5
0.2041,624.0547,34598629.8386,624.0547,0.6387,252.2683,249.0197,3.2485,4.0196,0.0013,1.7119,-0.5057,0.9344,0.9727,5
0.2124,712.6335,32197584.3035,712.6335,0.6478,247.6627,244.5598,3.1029,3.8289,0.0013,1.6921,-0.4921,0.9178,0.9692,5
0.2519,456.8717,25942904.0864,456.8717,0.6900,229.9730,227.0415,2.9315,3.6045,0.0015,1.5172,-0.5276,0.9255,0.9799,5
0.2069,720.8026,33442099.0097,720.8026,0.6567,250.1166,246.9342,3.1824,3.8963,0.0013,1.6653,-0.5129,0.9320,0.9713,5
0.2137,689.7331,32773106.2608,689.7331,0.6527,250.0037,246.9007,3.1030,3.8095,0.0013,1.6718,-0.5024,0.9228,0.9710,5
0.2343,418.9958,28362099.9053,418.9958,0.6887,236.2690,233.2586,3.0104,3.6726,0.0015,1.5061,-0.5379,0.9335,0.9819,5
0.2032,716.6052,34654118.9819,716.6052,0.6530,253.4068,250.2092,3.1977,3.9143,0.0013,1.6728,-0.5102,0.9315,0.9701,5
0.2006,851.3829,34924111.3817,851.3829,0.6234,253.8608,250.6277,3.2332,4.0163,0.0012,1.7917,-0.4750,0.9181,0.9623,5
0.2116,663.7618,32171161.4846,663.7618,0.6578,247.3534,244.2835,3.0699,3.7780,0.0014,1.6510,-0.5033,0.9215,0.9746,5
0.2019,696.8321,35326838.2505,696.8321,0.6336,255.8439,252.6549,3.1890,3.9507,0.0013,1.7639,-0.4880,0.9220,0.9695,5
0.1959,728.2834,37339125.2852,728.2834,0.6610,261.1515,258.0004,3.1511,3.8404,0.0014,1.6109,-0.5133,0.9298,0.9683,5
0.2418,520.5648,28217269.3762,520.5648,0.6816,238.5129,235.5993,2.9136,3.5651,0.0015,1.5496,-0.5131,0.9154,0.9738,5
0.2224,658.5579,30721138.6816,658.5579,0.6717,243.6077,240.5028,3.1049,3.7956,0.0014,1.5947,-0.5213,0.9314,0.9692,5
0.2023,697.4258,34832894.9809,697.4258,0.6500,254.5989,251.4915,3.1074,3.8206,0.0013,1.6628,-0.4960,0.9196,0.9697,5
0.2258,568.6011,30795409.8888,568.6011,0.6765,245.6880,242.7121,2.9759,3.6353,0.0014,1.5658,-0.5149,0.9203,0.9739,5
0.2432,547.0611,27631793.2969,547.0611,0.6913,237.1018,234.2725,2.8293,3.4541,0.0015,1.5060,-0.5126,0.9085,0.9743,5
0.2246,575.0877,31473121.4684,575.0877,0.6709,247.1679,244.1331,3.0348,3.7141,0.0014,1.5905,-0.5141,0.9243,0.9734,5
0.2194,551.5167,32622352.6542,551.5167,0.6705,250.6691,247.6451,3.0239,3.6946,0.0014,1.5860,-0.5121,0.9221,0.9746,5
0.2148,606.5629,30550583.3333,606.5629,0.6437,240.3536,237.1891,3.1646,3.9621,0.0013,1.6759,-0.4974,0.9274,0.9692,5
0.2177,682.8378,30264095.0080,682.8378,0.6568,240.8041,237.6735,3.1306,3.8637,0.0014,1.6729,-0.5063,0.9272,0.9708,5
0.2205,545.7098,29280218.7331,545.7098,0.6643,237.3549,234.3067,3.0482,3.7769,0.0014,1.5909,-0.5090,0.9243,0.9720,5
0.2049,741.6187,33343529.7324,741.6187,0.6615,250.8537,247.8057,3.0480,3.7495,0.0014,1.6271,-0.4974,0.9166,0.9653,5
0.2114,737.5005,32755223.0973,737.5005,0.6843,250.8911,247.9147,2.9765,3.6376,0.0014,1.5416,-0.5111,0.9178,0.9681,5
0.2302,582.6836,30660290.2288,582.6836,0.6944,246.7143,243.8227,2.8916,3.5237,0.0015,1.5016,-0.5164,0.9145,0.9736,5
0.2005,669.4404,35661923.1149,669.4404,0.6415,256.6766,253.5350,3.1416,3.8801,0.0013,1.7143,-0.4898,0.9197,0.9712,5
0.2747,634.6777,19423265.7506,634.6777,0.6553,201.8173,198.7060,3.1113,3.9382,0.0014,1.7394,-0.5001,0.9276,0.9673,6
0.2865,636.3796,20409640.3148,636.3796,0.7061,210.2503,207.5048,2.7456,3.4011,0.0016,1.4979,-0.5119,0.9037,0.9664,6
0.2868,720.3329,20792999.0328,720.3329,0.7077,212.4444,209.6840,2.7604,3.3934,0.0016,1.4917,-0.5180,0.9070,0.9659,6
0.2813,670.3418,21099385.5248,670.3418,0.6953,213.0650,210.2809,2.7841,3.4593,0.0016,1.5365,-0.5018,0.9015,0.9672,6
0.2891,706.7851,19775801.7510,706.7851,0.7010,207.2411,204.4610,2.7801,3.4321,0.0016,1.5405,-0.5123,0.9060,0.9669,6
0.2812,662.5850,20881227.4496,662.5850,0.6934,211.8484,209.0477,2.8007,3.4731,0.0015,1.5529,-0.5078,0.9059,0.9663,6
0.2890,713.6977,20883656.8167,713.6977,0.7067,213.5668,210.8651,2.7017,3.3226,0.0016,1.4949,-0.5090,0.8966,0.9674,6
0.2998,572.6298,20512710.8970,572.6298,0.7140,212.7789,210.1588,2.6201,3.2249,0.0016,1.4237,-0.5169,0.8945,0.9741,6
0.2980,724.1429,20121371.9173,724.1429,0.7111,210.9085,208.2769,2.6316,3.2476,0.0016,1.4873,-0.5004,0.8855,0.9667,6
0.2907,843.7594,20583800.2394,843.7594,0.7089,212.2229,209.4784,2.7445,3.3567,0.0016,1.5171,-0.5145,0.9022,0.9677,6
0.2866,770.0624,21151167.0006,770.0624,0.7114,214.5286,211.8023,2.7263,3.3097,0.0016,1.4679,-0.5221,0.9035,0.9704,6
0.2729,734.6923,21793956.0805,734.6923,0.7033,215.8641,213.0681,2.7960,3.4401,0.0016,1.5227,-0.5145,0.9078,0.9644,6
0.2750,751.0731,21956307.4767,751.0731,0.6969,216.5601,213.7482,2.8118,3.4454,0.0016,1.5347,-0.5157,0.9087,0.9682,6
0.2953,632.9807,20977479.8866,632.9807,0.7197,214.6860,212.0424,2.6436,3.2061,0.0017,1.4182,-0.5284,0.9000,0.9729,6
0.2879,571.1262,20351285.6753,571.1262,0.7189,210.6594,208.0175,2.6419,3.2476,0.0016,1.4051,-0.5222,0.8993,0.9700,6
0.2822,699.0585,21639489.8872,699.0585,0.7085,215.9431,213.1689,2.7741,3.3890,0.0016,1.4866,-0.5231,0.9094,0.9680,6
0.2663,1013.0054,21027612.7732,1013.0054,0.6905,211.4878,208.6216,2.8661,3.5329,0.0015,1.5984,-0.4986,0.9043,0.9507,6
0.2833,791.4649,21021094.4362,791.4649,0.7046,213.2669,210.5043,2.7626,3.3905,0.0016,1.5130,-0.5144,0.9044,0.9662,6
0.2747,752.9012,22173221.5699,752.9012,0.6940,218.0360,215.2530,2.7831,3.4367,0.0015,1.5453,-0.5041,0.9015,0.9622,6
0.2789,809.8890,21434921.4959,809.8890,0.6947,214.6270,211.7747,2.8523,3.4702,0.0016,1.5647,-0.5207,0.9132,0.9664,6
0.2831,798.8628,21501549.8864,798.8628,0.7062,215.8801,213.1378,2.7424,3.3649,0.0016,1.5064,-0.5093,0.8998,0.9668,6
0.2795,787.2443,20622268.8837,787.2443,0.7091,210.9034,208.1507,2.7527,3.3772,0.0016,1.4828,-0.5183,0.9059,0.9657,6
0.2851,641.5847,21498775.3975,641.5847,0.7044,215.1482,212.3310,2.8172,3.4406,0.0016,1.5139,-0.5300,0.9163,0.9731,6
0.2776,657.7003,22415749.6211,657.7003,0.7026,219.2331,216.4731,2.7600,3.3786,0.0016,1.4940,-0.5169,0.9052,0.9728,6
0.2827,762.5764,21611889.9697,762.5764,0.7038,216.2327,213.4898,2.7429,3.3644,0.0016,1.5196,-0.5120,0.9013,0.9673,6
0.2808,632.2046,22411862.7913,632.2046,0.7032,219.5961,216.8554,2.7406,3.3634,0.0016,1.4900,-0.5150,0.9030,0.9708,6
0.2760,675.9013,22473813.4837,675.9013,0.7041,219.2137,216.4239,2.7898,3.4052,0.0016,1.4962,-0.5250,0.9116,0.9731,6
0.2910,579.5905,21676891.2365,579.5905,0.7072,217.1130,214.3983,2.7147,3.3184,0.0016,1.4638,-0.5278,0.9075,0.9775,6
0.2727,777.2452,21934668.8820,777.2452,0.6900,215.6694,212.7702,2.8991,3.5758,0.0015,1.5677,-0.5143,0.9160,0.9676,6
0.2890,711.6900,20143172.0800,711.6900,0.7073,209.3808,206.6301,2.7507,3.3835,0.0016,1.5145,-0.5184,0.9063,0.9688,6
0.2765,660.7696,22698586.8341,660.7696,0.7042,220.1843,217.3728,2.8116,3.4382,0.0016,1.4954,-0.5254,0.9137,0.9706,6
0.2727,888.3737,23114997.0133,888.3737,0.7025,222.5450,219.7715,2.7735,3.4007,0.0016,1.5220,-0.5082,0.9015,0.9637,6
0.2933,562.7040,20203739.4441,562.7040,0.7200,210.7400,208.1636,2.5764,3.1858,0.0017,1.3928,-0.5069,0.8857,0.9701,6
0.2906,711.8742,20545313.1034,711.8742,0.7083,211.4569,208.6841,2.7729,3.4033,0.0016,1.4954,-0.5249,0.9113,0.9688,6
0.2823,629.9688,18883728.6080,629.9688,0.7091,202.6771,200.0180,2.6592,3.3019,0.0016,1.4863,-0.5028,0.8912,0.9659,6
0.2903,664.3172,19970056.0274,664.3172,0.7104,208.5367,205.8021,2.7346,3.3518,0.0016,1.4725,-0.5237,0.9073,0.9688,6
0.2912,724.4848,20923342.8367,724.4848,0.7132,213.7308,211.0147,2.7161,3.3126,0.0016,1.4600,-0.5284,0.9074,0.9710,6
0.2818,681.4974,21462388.1026,681.4974,0.6977,214.7304,211.9115,2.8189,3.4647,0.0016,1.5234,-0.5194,0.9121,0.9726,6
0.2895,668.1860,19876843.2153,668.1860,0.7087,208.0226,205.3013,2.7214,3.3676,0.0016,1.4694,-0.5132,0.9023,0.9655,6
0.2880,828.4332,20154710.5150,828.4332,0.6974,209.3597,206.5342,2.8255,3.4913,0.0016,1.5841,-0.5052,0.9056,0.9618,6
0.2922,726.0777,20382260.7738,726.0777,0.6914,210.7903,207.9755,2.8149,3.4806,0.0016,1.5954,-0.5035,0.9039,0.9652,6
0.2876,763.1611,21572390.3140,763.1611,0.7115,216.8136,214.0987,2.7149,3.3054,0.0016,1.4744,-0.5216,0.9029,0.9714,6
0.2885,679.1592,19993553.3217,679.1592,0.7070,208.2660,205.4894,2.7766,3.4168,0.0016,1.4931,-0.5225,0.9108,0.9669,6
0.2958,727.1447,20301661.8212,727.1447,0.7100,210.9783,208.2506,2.7277,3.3359,0.0016,1.4831,-0.5207,0.9046,0.9686,6
0.2782,760.9706,22121565.5716,760.9706,0.7042,218.1759,215.3843,2.7917,3.4139,0.0016,1.5086,-0.5192,0.9087,0.9674,6
0.2831,783.4507,21406707.1520,783.4507,0.7065,214.9285,212.1037,2.8247,3.4340,0.0016,1.4912,-0.5327,0.9174,0.9700,6
0.2764,689.3806,22207260.8045,689.3806,0.6991,217.6469,214.7795,2.8673,3.4840,0.0016,1.5218,-0.5318,0.9199,0.9715,6
0.2808,596.0324,22072830.8571,596.0324,0.7035,217.3022,214.4688,2.8334,3.4480,0.0016,1.4858,-0.5363,0.9201,0.9770,6
0.2873,583.6841,21738667.1350,583.6841,0.7135,216.6574,213.8987,2.7587,3.3590,0.0016,1.4289,-0.5403,0.9168,0.9754,6
0.2843,727.3077,21273525.0538,727.3077,0.7015,214.1383,211.3127,2.8256,3.4544,0.0016,1.5265,-0.5239,0.9139,0.9711,6
0.2776,682.4155,21463016.6089,682.4155,0.6879,214.7374,211.9667,2.7708,3.4507,0.0015,1.5642,-0.4915,0.8944,0.9690,7
0.2653,630.9323,24287755.5139,630.9323,0.6948,225.8689,223.0545,2.8144,3.4582,0.0015,1.5052,-0.5186,0.9112,0.9762,7
0.2613,755.7150,22713720.8816,755.7150,0.7056,219.1913,216.4237,2.7676,3.3825,0.0016,1.4838,-0.5131,0.9031,0.9651,7
0.2632,637.3299,23893594.7522,637.3299,0.6860,223.3954,220.5516,2.8438,3.5332,0.0015,1.5672,-0.5002,0.9053,0.9676,7
0.2576,780.0722,24989829.4049,780.0722,0.6901,228.1400,225.2509,2.8890,3.5201,0.0015,1.5448,-0.5160,0.9135,0.9659,7
0.2762,615.0943,22391541.9625,615.0943,0.6945,218.3432,215.4975,2.8457,3.5210,0.0015,1.5688,-0.5098,0.9101,0.9684,7
0.2734,531.7902,23445170.2082,531.7902,0.7025,222.9790,220.1925,2.7866,3.3983,0.0016,1.4638,-0.5289,0.9132,0.9787,7
0.2641,623.9791,22275889.2058,623.9791,0.6942,216.4231,213.6413,2.7818,3.4783,0.0015,1.5198,-0.5007,0.9022,0.9682,7
0.2695,620.5656,23784323.6800,620.5656,0.7026,224.2827,221.4665,2.8162,3.4154,0.0016,1.4699,-0.5337,0.9169,0.9765,7
0.2672,670.6803,24703397.5807,670.6803,0.7127,229.0440,226.3139,2.7301,3.2967,0.0016,1.4255,-0.5281,0.9061,0.9706,7
0.2681,670.4801,23726182.8537,670.4801,0.6934,223.5759,220.7131,2.8629,3.5125,0.0015,1.5205,-0.5208,0.9157,0.9723,7
0.2676,592.8399,24084840.1003,592.8399,0.7048,225.1196,222.2702,2.8494,3.4409,0.0016,1.4574,-0.5417,0.9224,0.9766,7
0.2695,650.2178,22496212.0093,650.2178,0.7061,218.1644,215.3505,2.8140,3.4424,0.0016,1.4548,-0.5289,0.9161,0.9678,7
0.2575,787.8199,24987587.7883,787.8199,0.6909,227.8913,224.9903,2.9010,3.5347,0.0015,1.5338,-0.5191,0.9161,0.9673,7
0.2884,646.4870,21105456.6777,646.4870,0.7126,214.2532,211.5481,2.7051,3.3145,0.0016,1.4490,-0.5204,0.9033,0.9683,7
0.2690,552.7027,19743109.3614,552.7027,0.7008,203.8532,201.0275,2.8257,3.5218,0.0016,1.4920,-0.5183,0.9149,0.9728,7
0.2702,696.9874,23201007.9853,696.9874,0.6935,221.8524,219.0055,2.8468,3.4777,0.0015,1.5204,-0.5180,0.9121,0.9692,7
0.2698,777.0941,23266520.3195,777.0941,0.6970,222.1987,219.3751,2.8236,3.4655,0.0015,1.5150,-0.5121,0.9080,0.9669,7
0.2632,684.0590,23844931.5804,684.0590,0.6933,223.1418,220.2375,2.9042,3.5548,0.0015,1.5158,-0.5242,0.9200,0.9723,7
0.2587,818.2303,24531487.9768,818.2303,0.6870,226.2526,223.3764,2.8762,3.5274,0.0015,1.5684,-0.5089,0.9102,0.9638,7
0.2531,726.8584,24865893.5841,726.8584,0.6782,226.2850,223.3640,2.9210,3.6140,0.0015,1.5893,-0.5029,0.9118,0.9632,7
0.2644,642.8226,23251584.7870,642.8226,0.7006,221.2996,218.5096,2.7900,3.4439,0.0016,1.4916,-0.5100,0.9055,0.9676,7
0.2770,640.0960,22910112.2265,640.0960,0.7069,221.1704,218.3826,2.7877,3.3930,0.0016,1.4463,-0.5314,0.9145,0.9702,7
0.2557,802.5907,24927363.9208,802.5907,0.6836,227.2015,224.2458,2.9557,3.6170,0.0015,1.5931,-0.5124,0.9173,0.9642,7
0.2733,656.3529,23428812.5388,656.3529,0.7056,223.7135,220.9537,2.7598,3.3570,0.0016,1.4567,-0.5223,0.9068,0.9699,7
0.2114,534.2991,33734729.2641,534.2991,0.6510,252.1261,249.0355,3.0906,3.8075,0.0013,1.6217,-0.5053,0.9241,0.9750,7
0.2666,737.1199,23724518.6651,737.1199,0.7007,223.8886,221.0731,2.8155,3.4413,0.0016,1.4825,-0.5189,0.9103,0.9668,7
0.2652,793.5810,22956168.2364,793.5810,0.6893,220.4344,217.6075,2.8269,3.4773,0.0015,1.5597,-0.5012,0.9026,0.9623,7
0.2531,880.6040,24405384.8061,880.6040,0.6796,224.3919,221.4360,2.9560,3.6492,0.0015,1.6050,-0.5038,0.9144,0.9608,7
0.2620,817.1036,23850657.1376,817.1036,0.6834,224.3337,221.5565,2.7772,3.4487,0.0015,1.6011,-0.4793,0.8865,0.9619,7
0.2547,778.5015,24202353.5221,778.5015,0.6853,223.8865,220.9546,2.9319,3.6045,0.0015,1.5736,-0.5116,0.9161,0.9632,7
0.2739,800.5569,22691472.0077,800.5569,0.6971,220.5980,217.7965,2.8015,3.4218,0.0016,1.5381,-0.5086,0.9031,0.9615,7
0.2533,758.8449,24657684.5138,758.8449,0.6748,226.2164,223.3647,2.8517,3.5406,0.0014,1.6085,-0.4881,0.8984,0.9629,7
0.2684,700.0208,23699024.8830,700.0208,0.6951,223.9917,221.1898,2.8019,3.4722,0.0015,1.5336,-0.5038,0.9037,0.9660,7
0.2735,578.6434,22151412.7442,578.6434,0.7010,217.3879,214.6287,2.7592,3.4070,0.0016,1.5259,-0.5113,0.9037,0.9714,7
0.2691,639.6894,24126415.5928,639.6894,0.7068,226.0555,223.2829,2.7727,3.3861,0.0016,1.4631,-0.5206,0.9078,0.9701,7
0.2646,658.0528,24069452.4169,658.0528,0.6946,224.7238,221.8555,2.8683,3.5195,0.0015,1.5457,-0.5175,0.9145,0.9684,7
0.2685,655.8306,22844373.3809,655.8306,0.6953,220.3994,217.6532,2.7462,3.3894,0.0015,1.5229,-0.5004,0.8959,0.9680,7
0.2619,679.8961,23972120.6199,679.8961,0.6906,224.0318,221.2078,2.8240,3.4867,0.0015,1.5426,-0.5059,0.9059,0.9678,7
0.2674,707.2222,22699719.6764,707.2222,0.6948,218.8296,215.9906,2.8389,3.5069,0.0015,1.5393,-0.5091,0.9088,0.9630,7
0.2475,773.9057,26899223.7788,773.9057,0.6861,234.5099,231.5683,2.9416,3.5738,0.0015,1.5477,-0.5227,0.9203,0.9725,7
0.2531,713.4623,24927180.9291,713.4623,0.6973,227.1184,224.2770,2.8414,3.4788,0.0015,1.4926,-0.5176,0.9119,0.9706,7
0.2539,697.0029,25736966.2696,697.0029,0.6905,230.5576,227.6731,2.8846,3.5321,0.0015,1.5367,-0.5138,0.9131,0.9671,7
0.2635,705.3495,21479056.1341,705.3495,0.6986,212.7423,209.9241,2.8182,3.4844,0.0015,1.5063,-0.5101,0.9080,0.9593,7
0.1993,752.8095,27094931.3800,752.8095,0.6436,223.9471,220.7802,3.1668,4.0024,0.0013,1.7185,-0.4763,0.9181,0.9526,7
0.2607,585.0114,18770589.1584,585.0114,0.7181,198.4540,195.6551,2.7989,3.4451,0.0016,1.4104,-0.5335,0.9185,0.9693,7
0.2734,549.3144,17326202.7693,549.3144,0.7232,192.6905,190.0188,2.6717,3.3145,0.0016,1.3935,-0.5226,0.9042,0.9681,7
0.2506,593.6001,19032948.4343,593.6001,0.7093,198.8619,196.0741,2.7878,3.4516,0.0016,1.4508,-0.5143,0.9084,0.9634,7
0.2545,598.9698,19038075.7390,598.9698,0.7133,199.5945,196.8497,2.7448,3.4008,0.0016,1.4270,-0.5139,0.9048,0.9642,7
0.2659,534.2167,18858425.9339,534.2167,0.7144,200.0022,197.2835,2.7187,3.3653,0.0016,1.4080,-0.5248,0.9089,0.9704,7
