0.2595,169.2997,22817931.5661,169.2997,0.7373,216.3367,213.5430,2.7937,3.3849,0.0017,1.2880,-0.5711,0.9332,0.9910,1
0.2772,193.7564,23017128.9227,193.7564,0.7538,220.8134,218.1338,2.6796,3.1752,0.0018,1.2205,-0.5851,0.9277,0.9918,1
0.2656,157.2993,24146696.1758,157.2993,0.7540,223.7659,221.0116,2.7542,3.2704,0.0018,1.2015,-0.5950,0.9374,0.9927,1
0.2809,159.4337,23409994.8781,159.4337,0.7553,223.0005,220.3135,2.6870,3.1638,0.0018,1.2022,-0.5967,0.9322,0.9931,1
0.2709,166.5325,24034755.9449,166.5325,0.7576,224.5418,221.8599,2.6819,3.2002,0.0018,1.2090,-0.5839,0.9287,0.9921,1
0.2739,144.6940,24158254.1591,144.6940,0.7564,225.5127,222.8203,2.6924,3.1763,0.0018,1.1958,-0.5966,0.9329,0.9937,1
0.2786,179.9097,23083351.5463,179.9097,0.7546,221.1374,218.4608,2.6765,3.1688,0.0018,1.2110,-0.5883,0.9288,0.9922,1
0.2791,164.3826,23749143.2172,164.3826,0.7615,224.7795,222.1468,2.6328,3.0998,0.0018,1.1768,-0.5948,0.9275,0.9931,1
0.2787,158.8246,22077229.9936,158.8246,0.7319,215.3988,212.6075,2.7913,3.3845,0.0017,1.3024,-0.5714,0.9333,0.9926,1
0.2751,162.1916,21065753.4820,162.1916,0.7330,210.4729,207.7223,2.7505,3.3409,0.0017,1.3036,-0.5649,0.9280,0.9915,1
0.2774,167.2103,22446998.2755,167.2103,0.7372,217.6994,214.9720,2.7274,3.2821,0.0017,1.2861,-0.5720,0.9279,0.9923,1
0.2662,187.5852,24376418.7784,187.5852,0.7329,224.2869,221.4403,2.8465,3.4068,0.0017,1.2877,-0.5831,0.9395,0.9914,1
0.2759,143.2196,21821898.0716,143.2196,0.7293,214.2260,211.4879,2.7381,3.3137,0.0017,1.3023,-0.5664,0.9271,0.9924,1
0.2693,153.5579,21863689.7532,153.5579,0.7295,213.1825,210.3818,2.8007,3.3981,0.0017,1.3178,-0.5687,0.9328,0.9918,1
0.2558,161.9596,24944830.4856,161.9596,0.7213,224.8902,221.9920,2.8983,3.4844,0.0016,1.3245,-0.5761,0.9404,0.9923,1
0.2706,157.0619,21362723.8776,157.0619,0.7362,211.0417,208.2677,2.7741,3.3591,0.0017,1.2725,-0.5751,0.9336,0.9923,1
0.2664,152.1427,23753762.5872,152.1427,0.7397,221.7598,218.9523,2.8075,3.3523,0.0017,1.2517,-0.5889,0.9391,0.9934,1
0.2746,131.5721,22257608.7051,131.5721,0.7404,215.6551,212.8543,2.8009,3.3691,0.0017,1.2549,-0.5873,0.9394,0.9936,1
0.2565,179.9100,25738176.1670,179.9100,0.7315,228.8129,225.9400,2.8729,3.4294,0.0017,1.2841,-0.5864,0.9419,0.9925,1
0.2650,176.7270,22075429.4698,176.7270,0.7401,213.6848,210.9131,2.7717,3.3442,0.0017,1.2562,-0.5773,0.9338,0.9913,1
0.2623,148.0457,24634983.2175,148.0457,0.7353,225.1181,222.3041,2.8141,3.3510,0.0017,1.2596,-0.5877,0.9386,0.9933,1
0.2625,147.4581,24446681.2002,147.4581,0.7345,224.5426,221.7510,2.7915,3.3411,0.0017,1.2713,-0.5792,0.9345,0.9931,1
0.2753,154.1442,23592349.3280,154.1442,0.7406,222.5354,219.7800,2.7554,3.2980,0.0017,1.2492,-0.5845,0.9344,0.9933,1
0.2595,147.5034,23602035.6082,147.5034,0.7352,220.4151,217.6447,2.7704,3.3388,0.0017,1.2679,-0.5734,0.9317,0.9922,1
0.2662,190.6655,23524605.7388,190.6655,0.7311,220.6023,217.7897,2.8125,3.3870,0.0017,1.3045,-0.5742,0.9347,0.9917,1
0.2710,175.7806,21037656.2946,175.7806,0.7331,209.3046,206.5064,2.7983,3.4052,0.0017,1.3010,-0.5694,0.9336,0.9911,1
0.2603,176.1959,25501397.6066,176.1959,0.7308,228.4752,225.6121,2.8630,3.4178,0.0017,1.2970,-0.5849,0.9407,0.9928,1
0.2671,162.8809,24716708.7578,162.8809,0.7271,226.0992,223.2553,2.8439,3.3987,0.0017,1.3143,-0.5796,0.9376,0.9925,1
0.2589,161.0952,22846612.2213,161.0952,0.7235,215.5292,212.6116,2.9176,3.5280,0.0016,1.3330,-0.5771,0.9428,0.9918,1
0.2642,161.3250,24328816.2771,161.3250,0.7229,224.1427,221.3207,2.8220,3.4181,0.0016,1.3548,-0.5609,0.9304,0.9920,1
0.2673,193.4971,22013217.4223,193.4971,0.7287,213.2759,210.4138,2.8621,3.4628,0.0017,1.3253,-0.5750,0.9389,0.9904,1
0.2556,156.2173,24427205.8914,156.2173,0.7248,223.2798,220.4497,2.8301,3.4018,0.0016,1.3084,-0.5704,0.9338,0.9922,1
0.2552,148.8864,26056237.5745,148.8864,0.7292,230.1954,227.3551,2.8402,3.3924,0.0017,1.2857,-0.5811,0.9379,0.9935,1
0.2753,160.4978,22352601.2506,160.4978,0.7338,216.1486,213.3148,2.8338,3.3880,0.0017,1.2902,-0.5866,0.9400,0.9928,1
0.2795,127.8443,20767321.2445,127.8443,0.7431,209.9186,207.2423,2.6762,3.2319,0.0017,1.2451,-0.5736,0.9258,0.9936,1
0.2780,164.8203,22178112.4065,164.8203,0.7381,216.0805,213.3094,2.7711,3.3208,0.0017,1.2747,-0.5811,0.9342,0.9922,1
0.2722,193.3824,23556616.7108,193.3824,0.7400,221.4852,218.6645,2.8207,3.3732,0.0017,1.2640,-0.5886,0.9400,0.9917,1
0.2667,166.2442,21808671.5546,166.2442,0.7305,212.4133,209.5742,2.8390,3.4450,0.0017,1.3095,-0.5721,0.9368,0.9908,1
0.2744,148.7040,22387760.1833,148.7040,0.7293,215.6125,212.6935,2.9191,3.5147,0.0017,1.3064,-0.5886,0.9467,0.9923,1
0.2666,162.5232,23668967.1620,162.5232,0.7252,221.0167,218.1539,2.8627,3.4412,0.0017,1.3270,-0.5762,0.9384,0.9922,1
0.2528,162.2228,25671278.5317,162.2228,0.7200,228.4755,225.6563,2.8191,3.4086,0.0016,1.3247,-0.5625,0.9307,0.9930,1
0.2676,154.9929,23924469.9545,154.9929,0.7379,223.0449,220.2773,2.7676,3.3090,0.0017,1.2590,-0.5822,0.9340,0.9932,1
0.2687,174.9817,23744396.2365,174.9817,0.7302,221.7456,218.9013,2.8443,3.4058,0.0017,1.3046,-0.5834,0.9395,0.9924,1
0.2778,182.0618,21737552.6480,182.0618,0.7346,213.8216,211.0245,2.7972,3.3796,0.0017,1.3109,-0.5723,0.9335,0.9910,1
0.2706,162.7411,22127419.6585,162.7411,0.7259,214.8151,212.0320,2.7831,3.3681,0.0017,1.3143,-0.5646,0.9294,0.9914,1
0.2558,177.3899,21486109.6783,177.3899,0.7208,209.0844,206.2270,2.8574,3.5026,0.0016,1.3444,-0.5580,0.9335,0.9896,1
0.2719,160.6447,23047656.9654,160.6447,0.7296,218.8637,216.0064,2.8574,3.4228,0.0017,1.3053,-0.5835,0.9404,0.9927,1
0.2719,173.5678,23264762.6328,173.5678,0.7353,220.2070,217.3851,2.8219,3.3760,0.0017,1.2795,-0.5840,0.9383,0.9921,1
0.2664,143.1803,22322305.2937,143.1803,0.7362,214.8334,212.0236,2.8097,3.3839,0.0017,1.2720,-0.5815,0.9376,0.9926,1
0.2674,162.8304,24135388.2541,162.8304,0.7418,224.3309,221.6078,2.7231,3.2580,0.0017,1.2473,-0.5775,0.9291,0.9925,1
0.2515,128.7238,25674987.7663,128.7238,0.7400,227.5410,224.7037,2.8373,3.4070,0.0017,1.2458,-0.5864,0.9409,0.9935,2
0.2470,147.8039,26893822.3767,147.8039,0.7397,232.4655,229.6273,2.8382,3.3786,0.0017,1.2509,-0.5869,0.9398,0.9929,2
0.2497,178.7375,26896119.3026,178.7375,0.7254,233.9253,231.1479,2.7773,3.3335,0.0016,1.3150,-0.5600,0.9252,0.9921,2
0.2498,150.2407,26504967.5845,150.2407,0.7358,231.0342,228.1766,2.8576,3.4212,0.0017,1.2746,-0.5813,0.9395,0.9928,2
0.2393,163.4869,28825301.3064,163.4869,0.7365,239.3948,236.5555,2.8393,3.3758,0.0017,1.2499,-0.5834,0.9380,0.9924,2
0.2314,171.6626,29719240.1321,171.6626,0.7218,240.4099,237.4559,2.9540,3.5271,0.0016,1.3196,-0.5786,0.9434,0.9920,2
0.2371,180.6022,28556500.7036,180.6022,0.7248,236.5986,233.6359,2.9627,3.5402,0.0016,1.3173,-0.5830,0.9457,0.9914,2
0.2366,212.9867,28543243.5225,212.9867,0.7314,237.6702,234.8244,2.8459,3.3998,0.0017,1.2921,-0.5725,0.9347,0.9908,2
0.2330,205.6817,28768346.5672,205.6817,0.7330,236.6796,233.7242,2.9554,3.5288,0.0017,1.2759,-0.5882,0.9472,0.9902,2
0.2308,201.8492,28106799.7575,201.8492,0.7275,233.4176,230.4470,2.9706,3.5689,0.0016,1.3099,-0.5810,0.9462,0.9906,2
0.2535,189.1795,26463069.7733,189.1795,0.7318,231.6912,228.8329,2.8583,3.4039,0.0017,1.2956,-0.5800,0.9381,0.9912,2
0.2473,180.1192,26950101.4884,180.1192,0.7275,232.0249,229.0928,2.9321,3.5059,0.0017,1.3159,-0.5826,0.9440,0.9913,2
0.2432,144.7641,26572068.9693,144.7641,0.7278,230.6042,227.7743,2.8299,3.3982,0.0016,1.2945,-0.5702,0.9335,0.9150,2
0.2467,197.7638,28031164.4402,197.7638,0.7249,236.9709,234.0727,2.8981,3.4612,0.0016,1.3344,-0.5759,0.9392,0.9915,2
0.2569,157.3648,25717160.9853,157.3648,0.7419,229.2440,226.4448,2.7992,3.3341,0.0017,1.2399,-0.5880,0.9379,0.9933,2
0.2558,140.7228,25784662.9426,140.7228,0.7432,229.9890,227.2565,2.7325,3.2608,0.0017,1.2337,-0.5773,0.9293,0.9934,2
0.2486,167.6265,27853159.0585,167.6265,0.7368,237.1265,234.3026,2.8239,3.3580,0.0017,1.2683,-0.5824,0.9367,0.9926,2
0.2440,226.3511,25198034.8841,226.3511,0.7336,224.7996,221.9607,2.8389,3.4277,0.0017,1.2997,-0.5675,0.9339,0.9889,2
0.2461,185.5446,28494207.9774,185.5446,0.7385,239.1411,236.2841,2.8569,3.3805,0.0017,1.2598,-0.5896,0.9408,0.9919,2
0.2372,164.3965,29252682.3530,164.3965,0.7196,240.5253,237.6472,2.8781,3.4432,0.0016,1.3284,-0.5671,0.9346,0.9920,2
0.2263,227.5922,29107052.3980,227.5922,0.7065,236.3691,233.3437,3.0254,3.6721,0.0015,1.4193,-0.5568,0.9412,0.9886,2
0.2516,176.6893,26401436.5674,176.6893,0.7354,230.6853,227.7908,2.8946,3.4457,0.0017,1.2856,-0.5905,0.9443,0.9918,2
0.2354,181.5637,29789728.1136,181.5637,0.7237,242.2285,239.3246,2.9039,3.4584,0.0016,1.3093,-0.5766,0.9393,0.9916,2
0.2444,166.7550,26234501.6451,166.7550,0.7426,230.8906,228.1826,2.7079,3.2606,0.0017,1.2346,-0.5665,0.9241,0.9922,2
0.2389,173.8267,29055252.4629,173.8267,0.7310,240.6600,237.8395,2.8205,3.3739,0.0017,1.2966,-0.5706,0.9324,0.9923,2
0.2355,198.0134,30007481.4237,198.0134,0.7305,242.6524,239.7143,2.9381,3.4887,0.0017,1.2903,-0.5881,0.9454,0.9919,2
0.2439,185.9215,28277319.8537,185.9215,0.7299,237.3426,234.4340,2.9086,3.4663,0.0017,1.2998,-0.5816,0.9418,0.9918,2
0.2458,145.6980,27688227.8794,145.6980,0.7277,235.1742,232.2904,2.8838,3.4474,0.0017,1.2945,-0.5809,0.9406,0.9930,2
0.2375,186.4222,29183442.0344,186.4222,0.7273,239.8011,236.8868,2.9143,3.4625,0.0016,1.2997,-0.5822,0.9418,0.9919,2
0.2405,204.9784,29003207.5418,204.9784,0.7294,239.7336,236.8245,2.9092,3.4563,0.0017,1.3028,-0.5825,0.9416,0.9908,2
0.2408,153.5158,28083030.3695,153.5158,0.7417,236.1809,233.3299,2.8510,3.4009,0.0017,1.2474,-0.5862,0.9405,0.9925,2
0.2371,187.7011,29304764.8139,187.7011,0.7350,239.6124,236.6496,2.9628,3.5136,0.0017,1.2740,-0.5958,0.9493,0.9918,2
0.2485,213.6566,26317494.6883,213.6566,0.7380,230.7715,227.9744,2.7971,3.3445,0.0017,1.2800,-0.5733,0.9320,0.9905,2
0.2374,182.5129,26799412.4972,182.5129,0.7373,229.6675,226.7544,2.9130,3.4808,0.0017,1.2623,-0.5885,0.9451,0.9909,2
0.2421,191.8028,29004721.2613,191.8028,0.7377,240.2836,237.4030,2.8806,3.4052,0.0017,1.2666,-0.5900,0.9423,0.9917,2
0.2453,188.9776,28444909.6718,188.9776,0.7285,239.2893,236.4612,2.8281,3.3714,0.0017,1.3000,-0.5717,0.9328,0.9920,2
0.2304,215.4698,28924280.4681,215.4698,0.7315,237.9025,235.0276,2.8749,3.4592,0.0016,1.3105,-0.5669,0.9352,0.9899,2
0.2439,169.3198,26295496.6452,169.3198,0.7375,231.1915,228.4933,2.6982,3.2581,0.0017,1.2729,-0.5548,0.9181,0.9919,2
0.2538,164.7110,27630020.6350,164.7110,0.7460,238.0310,235.3107,2.7203,3.2160,0.0017,1.2246,-0.5813,0.9285,0.9930,2
0.2435,165.9155,28798707.2094,165.9155,0.7317,240.1302,237.3025,2.8277,3.3646,0.0017,1.2810,-0.5769,0.9347,0.9930,2
0.2475,177.2800,27277358.3419,177.2800,0.7272,235.2261,232.4394,2.7868,3.3367,0.0017,1.3105,-0.5617,0.9265,0.9919,2
0.2505,197.8650,27362551.7328,197.8650,0.7402,235.4042,232.5841,2.8201,3.3502,0.0017,1.2674,-0.5829,0.9366,0.9919,2
0.2403,199.0817,28896896.3223,199.0817,0.7251,239.7807,236.9028,2.8780,3.4396,0.0016,1.3233,-0.5700,0.9357,0.9912,2
0.2293,180.2734,30449377.8366,180.2734,0.7098,243.5279,240.6216,2.9064,3.4990,0.0016,1.3731,-0.5555,0.9323,0.9917,2
0.2335,210.8716,29954609.9616,210.8716,0.7253,243.7033,240.8899,2.8134,3.3693,0.0016,1.3191,-0.5592,0.9270,0.9910,2
0.2284,206.0825,30781681.8849,206.0825,0.7324,244.8824,241.9893,2.8931,3.4423,0.0017,1.2769,-0.5797,0.9399,0.9909,2
0.2550,172.6619,25965223.0185,172.6619,0.7433,229.5692,226.7200,2.8492,3.3921,0.0017,1.2509,-0.5929,0.9427,0.9926,2
0.2355,207.4412,29486794.5593,207.4412,0.7229,241.0993,238.1992,2.9001,3.4564,0.0016,1.3245,-0.5728,0.9377,0.9916,2
0.2385,167.0275,29330288.0262,167.0275,0.7294,240.7131,237.8257,2.8873,3.4299,0.0017,1.2860,-0.5836,0.9408,0.9931,2
0.2432,227.2273,28354589.0046,227.2273,0.7257,237.9651,235.0895,2.8756,3.4267,0.0016,1.3245,-0.5722,0.9358,0.9910,2
0.2594,189.5002,26038100.3096,189.5002,0.7542,231.2808,228.5012,2.7796,3.2862,0.0018,1.2131,-0.5964,0.9387,0.9917,3
0.2452,260.0976,28107563.4452,260.0976,0.7410,238.0210,235.1987,2.8222,3.3474,0.0017,1.2884,-0.5778,0.9341,0.9896,3
0.2713,201.4181,24762425.8188,201.4181,0.7514,227.7769,225.0463,2.7306,3.2211,0.0018,1.2354,-0.5901,0.9326,0.9917,3
0.2553,276.3886,26746106.3086,276.3886,0.7405,234.4948,231.7297,2.7651,3.2860,0.0017,1.2902,-0.5712,0.9278,0.9882,3
0.2592,181.1336,26071454.7051,181.1336,0.7521,231.5751,228.8075,2.7676,3.2632,0.0018,1.2199,-0.5960,0.9374,0.9923,3
0.2615,186.7517,22637896.3502,186.7517,0.7606,216.6743,213.9926,2.6817,3.2020,0.0018,1.1954,-0.5852,0.9293,0.9909,3
0.2716,193.2991,24552479.8288,193.2991,0.7595,227.2490,224.5766,2.6724,3.1536,0.0018,1.1963,-0.5931,0.9300,0.9917,3
0.2584,158.0916,25536927.8473,158.0916,0.7514,229.2474,226.5044,2.7430,3.2550,0.0018,1.2196,-0.5900,0.9344,0.9927,3
0.2633,217.5858,24630192.0868,217.5858,0.7650,228.0616,225.4907,2.5708,3.0428,0.0018,1.1633,-0.5760,0.9147,0.9904,3
0.2600,176.2351,26251212.6537,176.2351,0.7623,233.5938,230.9382,2.6556,3.1274,0.0018,1.1695,-0.5915,0.9277,0.9925,3
0.2770,201.8215,23882542.8793,201.8215,0.7643,224.8421,222.1802,2.6619,3.1406,0.0018,1.1877,-0.5944,0.9298,0.9914,3
0.2541,200.7626,26918612.2464,200.7626,0.7521,234.7408,231.9993,2.7415,3.2474,0.0018,1.2200,-0.5856,0.9321,0.9911,3
0.2585,177.6150,26324770.3667,177.6150,0.7455,232.6196,229.8419,2.7777,3.2876,0.0017,1.2498,-0.5881,0.9354,0.9921,3
0.2544,195.6322,27203026.0480,195.6322,0.7444,236.1085,233.3565,2.7520,3.2560,0.0017,1.2503,-0.5819,0.9309,0.9919,3
0.2737,96.6558,24550145.8266,96.6558,0.7638,227.9045,225.3096,2.5949,3.0737,0.0018,1.1478,-0.5897,0.9238,0.9958,3
0.2715,124.3808,23476098.7176,124.3808,0.7548,221.9708,219.3062,2.6646,3.1818,0.0018,1.2047,-0.5845,0.9280,0.9943,3
0.2595,218.5852,25599864.9629,218.5852,0.7446,229.9387,227.1943,2.7444,3.2707,0.0017,1.2532,-0.5761,0.9291,0.9906,3
0.2659,195.5501,25251662.8209,195.5501,0.7422,228.9415,226.1906,2.7509,3.2669,0.0017,1.2546,-0.5820,0.9315,0.9919,3
0.2699,232.3217,24333001.4033,232.3217,0.7569,225.2976,222.5385,2.7591,3.2745,0.0018,1.2208,-0.5944,0.9373,0.9901,3
0.2598,200.5188,25145962.8553,200.5188,0.7508,227.5643,224.8020,2.7623,3.2865,0.0018,1.2259,-0.5866,0.9347,0.9908,3
0.2640,208.3692,25740420.2535,208.3692,0.7438,231.0357,228.2686,2.7670,3.2851,0.0017,1.2623,-0.5828,0.9329,0.9915,3
0.2595,171.3945,24974187.4020,171.3945,0.7290,225.8957,223.0234,2.8724,3.4335,0.0017,1.3079,-0.5818,0.9402,0.9921,3
0.2588,172.5030,24669882.4965,172.5030,0.7447,225.2300,222.4648,2.7652,3.3134,0.0017,1.2546,-0.5795,0.9331,0.9914,3
0.2625,232.3474,25549802.4380,232.3474,0.7332,229.7820,226.9887,2.7933,3.3350,0.0017,1.3095,-0.5714,0.9306,0.9901,3
0.2526,194.3708,26433125.6015,194.3708,0.7361,232.0651,229.2813,2.7837,3.3225,0.0017,1.2842,-0.5727,0.9305,0.9912,3
0.2753,186.4753,23236206.3761,186.4753,0.7587,221.6457,218.9955,2.6502,3.1463,0.0018,1.2010,-0.5856,0.9262,0.9915,3
0.2563,197.8791,27003459.3750,197.8791,0.7471,235.7880,233.0534,2.7346,3.2342,0.0017,1.2371,-0.5838,0.9305,0.9923,3
0.2715,191.3294,24383662.5605,191.3294,0.7506,226.4877,223.8181,2.6696,3.1713,0.0018,1.2347,-0.5788,0.9245,0.9918,3
0.2687,179.7564,24582916.6287,179.7564,0.7483,226.0950,223.3061,2.7889,3.3001,0.0018,1.2339,-0.5955,0.9392,0.9921,3
0.2622,188.7029,25798988.2394,188.7029,0.7515,231.7687,229.0810,2.6877,3.1732,0.0018,1.2112,-0.5862,0.9281,0.9922,3
0.2571,187.7196,25833934.1096,187.7196,0.7287,230.0138,227.2003,2.8135,3.3594,0.0017,1.3097,-0.5721,0.9323,0.9912,3
0.2681,181.6833,24971636.3607,181.6833,0.7407,228.0427,225.2718,2.7709,3.2849,0.0017,1.2641,-0.5850,0.9339,0.9921,3
0.2573,195.3876,25870406.9412,195.3876,0.7482,229.9023,227.0850,2.8173,3.3593,0.0017,1.2415,-0.5884,0.9392,0.9910,3
0.2580,176.2981,26112382.8588,176.2981,0.7411,230.9453,228.1244,2.8209,3.3615,0.0017,1.2683,-0.5855,0.9382,0.9920,3
0.2545,189.0453,24018358.7782,189.0453,0.7437,220.6421,217.7740,2.8681,3.4377,0.0017,1.2574,-0.5888,0.9432,0.9904,3
0.2706,174.9468,24825731.5720,174.9468,0.7408,228.0475,225.3205,2.7270,3.2518,0.0017,1.2677,-0.5756,0.9280,0.9922,3
0.2666,203.9816,24594596.9021,203.9816,0.7289,225.7626,222.9512,2.8114,3.3701,0.0017,1.3278,-0.5693,0.9316,0.9911,3
0.2674,210.5108,25294006.0732,210.5108,0.7405,230.0857,227.3705,2.7152,3.2352,0.0017,1.2690,-0.5718,0.9251,0.9915,3
0.2733,176.7059,24075619.7259,176.7059,0.7494,225.1423,222.4571,2.6852,3.2077,0.0018,1.2293,-0.5790,0.9268,0.9924,3
0.2609,201.2241,24644716.1578,201.2241,0.7390,224.5601,221.7166,2.8435,3.3926,0.0017,1.2738,-0.5893,0.9412,0.9918,3
0.2503,172.9946,26242426.0466,172.9946,0.7275,229.7377,226.8388,2.8990,3.4623,0.0017,1.3052,-0.5817,0.9417,0.9920,3
0.2587,169.0476,23243411.8087,169.0476,0.7478,218.9854,216.2487,2.7367,3.2864,0.0017,1.2342,-0.5786,0.9312,0.9916,3
0.2627,192.1560,23879282.1405,192.1560,0.7372,221.9842,219.1929,2.7913,3.3513,0.0017,1.2950,-0.5749,0.9331,0.9909,3
0.2630,223.4092,25043657.0589,223.4092,0.7309,227.3628,224.5686,2.7941,3.3435,0.0017,1.3244,-0.5671,0.9291,0.9900,3
0.2661,162.4484,24029546.6925,162.4484,0.7422,222.8426,220.0393,2.8033,3.3570,0.0017,1.2509,-0.5853,0.9378,0.9919,3
0.2559,165.5094,26749550.9683,165.5094,0.7427,234.4841,231.7561,2.7279,3.2499,0.0017,1.2429,-0.5763,0.9280,0.9924,3
0.2707,179.7535,23483214.6750,179.7535,0.7478,221.8795,219.1559,2.7236,3.2564,0.0018,1.2577,-0.5781,0.9292,0.9912,3
0.2542,166.6088,26945118.9752,166.6088,0.7395,234.0757,231.2637,2.8120,3.3473,0.0017,1.2647,-0.5846,0.9371,0.9929,3
0.2727,202.5990,23233606.2249,202.5990,0.7440,220.1604,217.3491,2.8113,3.3529,0.0017,1.2729,-0.5884,0.9390,0.9912,3
0.2650,166.2540,24879847.6909,166.2540,0.7395,227.0743,224.2964,2.7779,3.3238,0.0017,1.2821,-0.5765,0.9323,0.9921,3
0.2253,225.8179,29819959.3398,225.8179,0.7136,239.0878,236.0861,3.0017,3.6225,0.0016,1.3623,-0.5660,0.9428,0.9895,4
0.2189,212.2069,31193516.1010,212.2069,0.7128,243.6024,240.6276,2.9749,3.5912,0.0016,1.3747,-0.5584,0.9381,0.9896,4
0.2435,163.2481,27268685.5956,163.2481,0.7311,234.8059,232.0718,2.7340,3.3010,0.0017,1.2958,-0.5534,0.9200,0.9920,4
0.2274,226.3505,30432740.6757,226.3505,0.7114,242.7136,239.7578,2.9558,3.5481,0.0016,1.3668,-0.5623,0.9377,0.9894,4
0.2347,172.8974,29378098.0239,172.8974,0.7396,241.3450,238.5585,2.7866,3.3292,0.0017,1.2500,-0.5730,0.9311,0.9921,4
0.2356,197.3126,28669518.5877,197.3126,0.7268,237.6021,234.7217,2.8804,3.4619,0.0016,1.3215,-0.5688,0.9362,0.9907,4
0.2244,230.0707,29518334.5460,230.0707,0.7157,238.3509,235.3977,2.9532,3.5599,0.0016,1.3676,-0.5622,0.9382,0.9884,4
0.2325,230.2008,27986300.1164,230.2008,0.7204,235.2840,232.4470,2.8371,3.4379,0.0016,1.3496,-0.5486,0.9257,0.9885,4
0.2314,234.2811,28625304.9850,234.2811,0.7379,238.7727,236.0072,2.7655,3.3328,0.0017,1.2785,-0.5561,0.9233,0.9887,4
0.2196,216.8916,31583964.3170,216.8916,0.7173,245.4541,242.5087,2.9454,3.5449,0.0016,1.3593,-0.5615,0.9372,0.9898,4
0.2498,155.1658,26712563.1069,155.1658,0.7446,233.7140,231.0303,2.6836,3.2115,0.0017,1.2382,-0.5676,0.9217,0.9927,4
0.2292,153.8090,30175877.8745,153.8090,0.7050,241.6358,238.6656,2.9702,3.5927,0.0015,1.3732,-0.5607,0.9392,0.9925,4
0.2355,181.2812,27714811.7240,181.2812,0.7026,233.3273,230.3996,2.9277,3.5633,0.0015,1.4022,-0.5492,0.9327,0.9910,4
0.2319,200.0452,27521419.0186,200.0452,0.7018,231.3722,228.3908,2.9814,3.6319,0.0015,1.4112,-0.5521,0.9374,0.9902,4
0.2282,205.0114,28418899.8503,205.0114,0.7046,235.0712,232.1433,2.9279,3.5714,0.0015,1.3899,-0.5462,0.9317,0.9898,4
0.2325,213.7589,29645351.9148,213.7589,0.7059,239.9311,236.9206,3.0105,3.6474,0.0015,1.4011,-0.5603,0.9416,0.9897,4
0.2265,207.1593,30122898.4966,207.1593,0.7009,240.2136,237.1675,3.0460,3.6852,0.0015,1.4073,-0.5603,0.9432,0.9902,4
0.2374,171.1041,28404977.7791,171.1041,0.7073,235.5857,232.5637,3.0220,3.6405,0.0016,1.3763,-0.5723,0.9461,0.9920,4
0.2210,235.2325,29896805.3169,235.2325,0.6898,238.9119,235.9175,2.9944,3.6732,0.0015,1.4619,-0.5333,0.9309,0.9877,4
0.2221,211.3088,30554457.3135,211.3088,0.6824,241.1710,238.1357,3.0353,3.7103,0.0015,1.4802,-0.5362,0.9340,0.9895,4
0.2577,116.5194,25304421.9160,116.5194,0.7192,227.3852,224.5713,2.8139,3.3993,0.0016,1.3215,-0.5640,0.9310,0.9942,4
0.2286,198.2952,30827251.3824,198.2952,0.7081,244.3135,241.3492,2.9643,3.5628,0.0016,1.3753,-0.5626,0.9385,0.9912,4
0.2304,177.7095,29728452.1793,177.7095,0.7102,240.0657,237.0953,2.9704,3.5707,0.0016,1.3572,-0.5685,0.9414,0.9921,4
0.2350,184.7105,26985139.6434,184.7105,0.6957,229.7128,226.7339,2.9789,3.6345,0.0015,1.4283,-0.5490,0.9361,0.9911,4
0.2207,243.5026,30941099.4912,243.5026,0.6839,242.4498,239.4037,3.0461,3.7154,0.0015,1.4863,-0.5383,0.9352,0.9886,4
0.2221,216.6995,30973442.1778,216.6995,0.7176,246.8153,244.0448,2.7704,3.3541,0.0016,1.3521,-0.5334,0.9128,0.9896,4
0.2234,222.4520,32695366.7793,222.4520,0.7314,250.9926,248.0817,2.9108,3.4434,0.0017,1.2887,-0.5815,0.9406,0.9907,4
0.2202,232.6580,32906705.1576,232.6580,0.7131,250.9730,248.0216,2.9514,3.5358,0.0016,1.3728,-0.5606,0.9363,0.9895,4
0.2232,248.6437,29980642.9442,248.6437,0.7222,240.9620,238.0667,2.8952,3.4897,0.0016,1.3421,-0.5582,0.9329,0.9879,4
0.2380,190.1054,28874529.1621,190.1054,0.7445,240.1833,237.3924,2.7909,3.3215,0.0017,1.2538,-0.5769,0.9323,0.9917,4
0.2238,221.3746,31424063.0880,221.3746,0.7298,247.0753,244.2370,2.8384,3.3890,0.0016,1.2923,-0.5649,0.9307,0.9901,4
0.2454,122.3314,29122397.7611,122.3314,0.7522,242.5893,239.8572,2.7321,3.2230,0.0018,1.1920,-0.5898,0.9326,0.9945,4
0.2320,220.2738,30494989.7304,220.2738,0.7198,244.2947,241.3947,2.9001,3.4705,0.0016,1.3490,-0.5650,0.9350,0.9902,4
0.2302,203.0859,30068032.6149,203.0859,0.7357,242.5500,239.7019,2.8482,3.3926,0.0017,1.2825,-0.5766,0.9360,0.9909,4
0.2438,202.9313,28479670.6887,202.9313,0.7440,239.0801,236.2903,2.7898,3.3233,0.0017,1.2514,-0.5787,0.9332,0.9912,4
0.2327,200.9662,30493216.1522,200.9662,0.7296,244.1827,241.2603,2.9224,3.4717,0.0017,1.3086,-0.5813,0.9419,0.9913,4
0.2328,145.5543,30324971.2671,145.5543,0.7237,244.0354,241.1568,2.8786,3.4323,0.0016,1.3111,-0.5732,0.9366,0.9933,4
0.2402,179.7219,28947578.6273,179.7219,0.7355,239.6739,236.8133,2.8605,3.4015,0.0017,1.2787,-0.5822,0.9389,0.9918,4
0.2243,163.1190,31719221.0692,163.1190,0.7155,246.8194,243.8585,2.9609,3.5455,0.0016,1.3471,-0.5700,0.9408,0.9925,4
0.2308,306.9063,29779958.5831,306.9063,0.7372,242.3579,239.5305,2.8274,3.3734,0.0017,1.3001,-0.5648,0.9297,0.9867,4
0.2322,171.0317,28629781.9793,171.0317,0.7414,237.4809,234.6753,2.8056,3.3615,0.0017,1.2608,-0.5721,0.9324,0.9918,4
0.2275,191.9099,31204578.1475,191.9099,0.7426,246.1856,243.3036,2.8819,3.4090,0.0017,1.2466,-0.5906,0.9426,0.9916,4
0.2262,215.2766,30738030.6905,215.2766,0.7385,244.5348,241.6743,2.8605,3.4013,0.0017,1.2711,-0.5778,0.9370,0.9901,4
0.2377,207.6768,29432298.6010,207.6768,0.7221,242.6830,239.8879,2.7951,3.3542,0.0016,1.3441,-0.5521,0.9226,0.9906,4
0.2381,173.4930,27857060.4378,173.4930,0.7463,235.1285,232.3105,2.8180,3.3609,0.0017,1.2323,-0.5844,0.9378,0.9921,4
0.2332,138.4978,31005161.0053,138.4978,0.7380,247.3432,244.5327,2.8104,3.3259,0.0017,1.2472,-0.5818,0.9349,0.9935,4
0.2420,203.1293,28955223.3919,203.1293,0.7408,240.8443,238.0308,2.8135,3.3342,0.0017,1.2620,-0.5816,0.9351,0.9914,4
0.2299,206.6366,30615207.9626,206.6366,0.7239,244.8986,242.0364,2.8622,3.4111,0.0016,1.3240,-0.5660,0.9324,0.9910,4
0.2212,229.0994,33156975.8532,229.0994,0.7186,251.5008,248.5105,2.9903,3.5602,0.0016,1.3617,-0.5740,0.9431,0.9903,4
0.2328,160.8806,31319307.8409,160.8806,0.7363,248.1208,245.2773,2.8435,3.3514,0.0017,1.2563,-0.5860,0.9379,0.9929,4
0.2099,227.2174,32869985.8725,227.2174,0.7035,246.1080,242.9965,3.1115,3.7490,0.0015,1.3941,-0.5687,0.9492,0.9894,5
0.2065,217.1300,36068937.7190,217.1300,0.7107,258.7888,255.7978,2.9910,3.5697,0.0016,1.3661,-0.5638,0.9394,0.9909,5
0.2138,234.5633,33322227.2648,234.5633,0.7320,251.6138,248.7141,2.8998,3.4404,0.0017,1.2842,-0.5747,0.9377,0.9904,5
0.2002,249.8356,36801109.8805,249.8356,0.6955,258.3998,255.3081,3.0916,3.7167,0.0015,1.4226,-0.5555,0.9426,0.9890,5
0.2062,208.3791,35452696.2921,208.3791,0.7237,256.0720,253.0743,2.9977,3.5719,0.0016,1.3239,-0.5752,0.9442,0.9909,5
0.2097,218.8253,34239548.1668,218.8253,0.6827,251.9941,248.9106,3.0835,3.7478,0.0015,1.4787,-0.5430,0.9388,0.9893,5
0.2175,192.3030,33057421.9502,192.3030,0.6912,249.5651,246.5249,3.0402,3.6882,0.0015,1.4445,-0.5486,0.9385,0.9905,5
0.2233,188.6252,31414108.6674,188.6252,0.7098,244.7729,241.7380,3.0349,3.6579,0.0016,1.3863,-0.5685,0.9453,0.9913,5
0.2171,168.0074,31646492.8719,168.0074,0.6792,244.0684,241.0178,3.0506,3.7336,0.0014,1.4802,-0.5365,0.9353,0.9913,5
0.2224,193.8492,31418711.7459,193.8492,0.7107,245.2901,242.3133,2.9769,3.5835,0.0016,1.3548,-0.5653,0.9407,0.9903,5
0.2105,216.4593,32664196.9328,216.4593,0.6940,246.6522,243.6093,3.0429,3.7008,0.0015,1.4403,-0.5479,0.9388,0.9900,5
0.2278,131.3207,31565685.1890,131.3207,0.7131,247.8968,245.0295,2.8673,3.4664,0.0016,1.3326,-0.5557,0.9307,0.9938,5
0.2189,182.0566,32696167.2959,182.0566,0.6943,248.2786,245.2287,3.0499,3.6846,0.0015,1.4252,-0.5583,0.9425,0.9916,5
0.2145,201.0158,32789534.3665,201.0158,0.6965,248.3160,245.3154,3.0006,3.6460,0.0015,1.4230,-0.5475,0.9360,0.9900,5
0.2139,262.5979,33027407.8581,262.5979,0.6825,248.7845,245.7229,3.0617,3.7369,0.0014,1.4920,-0.5344,0.9345,0.9878,5
0.2190,206.6462,32258541.1319,206.6462,0.6897,246.1611,243.0474,3.1137,3.7687,0.0015,1.4610,-0.5577,0.9459,0.9903,5
0.2069,192.4637,35284314.0791,192.4637,0.6870,254.1379,251.0188,3.1191,3.7808,0.0015,1.4640,-0.5525,0.9443,0.9910,5
0.2170,182.8091,31618695.2202,182.8091,0.7044,244.3839,241.3983,2.9857,3.6184,0.0015,1.3740,-0.5571,0.9389,0.9912,5
0.2100,206.8046,33580197.2572,206.8046,0.6923,248.6717,245.5312,3.1405,3.8043,0.0015,1.4424,-0.5607,0.9485,0.9906,5
0.2179,225.1923,32550901.6031,225.1923,0.7064,247.6865,244.6313,3.0552,3.6756,0.0015,1.3894,-0.5661,0.9451,0.9895,5
0.2114,182.3551,33958543.5902,182.3551,0.6968,250.4328,247.3146,3.1182,3.7590,0.0015,1.4146,-0.5668,0.9490,0.9919,5
0.2134,230.8779,31575710.9409,230.8779,0.6897,243.0257,239.9667,3.0589,3.7325,0.0015,1.4625,-0.5430,0.9381,0.9888,5
0.2175,190.3487,30891944.1793,190.3487,0.7123,242.3904,239.4290,2.9614,3.5910,0.0016,1.3581,-0.5588,0.9384,0.9905,5
0.2071,242.8689,34848247.0506,242.8689,0.6861,252.3889,249.2168,3.1721,3.8305,0.0015,1.4748,-0.5583,0.9486,0.9896,5
0.2055,219.4026,35177819.1284,219.4026,0.6975,253.2540,250.1136,3.1404,3.7738,0.0015,1.4102,-0.5676,0.9498,0.9902,5
0.2070,170.8438,33844514.1344,170.8438,0.6798,248.0348,244.8316,3.2032,3.8904,0.0014,1.4702,-0.5589,0.9511,0.9918,5
0.2164,207.8691,32350248.5514,207.8691,0.6811,246.9648,243.9038,3.0611,3.7172,0.0015,1.4802,-0.5413,0.9366,0.9904,5
0.2544,139.9327,26033287.6846,139.9327,0.7273,229.3657,226.4641,2.9016,3.4837,0.0017,1.3018,-0.5827,0.9433,0.9940,5
0.2116,204.7272,33604311.9658,204.7272,0.6897,249.4317,246.3011,3.1306,3.7814,0.0015,1.4538,-0.5587,0.9467,0.9908,5
0.2173,199.4363,32333269.5290,199.4363,0.6940,246.9655,243.9144,3.0511,3.6884,0.0015,1.4366,-0.5531,0.9405,0.9908,5
0.2366,136.1950,28150518.0556,136.1950,0.7213,234.6199,231.6476,2.9723,3.5709,0.0016,1.3188,-0.5821,0.9468,0.9941,5
0.2071,204.8967,34823054.1608,204.8967,0.6869,252.5425,249.3942,3.1484,3.8004,0.0015,1.4561,-0.5583,0.9473,0.9907,5
0.2056,258.0774,35077347.3482,258.0774,0.6549,253.0501,249.8709,3.1792,3.8958,0.0013,1.5795,-0.5225,0.9364,0.9878,5
0.2156,199.3926,32615242.5193,199.3926,0.6918,247.8717,244.8464,3.0253,3.6669,0.0015,1.4461,-0.5482,0.9374,0.9913,5
0.2053,204.9338,35221074.1187,204.9338,0.6719,253.9083,250.7600,3.1483,3.8298,0.0014,1.5247,-0.5389,0.9407,0.9904,5
0.1997,194.1215,36799979.1313,194.1215,0.7002,258.0072,254.9156,3.0916,3.7196,0.0015,1.3914,-0.5635,0.9460,0.9908,5
0.2443,137.9368,28093390.0888,137.9368,0.7141,236.8955,234.0192,2.8763,3.4674,0.0016,1.3601,-0.5596,0.9326,0.9933,5
0.2264,180.6665,30532403.7226,180.6665,0.7116,241.7456,238.6968,3.0488,3.6656,0.0016,1.3670,-0.5749,0.9481,0.9912,5
0.2059,181.0744,31213729.0348,181.0744,0.6891,239.7503,236.7206,3.0297,3.7205,0.0015,1.4427,-0.5386,0.9356,0.9905,5
0.2291,156.3838,30004091.9500,156.3838,0.7183,241.4942,238.5739,2.9203,3.5043,0.0016,1.3324,-0.5688,0.9385,0.9928,5
0.2455,145.2301,27743126.2474,145.2301,0.7218,236.4321,233.6409,2.7912,3.3557,0.0016,1.3213,-0.5593,0.9264,0.9933,5
0.2282,162.2978,30338217.5662,162.2978,0.7080,241.8949,238.9091,2.9857,3.5897,0.0016,1.3734,-0.5665,0.9416,0.9923,5
0.2224,163.5903,31460878.7266,163.5903,0.7054,245.1909,242.2141,2.9768,3.5819,0.0015,1.3777,-0.5612,0.9390,0.9922,5
0.2183,172.5961,31282627.0981,172.5961,0.6885,241.8684,238.7419,3.1265,3.8072,0.0015,1.4298,-0.5605,0.9484,0.9912,5
0.2213,191.5001,28841161.4221,191.5001,0.6947,233.6017,230.5262,3.0755,3.7488,0.0015,1.4374,-0.5558,0.9442,0.9903,5
0.2237,164.6842,29666153.1602,164.6842,0.7006,237.8609,234.8448,3.0161,3.6640,0.0015,1.3913,-0.5585,0.9416,0.9917,5
0.2095,213.3965,33808689.5677,213.3965,0.6985,251.2491,248.2514,2.9977,3.6331,0.0015,1.4149,-0.5464,0.9349,0.9898,5
0.2154,195.5308,30307384.0978,195.5308,0.7260,240.0732,237.1657,2.9075,3.5214,0.0016,1.3088,-0.5627,0.9365,0.9903,5
0.2330,158.1159,30457948.0998,158.1159,0.7224,244.7763,241.9192,2.8571,3.4122,0.0016,1.3125,-0.5678,0.9333,0.9927,5
0.2039,207.6022,35120925.2130,207.6022,0.6777,253.4237,250.3315,3.0922,3.7737,0.0014,1.5008,-0.5347,0.9365,0.9907,5
0.2793,194.2303,19742193.6010,194.2303,0.6949,202.2795,199.2139,3.0657,3.8015,0.0015,1.4811,-0.5558,0.9464,0.9896,6
0.2910,180.7649,20323277.1081,180.7649,0.7430,208.6912,205.9940,2.6972,3.2805,0.0017,1.2820,-0.5665,0.9252,0.9903,6
0.2914,194.9081,20556338.4450,194.9081,0.7447,209.9136,207.2072,2.7064,3.2683,0.0018,1.2683,-0.5742,0.9282,0.9902,6
0.2855,185.1681,19411552.0567,185.1681,0.7343,203.2053,200.4838,2.7215,3.3423,0.0017,1.3085,-0.5579,0.9247,0.9898,6
0.2941,197.3037,19517662.0283,197.3037,0.7362,204.7166,201.9918,2.7247,3.3156,0.0017,1.3171,-0.5652,0.9266,0.9902,6
0.2858,190.9345,20635091.6057,190.9345,0.7357,209.5336,206.7856,2.7480,3.3410,0.0017,1.3120,-0.5666,0.9287,0.9898,6
0.2927,187.2092,20107582.3412,187.2092,0.7435,208.1476,205.4966,2.6511,3.2135,0.0017,1.2776,-0.5650,0.9204,0.9906,6
0.3034,160.7900,20402039.6760,160.7900,0.7517,211.1934,208.6102,2.5832,3.1079,0.0018,1.2175,-0.5748,0.9185,0.9928,6
0.3024,200.0885,20258799.6775,200.0885,0.7463,210.3158,207.7278,2.5880,3.1248,0.0018,1.2709,-0.5612,0.9126,0.9906,6
0.2967,249.6267,20530142.4535,249.6267,0.7451,210.5809,207.8956,2.6853,3.2389,0.0018,1.2931,-0.5693,0.9240,0.9898,6
0.2927,220.8373,21441478.3503,220.8373,0.7437,214.9501,212.2780,2.6721,3.1983,0.0018,1.2726,-0.5724,0.9231,0.9904,6
0.2780,203.2490,21706441.6666,203.2490,0.7378,214.1688,211.4256,2.7432,3.3259,0.0017,1.2995,-0.5661,0.9277,0.9895,6
0.2799,211.3289,21897281.0152,211.3289,0.7324,215.1451,212.3828,2.7623,3.3299,0.0017,1.3173,-0.5676,0.9286,0.9901,6
0.2995,164.4788,20625485.2523,164.4788,0.7494,211.9012,209.3067,2.5944,3.1069,0.0018,1.2363,-0.5751,0.9186,0.9923,6
0.2913,157.4376,20111325.0786,157.4376,0.7548,208.3228,205.7219,2.6009,3.1447,0.0018,1.2062,-0.5743,0.9206,0.9918,6
0.2869,195.1204,21739819.3403,195.1204,0.7389,215.2468,212.5202,2.7266,3.2779,0.0017,1.2916,-0.5729,0.9281,0.9909,6
0.2728,293.5783,21125851.0440,293.5783,0.7286,210.1581,207.3629,2.7952,3.4166,0.0017,1.3620,-0.5528,0.9265,0.9850,6
0.2893,220.6714,20947038.1569,220.6714,0.7422,211.7389,209.0355,2.7034,3.2673,0.0017,1.2869,-0.5690,0.9256,0.9896,6
0.2796,208.5191,22534937.4797,208.5191,0.7365,218.2948,215.5602,2.7346,3.3029,0.0017,1.3000,-0.5667,0.9266,0.9902,6
0.2839,223.6375,20231524.7304,223.6375,0.7307,207.0783,204.2957,2.7826,3.3739,0.0017,1.3390,-0.5657,0.9302,0.9888,6
0.2889,211.4904,21204732.4123,211.4904,0.7409,213.2629,210.5835,2.6794,3.2382,0.0017,1.2921,-0.5637,0.9213,0.9903,6
0.2849,218.3609,20581485.9890,218.3609,0.7444,209.4584,206.7628,2.6955,3.2651,0.0017,1.2730,-0.5687,0.9254,0.9895,6
0.2891,179.7415,21222477.0732,179.7415,0.7365,212.6507,209.8761,2.7746,3.3434,0.0017,1.3124,-0.5757,0.9330,0.9913,6
0.2810,191.9066,22357766.4820,191.9066,0.7334,217.6789,214.9600,2.7189,3.2795,0.0017,1.3029,-0.5666,0.9252,0.9915,6
0.2884,223.8637,21711427.3796,223.8637,0.7420,215.5423,212.8549,2.6874,3.2446,0.0017,1.2926,-0.5666,0.9231,0.9904,6
0.2847,167.8052,22075218.5663,167.8052,0.7369,216.9040,214.2044,2.6996,3.2525,0.0017,1.2846,-0.5682,0.9243,0.9919,6
0.2801,182.8565,22831066.5105,182.8565,0.7359,219.6485,216.9038,2.7447,3.2975,0.0017,1.2938,-0.5741,0.9298,0.9920,6
0.2949,163.1964,21481614.6489,163.1964,0.7459,215.2214,212.5499,2.6715,3.1993,0.0018,1.2463,-0.5819,0.9276,0.9933,6
0.2774,224.7789,22138924.0487,224.7789,0.7283,215.2570,212.4083,2.8487,3.4506,0.0017,1.3426,-0.5704,0.9363,0.9896,6
0.2937,200.2232,20256461.7905,200.2232,0.7404,208.7708,206.0658,2.7050,3.2762,0.0017,1.3027,-0.5686,0.9259,0.9903,6
0.2802,177.4062,22198380.6300,177.4062,0.7385,216.5192,213.7587,2.7605,3.3257,0.0017,1.2854,-0.5759,0.9321,0.9915,6
0.2780,259.1075,23099969.5350,259.1075,0.7397,220.9949,218.2777,2.7171,3.2768,0.0017,1.2937,-0.5656,0.9245,0.9891,6
0.2967,153.9239,21261313.3854,153.9239,0.7496,215.1971,212.6495,2.5476,3.0726,0.0018,1.2187,-0.5640,0.9107,0.9928,6
0.2954,193.1752,20868687.3603,193.1752,0.7448,211.8692,209.1423,2.7269,3.2833,0.0018,1.2751,-0.5806,0.9319,0.9910,6
0.2869,190.5995,18829393.0197,190.5995,0.7430,201.2638,198.6515,2.6123,3.1915,0.0017,1.2799,-0.5543,0.9135,0.9892,6
0.2951,185.1793,20250186.0222,185.1793,0.7448,208.9198,206.2324,2.6873,3.2331,0.0018,1.2633,-0.5771,0.9274,0.9909,6
0.2960,202.1911,21029723.8640,202.1911,0.7492,213.1069,210.4409,2.6660,3.2029,0.0018,1.2550,-0.5783,0.9261,0.9915,6
0.2866,179.2041,21369001.9168,179.2041,0.7346,213.1873,210.4167,2.7706,3.3389,0.0017,1.3015,-0.5760,0.9329,0.9920,6
0.2943,176.8684,19597983.1023,176.8684,0.7485,205.5247,202.8555,2.6693,3.2335,0.0018,1.2443,-0.5741,0.9261,0.9909,6
0.2941,245.3189,19893916.3544,245.3189,0.7364,206.6263,203.8627,2.7636,3.3572,0.0017,1.3345,-0.5648,0.9288,0.9886,6
0.2974,198.8134,19529483.2021,198.8134,0.7341,205.0773,202.3266,2.7508,3.3419,0.0017,1.3363,-0.5653,0.9282,0.9900,6
0.2923,221.2400,21503512.6515,221.2400,0.7448,215.0997,212.4326,2.6671,3.2001,0.0018,1.2725,-0.5724,0.9232,0.9906,6
0.2926,179.7610,19951405.7658,179.7610,0.7419,206.7039,203.9745,2.7293,3.2980,0.0017,1.2764,-0.5770,0.9311,0.9910,6
0.3002,205.6880,19658333.2896,205.6880,0.7472,206.3852,203.7099,2.6753,3.2231,0.0018,1.2648,-0.5754,0.9260,0.9903,6
0.2832,206.4801,21621847.1101,206.4801,0.7415,214.3032,211.5672,2.7360,3.2977,0.0017,1.2850,-0.5725,0.9290,0.9902,6
0.2876,218.4369,21387740.1187,218.4369,0.7419,213.3025,210.5314,2.7711,3.3251,0.0017,1.2770,-0.5830,0.9352,0.9907,6
0.2805,190.7228,21914410.4558,190.7228,0.7323,214.9166,212.1032,2.8135,3.3827,0.0017,1.3131,-0.5780,0.9361,0.9909,6
0.2839,161.0214,21816145.8878,161.0214,0.7369,214.8008,212.0070,2.7938,3.3472,0.0017,1.2875,-0.5845,0.9370,0.9928,6
0.2916,155.5051,21564006.2996,155.5051,0.7485,214.9464,212.2309,2.7156,3.2492,0.0018,1.2296,-0.5896,0.9339,0.9930,6
0.2892,204.3951,20794427.5913,204.3951,0.7349,210.4907,207.7190,2.7717,3.3496,0.0017,1.3209,-0.5720,0.9317,0.9905,6
0.2820,181.9801,21009162.2970,181.9801,0.7261,211.2470,208.5250,2.7220,3.3280,0.0017,1.3414,-0.5514,0.9206,0.9910,7
0.2691,171.1443,24158338.8868,171.1443,0.7292,224.1047,221.3263,2.7784,3.3487,0.0017,1.3028,-0.5698,0.9306,0.9927,7
0.2657,207.3024,22283057.3447,207.3024,0.7420,215.6379,212.9318,2.7060,3.2757,0.0017,1.2702,-0.5638,0.9236,0.9895,7
0.2669,177.6963,23558973.1031,177.6963,0.7226,220.7448,217.9493,2.7955,3.4062,0.0016,1.3437,-0.5572,0.9280,0.9911,7
0.2622,234.4045,25123248.0204,234.4045,0.7245,227.3369,224.5009,2.8361,3.4103,0.0017,1.3384,-0.5652,0.9319,0.9896,7
0.2797,184.6724,22960640.3293,184.6724,0.7251,219.8639,217.0571,2.8068,3.4162,0.0017,1.3686,-0.5558,0.9279,0.9906,7
0.2767,151.3159,23041345.9507,151.3159,0.7361,220.2089,217.4632,2.7456,3.2931,0.0017,1.2730,-0.5763,0.9305,0.9933,7
0.2682,164.8694,20461386.7527,164.8694,0.7347,206.4696,203.7469,2.7227,3.3560,0.0017,1.2890,-0.5556,0.9244,0.9906,7
0.2737,168.9843,23645001.8478,168.9843,0.7331,222.6121,219.8464,2.7658,3.3215,0.0017,1.2900,-0.5751,0.9315,0.9926,7
0.2712,176.9751,24061254.6065,176.9751,0.7426,224.9570,222.2787,2.6784,3.2117,0.0017,1.2560,-0.5696,0.9225,0.9918,7
0.2721,185.8529,23859413.4882,185.8529,0.7277,222.9198,220.1037,2.8160,3.4023,0.0017,1.3174,-0.5711,0.9341,0.9917,7
0.2714,167.5954,24192145.0897,167.5954,0.7321,224.6372,221.8285,2.8088,3.3480,0.0017,1.2878,-0.5827,0.9363,0.9925,7
0.2738,182.9130,22381584.7161,182.9130,0.7389,216.4450,213.6768,2.7681,3.3399,0.0017,1.2676,-0.5751,0.9326,0.9910,7
0.2629,215.0778,24863291.2052,215.0778,0.7275,226.2036,223.3648,2.8388,3.4152,0.0017,1.3252,-0.5698,0.9342,0.9899,7
0.2923,181.4517,20836220.6309,181.4517,0.7465,211.7080,209.0470,2.6610,3.2042,0.0018,1.2525,-0.5738,0.9242,0.9910,7
0.2735,165.6722,20727524.1236,165.6722,0.7345,208.0466,205.2537,2.7930,3.4005,0.0017,1.2950,-0.5711,0.9340,0.9914,7
0.2746,202.6457,23301130.8849,202.6457,0.7288,221.0358,218.2388,2.7970,3.3651,0.0017,1.3194,-0.5688,0.9311,0.9908,7
0.2747,216.4551,23416720.3306,216.4551,0.7339,221.6444,218.8734,2.7710,3.3351,0.0017,1.2988,-0.5699,0.9299,0.9901,7
0.2675,188.6975,23796372.9902,188.6975,0.7245,221.7313,218.8725,2.8589,3.4466,0.0016,1.3279,-0.5737,0.9375,0.9914,7
0.2639,225.5814,23545591.4942,225.5814,0.7274,220.4577,217.6481,2.8096,3.4076,0.0017,1.3380,-0.5607,0.9298,0.9890,7
0.2578,205.5046,24777998.2474,205.5046,0.7151,224.7214,221.8519,2.8695,3.4913,0.0016,1.3728,-0.5561,0.9321,0.9896,7
0.2685,177.2390,23179345.8197,177.2390,0.7351,219.8484,217.1034,2.7450,3.3286,0.0017,1.2937,-0.5631,0.9264,0.9910,7
0.2800,153.6300,20243729.2163,153.6300,0.7446,206.7512,204.0260,2.7251,3.2884,0.0017,1.2381,-0.5810,0.9324,0.9916,7
0.2603,221.3970,23934004.9572,221.3970,0.7171,221.1780,218.2845,2.8935,3.5053,0.0016,1.3762,-0.5619,0.9354,0.9891,7
0.2765,182.6058,23344833.7078,182.6058,0.7369,221.9187,219.2060,2.7128,3.2585,0.0017,1.2753,-0.5697,0.9254,0.9912,7
0.2138,148.5579,32895891.8041,148.5579,0.6899,247.7414,244.6933,3.0480,3.6890,0.0015,1.4143,-0.5557,0.9416,0.9929,7
0.2710,196.8512,23660105.5459,196.8512,0.7342,222.3357,219.5689,2.7667,3.3259,0.0017,1.2897,-0.5714,0.9301,0.9905,7
0.2706,220.2090,22893076.6126,220.2090,0.7221,218.6998,215.9285,2.7714,3.3649,0.0016,1.3558,-0.5523,0.9233,0.9891,7
0.2593,254.3014,24319647.9112,254.3014,0.7203,222.6733,219.7811,2.8922,3.5123,0.0016,1.3694,-0.5603,0.9350,0.9879,7
0.2677,236.7045,23231896.8161,236.7045,0.7201,220.4205,217.7057,2.7147,3.3267,0.0016,1.3826,-0.5326,0.9107,0.9883,7
0.2597,213.5540,22408853.0766,213.5540,0.7252,214.1270,211.2661,2.8609,3.4894,0.0016,1.3378,-0.5629,0.9350,0.9887,7
0.2791,222.0627,22629382.8391,222.0627,0.7247,218.9198,216.1718,2.7481,3.3276,0.0017,1.3537,-0.5534,0.9216,0.9892,7
0.2588,209.4035,22983372.0185,209.4035,0.7191,217.4370,214.6548,2.7822,3.4193,0.0016,1.3714,-0.5422,0.9214,0.9893,7
0.2724,205.5660,24061593.3859,205.5660,0.7312,224.3246,221.5662,2.7584,3.3456,0.0017,1.3128,-0.5612,0.9265,0.9905,7
0.2772,162.6188,21049797.0029,162.6188,0.7364,210.8455,208.1434,2.7021,3.3122,0.0017,1.3121,-0.5572,0.9226,0.9911,7
0.2724,167.2585,23164076.0179,167.2585,0.7401,220.3187,217.5912,2.7276,3.2793,0.0017,1.2669,-0.5738,0.9285,0.9920,7
0.2681,182.9581,24211182.0464,182.9581,0.7254,224.0285,221.2031,2.8254,3.4143,0.0017,1.3423,-0.5659,0.9325,0.9911,7
0.2727,183.0000,22320106.1160,183.0000,0.7331,216.7780,214.0867,2.6913,3.2778,0.0017,1.3131,-0.5521,0.9179,0.9907,7
0.2664,180.6589,22153663.3851,180.6589,0.7310,214.3626,211.6021,2.7606,3.3656,0.0017,1.3083,-0.5608,0.9275,0.9909,7
0.2721,204.4301,22186207.9075,204.4301,0.7284,215.2819,212.4925,2.7894,3.3921,0.0017,1.3294,-0.5613,0.9291,0.9889,7
0.2520,219.1916,27035505.7550,219.1916,0.7198,233.6701,230.7820,2.8881,3.4669,0.0016,1.3502,-0.5690,0.9365,0.9904,7
0.2575,203.5484,25291507.3590,203.5484,0.7279,227.6030,224.8055,2.7975,3.3720,0.0017,1.3103,-0.5659,0.9301,0.9903,7
0.2577,183.5826,23561581.3621,183.5826,0.7279,219.3736,216.5575,2.8161,3.4209,0.0017,1.3164,-0.5631,0.9315,0.9903,7
0.2675,196.2351,21309783.4153,196.2351,0.7352,210.4238,207.6577,2.7661,3.3680,0.0017,1.2938,-0.5633,0.9287,0.9890,7
0.2047,227.4054,27556194.9389,227.4054,0.6809,224.3478,221.2454,3.1024,3.8609,0.0014,1.4825,-0.5312,0.9387,0.9860,7
0.2660,160.5895,19042672.7498,160.5895,0.7480,198.8135,196.0647,2.7488,3.3448,0.0017,1.2292,-0.5781,0.9341,0.9908,7
0.2781,152.5767,16753452.5555,152.5767,0.7562,188.6327,186.0204,2.6123,3.2221,0.0018,1.2039,-0.5654,0.9211,0.9904,7
0.2556,168.0099,18883388.4212,168.0099,0.7434,196.9108,194.1974,2.7134,3.3555,0.0017,1.2502,-0.5575,0.9252,0.9064,7
0.2601,165.6507,18674894.4971,165.6507,0.7497,196.7058,194.0358,2.6700,3.2931,0.0017,1.2165,-0.5621,0.9238,0.9897,7
0.2700,144.7191,18668061.5423,144.7191,0.7518,197.8987,195.2386,2.6601,3.2715,0.0017,1.2030,-0.5698,0.9262,0.9915,7
