71.421927,0.996063,0.002147,0.286173,0.125544,1.320943,1.250400,0.002147,4564.786768,0
69.379190,0.996240,0.002538,0.283132,0.122052,1.245302,1.183931,0.002538,4796.909605,0
76.204851,0.996047,0.002393,0.291890,0.126144,1.284704,1.220314,0.002393,4904.016484,0
63.678688,0.996551,0.002380,0.282892,0.122103,1.237518,1.096438,0.002380,4826.517010,0
75.386620,0.996048,0.002610,0.290923,0.124826,1.248231,1.188730,0.002610,4896.523401,0
67.378352,0.996364,0.002610,0.288311,0.123311,1.244207,1.146615,0.002610,4778.470505,0
77.983050,0.995767,0.002411,0.282043,0.121866,1.246096,1.245417,0.002411,4801.067575,0
64.012833,0.996594,0.002832,0.288904,0.122570,1.205372,1.080458,0.002832,4894.086286,0
68.832631,0.996290,0.001421,0.262037,0.119909,1.330475,1.261104,0.001421,4846.129711,0
71.898719,0.995872,0.001861,0.265442,0.120991,1.317142,1.301451,0.001861,4511.284747,0
73.200895,0.995961,0.002041,0.267276,0.121498,1.293830,1.311679,0.002041,4718.556596,0
65.687412,0.996437,0.001650,0.276477,0.125194,1.340556,1.207466,0.001650,4703.717908,0
53.378280,0.996900,0.001789,0.265961,0.121501,1.293275,1.115152,0.001789,4463.394434,0
69.902206,0.996000,0.001771,0.267050,0.121351,1.344823,1.312349,0.001771,4481.318692,0
71.557742,0.995971,0.001673,0.276339,0.126757,1.377095,1.294961,0.001673,4436.629832,0
69.772807,0.996162,0.001736,0.269808,0.123568,1.322767,1.246798,0.001736,4670.610322,0
68.409475,0.996298,0.001923,0.279982,0.126399,1.319794,1.201584,0.001923,4706.768690,0
60.402761,0.996772,0.001570,0.271975,0.123457,1.323041,1.144019,0.001570,4842.960616,0
63.409832,0.996561,0.001904,0.285139,0.128550,1.348064,1.173656,0.001904,4612.796039,0
78.887401,0.995721,0.001918,0.277867,0.125420,1.318933,1.318802,0.001918,4689.367902,0
58.229665,0.996796,0.001887,0.280512,0.127444,1.322094,1.135927,0.001887,4588.897602,0
62.553205,0.996544,0.002103,0.280980,0.126760,1.312289,1.167739,0.002103,4571.621096,0
62.270104,0.996708,0.001766,0.270385,0.122863,1.300263,1.167895,0.001766,4900.947036,0
60.554894,0.996613,0.002225,0.281966,0.127783,1.310052,1.166885,0.002225,4487.624608,0
68.451335,0.996239,0.001790,0.272357,0.123759,1.337431,1.275513,0.001790,4642.584324,0
84.122161,0.995412,0.001637,0.267825,0.121896,1.342490,1.389898,0.001637,4724.785812,0
64.417433,0.996486,0.001909,0.282308,0.127135,1.341417,1.190266,0.001909,4623.128368,0
58.937663,0.996639,0.001694,0.271960,0.123474,1.339806,1.184183,0.001694,4477.961753,0
73.303635,0.995781,0.001532,0.274253,0.124837,1.391805,1.315088,0.001532,4378.365099,0
62.653566,0.996531,0.001884,0.273174,0.124318,1.336481,1.235272,0.001884,4585.147837,0
80.148544,0.995408,0.001622,0.270873,0.123048,1.367063,1.362441,0.001622,4469.547769,0
68.593790,0.996067,0.002151,0.281651,0.128141,1.335643,1.238579,0.002151,4347.924266,0
70.415524,0.996124,0.002029,0.283497,0.128185,1.340452,1.263162,0.002029,4525.930344,0
72.425243,0.995883,0.001564,0.269146,0.121994,1.338277,1.261802,0.001564,4567.276132,0
64.835329,0.996335,0.002063,0.269205,0.121696,1.270255,1.190487,0.002063,4608.508499,0
66.906602,0.996228,0.001738,0.268611,0.121325,1.307023,1.217616,0.001738,4624.778001,0
82.370447,0.995664,0.001688,0.274387,0.124075,1.329443,1.332436,0.001688,4908.118802,0
70.448896,0.996050,0.001737,0.272099,0.123355,1.357063,1.275912,0.001737,4556.614198,0
51.614263,0.997123,0.001203,0.265465,0.121668,1.380298,1.101086,0.001203,4658.691627,0
75.696843,0.995698,0.001628,0.270920,0.123048,1.357340,1.324949,0.001628,4492.534076,0
64.742664,0.996447,0.002090,0.277402,0.127455,1.345819,1.248756,0.002090,4515.989746,0
76.545568,0.995813,0.002100,0.276614,0.125472,1.304108,1.287532,0.002100,4670.330360,0
71.339577,0.996044,0.001706,0.273588,0.123648,1.340891,1.265850,0.001706,4625.695632,0
80.166515,0.995479,0.001688,0.266923,0.120877,1.329967,1.328056,0.001688,4626.436094,0
69.990180,0.995965,0.001754,0.267504,0.122547,1.323771,1.267294,0.001754,4458.416724,0
78.477757,0.995400,0.001819,0.272816,0.125021,1.381711,1.386223,0.001819,4269.431121,0
68.920362,0.996050,0.001552,0.269682,0.123142,1.347727,1.236789,0.001552,4501.489633,0
66.545906,0.996337,0.001719,0.272579,0.124095,1.327662,1.210193,0.001719,4684.022787,0
60.361889,0.996651,0.001797,0.277243,0.125320,1.328122,1.161640,0.001797,4594.886639,0
69.510980,0.996228,0.002282,0.280765,0.126612,1.279728,1.211298,0.002282,4696.672815,0
68.120312,0.996412,0.002020,0.290465,0.128882,1.342679,1.228728,0.002020,4693.754512,1
65.936393,0.996478,0.002553,0.299052,0.130416,1.330195,1.187174,0.002553,4579.455859,1
76.322954,0.995716,0.002811,0.288082,0.128641,1.313153,1.314463,0.002811,4385.078207,1
72.779016,0.996081,0.002217,0.293737,0.128404,1.349171,1.268295,0.002217,4570.052438,1
70.764819,0.996248,0.002827,0.306575,0.133549,1.323496,1.203310,0.002827,4536.296792,1
70.705266,0.996104,0.002489,0.302542,0.133020,1.392953,1.282241,0.002489,4304.213322,1
70.870695,0.996110,0.002112,0.297501,0.131205,1.400197,1.285309,0.002112,4381.861554,1
96.814910,0.994770,0.002952,0.304218,0.132197,1.340437,1.462566,0.002952,4442.014896,1
92.177041,0.995185,0.002316,0.305551,0.133779,1.401005,1.418742,0.002316,4565.049155,1
90.122973,0.995119,0.002291,0.302370,0.133046,1.415043,1.441281,0.002291,4383.923515,1
85.653598,0.995245,0.002285,0.288420,0.126081,1.344840,1.386968,0.002285,4480.055994,1
73.435571,0.995908,0.002001,0.289097,0.127447,1.386130,1.308156,0.002001,4414.612310,1
62.784842,0.996468,0.002585,0.295700,0.129973,1.335112,1.193104,0.002585,4310.330953,1
73.061710,0.995895,0.002297,0.289154,0.127640,1.366474,1.302256,0.002297,4364.656971,1
77.491638,0.995918,0.002287,0.290985,0.128510,1.317895,1.267925,0.002287,4738.828837,1
75.924817,0.995917,0.002710,0.293151,0.128366,1.285214,1.243060,0.002710,4620.351780,1
73.671889,0.996034,0.002638,0.297008,0.129605,1.319765,1.255455,0.002638,4565.914925,1
87.942911,0.995232,0.002669,0.295867,0.129588,1.348410,1.395244,0.002669,4501.028036,1
76.953316,0.995931,0.002590,0.300955,0.130296,1.329175,1.266802,0.002590,4628.984761,1
70.198672,0.996069,0.002680,0.298252,0.131183,1.353275,1.263882,0.002680,4281.987240,1
85.052675,0.995131,0.002158,0.296643,0.131186,1.448027,1.475328,0.002158,4112.825387,1
72.350692,0.996098,0.002104,0.292666,0.127589,1.357030,1.254580,0.002104,4591.684531,1
66.456501,0.996339,0.002677,0.304367,0.133019,1.358723,1.193674,0.002677,4334.736668,1
78.610187,0.995879,0.003599,0.303033,0.132712,1.281844,1.288473,0.003599,4631.267074,1
75.471579,0.995885,0.003176,0.301843,0.131477,1.324187,1.289026,0.003176,4408.802297,1
84.424271,0.995487,0.002619,0.305326,0.132506,1.379579,1.349271,0.002619,4485.052876,1
78.177969,0.995734,0.002331,0.296227,0.130011,1.367509,1.308201,0.002331,4465.889781,1
68.135850,0.996255,0.002170,0.294636,0.130180,1.354704,1.212326,0.002170,4442.305824,1
77.083026,0.995724,0.002549,0.302814,0.131794,1.363972,1.297877,0.002549,4330.074174,1
79.106130,0.995623,0.002482,0.301859,0.131120,1.362850,1.294892,0.002482,4376.078160,1
76.121558,0.995997,0.002661,0.306042,0.132187,1.339919,1.248776,0.002661,4595.238294,1
81.380479,0.995650,0.002274,0.304199,0.131868,1.394969,1.320316,0.002274,4502.573152,1
97.899019,0.994611,0.002847,0.296002,0.128013,1.325691,1.465090,0.002847,4467.063692,1
79.752568,0.995731,0.002517,0.305834,0.131533,1.373449,1.310892,0.002517,4496.534852,1
77.452587,0.995832,0.002689,0.305779,0.130803,1.342912,1.269175,0.002689,4503.375386,1
74.850358,0.995787,0.002794,0.297561,0.130539,1.327292,1.255919,0.002794,4331.967983,1
114.577669,0.993725,0.003077,0.307036,0.132479,1.374969,1.617462,0.003077,4326.445069,1
89.202030,0.995064,0.003748,0.299162,0.129881,1.286039,1.390950,0.003748,4383.665076,1
92.778062,0.995081,0.003162,0.301527,0.129139,1.265205,1.331153,0.003162,4671.802686,1
82.753540,0.995469,0.002745,0.299037,0.130587,1.329520,1.331642,0.002745,4434.635271,1
77.978944,0.995623,0.003033,0.293935,0.128845,1.314007,1.330778,0.003033,4358.616444,1
89.822191,0.995234,0.002713,0.299103,0.129121,1.323177,1.370995,0.002713,4653.874549,1
78.102071,0.995624,0.002790,0.298809,0.130755,1.354976,1.310842,0.002790,4310.506380,1
78.499649,0.995569,0.002655,0.299514,0.132813,1.381022,1.363744,0.002655,4174.224457,1
92.193022,0.994792,0.003532,0.306181,0.133144,1.327125,1.401061,0.003532,4203.436104,1
82.992741,0.995566,0.003072,0.314290,0.135797,1.359372,1.299740,0.003072,4404.812957,1
82.304203,0.995700,0.002112,0.294256,0.128485,1.337027,1.295752,0.002112,4769.957399,1
86.933912,0.995144,0.002768,0.302529,0.132930,1.364762,1.379198,0.002768,4282.790665,1
72.968497,0.996020,0.002522,0.305029,0.132609,1.349692,1.227092,0.002522,4408.810449,1
94.402967,0.994780,0.002646,0.297070,0.129261,1.355639,1.441218,0.002646,4407.256268,1
75.533881,0.996110,0.002611,0.299713,0.125970,1.285893,1.226972,0.002611,4880.358395,2
92.135954,0.995006,0.003253,0.305743,0.128225,1.310037,1.396038,0.003253,4517.280426,2
68.029130,0.996316,0.002586,0.289347,0.122844,1.256246,1.159506,0.002586,4749.028477,2
86.281715,0.995276,0.003113,0.296121,0.125829,1.283840,1.349900,0.003113,4560.138925,2
61.841466,0.996720,0.002809,0.300729,0.126523,1.272861,1.108754,0.002809,4731.561458,2
79.024828,0.995761,0.003059,0.298331,0.125252,1.248507,1.257497,0.003059,4700.752210,2
70.531941,0.996228,0.002850,0.293158,0.123169,1.230028,1.154499,0.002850,4805.347426,2
60.868722,0.996746,0.002860,0.297787,0.126550,1.270732,1.111201,0.002860,4682.149424,2
91.025544,0.995227,0.004279,0.304762,0.126595,1.183937,1.275739,0.004279,4814.920554,2
69.341403,0.996413,0.003546,0.305764,0.127065,1.218888,1.131284,0.003546,4844.707219,2
76.845426,0.996016,0.002682,0.289691,0.121670,1.229830,1.218968,0.002682,5011.542292,2
84.802248,0.995577,0.003023,0.301711,0.127397,1.276454,1.309470,0.003023,4762.684926,2
69.693051,0.996221,0.002773,0.295509,0.125134,1.286696,1.200884,0.002773,4623.134719,2
74.182366,0.995989,0.003134,0.299901,0.126321,1.275890,1.230374,0.003134,4595.630650,2
62.430020,0.996796,0.002930,0.292594,0.125554,1.198288,1.062431,0.002930,4998.978738,2
68.753040,0.996305,0.002460,0.283237,0.123801,1.250748,1.183954,0.002460,4769.075742,2
89.519563,0.995255,0.002793,0.291976,0.126589,1.283481,1.360291,0.002793,4744.007116,2
75.946685,0.995881,0.002264,0.284432,0.124506,1.284700,1.248836,0.002264,4689.907537,2
75.923584,0.996065,0.002323,0.289565,0.123601,1.279923,1.225598,0.002323,4959.745564,2
84.558060,0.995556,0.002645,0.294321,0.126967,1.287801,1.290257,0.002645,4791.565968,2
79.081431,0.995803,0.002586,0.288313,0.124273,1.291563,1.300972,0.002586,4782.533296,2
66.539805,0.996313,0.001910,0.280253,0.124828,1.351278,1.238616,0.001910,4546.047354,2
62.220922,0.996571,0.002572,0.291550,0.126784,1.292297,1.160923,0.002572,4552.675087,2
74.982314,0.995835,0.002334,0.281721,0.123866,1.311670,1.311826,0.002334,4555.942475,2
88.800846,0.995201,0.002678,0.291375,0.126278,1.312126,1.404543,0.002678,4587.106410,2
72.306162,0.996115,0.002700,0.286228,0.122293,1.230425,1.204221,0.002700,4819.103432,2
81.356664,0.995665,0.003214,0.298519,0.127123,1.272893,1.281258,0.003214,4677.192486,2
79.389889,0.995728,0.002753,0.285480,0.122505,1.245191,1.281048,0.002753,4775.531217,2
68.626683,0.996297,0.002210,0.286651,0.124199,1.295303,1.182475,0.002210,4745.717444,2
67.484029,0.996429,0.003258,0.297601,0.126967,1.237253,1.147735,0.003258,4766.365508,2
65.469513,0.996319,0.002388,0.286648,0.125724,1.315458,1.208856,0.002388,4448.763600,2
67.589466,0.996295,0.002276,0.282666,0.123213,1.292423,1.207328,0.002276,4660.547428,2
80.413966,0.995781,0.002350,0.294497,0.127500,1.314527,1.271914,0.002350,4777.822614,2
69.814234,0.996268,0.002269,0.291885,0.126364,1.314042,1.220032,0.002269,4691.315191,2
83.753749,0.995528,0.002141,0.292037,0.126181,1.356123,1.343458,0.002141,4674.228858,2
75.642290,0.995844,0.002350,0.281371,0.124392,1.274822,1.240923,0.002350,4664.069368,2
88.184932,0.995025,0.002066,0.275327,0.122210,1.328930,1.425317,0.002066,4528.177315,2
86.836578,0.995370,0.002843,0.286240,0.125068,1.264116,1.338661,0.002843,4787.465107,2
81.217172,0.995777,0.002422,0.281585,0.123287,1.258195,1.293177,0.002422,4961.598506,2
84.607981,0.995516,0.001879,0.282916,0.125560,1.346242,1.382893,0.001879,4767.511196,2
73.796518,0.995890,0.002019,0.288733,0.128388,1.366015,1.281726,0.002019,4432.290864,2
75.498795,0.995911,0.002824,0.290937,0.126261,1.289798,1.271812,0.002824,4627.327782,2
75.933775,0.995821,0.002280,0.283081,0.123961,1.315778,1.291832,0.002280,4601.452492,2
96.713878,0.994606,0.002238,0.278711,0.122782,1.321049,1.500879,0.002238,4547.882802,2
83.437696,0.995658,0.001899,0.281872,0.124334,1.322151,1.328916,0.001899,4897.449779,2
64.922958,0.996550,0.002817,0.293757,0.128354,1.271581,1.165687,0.002817,4682.294927,2
73.697488,0.995970,0.002544,0.282881,0.121817,1.276144,1.272022,0.002544,4693.159084,2
67.271225,0.996441,0.002313,0.292256,0.127501,1.315357,1.217762,0.002313,4702.016775,2
86.137524,0.995338,0.001897,0.277406,0.120826,1.322859,1.370740,0.001897,4782.861772,2
61.519073,0.996686,0.002279,0.283626,0.124697,1.297073,1.165317,0.002279,4716.253150,2
87.400933,0.995268,0.002206,0.300311,0.134467,1.434170,1.455236,0.002206,4336.392565,3
88.405771,0.995002,0.002819,0.309056,0.134918,1.416768,1.462287,0.002819,4082.182600,3
90.481559,0.994996,0.003332,0.298464,0.130438,1.296704,1.377968,0.003332,4385.406927,3
84.379859,0.995250,0.002604,0.302643,0.132717,1.401480,1.416445,0.002604,4181.730271,3
81.982512,0.995635,0.003377,0.311943,0.134264,1.307721,1.302312,0.003377,4470.252591,3
86.084296,0.995279,0.002680,0.300874,0.131464,1.365319,1.393481,0.002680,4367.310017,3
105.176699,0.994185,0.002892,0.307624,0.133557,1.404767,1.579725,0.002892,4236.516567,3
92.797909,0.994790,0.003276,0.300841,0.131480,1.353240,1.457204,0.003276,4236.111012,3
106.324974,0.994425,0.004129,0.314642,0.134142,1.307719,1.493003,0.004129,4516.054186,3
96.020654,0.994672,0.002966,0.310904,0.135576,1.400364,1.501238,0.002966,4164.706123,3
83.384845,0.995594,0.003355,0.299673,0.129180,1.264203,1.333913,0.003355,4643.991155,3
68.218971,0.996201,0.002146,0.292109,0.133385,1.417946,1.320309,0.002146,4237.927186,3
78.268416,0.995465,0.002161,0.284470,0.129881,1.408348,1.426086,0.002161,4132.786996,3
87.235717,0.994955,0.002067,0.286707,0.131585,1.434061,1.477588,0.002067,4122.624204,3
83.349373,0.995320,0.002471,0.292564,0.133258,1.409384,1.445670,0.002471,4197.117538,3
89.832618,0.995129,0.001930,0.290274,0.132420,1.440122,1.476587,0.001930,4397.523579,3
100.792003,0.994359,0.001878,0.289181,0.132034,1.470668,1.620212,0.001878,4208.197048,3
74.223708,0.995827,0.001699,0.286214,0.130988,1.438069,1.344534,0.001699,4286.782409,3
93.980274,0.994552,0.002243,0.290254,0.133208,1.452187,1.583276,0.002243,4005.981743,3
88.596906,0.994687,0.001909,0.284433,0.131431,1.469598,1.561982,0.001909,3882.776060,3
62.404771,0.996461,0.001881,0.274735,0.126296,1.341461,1.234961,0.001881,4400.276582,3
74.858134,0.995843,0.002270,0.297100,0.134677,1.403196,1.343000,0.002270,4242.909388,3
75.114155,0.995798,0.002115,0.294341,0.133812,1.413473,1.345318,0.002115,4231.896146,3
74.278897,0.995642,0.001868,0.280575,0.128926,1.437301,1.409675,0.001868,4080.994261,3
94.320290,0.994435,0.002099,0.288118,0.132323,1.469976,1.607130,0.002099,3942.053690,3
89.962721,0.995029,0.004595,0.314527,0.135647,1.309280,1.431947,0.004595,4182.474143,3
85.131301,0.995466,0.003261,0.319703,0.135784,1.354804,1.355932,0.003261,4370.493968,3
89.096003,0.995008,0.003246,0.312103,0.134599,1.390069,1.449679,0.003246,4131.264856,3
97.218435,0.994648,0.003495,0.313505,0.134499,1.369854,1.479940,0.003495,4233.480420,3
85.415412,0.995486,0.003694,0.312936,0.130870,1.302411,1.335965,0.003694,4543.272360,3
87.173249,0.995336,0.003603,0.318203,0.136286,1.328448,1.365118,0.003603,4347.441626,3
58.804744,0.996936,0.003403,0.311762,0.131377,1.257500,1.076117,0.003403,4659.674179,3
85.497383,0.995241,0.002773,0.303082,0.131059,1.362666,1.402112,0.002773,4270.599127,3
85.387765,0.995445,0.003330,0.314306,0.132210,1.329599,1.365260,0.003330,4432.090291,3
82.769900,0.995702,0.002887,0.302587,0.129036,1.314153,1.360748,0.002887,4683.371430,3
73.648937,0.995980,0.002809,0.309494,0.132201,1.364164,1.272546,0.002809,4358.162331,3
61.359741,0.996585,0.002928,0.305167,0.131872,1.352137,1.218213,0.002928,4259.313062,3
84.850284,0.995465,0.002659,0.303489,0.130061,1.343901,1.359871,0.002659,4519.266911,3
66.863926,0.996281,0.002736,0.308101,0.133487,1.395412,1.272916,0.002736,4188.713120,3
112.095202,0.994020,0.003719,0.314593,0.131730,1.324122,1.571715,0.003719,4450.432437,3
90.192314,0.995226,0.003406,0.313706,0.132285,1.323800,1.398685,0.003406,4475.807117,3
85.520407,0.995501,0.003379,0.322126,0.133982,1.341983,1.318417,0.003379,4458.547372,3
86.871238,0.995356,0.003553,0.319854,0.134074,1.336527,1.370112,0.003553,4382.648388,3
81.894696,0.995461,0.003494,0.300893,0.130333,1.315720,1.374962,0.003494,4327.009565,3
78.366344,0.995918,0.003052,0.310437,0.132116,1.320770,1.283501,0.003052,4606.996266,3
59.199037,0.996820,0.003371,0.313835,0.133589,1.305615,1.135821,0.003371,4401.716156,3
81.137422,0.995657,0.003231,0.308879,0.130225,1.304959,1.296417,0.003231,4532.012651,3
84.259907,0.995371,0.003210,0.308611,0.132574,1.339505,1.382515,0.003210,4296.995243,3
84.673377,0.995347,0.003012,0.314139,0.133415,1.399278,1.440180,0.003012,4227.351049,3
66.588334,0.996414,0.003184,0.315054,0.133942,1.315178,1.177565,0.003184,4395.165029,3
91.279056,0.994869,0.002211,0.311781,0.138866,1.482920,1.501774,0.002211,4030.327644,4
84.449842,0.995203,0.003494,0.324699,0.139211,1.403779,1.389700,0.003494,3932.212829,4
99.098189,0.994656,0.003839,0.329412,0.138567,1.359987,1.439215,0.003839,4220.142400,4
84.215554,0.995134,0.002840,0.319886,0.140030,1.469048,1.445116,0.002840,3821.562170,4
89.244995,0.995101,0.003335,0.330840,0.139803,1.415235,1.418447,0.003335,4066.224698,4
79.881317,0.995379,0.002507,0.299580,0.135231,1.485210,1.489295,0.002507,3899.833563,4
75.467240,0.995698,0.002090,0.294191,0.134104,1.462816,1.444286,0.002090,4029.700792,4
77.170895,0.995765,0.002295,0.298688,0.132747,1.453436,1.437698,0.002295,4253.674460,4
69.333218,0.995904,0.001958,0.287403,0.132780,1.476897,1.416699,0.001958,3885.891873,4
72.499294,0.996078,0.002666,0.304153,0.135717,1.412274,1.327659,0.002666,4290.402597,4
82.367295,0.995335,0.002535,0.303166,0.136661,1.464173,1.499466,0.002535,3995.335309,4
69.573961,0.996305,0.002578,0.295220,0.134565,1.377615,1.317862,0.002578,4402.920852,4
74.146034,0.995756,0.002058,0.295442,0.133555,1.466405,1.422596,0.002058,4027.488325,4
76.961149,0.995636,0.002508,0.303016,0.135846,1.440092,1.418586,0.002508,4020.803280,4
92.222387,0.994670,0.002190,0.293692,0.133623,1.480319,1.602657,0.002190,3956.217942,4
86.959017,0.995019,0.001793,0.292301,0.132162,1.501030,1.546761,0.001793,4039.185075,4
76.873993,0.995618,0.002147,0.302360,0.136060,1.504872,1.468740,0.002147,3932.652250,4
83.007231,0.995414,0.002444,0.303473,0.137144,1.431224,1.423541,0.002444,4148.147607,4
86.125588,0.995099,0.002002,0.302195,0.135786,1.518873,1.518376,0.002002,3971.673098,4
99.494208,0.994549,0.002299,0.305030,0.136370,1.459162,1.538731,0.002299,4207.906819,4
78.760193,0.995557,0.002054,0.305995,0.137158,1.493528,1.424944,0.002054,4017.188667,4
88.143694,0.994896,0.002259,0.297650,0.134815,1.476447,1.526706,0.002259,3945.896122,4
83.409378,0.995458,0.002957,0.307864,0.137322,1.417090,1.417196,0.002957,4215.658592,4
92.144309,0.994667,0.002055,0.302047,0.135875,1.528518,1.582607,0.002055,3894.725815,4
86.303800,0.995137,0.002217,0.310040,0.139155,1.500606,1.501813,0.002217,3977.590518,4
80.172564,0.995307,0.001663,0.296096,0.136248,1.552823,1.492487,0.001663,3841.929140,4
71.573579,0.995698,0.002315,0.292411,0.132357,1.472985,1.416069,0.002315,3817.240503,4
68.788859,0.996283,0.001716,0.278817,0.126418,1.390607,1.285230,0.001716,4598.868097,4
78.484385,0.995420,0.002131,0.300469,0.134869,1.500351,1.450212,0.002131,3892.789435,4
73.904332,0.995696,0.002288,0.296873,0.133558,1.465038,1.414448,0.002288,3942.358580,4
79.041588,0.995650,0.001978,0.291546,0.131189,1.423325,1.378319,0.001978,4352.943953,4
79.972283,0.995315,0.002193,0.304644,0.137176,1.505755,1.454243,0.002193,3836.176951,4
84.160060,0.994723,0.001755,0.287395,0.134098,1.541090,1.579363,0.001755,3577.385577,4
77.338207,0.995463,0.002501,0.296770,0.134157,1.453059,1.458426,0.002501,3904.005725,4
75.984387,0.995373,0.002440,0.297553,0.134243,1.516910,1.489939,0.002440,3676.252882,4
70.928262,0.996014,0.002746,0.318236,0.140976,1.469877,1.359807,0.002746,3912.717790,4
67.359277,0.996177,0.002144,0.285567,0.127407,1.371671,1.303136,0.002144,4279.407435,4
68.161045,0.996178,0.002127,0.302549,0.134092,1.442042,1.278414,0.002127,4190.641291,4
80.834242,0.995230,0.002510,0.303575,0.137284,1.469611,1.476049,0.002510,3788.335176,4
74.294343,0.995891,0.002740,0.302096,0.133120,1.386562,1.351306,0.002740,4255.414860,4
66.781976,0.996250,0.002652,0.289572,0.128591,1.323888,1.277623,0.002652,4331.885718,4
69.017606,0.996076,0.002236,0.297825,0.132368,1.418740,1.318154,0.002236,4137.119779,4
74.973028,0.995738,0.002491,0.304106,0.134558,1.413171,1.342981,0.002491,4078.553471,4
76.031355,0.995763,0.001559,0.289983,0.134440,1.510626,1.424042,0.001559,4146.209925,4
80.803524,0.995285,0.001841,0.289962,0.132919,1.488395,1.465918,0.001841,3987.265248,4
81.857302,0.995326,0.001993,0.292776,0.134117,1.456905,1.459370,0.001993,4079.566226,4
79.658588,0.995451,0.003052,0.311646,0.136918,1.428263,1.421443,0.003052,3944.847781,4
73.072726,0.996082,0.003408,0.318978,0.137866,1.383454,1.318972,0.003408,4256.055975,4
67.293043,0.996323,0.002961,0.305166,0.132940,1.338894,1.240383,0.002961,4335.063003,4
86.606571,0.994828,0.002369,0.302256,0.136953,1.495796,1.554389,0.002369,3726.178475,4
89.476472,0.994683,0.000572,0.229457,0.107862,1.523504,1.651829,0.000572,4447.479467,5
72.940663,0.996077,0.001541,0.258436,0.117718,1.282854,1.263856,0.001541,4963.993270,5
83.079767,0.995561,0.001562,0.259338,0.117648,1.283549,1.350564,0.001562,5004.307755,5
81.948971,0.995556,0.001495,0.255489,0.117853,1.309161,1.369529,0.001495,4883.561922,5
85.942771,0.995199,0.001419,0.248216,0.114156,1.307928,1.439396,0.001419,4817.745458,5
73.900933,0.995947,0.001577,0.258479,0.118391,1.310011,1.310492,0.001577,4828.606638,5
83.880596,0.995460,0.001770,0.256094,0.116410,1.262858,1.370455,0.001770,4948.377517,5
71.489152,0.996301,0.001818,0.253326,0.115698,1.219931,1.214321,0.001818,5262.695441,5
83.898855,0.995416,0.001815,0.252073,0.114247,1.226474,1.335317,0.001815,4982.435790,5
102.084007,0.994524,0.001731,0.254309,0.115291,1.278153,1.524764,0.001731,5041.148772,5
70.096467,0.996132,0.001847,0.260571,0.117713,1.252407,1.236490,0.001847,4855.302746,5
71.739385,0.996120,0.001949,0.267055,0.120447,1.303160,1.283724,0.001949,4826.677652,5
72.717659,0.995917,0.001776,0.262275,0.119132,1.307820,1.303768,0.001776,4670.400834,5
69.289283,0.996177,0.001941,0.258832,0.117027,1.212519,1.194675,0.001941,4903.090256,5
61.554323,0.996781,0.002017,0.265171,0.119889,1.228097,1.122617,0.002017,5095.464248,5
78.101675,0.995732,0.001616,0.258858,0.118304,1.290675,1.330642,0.001616,4854.157935,5
99.726405,0.994417,0.001691,0.262039,0.119321,1.343835,1.573967,0.001691,4640.716093,5
88.415077,0.995296,0.001678,0.258170,0.117055,1.286492,1.410790,0.001678,5014.366604,5
84.600471,0.995464,0.001823,0.263901,0.120390,1.300684,1.379453,0.001823,4885.002387,5
85.167046,0.995123,0.001562,0.257726,0.117610,1.331211,1.397678,0.001562,4617.401346,5
95.982819,0.994803,0.001865,0.257649,0.116849,1.279545,1.488041,0.001865,4918.339624,5
107.109175,0.994341,0.001841,0.261803,0.118603,1.288392,1.546748,0.001841,5010.701316,5
74.438443,0.995862,0.001465,0.256792,0.116785,1.316903,1.294669,0.001465,4794.738029,5
84.163631,0.995296,0.001875,0.262713,0.119457,1.290198,1.369628,0.001875,4691.775133,5
89.915624,0.995232,0.001786,0.257254,0.116993,1.281525,1.452284,0.001786,5020.874304,5
67.318463,0.996323,0.001783,0.260671,0.118516,1.279674,1.233275,0.001783,4828.238710,5
76.834658,0.995851,0.001780,0.264297,0.119967,1.298262,1.310036,0.001780,4851.408557,5
74.390076,0.996031,0.001672,0.255835,0.117008,1.264722,1.272758,0.001672,5032.694703,5
92.661652,0.994968,0.001361,0.259821,0.118993,1.364413,1.477936,0.001361,4814.996910,5
80.766938,0.995557,0.001627,0.254818,0.116199,1.287514,1.358460,0.001627,4882.796339,5
69.467687,0.996250,0.001701,0.264532,0.120311,1.308562,1.258225,0.001701,4855.251209,5
84.264356,0.995623,0.001987,0.269229,0.121565,1.281511,1.362706,0.001987,5033.380071,5
64.765506,0.996680,0.002101,0.261417,0.119171,1.192703,1.138949,0.002101,5241.550824,5
65.327267,0.996531,0.001444,0.256726,0.116859,1.285370,1.185312,0.001444,5072.832116,5
72.125272,0.995980,0.002125,0.260858,0.118272,1.247182,1.277762,0.002125,4749.991007,5
72.690916,0.995976,0.001608,0.257021,0.117013,1.269936,1.243955,0.001608,4857.264712,5
88.563925,0.995323,0.001766,0.257021,0.116370,1.262123,1.374550,0.001766,5108.967781,5
71.474947,0.996044,0.001535,0.259905,0.118972,1.307920,1.256436,0.001535,4792.033882,5
79.858784,0.995700,0.001610,0.258032,0.117254,1.269374,1.289700,0.001610,4984.189425,5
94.749718,0.994775,0.001455,0.253113,0.115220,1.316908,1.476944,0.001455,4890.840487,5
88.991788,0.994913,0.001326,0.246824,0.112888,1.319527,1.445779,0.001326,4734.927742,5
93.279074,0.995004,0.001865,0.259120,0.117018,1.263089,1.444449,0.001865,4999.928555,5
84.868638,0.995308,0.001430,0.254988,0.116571,1.299775,1.370656,0.001430,4850.891214,5
92.534417,0.994927,0.001512,0.253183,0.114959,1.271261,1.409165,0.001512,4954.809359,5
76.476269,0.995842,0.001742,0.262855,0.119554,1.298398,1.304465,0.001742,4849.705054,5
88.836730,0.995228,0.001515,0.261245,0.118520,1.312471,1.384247,0.001515,4952.198233,5
66.985667,0.996198,0.001548,0.261296,0.119116,1.333917,1.250648,0.001548,4627.274279,5
81.003101,0.995493,0.001460,0.260964,0.118607,1.326357,1.332978,0.001460,4741.572577,5
59.651065,0.996857,0.001543,0.261436,0.118560,1.279226,1.123068,0.001543,5069.180138,5
91.598136,0.994875,0.001427,0.254314,0.115966,1.325592,1.443429,0.001427,4766.160285,5
75.477901,0.995746,0.001707,0.256079,0.117120,1.307139,1.333628,0.001707,4657.390033,6
82.628020,0.995560,0.001789,0.268199,0.122596,1.326490,1.386457,0.001789,4771.043256,6
95.751542,0.994777,0.002599,0.279660,0.123698,1.292025,1.456733,0.002599,4669.378706,6
102.187825,0.994360,0.001700,0.264884,0.121233,1.349558,1.588348,0.001700,4629.094457,6
94.427324,0.994772,0.001916,0.274661,0.124303,1.345095,1.466623,0.001916,4582.852301,6
78.284163,0.995657,0.001525,0.260288,0.118187,1.335401,1.369677,0.001525,4721.720110,6
84.821575,0.995361,0.001827,0.266374,0.121694,1.305782,1.364565,0.001827,4750.123433,6
87.005463,0.995384,0.001824,0.264252,0.121284,1.330377,1.452563,0.001824,4825.188215,6
70.457817,0.996154,0.001883,0.269326,0.123129,1.303441,1.244532,0.001883,4737.406710,6
78.337683,0.995763,0.002602,0.279260,0.123672,1.255208,1.266433,0.002602,4750.924896,6
76.848063,0.995881,0.001574,0.266608,0.122214,1.337332,1.320246,0.001574,4815.903425,6
65.340797,0.996320,0.001851,0.273404,0.124192,1.316231,1.177677,0.001851,4569.711594,6
89.629648,0.995254,0.001703,0.269372,0.122652,1.318236,1.384765,0.001703,4886.633547,6
75.597625,0.995847,0.001764,0.274873,0.124873,1.341513,1.313203,0.001764,4615.846821,6
81.748923,0.995622,0.001742,0.260939,0.118111,1.258828,1.317310,0.001742,4992.694470,6
86.605820,0.995257,0.001557,0.264353,0.120769,1.346862,1.410587,0.001557,4726.994845,6
73.024146,0.995907,0.001718,0.265283,0.120976,1.327406,1.289731,0.001718,4624.854538,6
89.433980,0.995211,0.001794,0.267673,0.121123,1.317497,1.416139,0.001794,4846.089788,6
76.877711,0.995765,0.001537,0.266605,0.122181,1.364672,1.350268,0.001537,4647.408369,6
93.895235,0.994858,0.001878,0.271907,0.123519,1.342849,1.475947,0.001878,4645.178583,6
89.969918,0.994992,0.001709,0.270141,0.124173,1.377567,1.493011,0.001709,4515.771970,6
82.015026,0.995527,0.002133,0.273259,0.122545,1.307640,1.354847,0.002133,4690.193321,6
73.263776,0.996023,0.001635,0.266248,0.121486,1.296059,1.263199,0.001635,4817.281956,6
86.431698,0.995054,0.001612,0.269758,0.123277,1.383661,1.440827,0.001612,4419.187193,6
68.836931,0.996261,0.001978,0.270638,0.123011,1.274812,1.216492,0.001978,4780.025037,6
74.780503,0.995676,0.002019,0.296669,0.136462,1.470717,1.411596,0.002019,3930.482442,6
76.494920,0.995855,0.001887,0.273120,0.123706,1.303800,1.283294,0.001887,4750.408147,6
84.983734,0.995163,0.001867,0.264751,0.121118,1.322709,1.423102,0.001867,4521.890450,6
100.012797,0.994563,0.001592,0.272038,0.124171,1.384680,1.555855,0.001592,4650.880522,6
93.619491,0.994746,0.002163,0.263476,0.120423,1.313059,1.543758,0.002163,4556.332455,6
91.368591,0.994943,0.001772,0.273487,0.124236,1.378773,1.450197,0.001772,4563.088288,6
76.790247,0.995606,0.001878,0.260888,0.119376,1.305154,1.338331,0.001878,4571.591318,6
89.371972,0.995129,0.002137,0.269343,0.122310,1.345435,1.508890,0.002137,4616.868654,6
95.636343,0.995046,0.001797,0.266795,0.121421,1.320315,1.472519,0.001797,4983.539833,6
77.740181,0.995668,0.002120,0.264445,0.118520,1.304303,1.360487,0.002120,4667.956308,6
82.192829,0.995607,0.002025,0.272513,0.122307,1.293197,1.320451,0.002025,4825.947686,6
80.005919,0.995605,0.001793,0.267013,0.121044,1.346545,1.376120,0.001793,4663.910975,6
84.301036,0.995358,0.002292,0.265548,0.120131,1.294918,1.428438,0.002292,4685.182752,6
90.226363,0.995171,0.001827,0.265771,0.121025,1.339064,1.495814,0.001827,4769.203347,6
73.302950,0.995942,0.001668,0.266176,0.121722,1.332543,1.300781,0.001668,4659.361865,6
83.227203,0.995447,0.001912,0.280106,0.127330,1.367284,1.406710,0.001912,4542.825377,6
70.973521,0.996162,0.002077,0.281018,0.127530,1.321871,1.255631,0.002077,4633.768896,6
89.374323,0.995095,0.001917,0.278556,0.126077,1.346510,1.419551,0.001917,4569.401004,6
84.493495,0.995411,0.001826,0.271487,0.123534,1.325844,1.394506,0.001826,4712.602771,6
93.301032,0.994433,0.001987,0.296110,0.135071,1.530042,1.644753,0.001987,3757.212274,6
78.602368,0.995734,0.002119,0.279496,0.123822,1.314466,1.299305,0.002119,4700.993787,6
86.045518,0.995242,0.002387,0.271521,0.120668,1.264736,1.357472,0.002387,4716.396576,6
96.473795,0.994661,0.002542,0.281959,0.125394,1.320557,1.489625,0.002542,4515.908896,6
87.654503,0.995220,0.002624,0.284003,0.125563,1.291251,1.375250,0.002624,4619.558367,6
74.973394,0.996039,0.002240,0.274822,0.124435,1.282598,1.273472,0.002240,4858.588253,6
