27.8880702196,0.998118142815,0.00728570726608,0.610643099118,0.253862327981,2.39082104645,1.45613163028,0.00728570726608,7408.93679487,1.0,
29.6347102498,0.99804062903,0.00836241441177,0.616189316032,0.254838478522,2.33331462721,1.4367520292,0.00836241441177,7561.58771859,1.0,
32.0551532121,0.997950385845,0.00757637141147,0.618096616667,0.255958431053,2.36535239469,1.4396463852,0.00757637141147,7818.99838685,1.0,
27.3823790348,0.998192085638,0.00813387980335,0.617680601041,0.255969148702,2.33481442404,1.37957905996,0.00813387980335,7572.18187798,1.0,
27.1837113824,0.998231208067,0.00772440721609,0.616985581692,0.255069575428,2.35148599062,1.393810168,0.00772440721609,7683.40142673,1.0,
28.6424243378,0.998119625311,0.00844981377123,0.619654706807,0.25454770697,2.31783539544,1.40638645945,0.00844981377123,7615.3954563,1.0,
31.0161344617,0.997942110984,0.00806981836615,0.61572220325,0.254197650147,2.34232346074,1.46078619518,0.00806981836615,7535.13664214,1.0,
27.1118306802,0.998237626985,0.00845884770189,0.623872427593,0.254588123783,2.30812506471,1.3549597307,0.00845884770189,7691.11352649,1.0,
30.1764896495,0.998066370925,0.00926495448612,0.625391296587,0.257114861929,2.33962973202,1.40370288806,0.00926495448612,7802.48143027,1.0,
29.1170232178,0.998032810792,0.0104124321761,0.629626757636,0.256475051069,2.29129617318,1.39967595797,0.0104124321761,7400.13619969,1.0,
32.8560812937,0.997842626729,0.010055157224,0.628971591184,0.257557083071,2.29689638712,1.45230604669,0.010055157224,7614.27534753,1.0,
27.0373529227,0.998260229519,0.00942459310894,0.631957091484,0.25929225273,2.32214094951,1.33646888567,0.00942459310894,7769.81164532,1.0,
22.709889574,0.99844330252,0.0100858407013,0.630502169169,0.258298687598,2.28248419573,1.28108443969,0.0100858407013,7293.74629375,1.0,
27.4104763103,0.998152352856,0.00984840222603,0.626633451298,0.256078649321,2.32061146576,1.40829295916,0.00984840222603,7417.14657795,1.0,
29.6233624866,0.998045149694,0.0097388444467,0.628085528663,0.25725981876,2.32627490489,1.39581891399,0.0097388444467,7576.3722971,1.0,
29.0727238407,0.998123192756,0.0101023234086,0.630291195866,0.25927033074,2.29780082705,1.36571446549,0.0101023234086,7744.74705529,1.0,
26.5895189706,0.998292522375,0.00944935712641,0.634924080728,0.259022300814,2.30900062238,1.3229739508,0.00944935712641,7785.60717369,1.0,
25.6672544516,0.998395932837,0.0102798904955,0.63569289119,0.258862890482,2.29915405924,1.29572925187,0.0102798904955,8000.14682186,1.0,
24.7166000755,0.998407543608,0.00903158965947,0.632637522311,0.260109319138,2.32711802496,1.30026269427,0.00903158965947,7759.9425609,1.0,
30.7028219971,0.998023040969,0.00944306849744,0.631644960532,0.258572148129,2.30706349961,1.40662870446,0.00944306849744,7764.56630698,1.0,
24.5430771409,0.998417763473,0.0100800980763,0.637190499792,0.258891371164,2.27525636588,1.27369124772,0.0100800980763,7755.23437986,1.0,
25.9694346568,0.998316548635,0.010385021887,0.636886115754,0.258371259496,2.26847333443,1.29789687284,0.010385021887,7712.59098596,1.0,
25.5773563833,0.998415740835,0.0102695722126,0.633387736707,0.259065915715,2.28412498446,1.3074922922,0.0102695722126,8071.80689319,1.0,
27.353778393,0.998182244139,0.00996229969546,0.63344424473,0.258966527179,2.27721327912,1.32186182596,0.00996229969546,7523.49446957,1.0,
27.6346583401,0.998216089,0.0100409270731,0.630119426471,0.257018995636,2.3008254053,1.38497923614,0.0100409270731,7744.99769448,1.0,
32.1956773422,0.997935182404,0.00982938321888,0.627624645545,0.257111482639,2.32297709703,1.45602781099,0.00982938321888,7795.68287545,1.0,
27.7144450387,0.998227428682,0.00970937979978,0.636638461528,0.258202561642,2.31005092264,1.32740986598,0.00970937979978,7817.035263,1.0,
25.7020291952,0.998273045598,0.00951098487182,0.631475224351,0.257121229953,2.31814461132,1.33291386145,0.00951098487182,7440.90257119,1.0,
27.4083338577,0.998141125245,0.00960363294318,0.62670358772,0.256695779259,2.35260160034,1.39741395583,0.00960363294318,7371.77230284,1.0,
25.6539655823,0.998355388525,0.0108607531109,0.632444897338,0.256786082943,2.2805497563,1.3506590952,0.0108607531109,7798.88838011,1.0,
28.3039294029,0.998090486472,0.00976134764321,0.628754075751,0.256141473294,2.33856904587,1.41400616624,0.00976134764321,7410.76592951,1.0,
26.7864106839,0.998190587061,0.00996353910285,0.632249541023,0.258387573622,2.29144394559,1.33619675329,0.00996353910285,7401.44172173,1.0,
31.1725445165,0.997990677138,0.0101098391472,0.634218282282,0.258006007432,2.2875706321,1.38425722016,0.0101098391472,7756.43638519,1.0,
27.7788051343,0.998140510715,0.00980240997149,0.632153280405,0.257646766258,2.32989693106,1.36887938086,0.00980240997149,7468.98402544,1.0,
28.5025121123,0.998109521595,0.0114269474302,0.636654759738,0.257079666537,2.24340052807,1.34416567042,0.0114269474302,7537.94775627,1.0,
28.8984206884,0.998081960083,0.0105586196456,0.632959669319,0.257685912807,2.29502578915,1.3626124709,0.0105586196456,7532.84495416,1.0,
34.0963977852,0.997868484204,0.00950278420702,0.631673322852,0.258781074102,2.33432104372,1.43257094318,0.00950278420702,7997.63299645,1.0,
27.6694661172,0.998152761135,0.00953644782544,0.626255711907,0.257073468452,2.34656331199,1.38414868181,0.00953644782544,7488.86178388,1.0,
22.8190036494,0.998520792412,0.00987087279523,0.62936300632,0.258153366214,2.35460025546,1.27974108098,0.00987087279523,7712.77203719,1.0,
29.8662508652,0.998005865929,0.0103317515491,0.629585368841,0.256670267607,2.3121909439,1.41496728119,0.0103317515491,7488.04059854,1.0,
25.9973730573,0.998330229146,0.0102908101988,0.626311696952,0.258836353434,2.28310783089,1.35089347511,0.0102908101988,7784.17574462,1.0,
32.5097873278,0.9978817417,0.00972043779182,0.630600164527,0.258913172786,2.29837616986,1.41526143585,0.00972043779182,7673.16529713,1.0,
27.2609450702,0.998222607235,0.0097488455226,0.632385783595,0.257400595381,2.3183210863,1.36529289624,0.0097488455226,7668.32352863,1.0,
27.6440760083,0.998159251081,0.00987851505935,0.630030370053,0.257010216714,2.32881569785,1.39369533757,0.00987851505935,7508.4535921,1.0,
28.1249355062,0.998090646801,0.0104086905215,0.628760441821,0.257224496046,2.29309529968,1.37631347134,0.0104086905215,7364.59521518,1.0,
28.5549959101,0.998016605932,0.00921216601602,0.621191762132,0.256117779047,2.35199343638,1.44341534009,0.00921216601602,7198.01280724,1.0,
26.903138174,0.998200805584,0.0102679242091,0.631076596249,0.257457926366,2.31682722143,1.35485905745,0.0102679242091,7475.99641636,1.0,
27.1309397219,0.998243997391,0.00987874218861,0.63340723394,0.258498241894,2.31644118444,1.33901875039,0.00987874218861,7724.70850953,1.0,
26.6814163468,0.998260343826,0.0100081946768,0.6342811287,0.258949416573,2.30005473432,1.32154092997,0.0100081946768,7668.09623204,1.0,
28.2312779211,0.998196638364,0.0100671672625,0.637098040101,0.258759005989,2.27163525273,1.33477317058,0.0100671672625,7826.8390345,1.0,
34.4082426225,0.997858057378,0.00892239159219,0.630614709211,0.257720233706,2.31966104773,1.41193921852,0.00892239159219,8031.4854848,2.0,
30.6965959857,0.998053980182,0.00879682875197,0.630825835636,0.256876043737,2.32394021394,1.36392751526,0.00879682875197,7886.42583127,2.0,
28.8459274523,0.998091896652,0.00950104645738,0.624046148551,0.256100278772,2.29006260815,1.41279336815,0.00950104645738,7558.27992343,2.0,
31.6368369723,0.998000196115,0.00913289103094,0.630873771961,0.255225888039,2.32340674258,1.41134776317,0.00913289103094,7909.45109717,2.0,
28.7201818411,0.998194295339,0.00906489977655,0.633418208229,0.257352270274,2.29752254328,1.3365034921,0.00906489977655,7952.05805769,2.0,
31.3919949034,0.997972749028,0.00912329505236,0.628988408422,0.255540954638,2.32860670936,1.40281098597,0.00912329505236,7741.96316213,2.0,
29.4352655257,0.998098136434,0.00848784326374,0.627199974479,0.255930850343,2.36275304725,1.40210941924,0.00848784326374,7738.00347813,2.0,
38.0749811238,0.997557895133,0.00880017273245,0.627698619727,0.25543103706,2.31642370812,1.52520449254,0.00880017273245,7794.90975729,2.0,
35.3648461587,0.997781552708,0.007809303101,0.627258356418,0.257612629612,2.38267317253,1.46600390109,0.007809303101,7970.01121214,2.0,
33.3455499276,0.997849008162,0.00777885304784,0.62182957201,0.255558845992,2.38420355492,1.48927987164,0.00777885304784,7750.57580556,2.0,
36.7767853772,0.997594412797,0.00933391639444,0.627587783034,0.254922296548,2.33033221649,1.50470962059,0.00933391639444,7643.52833068,2.0,
30.3076480211,0.998015068487,0.00890765673001,0.62607909248,0.254691157666,2.35228039224,1.42165418738,0.00890765673001,7633.90589681,2.0,
28.3435789341,0.998132378883,0.00999741379668,0.630483677134,0.255537658637,2.2808026199,1.35212043038,0.00999741379668,7587.61497338,2.0,
27.991958724,0.998149570953,0.00931233218164,0.625883069848,0.253784511045,2.33438825239,1.40423142264,0.00931233218164,7563.08259476,2.0,
32.335930913,0.997983924829,0.00945999767886,0.633693100188,0.257451844552,2.30557914196,1.38296105204,0.00945999767886,8018.95689587,2.0,
31.5757739256,0.997987279938,0.00955862321964,0.630389407826,0.2570661984,2.28441688142,1.38088623922,0.00955862321964,7843.46512038,2.0,
33.7607972063,0.997846756808,0.00920958732494,0.630686278411,0.256416255315,2.30764979675,1.41742905682,0.00920958732494,7838.94009327,2.0,
32.181430504,0.997936636961,0.00938711643982,0.626910286664,0.255597613768,2.32074393647,1.45004247153,0.00938711643982,7797.67499889,2.0,
31.0851459762,0.998051481721,0.00885162316596,0.631898410983,0.257076205785,2.31542552526,1.38930503995,0.00885162316596,7976.00827024,2.0,
28.8155823318,0.998109714592,0.00976103744866,0.628596872225,0.2549040271,2.29158169961,1.38337318316,0.00976103744866,7621.49838984,2.0,
32.7671584975,0.997767846152,0.00801999223643,0.615685840961,0.253767105683,2.39806483996,1.53289498521,0.00801999223643,7339.18799745,2.0,
30.5796734411,0.998021587386,0.00812453953819,0.625587854552,0.255894913299,2.36956297225,1.4152331215,0.00812453953819,7727.74087904,2.0,
25.2152944693,0.998355760743,0.00914290238546,0.631066647538,0.256038405029,2.31804728422,1.31561851129,0.00914290238546,7667.14409933,2.0,
30.2663798528,0.998107079449,0.0102178111342,0.634207369415,0.257595161766,2.25889336238,1.37582111621,0.0102178111342,7993.98262556,2.0,
31.3009249355,0.997978067952,0.00985807924585,0.631450842533,0.255372486486,2.29081741559,1.40351412572,0.00985807924585,7739.67484628,2.0,
33.2864814698,0.997889161118,0.00853376399355,0.629220618078,0.255615446462,2.35394220978,1.44306612974,0.00853376399355,7884.02675598,2.0,
33.2559664632,0.997853724932,0.00909811392192,0.627091638522,0.2566509658,2.34059377458,1.43382778582,0.00909811392192,7746.8993822,2.0,
29.506351853,0.998082591664,0.00893990212178,0.626954116055,0.256316165565,2.32899531128,1.37707481281,0.00893990212178,7693.84323817,2.0,
30.7947555528,0.997948406012,0.00800327976213,0.616317207226,0.255289079889,2.3639448708,1.4608443969,0.00800327976213,7504.40699908,2.0,
27.4385767319,0.99813510364,0.00707919823245,0.613181797747,0.254469880014,2.39644748699,1.42973636192,0.00707919823245,7355.83438914,2.0,
30.3640093123,0.998019993833,0.00717080374904,0.614385874281,0.254968192208,2.38917028856,1.43584596992,0.00717080374904,7666.79860955,2.0,
29.8964402567,0.998053479715,0.0068484292345,0.613668403397,0.254227134694,2.4197510172,1.46644591959,0.0068484292345,7678.65999046,2.0,
33.0913940099,0.997788876342,0.00834022244906,0.612627786714,0.253451062963,2.34690325001,1.54094098031,0.00834022244906,7482.20403664,2.0,
30.5188196061,0.998006013534,0.00708883928453,0.61580810471,0.253742960036,2.40174000172,1.46238910212,0.00708883928453,7651.92744744,2.0,
29.6513339206,0.998064610493,0.00784797897361,0.617818597499,0.254053188558,2.37069597807,1.44028188511,0.00784797897361,7659.56408483,2.0,
23.9510350469,0.998376577166,0.00854227841602,0.615017944047,0.254986493504,2.34511694373,1.38656955893,0.00854227841602,7375.99355836,2.0,
38.2684688228,0.997441360556,0.00775565317182,0.611274153085,0.252401371418,2.37973878362,1.62034386208,0.00775565317182,7477.50087925,2.0,
30.4383895426,0.99794807713,0.00904376890179,0.612770786089,0.253570680939,2.30531656245,1.49281916567,0.00904376890179,7416.28681885,2.0,
32.7623450576,0.997880794828,0.00826126482437,0.618896375156,0.255175415992,2.32236273707,1.46147045869,0.00826126482437,7729.05621638,2.0,
32.4391713333,0.997856949164,0.00813264238537,0.613722547419,0.255170355254,2.34847348414,1.48261184169,0.00813264238537,7567.66005004,2.0,
29.0373135972,0.998032088446,0.00887898165617,0.611660984533,0.253698995973,2.34227690221,1.48200308312,0.00887898165617,7376.87217867,2.0,
32.8417699616,0.997871413311,0.00768903969274,0.614147154031,0.253928752656,2.37601673622,1.5088907066,0.00768903969274,7713.63841278,2.0,
26.7961901466,0.998188844523,0.00817352193042,0.612469072892,0.253882572356,2.37120064859,1.43966840748,0.00817352193042,7396.81219321,2.0,
28.7879837035,0.998040413203,0.00783084576384,0.606303696626,0.254217021845,2.3761667686,1.49363713585,0.00783084576384,7344.6488233,2.0,
30.8886333606,0.997900620003,0.00938268836944,0.615606459379,0.25445026468,2.30850928436,1.47776064934,0.00938268836944,7355.79349717,2.0,
25.1839143019,0.998356547706,0.00761964412769,0.617736705751,0.255214635088,2.36771103531,1.38253948279,0.00761964412769,7661.03793526,2.0,
31.131992072,0.998038430076,0.00848770191665,0.618847259112,0.256334302132,2.35571495147,1.44991505694,0.00848770191665,7934.73734991,2.0,
29.7657915434,0.997999580128,0.00819991374057,0.614049386522,0.253900979437,2.35692721316,1.48108758573,0.00819991374057,7439.06907549,2.0,
26.4789199648,0.998265293615,0.00809797666847,0.61803825079,0.255284968362,2.35132216199,1.38547945636,0.00809797666847,7631.31307228,2.0,
31.4446894859,0.997905957351,0.00794430467228,0.612426531995,0.253112053857,2.37604771011,1.51988925942,0.00794430467228,7507.37550939,2.0,
34.1984442836,0.997900394213,0.00834716296612,0.634486262444,0.254424463555,2.32583210216,1.42406877242,0.00834716296612,8144.13593199,3.0,
36.6477442899,0.997649185722,0.00878688387937,0.630877356903,0.251430404863,2.32149671459,1.51421065878,0.00878688387937,7794.7104586,3.0,
29.2881126911,0.998125746839,0.00867203594209,0.631009400629,0.254508312562,2.30692465196,1.36855691185,0.00867203594209,7812.86744343,3.0,
33.1501887623,0.99785270918,0.00896271515652,0.627742864313,0.253896512801,2.30377508978,1.47203171207,0.00896271515652,7718.62861972,3.0,
29.9787705279,0.998123777904,0.00858701093854,0.636230618358,0.253918561498,2.30357995387,1.34477442899,0.00858701093854,7988.71575123,3.0,
35.5497294406,0.997743005656,0.00888065445306,0.633505377924,0.253189316441,2.28847717743,1.44916000755,0.00888065445306,7874.97889897,3.0,
29.2619203423,0.998147151746,0.0088083910248,0.635273991688,0.254016531348,2.28036959041,1.35599005852,0.0088083910248,7896.05121134,3.0,
31.1174982697,0.99803570385,0.00863689949218,0.633004950426,0.254227505892,2.29633951986,1.35745611275,0.00863689949218,7920.33906984,3.0,
36.7593484553,0.997700899791,0.0102969783348,0.638403572704,0.253906916381,2.22630974402,1.41678254577,0.0102969783348,7993.85841265,3.0,
32.9078997043,0.997976476963,0.00973127871547,0.640814273955,0.254962658446,2.24859447919,1.35333794752,0.00973127871547,8130.91027091,3.0,
32.8886821242,0.997967708709,0.00892296923866,0.635183282651,0.255017932665,2.29039834402,1.40851475492,0.00892296923866,8091.0622966,3.0,
36.5118747247,0.997703220966,0.00810816987585,0.62898693212,0.2544762205,2.32092463434,1.47037532247,0.00810816987585,7947.97135038,3.0,
33.307874536,0.997870417022,0.00884061161824,0.630051162828,0.254299740673,2.30978904699,1.42013150444,0.00884061161824,7819.82436905,3.0,
30.6031460391,0.998043899412,0.00885582323609,0.631170037162,0.252458348195,2.30156077138,1.40141257157,0.00885582323609,7822.02128772,3.0,
31.5849226074,0.998080223541,0.0107438147194,0.645254123364,0.257105257518,2.2115142712,1.28837695841,0.0107438147194,8225.72641346,3.0,
33.1537264834,0.997881336444,0.0102837814548,0.634968821669,0.257196847893,2.26061454527,1.37302428742,0.0102837814548,7823.74973458,3.0,
36.5228103568,0.997697929203,0.0099374528156,0.635759770074,0.255980320181,2.28468433336,1.45209054301,0.0099374528156,7932.1275875,3.0,
28.8562244384,0.998160710213,0.0100541342416,0.635954992444,0.25651602079,2.26717452868,1.35578713899,0.0100541342416,7843.97615269,3.0,
30.9789435601,0.998089578241,0.00926169740128,0.639909524984,0.255634355204,2.31201364848,1.36942993771,0.00926169740128,8107.46836575,3.0,
33.0982901277,0.997932614875,0.00931279532816,0.638563166607,0.256627225653,2.2957298383,1.38583495879,0.00931279532816,8004.47365728,3.0,
33.6345230605,0.997874782808,0.00935165754712,0.634662146618,0.255487692453,2.30861532357,1.42892940288,0.00935165754712,7912.80705895,3.0,
31.1046813062,0.997979236251,0.00939833001659,0.629823309199,0.256438108713,2.32960198767,1.39869439376,0.00939833001659,7696.02192316,3.0,
31.4258447115,0.997945725533,0.00978264303524,0.637208461279,0.256383891033,2.28359418472,1.36370100044,0.00978264303524,7648.63769061,3.0,
32.3318709495,0.997892100503,0.00998220045169,0.633103797313,0.254238385667,2.29135159251,1.43075725162,0.00998220045169,7668.99115186,3.0,
36.6117992198,0.997648979312,0.00920603707926,0.630962915702,0.254335178924,2.30465438591,1.49523217769,0.00920603707926,7786.1231898,3.0,
35.4479204681,0.997742901821,0.0107267181702,0.642403012064,0.255054753533,2.24830994296,1.38916504121,0.0107267181702,7852.30198653,3.0,
32.2438432014,0.997961430489,0.00997242350609,0.64108974707,0.254546459552,2.26766796546,1.38378216825,0.00997242350609,7908.24889475,3.0,
33.5797788334,0.997854727751,0.0101372803662,0.637843992682,0.255157344374,2.26444559505,1.41314257849,0.0101372803662,7826.28246298,3.0,
30.1261734726,0.99807152631,0.00959773286281,0.637829202228,0.256142855503,2.29750151582,1.35213458755,0.00959773286281,7810.86448156,3.0,
29.1746696659,0.9981688254,0.0103889268316,0.645341478106,0.255375101137,2.23749543461,1.31126124709,0.0103889268316,7966.17935249,3.0,
27.9218287925,0.998158857243,0.00986573366913,0.63386556742,0.255892660108,2.28298868429,1.35161863714,0.00986573366913,7582.74881416,3.0,
28.4675391682,0.998174247885,0.010058160664,0.637648763393,0.255142891976,2.28041288482,1.34854967596,0.010058160664,7796.1283561,3.0,
31.4749858428,0.998010428146,0.00834758717564,0.632898452836,0.256993509541,2.34326959968,1.38865223683,0.00834758717564,7910.00128271,3.0,
32.1405886239,0.997963990749,0.00892338252127,0.63731437765,0.255313965253,2.31837399122,1.38484081042,0.00892338252127,7893.06019254,3.0,
34.2910227773,0.997792102713,0.00792422625975,0.629297555534,0.254842875741,2.38065982258,1.46053451205,0.00792422625975,7765.58205663,3.0,
30.4898194174,0.998038302987,0.0106410253187,0.636676852442,0.256021703955,2.25692448488,1.36484301265,0.0106410253187,7771.32952932,3.0,
33.8500487636,0.99774387619,0.00913202033249,0.624730444924,0.254764998398,2.33934399077,1.51092147486,0.00913202033249,7501.8820263,3.0,
34.92508337,0.997779821228,0.0094079317407,0.631237924257,0.256293500614,2.29967999698,1.45755363997,0.0094079317407,7864.89130434,3.0,
33.9402614359,0.997904543881,0.00946487608832,0.633835015333,0.257754833358,2.28533070716,1.42384854968,0.00946487608832,8098.06600823,3.0,
36.9247750582,0.997682058379,0.00901152897348,0.628551195238,0.256778385427,2.34041816118,1.49738564148,0.00901152897348,7964.53700583,3.0,
30.1109057447,0.998031349968,0.00908027097775,0.626973807416,0.25630050005,2.3381751688,1.4034401938,0.00908027097775,7647.15462586,3.0,
33.1344475555,0.997872939243,0.00973497226301,0.632794323091,0.25539639356,2.2920417131,1.42183823067,0.00973497226301,7788.31118792,3.0,
29.7074136412,0.998053456583,0.00895312446819,0.626460577073,0.25513815942,2.33553980533,1.42091014912,0.00895312446819,7630.3725214,3.0,
38.5621484301,0.997428664796,0.00838305322922,0.619993567135,0.253952388991,2.35532001791,1.59329736362,0.00838305322922,7497.79029605,3.0,
37.1365396716,0.997686010525,0.00881689934542,0.628697819323,0.257896789239,2.33788235394,1.45798936639,0.00881689934542,8023.91612427,3.0,
29.2034968225,0.998162011943,0.00958186515534,0.633548776489,0.257630915963,2.27177594324,1.3426524256,0.00958186515534,7943.98522655,3.0,
33.8660432266,0.997795754167,0.0096653643606,0.630799814668,0.254299659051,2.30353524922,1.45227301328,0.0096653643606,7681.57465834,3.0,
31.694371736,0.998010386436,0.00884098839863,0.629384332345,0.256408317428,2.31716980522,1.41385515636,0.00884098839863,7964.796584,3.0,
35.5759516768,0.997702983798,0.00868077013498,0.625941773897,0.25519571206,2.36214864445,1.495498018,0.00868077013498,7743.41930164,3.0,
29.0468602529,0.998139547543,0.00919178744507,0.629909488987,0.256317276056,2.31928314233,1.37028566035,0.00919178744507,7805.84961129,3.0,
31.4123482036,0.997917449931,0.00665849676185,0.602957150237,0.255371002888,2.44939773165,1.55648084062,0.00665849676185,7541.85313165,4.0,
34.6777669414,0.997619919747,0.00712206443104,0.605725275923,0.25280094684,2.41571927767,1.58490215818,0.00712206443104,7285.03623127,4.0,
31.7176571447,0.997839326096,0.00820114819917,0.610130426826,0.254279241539,2.33351885528,1.49033694079,0.00820114819917,7339.78173873,4.0,
29.6512159441,0.997976278524,0.00725100320107,0.605683899736,0.252784877745,2.40818430966,1.53398823381,0.00725100320107,7326.02774035,4.0,
30.8498269678,0.997983529598,0.00775948650263,0.618756660371,0.254578722606,2.34271905138,1.45045617567,0.00775948650263,7649.55463737,4.0,
31.2867032656,0.997882387874,0.00680409548972,0.608039354201,0.253323810904,2.4145562673,1.52372900019,0.00680409548972,7387.38699418,4.0,
39.1439957843,0.997332475298,0.00690799375388,0.607185083799,0.251865848464,2.42935165339,1.64808878122,0.00690799375388,7337.3397725,4.0,
30.0361291134,0.997907116717,0.00736610293728,0.606390579898,0.252945836495,2.40271977412,1.52732020386,0.00736610293728,7175.87621527,4.0,
33.7936591581,0.997789515531,0.00849404047883,0.617194506884,0.253028425752,2.34996757205,1.52276631221,0.00849404047883,7643.65237952,4.0,
32.8012788649,0.997764532465,0.00708908847545,0.609493003892,0.253039145412,2.40628990754,1.55392468382,0.00708908847545,7336.27825133,4.0,
34.7472031712,0.997758058649,0.00832559761807,0.616557203308,0.25363923776,2.31867025091,1.51323853269,0.00832559761807,7749.10357035,4.0,
29.5145755993,0.99806655587,0.0087934514068,0.621924195938,0.25764194217,2.34646824313,1.42287170452,0.0087934514068,7632.53667966,4.0,
31.223066759,0.997891854568,0.00913613870319,0.619569562995,0.256426532848,2.33736242494,1.48047568112,0.00913613870319,7405.27307837,4.0,
31.7667919839,0.997830352636,0.00835070401697,0.618451928731,0.255817872787,2.37878928199,1.49461555402,0.00835070401697,7320.58975394,4.0,
30.7552759076,0.997930271538,0.00778551335997,0.615666964637,0.257936622386,2.37981348457,1.48287296294,0.00778551335997,7429.76022515,4.0,
32.3631079721,0.997901474106,0.00725935284892,0.617187625249,0.257767542882,2.42101838511,1.4980950733,0.00725935284892,7710.87666311,4.0,
37.0666787265,0.997561827571,0.00818290263702,0.616206008543,0.255540527748,2.39743882875,1.59564116278,0.00818290263702,7601.39674292,4.0,
31.5400050337,0.997909813225,0.00824891959497,0.620945168507,0.257609700465,2.38813611034,1.44547284968,0.00824891959497,7544.83414108,4.0,
31.8572909457,0.997822772429,0.00866503055641,0.614148721036,0.25533737041,2.36719418213,1.53990278739,0.00866503055641,7315.97241103,4.0,
33.982157239,0.997621298149,0.00859260679754,0.611723536829,0.254256219698,2.37600623628,1.56994431511,0.00859260679754,7143.14666653,4.0,
29.7710328446,0.998035231462,0.00978264334702,0.624875893743,0.25804238116,2.29909120694,1.39588969987,0.00978264334702,7576.42114418,4.0,
30.3649641352,0.998039824449,0.00910801121199,0.629092822788,0.257324346589,2.31856850083,1.41777984018,0.00910801121199,7745.56213876,4.0,
29.7415780532,0.998066391253,0.00901658783034,0.627236281746,0.257138448798,2.32749256226,1.41291134462,0.00901658783034,7690.74085414,4.0,
27.65080224,0.998108754732,0.0091166817487,0.616574730357,0.2554545153,2.35972856898,1.45889699868,0.0091166817487,7310.26446731,4.0,
34.5081325112,0.997620107874,0.00827334467537,0.612297987771,0.255220231369,2.38703359027,1.59070974643,0.00827334467537,7249.98216915,4.0,
36.501044485,0.997586942579,0.00925402707757,0.620592759562,0.253947274944,2.29508024144,1.53545586107,0.00925402707757,7563.39112268,4.0,
36.3457732964,0.99769039186,0.00789693472161,0.628434035138,0.253357434338,2.34304800018,1.49172749009,0.00789693472161,7868.60101478,4.0,
34.6624882024,0.997698797624,0.0079780870466,0.621314510601,0.252916228161,2.35684671042,1.52401214371,0.0079780870466,7531.57907923,4.0,
36.1080743094,0.997603803249,0.00801661928083,0.62176384449,0.253288502382,2.36399343147,1.52962153149,0.00801661928083,7534.66361402,4.0,
36.0013449317,0.997720662201,0.00879301009925,0.630237039316,0.252407641161,2.31797121954,1.48046781602,0.00879301009925,7897.46830269,4.0,
35.6204272321,0.997721108275,0.00835982137913,0.626771429649,0.254823242772,2.31263272829,1.46846410369,0.00835982137913,7815.11151185,4.0,
31.6266595356,0.998045552601,0.0094416888317,0.639047640836,0.25578811362,2.24761065684,1.32019127918,0.0094416888317,8090.77751105,4.0,
35.555872082,0.99765290594,0.00784088693971,0.620253803189,0.253241340483,2.34747245139,1.5205389165,0.00784088693971,7574.38951462,4.0,
39.3897187441,0.997480424185,0.00805182522648,0.627189340727,0.252249990289,2.3353768744,1.5212861008,0.00805182522648,7816.7106503,4.0,
37.8291118732,0.997666894618,0.00927044904852,0.632841620896,0.253950527781,2.30256773802,1.48832976782,0.00927044904852,8107.27493916,4.0,
30.5193528597,0.998027866546,0.00782061361944,0.627273801173,0.253628434144,2.34990365237,1.42352136161,0.00782061361944,7737.84123884,4.0,
30.9021817781,0.997974418252,0.00854092159385,0.623485675027,0.253761246655,2.31811678847,1.43125747184,0.00854092159385,7628.11990745,4.0,
36.7785801925,0.99764649843,0.00778392579593,0.623056408392,0.253263363048,2.35721776218,1.50686623042,0.00778392579593,7813.69631292,4.0,
31.4813597181,0.997934273037,0.00772689429038,0.62105858663,0.253318979818,2.36290015144,1.44815012899,0.00772689429038,7620.07452712,4.0,
42.9652142453,0.997251370125,0.00828470723025,0.625614900409,0.25221652947,2.33930272718,1.61763354936,0.00828470723025,7815.86191884,4.0,
36.8174211917,0.99766822034,0.00831983161008,0.628056307431,0.252371607194,2.32150546625,1.50537500787,0.00831983161008,7894.91430096,4.0,
33.0319511735,0.997918742829,0.00815915149648,0.633008087728,0.252034938727,2.33423881384,1.42928018625,0.00815915149648,7935.8549316,4.0,
40.268410621,0.997433371061,0.0085112413137,0.629885611129,0.2523229985,2.31765825194,1.52151261562,0.0085112413137,7844.83166074,4.0,
31.8770291952,0.997905086372,0.00877885468985,0.621171760527,0.253018222631,2.31201397494,1.48703989178,0.00877885468985,7608.32593913,4.0,
36.2568756685,0.997755340772,0.00854180769786,0.632207720747,0.254691606248,2.31144866161,1.45230447367,0.00854180769786,8076.37923024,4.0,
33.512697414,0.997881795215,0.00881220390725,0.63119054602,0.254664214659,2.27995158577,1.38854212546,0.00881220390725,7910.79931567,4.0,
36.6372082049,0.99767003229,0.00831058483234,0.62912032478,0.253399819605,2.32468935736,1.49343736236,0.00831058483234,7861.79039856,4.0,
35.4684530926,0.997698661313,0.00842392031324,0.624272204237,0.253268621313,2.3174086295,1.50837003712,0.00842392031324,7706.16226568,4.0,
36.9007865098,0.997602349684,0.00780073596907,0.623601099106,0.252456527813,2.3694903375,1.55538287296,0.00780073596907,7695.30625839,4.0,
30.8381520166,0.998040593114,0.00841509744314,0.63159854269,0.254047489072,2.30199096647,1.37870760712,0.00841509744314,7869.38794835,4.0,
33.1498474171,0.997717922233,0.00610536499282,0.603889751559,0.255025205071,2.46834130285,1.58353835022,0.00610536499282,7263.02686208,5.0,
33.1780736802,0.997761594131,0.00824798762566,0.620608812852,0.253168645529,2.34173424008,1.48299723149,0.00824798762566,7411.11456732,5.0,
34.2695070157,0.997779656278,0.00844844873903,0.630936550481,0.252506303062,2.31454051022,1.45972912603,0.00844844873903,7717.26068625,5.0,
29.5065830869,0.997968399026,0.00743280666234,0.616516404905,0.253744693124,2.39228781047,1.47915277166,0.00743280666234,7261.98246514,5.0,
35.2214119424,0.997678687283,0.00775137260977,0.627133756093,0.252711150884,2.35947577072,1.49071603851,0.00775137260977,7586.59699404,5.0,
30.7278597496,0.99789742277,0.0077817214851,0.605960038657,0.253050813038,2.40262392934,1.5442285912,0.0077817214851,7307.25112907,5.0,
29.6999622475,0.99799954527,0.00801673905618,0.609742690813,0.254853669164,2.38539322218,1.514147738,0.00801673905618,7423.36728527,5.0,
30.4200921789,0.998027490754,0.00797834346274,0.616503396026,0.254499726623,2.40168024052,1.50987698987,0.00797834346274,7711.20593098,5.0,
27.3136805512,0.998112117141,0.00810602831061,0.605654832987,0.254430938042,2.3900635539,1.49385735859,0.00810602831061,7234.14530567,5.0,
32.0384902158,0.997929171919,0.00797479836379,0.618886456592,0.25637342044,2.37799555197,1.45899924495,0.00797479836379,7735.90058779,5.0,
30.9522840244,0.997932149382,0.00833459654106,0.613980094316,0.255016196736,2.37338100972,1.52778581766,0.00833459654106,7484.21494784,5.0,
32.1679135468,0.997969023018,0.00854848979452,0.616423611571,0.258297171443,2.32287697002,1.45171773737,0.00854848979452,7919.39671588,5.0,
29.5156216573,0.998001477256,0.00773291966894,0.610143157373,0.254558652786,2.40262861941,1.50911250236,0.00773291966894,7384.46796451,5.0,
30.8527166048,0.997934456056,0.00829166572623,0.616070080761,0.254840673991,2.36037500027,1.48770685207,0.00829166572623,7468.50342754,5.0,
33.0562370226,0.997736016011,0.00754108501844,0.605081004449,0.254081617084,2.41258287665,1.60070628579,0.00754108501844,7300.51406738,5.0,
32.4179638835,0.997811992603,0.00775579660235,0.608380965229,0.253381983859,2.42027197517,1.57288428868,0.00775579660235,7408.24663897,5.0,
28.7009563959,0.998074733527,0.00782992604276,0.610730852369,0.253768657555,2.40345838268,1.50841565469,0.00782992604276,7453.87217245,5.0,
29.8420358019,0.998030740392,0.00767195069043,0.613617170868,0.256565074063,2.37232914968,1.47152048071,0.00767195069043,7577.07118855,5.0,
30.6525357075,0.99794671598,0.0074336651076,0.610745008913,0.253855409225,2.43418152843,1.5336657648,0.0074336651076,7464.38528721,5.0,
34.7880623545,0.997721513662,0.00711576240077,0.61551600859,0.256033031644,2.4208763473,1.54184389354,0.00711576240077,7634.1419376,5.0,
28.4939029762,0.998108778735,0.00756806233868,0.616148167024,0.254516888981,2.40869380829,1.47353551878,0.00756806233868,7533.41096867,5.0,
30.0826810546,0.997940197097,0.00754409875191,0.609195673734,0.25455309825,2.40531012309,1.53493361857,0.00754409875191,7302.26802426,5.0,
32.3260098786,0.997896764689,0.00798972370951,0.619676202673,0.255896829336,2.37258862003,1.48375542692,0.00798972370951,7684.85717825,5.0,
29.7865176493,0.997957333089,0.00705343561528,0.608336443855,0.253006134272,2.45128889316,1.56409897439,0.00705343561528,7291.28724708,5.0,
34.6994950607,0.997670055232,0.00691288651975,0.618034989778,0.25530715222,2.42998304265,1.53583495879,0.00691288651975,7446.3194029,5.0,
29.6717957591,0.997974809687,0.00798125729517,0.61273410897,0.255059013301,2.42177692878,1.49263197634,0.00798125729517,7325.58013672,5.0,
26.4007015667,0.998145981843,0.00891664544365,0.61580848866,0.253353715906,2.36253648782,1.44118794438,0.00891664544365,7119.66529155,5.0,
29.6755238155,0.998111038088,0.00924001827086,0.6247163071,0.257187512038,2.34816040574,1.40981564211,0.00924001827086,7854.84168342,5.0,
29.0531067136,0.998017510372,0.00813721425248,0.619118847336,0.254306253941,2.39339628358,1.46931825332,0.00813721425248,7326.90256978,5.0,
28.2292251306,0.998082199869,0.00886937865527,0.620419509469,0.253995121841,2.35389987114,1.44948876864,0.00886937865527,7359.6386087,5.0,
35.2700009438,0.997710294649,0.00883280504468,0.625780747121,0.25620453194,2.35808312382,1.47725571006,0.00883280504468,7701.72872998,5.0,
30.6011954949,0.997913807733,0.00844630969273,0.621070780516,0.254210594102,2.37762351098,1.47592650853,0.00844630969273,7334.09485514,5.0,
27.5283473856,0.997997704233,0.0079297326052,0.60266187581,0.253166608142,2.41339034679,1.53756213427,0.0079297326052,6874.02446732,5.0,
30.3498867426,0.997924691289,0.00924781524873,0.619622731447,0.253482031987,2.33601699281,1.49252186497,0.00924781524873,7311.95773212,5.0,
28.5477836154,0.997991605898,0.00884675278838,0.61329427501,0.251078256202,2.37811660053,1.50526175046,0.00884675278838,7106.79875305,5.0,
31.8308248915,0.997844831181,0.0072177998391,0.609051113869,0.254202911506,2.40642921559,1.5099918203,0.0072177998391,7384.57216491,5.0,
29.7221433965,0.997960746583,0.00794427713231,0.603445706774,0.254051762224,2.37914881689,1.5012945951,0.00794427713231,7287.32745765,5.0,
27.5366246146,0.998128919079,0.00698623232067,0.608861150973,0.254808852549,2.43892991685,1.45024696407,0.00698623232067,7358.33818386,5.0,
29.5340621657,0.997920870511,0.00733819367743,0.59864584521,0.253884311812,2.40417271459,1.5540835588,0.00733819367743,7102.37293924,5.0,
34.0471292393,0.997724603761,0.00813516354686,0.610146185211,0.254104189277,2.37257693185,1.53655225571,0.00813516354686,7481.4369695,5.0,
30.8042880513,0.997913178749,0.00862300581392,0.608175312183,0.25472911044,2.33483305389,1.490514692,0.00862300581392,7380.48530584,5.0,
29.4066114012,0.997979188429,0.00730679123134,0.605479336427,0.254617984779,2.41242296459,1.49470049707,0.00730679123134,7275.77045926,5.0,
28.9270716668,0.998014205501,0.00766569976127,0.608619352347,0.254360210332,2.3888836035,1.47852828289,0.00766569976127,7283.31182043,5.0,
29.0207339709,0.998090666869,0.00740023872386,0.611267336029,0.257231800884,2.42788054029,1.46571603851,0.00740023872386,7599.58793016,5.0,
27.5374048323,0.998120076468,0.00841591630806,0.616236194966,0.255698466821,2.38776371052,1.46225539546,0.00841591630806,7323.96286338,5.0,
32.3798040018,0.997820921363,0.00829888428067,0.619208397852,0.256872846998,2.37328013938,1.49173378217,0.00829888428067,7429.63641668,5.0,
31.9559098345,0.997851917908,0.0077951986591,0.615510640255,0.253851262144,2.36145928329,1.49840338514,0.0077951986591,7438.01291318,5.0,
33.7711130686,0.997852222185,0.00930550790649,0.634194747609,0.255093510694,2.30464071433,1.42799974832,0.00930550790649,7861.80291146,5.0,
31.9344916001,0.997951228827,0.00982727357328,0.632667062599,0.255747677498,2.27710462264,1.3891320078,0.00982727357328,7793.56147017,5.0,
32.4368621406,0.997748264787,0.0088647560879,0.613371313827,0.252881713937,2.36423296576,1.55156358145,0.0088647560879,7202.66562895,5.0,
34.0992119172,0.997592824263,0.00775376204955,0.592491662831,0.24922271909,2.53884208802,1.68786415403,0.00775376204955,7082.57215801,6.0,
30.931512301,0.997977347365,0.00745382273032,0.615725102758,0.259245665088,2.38607165697,1.45197413956,0.00745382273032,7646.07361708,6.0,
39.0926461335,0.997486829882,0.00824757326917,0.622081108988,0.25894855414,2.36499084109,1.51822028566,0.00824757326917,7777.34271336,6.0,
32.4109261939,0.997899690604,0.00823784013512,0.620520943341,0.257370996073,2.37322348459,1.47145598691,0.00823784013512,7715.51333397,6.0,
34.5329107154,0.997718285183,0.00922958056894,0.622581788965,0.255212921752,2.35052244019,1.52871075316,0.00922958056894,7567.10830416,6.0,
30.0807981501,0.998021473666,0.00801504542987,0.622790511889,0.257975411573,2.38069575587,1.44096614862,0.00801504542987,7601.5392474,6.0,
37.1231328258,0.997595418439,0.00914931382834,0.623668102342,0.257943006382,2.33155651547,1.51237651796,0.00914931382834,7719.0824517,6.0,
32.6045617567,0.997963307243,0.00868614085413,0.626034483861,0.259315478291,2.3291900736,1.40749386522,0.00868614085413,8004.14897614,6.0,
33.7980400176,0.997792905889,0.00938660460718,0.62727914092,0.256995421039,2.30875044997,1.45920845655,0.00938660460718,7656.55175763,6.0,
37.6748222488,0.997583067074,0.00895597518881,0.626149976357,0.256039449072,2.35436156872,1.56001698861,0.00895597518881,7793.74234046,6.0,
29.6259217895,0.998052251618,0.0093964476784,0.633038687632,0.257666557348,2.31179720104,1.38846190147,0.0093964476784,7604.97315031,6.0,
30.9194456679,0.997976531682,0.00826463200968,0.623441252944,0.258058899866,2.36856323077,1.44215063235,0.00826463200968,7640.07740196,6.0,
31.2795067011,0.997893083565,0.00853289328026,0.62498692088,0.256965392916,2.36050266366,1.44876046058,0.00853289328026,7422.9150923,6.0,
32.4012285283,0.997866549784,0.00933807461767,0.633687186335,0.258776446218,2.29804246014,1.39154501982,0.00933807461767,7593.46853376,6.0,
27.8243802303,0.998255392399,0.00916289240781,0.632770513307,0.259734155265,2.29895404621,1.32145126785,0.00916289240781,7974.21197322,6.0,
32.889146165,0.997839047035,0.00847345521214,0.623985232318,0.257805211828,2.36001416964,1.46390549298,0.00847345521214,7609.66351327,6.0,
37.8423220915,0.997478329873,0.00818328324283,0.620030124645,0.255945967811,2.38358502348,1.59743125904,0.00818328324283,7503.27521686,6.0,
37.2199175738,0.997612322392,0.00783406510432,0.621918949992,0.257916868664,2.3806157809,1.52987478764,0.00783406510432,7793.99789108,6.0,
35.6962278991,0.997703499906,0.00861250168946,0.623344560854,0.257658494888,2.35361998563,1.49863461901,0.00861250168946,7771.71022548,6.0,
27.5044626565,0.998115883189,0.00846788982278,0.622775643011,0.256097983723,2.37981829206,1.44085603725,0.00846788982278,7298.87523245,6.0,
39.1866859624,0.997473907185,0.0091688774835,0.626340447858,0.256131895532,2.32855374756,1.5567042094,0.0091688774835,7756.28146396,6.0,
41.5110614736,0.997352866666,0.00805761095536,0.622190345698,0.257191670771,2.36740105596,1.58915874913,0.00805761095536,7840.60465136,6.0,
26.9717249733,0.998205815348,0.00825568939888,0.625177542146,0.257168875023,2.37361357663,1.40032561505,0.00825568939888,7516.30485685,6.0,
33.3498600013,0.99778446538,0.00928589325909,0.626168904121,0.257374186565,2.31624410572,1.4605061977,0.00928589325909,7526.30684578,6.0,
38.277008746,0.997585030571,0.00938673663571,0.624137392702,0.256671080693,2.32777559443,1.55042156924,0.00938673663571,7924.75476417,6.0,
29.213581451,0.998098491853,0.00930340478339,0.625085024628,0.25776972788,2.31735862416,1.39014345938,0.00930340478339,7681.49692512,6.0,
33.2143758258,0.99787009002,0.00930631702231,0.626860742881,0.257554109179,2.32275355609,1.44238186623,0.00930631702231,7796.97084969,6.0,
29.8357154093,0.998105199419,0.0094112504725,0.626360204296,0.258587543902,2.31513597837,1.40419524319,0.0094112504725,7872.88837389,6.0,
36.7855423771,0.997623586488,0.00886989109661,0.620573895778,0.256158463562,2.37898319804,1.53996256213,0.00886989109661,7739.56630926,6.0,
33.4644859372,0.99779658535,0.00872030671445,0.623920576491,0.256583303066,2.36032035859,1.4861652929,0.00872030671445,7593.54020419,6.0,
30.9196831939,0.998004478649,0.00862968826689,0.626475958354,0.257944708105,2.3482377679,1.41569087019,0.00862968826689,7747.14313737,6.0,
33.9430456805,0.997896079709,0.00881400968284,0.628911681913,0.258927926048,2.32311116024,1.46469986787,0.00881400968284,8066.5238884,6.0,
32.1677184924,0.998003531548,0.00906422444608,0.626085385135,0.261034565945,2.28331999726,1.37845277795,0.00906422444608,8056.05093935,6.0,
27.21527402,0.998272456584,0.00845277667577,0.627887618654,0.258151947481,2.3610856773,1.35723903605,0.00845277667577,7876.7509278,6.0,
28.0344444095,0.998129318184,0.00959376828537,0.626728928527,0.257659362247,2.29095904289,1.40233278802,0.00959376828537,7492.99542687,6.0,
29.3824592588,0.998081990052,0.01006597183,0.629797695178,0.258118180046,2.30413405094,1.38799943371,0.01006597183,7659.49880815,6.0,
35.0668438935,0.997786790332,0.00915927801108,0.626187301705,0.257796635679,2.32883289903,1.48080601523,0.00915927801108,7922.04992265,6.0,
28.9699663374,0.998087496643,0.00838760051573,0.625113817947,0.258671399947,2.36352548721,1.39850720443,0.00838760051573,7573.62016549,6.0,
33.2375039325,0.99783844815,0.00844866655469,0.622720106986,0.25949989078,2.35348560262,1.43526395268,0.00844866655469,7688.02688608,6.0,
35.0336122821,0.997694491959,0.00881330177949,0.622793924175,0.25648653388,2.37545384876,1.53912099667,0.00881330177949,7597.44659387,6.0,
32.9445542063,0.997772961702,0.00911724731026,0.620121881648,0.254885881051,2.36726797813,1.52117913547,0.00911724731026,7396.18857167,6.0,
36.0975413704,0.997691079796,0.00892909724505,0.626908245067,0.257214212194,2.32648919289,1.51336280123,0.00892909724505,7816.66522694,6.0,
35.8974391241,0.997624795881,0.00881653576837,0.623880532714,0.257399011928,2.35640801337,1.49135783049,0.00881653576837,7556.42147361,6.0,
36.2768797584,0.997629457391,0.00919155046279,0.625213356627,0.258031456168,2.33447191574,1.50206065563,0.00919155046279,7651.27622259,6.0,
30.6501903354,0.998010627005,0.00863518992585,0.626047985065,0.257136595623,2.34785033572,1.42557257912,0.00863518992585,7703.16164311,6.0,
32.0763512238,0.997944151317,0.00884138201479,0.626132448689,0.257687794264,2.35808878551,1.45759768452,0.00884138201479,7800.98509983,6.0,
24.0879365129,0.9983836837,0.0091031828545,0.624712808324,0.257384114942,2.35042888347,1.36417762537,0.0091031828545,7451.22956179,6.0,
31.8172874851,0.997918336309,0.00935856964829,0.627119311157,0.256710495812,2.34009320227,1.43733719247,0.00935856964829,7642.07676069,6.0,
26.4841848613,0.99833836731,0.00889920425143,0.628811511615,0.259605106827,2.33333447892,1.31865601208,0.00889920425143,7969.20217576,6.0,
32.9943088152,0.997814635619,0.00913970434453,0.622168721032,0.25629507111,2.35772143241,1.50183099478,0.00913970434453,7548.80596162,6.0,
28.7596866545,0.998103751748,0.00938911921649,0.628035591819,0.254230117957,2.31899196866,1.41969105896,0.00938911921649,7582.83494703,7.0,
32.4248725854,0.997917479931,0.00780823768781,0.62388674038,0.257938655731,2.35951968098,1.46717422765,0.00780823768781,7784.5237908,7.0,
36.2808532058,0.997598403469,0.00777339775897,0.621493695078,0.255836138331,2.35708513504,1.5369376455,0.00777339775897,7553.04999251,7.0,
43.5648555968,0.997124747373,0.007926037093,0.618045713181,0.255500463091,2.37666513263,1.64372365192,0.007926037093,7575.38641969,7.0,
36.2153448059,0.997624131423,0.00850605295713,0.627866808948,0.256109753149,2.347590872,1.51133989807,0.00850605295713,7621.09742915,7.0,
32.5800588309,0.997851024554,0.00804693601383,0.623129227665,0.25618536191,2.37634767381,1.4840511546,0.00804693601383,7579.98027869,7.0,
35.8894513308,0.997662210593,0.00859312728559,0.625597859334,0.258200497582,2.33293371536,1.47645818914,0.00859312728559,7675.48490743,7.0,
36.5868621406,0.997635636129,0.00705086909821,0.606427616524,0.256582779123,2.40126570588,1.57492606808,0.00705086909821,7736.7126144,7.0,
30.9373969672,0.99798788487,0.00868375769435,0.629003784447,0.258311717697,2.33208860176,1.39077581325,0.00868375769435,7687.34287282,7.0,
31.2134965079,0.997961628638,0.00815373673812,0.625956767543,0.257250285666,2.32305203838,1.41248348329,0.00815373673812,7656.05712513,7.0,
29.6082725099,0.998110090911,0.00797647833642,0.624143284126,0.257823289842,2.37338638784,1.42073397093,0.00797647833642,7832.80657043,7.0,
25.6810167998,0.99829121997,0.00865164764679,0.632729197532,0.25880146242,2.33123408475,1.31744478701,0.00865164764679,7514.0304516,7.0,
35.8905555905,0.997681764629,0.00672061212551,0.613062809875,0.259392475014,2.40859685645,1.51278235701,0.00672061212551,7740.51761626,7.0,
30.3556801737,0.997998577528,0.00747670836368,0.620834849435,0.259174975326,2.37438970489,1.43669697351,0.00747670836368,7583.08997927,7.0,
33.6748002265,0.997795900785,0.00727167407673,0.616920963451,0.2587856373,2.37514197073,1.48633045995,0.00727167407673,7638.7413401,7.0,
35.0527512112,0.99772438807,0.00834983807925,0.622418893987,0.25724224779,2.37316391779,1.49095356446,0.00834983807925,7701.39516534,7.0,
29.3884823507,0.998033108773,0.00817083187692,0.623333012405,0.257504271971,2.36301766314,1.41910274964,0.00817083187692,7470.38516235,7.0,
34.2127933681,0.997759309664,0.00680685350482,0.611187259017,0.258246913486,2.40926677284,1.52989838294,0.00680685350482,7634.00444468,7.0,
30.1526143585,0.997999118779,0.00699234628241,0.615126017351,0.258147848699,2.41383032075,1.46145787454,0.00699234628241,7534.38669194,7.0,
34.4647533505,0.99775733191,0.00830625196662,0.62387967048,0.257445587172,2.35892501428,1.50632825772,0.00830625196662,7683.42450416,7.0,
37.5247388788,0.997506768576,0.00774403687809,0.61850800538,0.256306817705,2.388194491,1.56241269741,0.00774403687809,7524.92252832,7.0,
33.186973825,0.997813759237,0.00773751584941,0.618547599832,0.256477432319,2.36436633832,1.48417070408,0.00773751584941,7589.59089539,7.0,
32.7261829107,0.997860317882,0.00804486196482,0.622438536309,0.258945464287,2.35667408478,1.43547945636,0.00804486196482,7647.07741832,7.0,
31.1498773045,0.997868785037,0.00772295521402,0.616355936348,0.256733923483,2.39893600745,1.50067954445,0.00772295521402,7307.6372978,7.0,
28.4010240357,0.998134218038,0.0078062448087,0.623647696745,0.259930598623,2.34413667628,1.38146825647,0.0078062448087,7610.66781293,7.0,
27.1754231423,0.998138262139,0.00726608041993,0.613302616471,0.257275445921,2.39011962227,1.44841754231,0.00726608041993,7298.00218999,7.0,
31.3740498962,0.997949922388,0.00802667660458,0.622623911131,0.258895765829,2.35402717453,1.42779053671,0.00802667660458,7651.51908212,7.0,
34.7214260995,0.997638966642,0.00871220768277,0.617985642285,0.256917037287,2.34566428925,1.5254341534,0.00871220768277,7352.65087108,7.0,
38.3775451457,0.997467714277,0.00682122122683,0.612558385439,0.257164422283,2.43189648903,1.60954665576,0.00682122122683,7577.2663035,7.0,
34.6222613729,0.997679577378,0.00898786048748,0.614978953475,0.255323569696,2.33290295008,1.57685144403,0.00898786048748,7459.96766695,7.0,
31.7692458944,0.997854816329,0.00693229534734,0.612738326448,0.257121084171,2.4260786833,1.50708959919,0.00693229534734,7404.41670602,7.0,
28.2048433273,0.998061741819,0.00848388211581,0.618276707221,0.257037684457,2.35489888554,1.45244604543,0.00848388211581,7275.46735407,7.0,
34.3434987101,0.997730892505,0.00733257717211,0.606561309961,0.255626420676,2.39285625967,1.59183760146,0.00733257717211,7567.27261902,7.0,
37.3279384006,0.997662931528,0.00784362228445,0.61546144523,0.257941146031,2.37773201797,1.54588026175,0.00784362228445,7985.77545503,7.0,
31.4283536777,0.997921204019,0.00943115672683,0.627880263184,0.253975443763,2.31980664649,1.45256244888,0.00943115672683,7558.9956695,7.0,
33.3076291449,0.997857588339,0.00819149786813,0.623390681311,0.258581269751,2.34000093941,1.44087963254,0.00819149786813,7773.06217483,7.0,
32.0337884603,0.997878354565,0.00774071638453,0.616767969732,0.256775217688,2.38766083625,1.48206443088,0.00774071638453,7548.9925146,7.0,
35.4414081671,0.997628338341,0.00840545782126,0.617754452699,0.255875207117,2.3504500027,1.53555968036,0.00840545782126,7471.56004003,7.0,
38.97322878,0.997457903465,0.00748429819052,0.608473270587,0.256440641757,2.39932047137,1.61039923237,0.00748429819052,7665.30624443,7.0,
25.5244258479,0.99827549913,0.00728306416662,0.613502588385,0.258740257941,2.39965101085,1.42034858114,0.00728306416662,7400.18054594,7.0,
34.5634508903,0.99772438787,0.00759355412885,0.618091051011,0.257891903231,2.38890512811,1.51804410747,0.00759355412885,7593.9130764,7.0,
27.8759721261,0.998180494105,0.0078820976572,0.622962041676,0.258925903811,2.35754369787,1.38911627761,0.0078820976572,7659.8092889,7.0,
31.8066585918,0.997873157667,0.0069922371321,0.618110218222,0.258146130964,2.40171269503,1.48337161014,0.0069922371321,7477.0102369,7.0,
34.5718696911,0.997719581319,0.0075597243749,0.618808300064,0.25809975427,2.38964209038,1.50742937142,0.0075597243749,7579.7606885,7.0,
32.5166504121,0.997671372102,0.00635795936757,0.603799552601,0.253780680636,2.46971754031,1.60897407664,0.00635795936757,6981.41390626,7.0,
32.7271581828,0.997841318823,0.00758795818077,0.624874772295,0.257281650454,2.38867232085,1.44632070723,0.00758795818077,7579.95086395,7.0,
32.8068536463,0.997785464891,0.00840762118588,0.623927845588,0.256665756217,2.35213879825,1.47333889134,0.00840762118588,7406.7818143,7.0,
38.4140486378,0.997419850529,0.00813538367854,0.62101928547,0.255735323242,2.36087925681,1.562459888,0.00813538367854,7443.9333557,7.0,
32.3863241679,0.997852791973,0.00807487764366,0.625164988124,0.257326849151,2.34673582277,1.45812936513,0.00807487764366,7541.17051455,7.0,
33.7515195369,0.997835546491,0.0077931700201,0.621443806955,0.258811912176,2.35269768203,1.45199773485,0.0077931700201,7796.61885921,7.0,
