0.36258135953,0.636083743842,0.376815044037,0.481587356797,0.387580873627,0.371644231339,0.317818500093,0.376815044037,0.58565750883,
0.314052567607,0.709359605911,0.474172815996,0.436229647182,0.222694383829,0.164445724581,0.187599032188,0.474172815996,0.723902173566,
0.449490676436,0.634852216749,0.44275172578,0.541466489859,0.378813981088,0.274617441667,0.2484645295,0.44275172578,0.786508322123,
0.2606754607,0.764778325123,0.436086646037,0.432577552662,0.207495884537,0.149561318051,0.0801965804657,0.436086646037,0.740737190747,
0.312228981778,0.755541871921,0.494168055225,0.529358057434,0.304965353547,0.17189781125,0.130906091077,0.494168055225,0.783002296039,
0.29191626184,0.737068965517,0.487502975482,0.483467750701,0.265571762184,0.166868570493,0.14119034804,0.487502975482,0.712203446838,
0.467053961312,0.551108374384,0.444179957153,0.428229821091,0.203629263811,0.17061861638,0.281802222345,0.444179957153,0.725533225322,
0.20030414067,0.847290640394,0.541537729112,0.480467815917,0.224187435397,0.0616922082066,0.0222838143049,0.541537729112,0.78127866394,
0.322903393988,0.707512315271,0.204713163532,0.235418795244,0.241759503847,0.386274493193,0.359058647176,0.204713163532,0.752381673861,
0.305991843798,0.637931034483,0.307783860985,0.257190061086,0.261781708204,0.356415317582,0.39459957042,0.307783860985,0.553847722399,
0.362437683666,0.634852216749,0.356343727684,0.290613247538,0.264040427242,0.288095580989,0.392459217602,0.356343727684,0.676005206069,
0.245772194366,0.778325123153,0.254463223042,0.373774483163,0.408253895333,0.425418420971,0.272252375515,0.254463223042,0.668403732248,
0.0280410724897,0.925492610837,0.287788621757,0.248701115193,0.273802687493,0.298868491425,0.162121036826,0.287788621757,0.526048266914,
0.322579672772,0.625,0.286836467508,0.288276341819,0.309214808009,0.425285700973,0.417791336979,0.286836467508,0.536086970075,
0.312751948815,0.658251231527,0.266841228279,0.397839177409,0.476436583592,0.521250730666,0.399340539942,0.266841228279,0.509045273208,
0.343068637286,0.659482758621,0.289692930255,0.337775265755,0.364572566135,0.365203075715,0.320195272612,0.289692930255,0.648527357273,
0.262127225845,0.764162561576,0.316829326351,0.398013086672,0.424600895831,0.375518525735,0.249709505581,0.316829326351,0.67049754855,
0.114757237921,0.928571428571,0.237086407998,0.333481880829,0.335592052372,0.370605061997,0.141612885377,0.237086407998,0.751107192705,
0.215769299224,0.808497536946,0.314210902166,0.455946609856,0.517629493511,0.457223215269,0.241537935301,0.314210902166,0.614913321222,
0.41472285401,0.605911330049,0.321590097596,0.388969805004,0.411699398951,0.366403203352,0.402635325127,0.321590097596,0.659751500333,
0.0833235474288,0.927339901478,0.314448940728,0.418860459555,0.475364649133,0.375987281471,0.145335238105,0.314448940728,0.600293600646,
0.150686459358,0.852832512315,0.363246845989,0.412577987435,0.457639447188,0.349578825795,0.201142862892,0.363246845989,0.590266958878,
0.121230548221,0.934113300493,0.292549393002,0.329188495902,0.340798591172,0.299873774811,0.152113441214,0.292549393002,0.785623116043,
0.159955502094,0.828201970443,0.394667936206,0.423023412535,0.483327590827,0.345264013961,0.231633458921,0.394667936206,0.54024119098,
0.286257890213,0.719827586207,0.294691740062,0.35273146236,0.387159756518,0.406902569403,0.356407728409,0.294691740062,0.631291329621,
0.507784905469,0.50184729064,0.261842418472,0.313634486207,0.331534014777,0.416362399013,0.495430057495,0.261842418472,0.679894825096,
0.217663133868,0.799876847291,0.313734825042,0.426555944436,0.473641897324,0.436095321197,0.255207521165,0.313734825042,0.620732259731,
0.129480917617,0.837438423645,0.264698881219,0.322079954784,0.362313847096,0.422196431244,0.257023425671,0.264698881219,0.534275170208,
0.331414542448,0.607142857143,0.223756248512,0.353372752766,0.412158799433,0.568866147647,0.437736105312,0.223756248512,0.475049055691,
0.191710718527,0.807881773399,0.320637943347,0.368850677159,0.404770108342,0.39800185808,0.280484308271,0.320637943347,0.597689927394,
0.430672644194,0.507389162562,0.24041894787,0.302982543858,0.320546686574,0.506357852647,0.492580445576,0.24041894787,0.529936495247,
0.277637240102,0.670566502463,0.374434658415,0.417306145519,0.496382221201,0.421419878067,0.343007258588,0.374434658415,0.457260304211,
0.366418733786,0.634236453202,0.351344917877,0.454272733201,0.527927720991,0.424955312894,0.376395253497,0.351344917877,0.562831969835,
0.358050999067,0.596674876847,0.228993096882,0.283146018565,0.279506910149,0.426756916265,0.360660767911,0.228993096882,0.586703156033,
0.23631324392,0.733990147783,0.357771959057,0.28876546162,0.270701734237,0.228295338704,0.242581703127,0.357771959057,0.612235682861,
0.229946912342,0.744458128079,0.274220423709,0.276852677116,0.270969717852,0.334671828627,0.278738826654,0.274220423709,0.620833927093,
0.486600104167,0.57697044335,0.260414187098,0.343981652573,0.337774204663,0.402268664809,0.441503729898,0.260414187098,0.789099746339,
0.307947604869,0.669334975369,0.27755296358,0.333068846329,0.364457716014,0.464858850871,0.363135629455,0.27755296358,0.580619143571,
0.0,1.0,0.146631754344,0.269809351971,0.301022166073,0.528880718608,0.120717408035,0.146631754344,0.64185626513,
0.403419282408,0.548645320197,0.250178528922,0.320482163431,0.351479652387,0.471647337552,0.45004753545,0.250178528922,0.54252006999,
0.196405626353,0.814039408867,0.390145203523,0.445914219256,0.545308372574,0.412112535263,0.292295232873,0.390145203523,0.557498932347,
0.471601097612,0.535098522167,0.367531540109,0.37553531445,0.405114658704,0.329727302763,0.408118250092,0.367531540109,0.64777711268,
0.331108055783,0.660714285714,0.264936919781,0.344503380361,0.359136327093,0.428572638784,0.34248914733,0.264936919781,0.62174262712,
0.4072261194,0.556034482759,0.263270649845,0.270537597009,0.252785115424,0.393365129656,0.396900889844,0.263270649845,0.622376688756,
0.257964295516,0.684113300493,0.283980004761,0.282232994935,0.321886604648,0.375634302754,0.35426737559,0.283980004761,0.52187916166,
0.390487406196,0.51539408867,0.298976434182,0.340786069868,0.424026645228,0.53502254828,0.534632970991,0.298976434182,0.410467703643,
0.28999818087,0.658251231527,0.22780290407,0.293004499902,0.315569848015,0.451287525167,0.331641507251,0.22780290407,0.54855070639,
0.221531962817,0.784482758621,0.274696500833,0.338101345623,0.342559626354,0.390501766305,0.25329855784,0.274696500833,0.657004643157,
0.15544489911,0.84236453202,0.285884313259,0.369024586422,0.393055396041,0.396575824064,0.21695783178,0.285884313259,0.602831475408,
0.271836503224,0.750615763547,0.407522018567,0.406034651421,0.417709888595,0.26256816019,0.255162249307,0.407522018567,0.664055854477,
0.295675785732,0.76539408867,0.355867650559,0.546194647942,0.530990390873,0.422419513793,0.29532341712,0.355867650559,0.661618205315,
0.250008912163,0.793103448276,0.482980242799,0.621345188148,0.546265456912,0.396570176405,0.230725506668,0.482980242799,0.594320108603,
0.409659467561,0.560344827586,0.546298500357,0.499956522684,0.495463420237,0.352425246167,0.435215971911,0.546298500357,0.479641212912,
0.422604613722,0.60775862069,0.40252320876,0.570639768701,0.503426361931,0.444696706567,0.371913339604,0.40252320876,0.58859483829,
0.305388601763,0.746921182266,0.547012616044,0.694941414317,0.654951954366,0.38599211022,0.247491184563,0.547012616044,0.569554874548,
0.38468693144,0.613916256158,0.469888121876,0.67149627182,0.669078519199,0.570772232717,0.418817499082,0.469888121876,0.43157901465,
0.30303120358,0.70381773399,0.370149964294,0.611204104259,0.608782205888,0.592826342943,0.38667951046,0.370149964294,0.477752165968,
0.794781882673,0.225369458128,0.576767436325,0.676778765679,0.619310133609,0.438557700725,0.661791558308,0.576767436325,0.511345747766,
0.580836464167,0.495689655172,0.429421566294,0.713049716311,0.684889552467,0.590507978731,0.512945236143,0.429421566294,0.586585790808,
0.595684422666,0.423645320197,0.41847179243,0.669768048521,0.66528846522,0.634751743009,0.599306334539,0.41847179243,0.478485004316,
0.66014501662,0.315270935961,0.410140442752,0.497423969044,0.419853757513,0.447032013758,0.579328869864,0.410140442752,0.535009773942,
0.358036746159,0.625615763547,0.339204951202,0.517412664942,0.470272960453,0.55097718628,0.415200780688,0.339204951202,0.495951056502,
0.201622354431,0.777093596059,0.483456319924,0.569911523663,0.550285211133,0.417514521544,0.285635239614,0.483456319924,0.434996003633,
0.350101742826,0.621921182266,0.422518447989,0.528292863199,0.472991079974,0.495020176263,0.404629801961,0.422518447989,0.466970147933,
0.388294555376,0.673645320197,0.414901213997,0.533260146519,0.492209333486,0.36334781958,0.315984989864,0.414901213997,0.689437967195,
0.39372612556,0.639162561576,0.529635801,0.563846438121,0.483748707936,0.26990729367,0.293366666834,0.529635801,0.618556472624,
0.384717141051,0.646551724138,0.502499404904,0.599921740832,0.52011791279,0.370641771784,0.334013249564,0.502499404904,0.585759655987,
0.500917330251,0.518472906404,0.51797191145,0.601367361579,0.537919681482,0.444123469131,0.477497371717,0.51797191145,0.548102823224,
0.395100597351,0.661945812808,0.488455129731,0.644007738962,0.540944067991,0.398608981473,0.314898465284,0.488455129731,0.623922871932,
0.291415116496,0.68842364532,0.511068793144,0.609834568814,0.610619807817,0.464926622784,0.371478226752,0.511068793144,0.417882843416,
0.558499503671,0.370073891626,0.379671506784,0.603595574009,0.639217487845,0.720037048646,0.698441642061,0.379671506784,0.317173240768,
0.380743561421,0.648399014778,0.372768388479,0.554748809808,0.467439990812,0.472166922223,0.338522829592,0.372768388479,0.602121078188,
0.234179337884,0.770320197044,0.512020947393,0.674974457077,0.657976340875,0.481217296522,0.253303588046,0.512020947393,0.449902802842,
0.430174808146,0.639162561576,0.746250892645,0.667398534814,0.629225527353,0.26501077291,0.34707921066,0.746250892645,0.62554187417,
0.374597674817,0.63854679803,0.64508450369,0.664800765201,0.585505914781,0.379141499284,0.374249870472,0.64508450369,0.49247292447,
0.59087785068,0.449507389163,0.499642942157,0.69663702963,0.638451820374,0.541051424763,0.488015533277,0.499642942157,0.537283521278,
0.436439567278,0.574507389163,0.424660795049,0.589682832982,0.546380307033,0.504748269698,0.420474952087,0.424660795049,0.526712947579,
0.267196215162,0.738916256158,0.384194239467,0.564585552488,0.55817158608,0.471325420962,0.301741960473,0.384194239467,0.512612514191,
0.410454976408,0.57697044335,0.478457510117,0.655768352862,0.600551280579,0.498979185551,0.400935115368,0.478457510117,0.446321705982,
0.444019853416,0.54618226601,0.456796000952,0.643170800635,0.579610275257,0.495920977949,0.377733288397,0.456796000952,0.474293859347,
0.489456419654,0.575738916256,0.518447988574,0.717951783657,0.610390107576,0.424698344389,0.321948299539,0.518447988574,0.603724225204,
0.526109754336,0.514778325123,0.41418709831,0.695963131236,0.612572259868,0.575654634328,0.415208325998,0.41418709831,0.548172804486,
0.736709933471,0.251231527094,0.552725541538,0.585682919937,0.473297346962,0.390657076941,0.599240941856,0.552725541538,0.528075028231,
0.477287057626,0.562192118227,0.470126160438,0.702865155105,0.59764174419,0.518373248167,0.391312330545,0.470126160438,0.545629376448,
0.452723563576,0.57881773399,0.505831944775,0.686898110911,0.561655373071,0.442460233418,0.345175277542,0.505831944775,0.549438258006,
0.375887022344,0.59236453202,0.534396572245,0.590367600704,0.560047471383,0.397671470001,0.329249644113,0.534396572245,0.447994381186,
0.98899505139,0.0,0.612949297786,0.71862568205,0.650051682554,0.519991302604,0.810175101484,0.612949297786,0.444360292456,
0.571303726254,0.413793103448,0.784575101166,0.629279798265,0.548753876192,0.271347446834,0.482625667131,0.784575101166,0.47845106591,
0.643027831375,0.410714285714,0.625089264461,0.631018890894,0.485930860227,0.228927876565,0.396946161701,0.625089264461,0.649231124051,
0.516118891925,0.487684729064,0.537967150678,0.636562248647,0.566747061751,0.392407851376,0.429398538222,0.537967150678,0.508690921069,
0.462739786334,0.504310344828,0.598190906927,0.564346427252,0.501473909881,0.353789155929,0.446186852047,0.598190906927,0.463164087549,
0.663912895664,0.38854679803,0.522970721257,0.628562422556,0.490639715172,0.382507504328,0.467454564661,0.522970721257,0.637989853835,
0.435906082577,0.535714285714,0.535586765056,0.617443099063,0.572527851154,0.46901552824,0.407509595119,0.535586765056,0.434976499471,
0.453735945978,0.505541871921,0.513925255891,0.651388013304,0.688105355844,0.530947761974,0.511677624133,0.513925255891,0.353576345905,
0.645297385774,0.300492610837,0.715305879552,0.683169931088,0.646338195322,0.402305374595,0.554316168592,0.715305879552,0.371399574373,
0.432966608746,0.608990147783,0.61437752916,0.793363187757,0.736304123119,0.483950763705,0.336485596004,0.61437752916,0.491679472748,
0.503704314352,0.571428571429,0.375148774101,0.575802699941,0.484399525286,0.419745347035,0.358829772786,0.375148774101,0.707032930576,
0.581535413659,0.387315270936,0.527731492502,0.656148779374,0.639294054592,0.50515490118,0.519449293004,0.527731492502,0.419026058936,
0.352958123843,0.660714285714,0.47774339443,0.689821960392,0.624401822289,0.455531741258,0.283419433699,0.47774339443,0.492985602594,
0.727011206521,0.253078817734,0.505593906213,0.60835634008,0.529267639064,0.471252001389,0.589278618102,0.505593906213,0.491765919072,
0.390530689164,0.702586206897,0.498690787908,0.629627616791,0.353010987328,0.27415998125,0.231019773741,0.498690787908,0.772782897021,
0.708611062983,0.307266009852,0.648417043561,0.684050346732,0.447188086214,0.353410762745,0.527150538987,0.648417043561,0.55640539882,
0.329511926702,0.694581280788,0.48512258986,0.504978152649,0.229240840703,0.201053853257,0.171758912268,0.48512258986,0.694799684934,
0.61027215911,0.39039408867,0.616757914782,0.580922153866,0.366410168064,0.276108423766,0.450553071193,0.616757914782,0.581931881293,
0.195803825992,0.855911330049,0.542013806237,0.635225321189,0.358600359864,0.242660160563,0.082797197169,0.542013806237,0.685026325313,
0.528452571959,0.506773399015,0.604141870983,0.601943436012,0.310018758853,0.182461758286,0.328623383417,0.604141870983,0.666307771711,
0.316441944728,0.724753694581,0.549631040229,0.538575248364,0.239003100953,0.126532986567,0.133974516974,0.549631040229,0.728405585838,
0.197126987314,0.845443349754,0.565103546775,0.617432229734,0.36951112132,0.226191585552,0.0967082329388,0.565103546775,0.655473772465,
0.623622972516,0.447660098522,0.918828850274,0.67869176757,0.337429654301,0.0,0.279473236787,0.918828850274,0.734040041195,
0.305235096308,0.7789408867,0.732920733159,0.691517575705,0.359710577696,0.0909273174465,0.0962152727126,0.732920733159,0.752158326678,
0.387209106343,0.696428571429,0.523446798381,0.527325492924,0.17966387198,0.113899172336,0.176608031228,0.523446798381,0.850920571196,
0.542386247379,0.536330049261,0.613187336348,0.668648507641,0.404387274607,0.241423323139,0.345776387205,0.613187336348,0.703014101075,
0.351427525373,0.670566502463,0.534634610807,0.581454750984,0.354274338655,0.278008861178,0.24119839637,0.534634610807,0.619879325837,
0.380848082745,0.644704433498,0.626279457272,0.6303449925,0.383790819647,0.245642124762,0.25075578851,0.626279457272,0.604038772724,
0.201816619926,0.88854679803,0.588431325875,0.56041173018,0.320929520309,0.0252422139955,0.0,0.588431325875,0.843138811839,
0.283540270264,0.751231527094,0.469412044751,0.469076759201,0.301404999809,0.1682748377,0.189485359584,0.469412044751,0.70636757891,
0.630995362792,0.42302955665,0.554391811473,0.56315080107,0.378737414341,0.264349996753,0.438286912912,0.554391811473,0.691652706216,
0.383956232367,0.637315270936,0.412758866936,0.465381187365,0.336778836951,0.271217550667,0.284171449555,0.412758866936,0.660945986872,
0.359051127244,0.724137931034,0.426803142109,0.517814830112,0.27387925424,0.258202519421,0.213064452034,0.426803142109,0.820110603184,
0.465644168523,0.600369458128,0.508688407522,0.571650616291,0.401056621109,0.281340980264,0.299639334202,0.508688407522,0.720258371352,
0.49702520517,0.554802955665,0.49678647941,0.518021347362,0.332912216224,0.283670639795,0.364010885367,0.49678647941,0.715120531065,
0.29922135218,0.694581280788,0.329683408712,0.442479511315,0.378316297232,0.445027094646,0.31998148884,0.329683408712,0.573870521106,
0.242797891015,0.760467980296,0.477981432992,0.5248364166,0.400367520386,0.302468874337,0.228758695969,0.477981432992,0.577850557834,
0.396904687824,0.589285714286,0.428707450607,0.436686158997,0.32494927453,0.344244611427,0.411076011449,0.428707450607,0.579831112113,
0.590886336894,0.431650246305,0.522018567008,0.558726984196,0.42697446499,0.3360272669,0.506654963053,0.522018567008,0.598451150871,
0.417380382389,0.616995073892,0.514163294454,0.465576835286,0.220167681176,0.127589098888,0.256897670511,0.514163294454,0.736200974832,
0.495301848409,0.549876847291,0.651749583433,0.615877915697,0.410742314613,0.238887524038,0.322660073743,0.651749583433,0.652533654491,
0.473904760694,0.557266009852,0.533206379433,0.476641812135,0.25067952988,0.159286587656,0.321068013421,0.533206379433,0.710377028646,
0.273928109251,0.756157635468,0.396096167579,0.479391752353,0.298572030167,0.305803817253,0.195634786895,0.396096167579,0.692387738085,
0.262689707841,0.791871921182,0.657938586051,0.594476207039,0.368439186861,0.146683835551,0.131255690421,0.657938586051,0.705195284101,
0.248598562363,0.727832512315,0.428707450607,0.463370361514,0.399640136289,0.365815846768,0.290808806885,0.428707450607,0.517216629483,
0.265956933021,0.743842364532,0.409188288503,0.437207886785,0.295471076911,0.290461950306,0.233524816523,0.409188288503,0.64300664611,
0.416350994794,0.651477832512,0.437038800286,0.583085150323,0.415757436545,0.351315481082,0.284329901056,0.437038800286,0.712789933306,
0.319326241785,0.722290640394,0.411806712687,0.544922936458,0.393706213392,0.350307373867,0.260697991439,0.411806712687,0.660433774886,
0.509945318637,0.53263546798,0.380147583909,0.552879285233,0.398951035565,0.465573279794,0.425640974049,0.380147583909,0.650806935193,
0.340230637605,0.663793103448,0.43323018329,0.432023216887,0.310171892347,0.243851816711,0.267810703273,0.43323018329,0.644880720228,
0.660891737927,0.286330049261,0.35491549631,0.356340079563,0.285670533287,0.396462870875,0.604990467759,0.35491549631,0.562990931192,
0.578733783467,0.465517241379,0.560580814092,0.483587313319,0.329351862486,0.218779032499,0.420628373382,0.560580814092,0.717446821353,
0.432513104156,0.647783251232,0.449416805522,0.424719027847,0.319666168983,0.19389544488,0.325363809677,0.449416805522,0.820868383179,
0.563116299009,0.490763546798,0.317067364913,0.459207408535,0.408292178707,0.438337442006,0.50743967525,0.317067364913,0.705606112565,
0.396361045879,0.586206896552,0.347536300881,0.507793308841,0.480724321427,0.503889825459,0.407401445681,0.347536300881,0.508081403823,
0.364336302045,0.658866995074,0.555343965722,0.537901349971,0.394165613874,0.283704525752,0.322451320178,0.555343965722,0.622445620763,
0.421882728516,0.57697044335,0.41418709831,0.450044564249,0.335132651889,0.357098684378,0.377821317009,0.41418709831,0.607859900349,
0.794890565191,0.165640394089,0.404427517258,0.405817264842,0.288580069676,0.372657986214,0.707641889547,0.404427517258,0.574811945206,
0.51358534746,0.567733990148,0.328731254463,0.452848851112,0.372190957467,0.363751627232,0.403296797268,0.328731254463,0.782819576491,
0.190613801638,0.858990147783,0.55510592716,0.569965870307,0.483480724321,0.229094482519,0.15897464273,0.55510592716,0.656057692502,
0.395774776272,0.613300492611,0.477267317305,0.438664376861,0.23505991348,0.247299712817,0.340509761115,0.477267317305,0.661776108509,
0.267951029499,0.787561576355,0.424184717924,0.554292297994,0.459668465985,0.34974260792,0.260086821362,0.424184717924,0.667148518325,
0.526908375887,0.494458128079,0.318019519162,0.389708919371,0.229776807932,0.374259097673,0.449690390797,0.318019519162,0.714310863086,
0.185598383596,0.847290640394,0.424660795049,0.472554944458,0.355690823475,0.295779221696,0.177714676633,0.424660795049,0.674962755325,
0.551043856754,0.46921182266,0.408474172816,0.674952718419,0.760690632058,0.673062641015,0.602319428166,0.408474172816,0.450224081751,
0.651849463868,0.291871921182,0.545346346108,0.732255820526,0.759312430611,0.642641523287,0.696530163633,0.545346346108,0.29807592365,
0.54924445172,0.437192118227,0.686741252083,0.626008130258,0.565560277172,0.300582556074,0.465218637921,0.686741252083,0.479722744894,
0.558423258806,0.398399014778,0.49678647941,0.670898458729,0.6833965009,0.591485023819,0.585840472035,0.49678647941,0.358319894046,
0.446836555648,0.600369458128,0.701499642942,0.77701571705,0.671605221852,0.332432531648,0.34690566854,0.701499642942,0.530857513786,
0.615519522748,0.382389162562,0.532016186622,0.679343927306,0.604953868535,0.485037938152,0.520226459892,0.532016186622,0.468524904484,
0.942045743774,0.0289408866995,0.570578433706,0.732092780592,0.689483557291,0.604158371667,0.824958878063,0.570578433706,0.390580530299,
0.597331731154,0.362068965517,0.67055462985,0.660376948327,0.631637379886,0.456127569332,0.578486310293,0.67055462985,0.391593792494,
0.750257273177,0.322660098522,0.892644608427,0.81461272581,0.676428926917,0.326765105371,0.548453463046,0.892644608427,0.557507161315,
0.628740225126,0.348522167488,0.590335634373,0.768722419078,0.761341449409,0.589127125991,0.651087279111,0.590335634373,0.348577324471,
0.492027676984,0.565886699507,0.702451797191,0.657757440056,0.499789441446,0.197357460135,0.373203587543,0.702451797191,0.632023706582,
0.292368423053,0.695197044335,0.386812663652,0.570368035477,0.754603575667,0.630902863081,0.475346958486,0.386812663652,0.391626336643,
0.424314602238,0.496305418719,0.378005236848,0.460913893176,0.615481796256,0.612014265988,0.650805587553,0.378005236848,0.329222511555,
0.598089527134,0.310344827586,0.358248036182,0.494184909024,0.66214922859,0.690700281536,0.740607347119,0.358248036182,0.322444326443,
0.486727135256,0.478448275862,0.467507736253,0.576357035717,0.747444584817,0.608049609041,0.628901553831,0.467507736253,0.368062463028,
0.568067365992,0.449507389163,0.329921447274,0.551379317841,0.703418705256,0.694309135936,0.659007339071,0.329921447274,0.486186633073,
0.752193735483,0.204433497537,0.321828136158,0.551911914958,0.719000038283,0.771820438315,0.877114573011,0.321828136158,0.373886257092,
0.386656159052,0.582512315271,0.271840038086,0.498543509924,0.651506450748,0.695201466132,0.521765703047,0.271840038086,0.420720692503,
0.676583435801,0.220443349754,0.407283980005,0.547596791374,0.756517744344,0.732518376072,0.870140191852,0.407283980005,0.254116568388,
0.662650448452,0.17302955665,0.319685789098,0.471794091433,0.692890777535,0.786634249101,0.924642478081,0.319685789098,0.18056798205,
0.190502137477,0.7789408867,0.31563913354,0.358318297428,0.457180046706,0.424517619286,0.362569731236,0.31563913354,0.488189831562,
0.406862326216,0.57881773399,0.410378481314,0.605454229256,0.765514337123,0.601885188731,0.523576577347,0.410378481314,0.394527591775,
0.386707698877,0.589285714286,0.371102118543,0.575433142758,0.74216147927,0.631806488596,0.51953229141,0.371102118543,0.387999965614,
0.356386849212,0.551108374384,0.31040228517,0.434544901198,0.608207955285,0.68980230368,0.624062495284,0.31040228517,0.298653436516,
0.719407886373,0.14039408867,0.369435848607,0.519716962675,0.725201944795,0.784714044882,0.940500203723,0.369435848607,0.216208750321,
0.596678030548,0.389162561576,1.0,0.803319493054,0.753340224341,0.335262009042,0.577198577458,1.0,0.358183574524,
0.58723333301,0.458743842365,0.670792668412,0.870002826026,0.714827150569,0.463929810888,0.469283044683,0.670792668412,0.469924469161,
0.614276767485,0.347290640394,0.648655082123,0.762896458773,0.724359710578,0.569823425927,0.642317114271,0.648655082123,0.328108865215,
0.709447364634,0.2789408867,0.716258033801,0.785450316297,0.690440641629,0.510418519805,0.644890064839,0.716258033801,0.389365270635,
0.539467055272,0.519088669951,0.779576291359,0.796526162475,0.539489299797,0.311395000127,0.383578388221,0.779576291359,0.572212535483,
0.5754045008,0.463669950739,0.758152820757,0.856263994261,0.740515294208,0.388386717834,0.460988234347,0.758152820757,0.457105600445,
0.127999893054,0.943349753695,0.706498452749,0.768537640486,0.550974311856,0.190416486648,0.0323442270836,0.706498452749,0.641587368846,
0.631646507703,0.340517241379,0.535348726494,0.66673550575,0.595459591899,0.491222125271,0.602155946458,0.535348726494,0.410838906818,
0.57010599052,0.473522167488,0.685313020709,0.812667115932,0.6084759389,0.389609436109,0.464323261183,0.685313020709,0.506198793739,
0.523813397917,0.560960591133,0.579385860509,0.690191517576,0.513571455917,0.33401105247,0.429461415802,0.579385860509,0.656273685394,
0.364885481326,0.647783251232,0.540823613425,0.73727745049,0.606293786608,0.494616368611,0.355404202234,0.540823613425,0.462866342373,
0.218514442029,0.773399014778,0.57200666508,0.68588726332,0.611308908541,0.45647207656,0.320494569892,0.57200666508,0.403652393166,
0.602767954011,0.437807881773,0.522018567008,0.702669507185,0.524099383638,0.424379251629,0.473913349665,0.522018567008,0.558163120746,
0.257537592945,0.73275862069,0.531302070935,0.740483902524,0.690632058497,0.570153814006,0.378440032395,0.531302070935,0.361847863649,
1.0,0.0418719211823,0.782432754106,0.80467815917,0.581447877187,0.379694969912,0.75884939059,0.782432754106,0.516949766986,
0.595907193977,0.459975369458,0.710307069745,0.80772157127,0.599709046361,0.364059424673,0.468596421511,0.710307069745,0.532589547651,
0.50274239052,0.562192118227,0.694120447512,0.890578465686,0.635733700854,0.427957043902,0.354466068743,0.694120447512,0.523438379478,
0.600424546613,0.439655172414,0.733396810283,0.858644377296,0.652731518701,0.415399473073,0.487751447442,0.733396810283,0.476330244484,
0.487006328422,0.498768472906,0.721732920733,0.652214082303,0.55870755331,0.352696333822,0.488802760577,0.721732920733,0.444552987357,
0.451282250562,0.62684729064,0.619376338967,0.769635442708,0.582175261284,0.362133572794,0.334403090559,0.619376338967,0.610920770619,
0.192962418719,0.843596059113,0.699357295882,0.799091324102,0.652616668581,0.32263384247,0.172724711895,0.699357295882,0.488104878067,
0.487380835861,0.551724137931,0.655796238991,0.738581769962,0.499176907469,0.327346814296,0.358663775975,0.655796238991,0.56573174817,
0.537690782543,0.459975369458,0.648655082123,0.736864415991,0.628574710003,0.42436230865,0.519979979779,0.648655082123,0.426297207208,
0.571328824478,0.424261083744,0.590811711497,0.794406643334,0.670188737032,0.590457149796,0.610118763173,0.590811711497,0.38468216485,
0.237203280672,0.795566502463,0.642466079505,0.796960935632,0.64220359098,0.35781593713,0.207065930915,0.642466079505,0.484801941464,
0.643417607446,0.310960591133,0.400856938824,0.782156909632,0.916350828835,0.818845674881,0.716995558328,0.400856938824,0.268701887389,
0.547678106302,0.395320197044,0.71506784099,0.909915001848,0.9172696298,0.602356768296,0.549640591753,0.71506784099,0.209986959354,
0.763103566412,0.261083743842,0.82313734825,0.984587291581,0.823398797902,0.473561894112,0.543858369509,0.82313734825,0.38134005425,
0.54457329874,0.370073891626,0.561771006903,0.887969826743,0.971134336358,0.772029401715,0.626404056358,0.561771006903,0.1445093879,
0.620369279407,0.375615763547,0.69388240895,1.0,0.885379579649,0.625114012126,0.545387552251,0.69388240895,0.290071986315,
0.467302912102,0.45197044335,0.481313972864,0.6695724006,0.804525094751,0.815900420468,0.752642115906,0.481313972864,0.191687731585,
0.412556641383,0.533866995074,0.377767198286,0.608910675855,0.790168829677,0.751325082103,0.677249382542,0.377767198286,0.267664845033,
0.423431904915,0.580049261084,0.426089026422,0.648822851677,0.727996631063,0.724436575372,0.605848117948,0.426089026422,0.401260293105,
0.305462651353,0.597906403941,0.338252796953,0.522640812156,0.752804257111,0.794826179161,0.685378196067,0.338252796953,0.182973271737,
0.375798523255,0.649014778325,0.519638181385,0.708865024673,0.793193216186,0.619867336479,0.482935024824,0.519638181385,0.422921896303,
0.477847540938,0.474137931034,0.485360628422,0.703539053499,0.870678764213,0.757235357737,0.717050890598,0.485360628422,0.248139928578,
0.300057817658,0.75,0.524160914068,0.650931501489,0.800428773784,0.493368235869,0.428470465143,0.524160914068,0.490092224897,
0.37823672068,0.564655172414,0.363960961676,0.607323753831,0.752000306267,0.768251117531,0.655395650884,0.363960961676,0.266722172158,
0.468317293187,0.48275862069,0.476315163056,0.682354731419,0.825198116458,0.69766666949,0.658157234191,0.476315163056,0.262825160836,
0.70211062301,0.198275862069,0.398714591764,0.595900089128,0.79009226293,0.805683804489,0.929539384001,0.398714591764,0.225016130763,
0.57937326393,0.347290640394,0.297786241371,0.582715593139,0.721182190575,0.859203849445,0.814204296802,0.297786241371,0.274172120857,
0.429639652415,0.516009852217,0.393715781957,0.704930327602,0.876306420122,0.861174882599,0.704973365057,0.393715781957,0.210659821483,
0.513539901982,0.475985221675,0.466317543442,0.698810895415,0.856207649018,0.670507075105,0.617442743676,0.466317543442,0.339659937846,
0.555471629046,0.383620689655,0.351344917877,0.686061172583,0.868343478427,0.909134806808,0.774194035181,0.351344917877,0.234072782785,
0.747100499841,0.24815270936,0.423232563675,0.700071737571,0.825044982964,0.754781449698,0.775514464358,0.423232563675,0.373775061515,
0.445819455042,0.514162561576,0.353249226375,0.705767265929,0.876918954098,0.851136167894,0.638471521487,0.353249226375,0.26112537778,
0.597126653108,0.309113300493,0.405379671507,0.618453946653,0.810765284637,0.802574767952,0.809828017244,0.405379671507,0.217985117172,
0.531094340226,0.480295566502,0.587717210188,0.743005586835,0.844416369971,0.634667028117,0.599069914839,0.587717210188,0.378992313303,
0.646327854625,0.256773399015,0.355391573435,0.676996152258,0.845564871176,0.946265343985,0.873120589138,0.355391573435,0.188410002059,
0.620718131612,0.330665024631,0.406331825756,0.78451555401,0.948508862601,0.859551180502,0.752332758213,0.406331825756,0.236902146973,
0.476384373466,0.42302955665,0.267793382528,0.63521445186,0.90187971364,1.0,0.772745335741,0.267793382528,0.156950605298,
0.318325425536,0.557881773399,0.433944298976,0.584106867242,0.739443359749,0.780441590494,0.649090287174,0.433944298976,0.142591037802,
0.308916343885,0.718596059113,0.289692930255,0.457479185235,0.493625818307,0.536632131229,0.369820773746,0.289692930255,0.60620241768,
0.465084078395,0.440270935961,0.382527969531,0.666409425882,0.826614601279,0.859751672413,0.696374227235,0.382527969531,0.186996026297,
0.376250586171,0.540640394089,0.42585098786,0.636616595291,0.783698939551,0.75571896117,0.622495585994,0.42585098786,0.216110831066,
0.493451755447,0.503078817734,0.349440609379,0.573998391339,0.653382336051,0.642424088397,0.542643574666,0.349440609379,0.459999165191,
0.502631676553,0.39224137931,0.398714591764,0.708778070042,0.89406990544,0.881500809027,0.722611783761,0.398714591764,0.15272196918,
0.496532120091,0.283251231527,0.278505117829,0.508934588379,0.805979862946,0.986778829184,0.955784485837,0.278505117829,0.0,
0.431803604236,0.468596059113,0.478219471554,0.630910197604,0.776118831591,0.729477111448,0.696736402095,0.478219471554,0.193189285465,
0.378927708203,0.468596059113,0.462746965008,0.647094628378,0.823398797902,0.899129978059,0.762362989753,0.462746965008,0.0582716866525,
0.36891040419,0.601600985222,0.545822423233,0.872067998522,1.0,0.775412349737,0.558569208095,0.545822423233,0.19840052437,
0.283800525084,0.678571428571,0.39085931921,0.498521771266,0.516519275679,0.494819684352,0.432283361586,0.39085931921,0.416477942202,
0.278153162599,0.700738916256,0.375624851226,0.668235473142,0.722139274913,0.705468911047,0.394956715074,0.375624851226,0.364379061059,
0.502157529821,0.381157635468,0.475839085932,0.690887154627,0.88821254929,0.781192729203,0.754913254091,0.475839085932,0.124526678246,
0.398954550852,0.593596059113,0.543680076172,0.690006738984,0.690900042112,0.541062720082,0.489310811423,0.543680076172,0.402110432547,
0.271092698029,0.706280788177,0.511068793144,0.529118932197,0.538493932085,0.370901564119,0.383321847695,0.511068793144,0.448065462771,
0.358757353517,0.595443349754,0.407998095692,0.62923632095,0.676620343785,0.638126219541,0.493113647453,0.407998095692,0.331715017139,
0.373824610204,0.579433497537,0.469888121876,0.685159018282,0.751004938555,0.626619113374,0.502766613514,0.469888121876,0.297208936734,
0.367912962767,0.615147783251,0.24898833611,0.583041673007,0.828184219593,0.877906073775,0.619962877077,0.24898833611,0.337400466801,
0.442413272203,0.465517241379,0.313020709355,0.568324601639,0.778990084606,0.818481400845,0.666089869667,0.313020709355,0.24363818015,
0.492286785018,0.445812807882,0.35063080219,0.58645464229,0.785191991118,0.737739637251,0.679309252059,0.35063080219,0.298249220679,
0.51125724146,0.425492610837,0.616043799095,0.791841481707,0.849278358409,0.658302482993,0.628091690602,0.616043799095,0.218331366824,
0.393775797763,0.642857142857,0.711021185432,0.863535575314,0.844148386356,0.535485656357,0.437253205499,0.711021185432,0.4025793323,
0.284534959401,0.728448275862,0.602237562485,0.714647507663,0.671452088358,0.408608162562,0.318097676548,0.602237562485,0.449610948818,
0.598533300428,0.253078817734,0.435610568912,0.678659159583,0.887714865434,0.852497253826,0.875582875165,0.435610568912,0.0879819853367,
0.644992242486,0.210591133005,0.0,0.0,0.0100685272386,0.862637626402,0.874554197959,0.0,0.516363556638,
0.347132255975,0.68657635468,0.23732444656,0.202473859264,0.142452432908,0.248302172372,0.299966297617,0.23732444656,0.82288017464,
0.535722800013,0.505541871921,0.239704832183,0.20423469055,0.131924505187,0.260365572997,0.448621471939,0.239704832183,0.846338793115,
0.463770386245,0.556034482759,0.224232325637,0.176583117758,0.154703112438,0.326533551333,0.473309724898,0.224232325637,0.774550233859,
0.58187682814,0.387315270936,0.207569626279,0.106638986109,0.0423796944987,0.316811105558,0.569099945171,0.207569626279,0.735610090634,
0.356764174468,0.649630541872,0.245179719114,0.211571487576,0.161632403047,0.326417774314,0.367640179277,0.245179719114,0.741907464833,
0.577834474134,0.442733990148,0.297786241371,0.186930718897,0.110409249263,0.192540006608,0.472306198723,0.297786241371,0.812795960974,
0.344063850668,0.740763546798,0.31563913354,0.166387687224,0.0746908617587,0.0699886199662,0.215876337406,0.31563913354,1.0,
0.515675347987,0.491379310345,0.306831706736,0.130355861829,0.0275640289422,0.0912887676525,0.390288683545,0.306831706736,0.832562863598,
0.783745512136,0.249384236453,0.278505117829,0.155637920915,0.0430305118487,0.241973969938,0.642136026841,0.278505117829,0.868159048298,
0.335550441401,0.662561576355,0.303737205427,0.191017586574,0.121626277708,0.181911111488,0.303565410289,0.303737205427,0.757968649058,
0.288175807357,0.738300492611,0.331111640086,0.278320036521,0.251560047471,0.313303909028,0.339797986911,0.331111640086,0.741025028265,
0.361197254739,0.61145320197,0.28707450607,0.228429816743,0.196853106696,0.329360204897,0.411473397754,0.28707450607,0.647545332853,
0.308843015132,0.690886699507,0.323970483218,0.167463750788,0.0760690632058,0.0763874181442,0.244075674425,0.323970483218,0.786040234104,
0.138373093813,0.929187192118,0.353011187812,0.259809569357,0.196699973202,0.103357815937,0.0851060619017,0.353011187812,0.90126254274,
0.459970593794,0.54802955665,0.254939300167,0.20453903176,0.15700011485,0.275377051865,0.426292385777,0.254939300167,0.757184794434,
0.801525736099,0.152093596059,0.267317305403,0.235179670007,0.213314957314,0.426717382649,0.778713675622,0.267317305403,0.630990364233,
0.610624451673,0.437192118227,0.272078076648,0.203973826656,0.135178591938,0.259721739818,0.515920603222,0.272078076648,0.851507662752,
0.557445443801,0.478448275862,0.311830516544,0.276091824091,0.244362773248,0.297137483798,0.484481813289,0.311830516544,0.776163730325,
0.497011148854,0.43657635468,0.229469174006,0.173550574988,0.136480226638,0.396798906613,0.505513106203,0.229469174006,0.617802164614,
0.739677716526,0.277709359606,0.31992382766,0.202549944566,0.129933769764,0.239412756368,0.623453840311,0.31992382766,0.795179735764,
0.904572326266,0.157019704433,0.311116400857,0.239733918828,0.172045480648,0.273490733603,0.711429634958,0.311116400857,0.8499486783,
0.341359107484,0.646551724138,0.209473934777,0.170659333493,0.114007886375,0.348700614748,0.350877016484,0.209473934777,0.722470146092,
0.49724797648,0.474753694581,0.311354439419,0.232016695289,0.207036484055,0.281216731756,0.478749893108,0.311354439419,0.661318434665,
0.644842406745,0.408251231527,0.30088074268,0.208473728832,0.135905976035,0.239062601481,0.557859948994,0.30088074268,0.855494956387,
0.212259807377,0.803571428571,0.299690549869,0.229060237821,0.19895869224,0.234301624549,0.248200443664,0.299690549869,0.742004245761,
0.354917620159,0.67302955665,0.295167817186,0.267113758397,0.241414953486,0.29286785324,0.364159276455,0.295167817186,0.755779655104,
0.375178996863,0.668719211823,0.274934539395,0.191658876981,0.121626277708,0.194999562306,0.295046755768,0.274934539395,0.863327451743,
0.656128973154,0.35775862069,0.192335158296,0.235831829743,0.211553922132,0.473273863479,0.622576069296,0.192335158296,0.734378417569,
0.477279619901,0.520320197044,0.253511068793,0.15750744549,0.073197810191,0.268512321781,0.447195408428,0.253511068793,0.773868217612,
0.277615451174,0.75184729064,0.274458462271,0.263168191996,0.240840702883,0.32316754629,0.306083028587,0.274458462271,0.758493979413,
0.532853149047,0.551724137931,0.345393953821,0.310178039608,0.271467401707,0.255031358629,0.446687357582,0.345393953821,0.86316229461,
0.229511199312,0.863916256158,0.377291121162,0.217495271842,0.172811148118,0.00951065854533,0.140969018959,0.377291121162,0.986905561211,
0.20392778684,0.846674876847,0.208997857653,0.18072433208,0.100225871904,0.260060599386,0.176487306274,0.208997857653,0.887671458004,
0.304903544184,0.681034482759,0.377529159724,0.209169365883,0.166685808353,0.15871052639,0.324315011645,0.377529159724,0.695891255931,
0.326580251014,0.667487684729,0.245893834801,0.164279037412,0.0918418131006,0.226626455331,0.286596009034,0.245893834801,0.759643226818,
0.585289138092,0.474753694581,0.290883123066,0.187050281516,0.0892385437005,0.195132282304,0.437353809627,0.290883123066,0.908399723557,
0.327588308395,0.666871921182,0.227564865508,0.205310754114,0.16220665365,0.333937632896,0.324936242134,0.227564865508,0.720163010808,
0.403577407772,0.627463054187,0.255891454416,0.198321775614,0.130316603499,0.213323393453,0.316651492211,0.255891454416,0.834510534665,
0.69966072837,0.286330049261,0.209950011902,0.150464120345,0.0484284675166,0.350985093003,0.607716839622,0.209950011902,0.777987714505,
0.625255241728,0.301724137931,0.182337538681,0.0879328710245,0.0,0.346613804574,0.572007404464,0.182337538681,0.68606510099,
0.634527724822,0.402093596059,0.31254463223,0.205973783179,0.106504345163,0.200153051572,0.525576084387,0.31254463223,0.84385463051,
0.509992435146,0.478448275862,0.206379433468,0.162007347666,0.0961678343096,0.300322763739,0.46312355696,0.206379433468,0.755174331912,
0.624101378738,0.374384236453,0.224946441323,0.132366687681,0.0444469966693,0.226265005125,0.495238909652,0.224946441323,0.8167564686,
0.386942331228,0.630541871921,0.285408236134,0.251288015478,0.214195474905,0.294762642992,0.36243894587,0.285408236134,0.75371186177,
0.573246676091,0.459359605911,0.224946441323,0.22471250625,0.164005972206,0.342522075289,0.465221153024,0.224946441323,0.815211607237,
0.206069916967,0.761083743842,0.229469174006,0.223158192213,0.199456376096,0.399645326985,0.292144326682,0.229469174006,0.622522508586,
0.506849030055,0.471674876847,0.2118543204,0.221440838243,0.186478312469,0.37652380912,0.437871920885,0.2118543204,0.689740290024,
0.0829415695001,0.975985221675,0.236372292311,0.233636225299,0.172925998239,0.238726565743,0.0739817604716,0.236372292311,0.884543008418,
0.652585372624,0.309729064039,0.20447512497,0.159550879329,0.0993836376862,0.369150789684,0.571018968908,0.20447512497,0.705081208563,
0.374507013217,0.591748768473,0.288026660319,0.204060781287,0.167834309559,0.308028995084,0.413342119427,0.288026660319,0.641273334968,
0.529044968678,0.503694581281,0.300166626994,0.317199626095,0.345354312622,0.370703896038,0.504092072898,0.300166626994,0.707910127991,
0.675724001844,0.330049261084,0.496548440847,0.417034412295,0.315990965124,0.291227208164,0.583828389479,0.496548440847,0.647503585894,
0.86661126272,0.110837438424,0.279457272078,0.291548009826,0.313961946327,0.431582841281,0.820632900568,0.279457272078,0.62376052766,
0.789702768878,0.185344827586,0.323494406094,0.367992000174,0.385054170974,0.440170107503,0.68600194166,0.323494406094,0.595992629417,
0.402473216984,0.584975369458,0.229707212568,0.228408078085,0.192105968378,0.390360574819,0.456513865764,0.229707212568,0.678256036638,
0.600869892643,0.402093596059,0.310164246608,0.29626529858,0.287201868229,0.317607425543,0.499162470636,0.310164246608,0.695483588298,
0.551595558964,0.500615763547,0.326826945965,0.310243255581,0.34305731021,0.35994792858,0.566303150418,0.326826945965,0.740327981592,
0.35307001736,0.659482758621,0.319209711973,0.312145388144,0.323609356456,0.318680480842,0.330899551809,0.319209711973,0.68775745256,
0.417028089827,0.60775862069,0.496072363723,0.405262929067,0.308602274032,0.190131279844,0.319463377582,0.496072363723,0.696596522664,
0.37902348119,0.658866995074,0.239942870745,0.283765570314,0.310248459094,0.411333158256,0.412529741095,0.239942870745,0.735070112859,
0.241676498443,0.733374384236,0.302547012616,0.335220973457,0.352551586846,0.365457220391,0.238685808279,0.302547012616,0.589068853684,
0.537017553816,0.518472906404,0.27755296358,0.317243103411,0.323800773324,0.35325262828,0.462331299453,0.27755296358,0.777201834407,
0.368913877313,0.634236453202,0.288502737443,0.3709701963,0.407909344971,0.422148426138,0.408377305721,0.288502737443,0.616497524035,
0.453590402492,0.584359605911,0.282551773387,0.214364905111,0.147429271467,0.191289050035,0.369282541663,0.282551773387,0.838905456742,
0.58692583062,0.414408866995,0.240656986432,0.273331014543,0.281765629187,0.427076009025,0.551667764928,0.240656986432,0.68149306074,
0.361790732713,0.613300492611,0.278981194954,0.268102867329,0.276865357375,0.380753906062,0.392393824919,0.278981194954,0.620937555796,
0.617127349043,0.420566502463,0.301356819805,0.301526053781,0.293403774741,0.349355743246,0.532080141248,0.301356819805,0.753103753033,
0.421771555836,0.575738916256,0.238990716496,0.306645507706,0.335668619119,0.474533291541,0.46172264448,0.238990716496,0.634838500545,
0.63621641589,0.363300492611,0.321352059034,0.355242277342,0.379196814823,0.418807835563,0.612304387849,0.321352059034,0.633300383634,
0.707772697117,0.261083743842,0.280171387765,0.343264276864,0.407756211477,0.51653211118,0.727274785084,0.280171387765,0.555894569216,
0.453846791005,0.557266009852,0.389431087836,0.373926653768,0.308870257647,0.318962863815,0.43638046469,0.389431087836,0.660197120504,
0.350458032755,0.669950738916,0.257557724351,0.280385209017,0.252976532292,0.295256813195,0.321877876649,0.257557724351,0.735653375552,
0.566606721449,0.362684729064,0.247084027612,0.314732288429,0.360016844684,0.543375436635,0.632633966972,0.247084027612,0.499203340833,
0.261304456265,0.759852216749,0.341347298262,0.316503989044,0.307185789212,0.240113066143,0.247227098728,0.341347298262,0.714380768935,
0.397456160677,0.528325123153,0.358962151869,0.631366709419,0.887217181578,0.779506902852,0.642153632564,0.358962151869,0.209957032109,
0.377696388031,0.645320197044,0.318971673411,0.344090345862,0.349756900578,0.324946559022,0.360454529449,0.318971673411,0.696200193169,
0.585793166782,0.350985221675,0.315877172102,0.264298602204,0.284215765093,0.369997938604,0.609552864954,0.315877172102,0.55955707039,
0.809639965651,0.198891625616,0.249464413235,0.358829155888,0.400022970024,0.537270316749,0.772393221294,0.249464413235,0.636102002223,
0.599529496769,0.360221674877,0.405141632945,0.285819873481,0.292906090885,0.319256542108,0.678466692488,0.405141632945,0.581077646963,
0.603638691999,0.379310344828,0.290645084504,0.362492119737,0.404119290992,0.522973266804,0.59862977178,0.290645084504,0.584233929439,
0.386625752848,0.556650246305,0.318019519162,0.219419143062,0.201906512002,0.318330325955,0.439252712539,0.318019519162,0.589610751829,
0.581268540248,0.427955665025,0.408474172816,0.371904958588,0.358638643237,0.40820435491,0.648944411189,0.408474172816,0.616423143261,
0.684472928125,0.408251231527,0.311116400857,0.320666942023,0.325255541518,0.343453939101,0.587731829637,0.311116400857,0.834943086939,
0.484126978926,0.493226600985,0.383956200905,0.280330862373,0.179970138969,0.305292704071,0.470087877706,0.383956200905,0.646935084632,
0.469865093443,0.571428571429,0.360866460367,0.35870959327,0.303357451859,0.279550672213,0.387534645547,0.360866460367,0.740521177666,
0.463910359629,0.536330049261,0.304213282552,0.313330144997,0.280808544849,0.422315032093,0.497909949245,0.304213282552,0.645054995256,
0.558955006945,0.434729064039,0.437752915972,0.30741723006,0.23505991348,0.272324491922,0.554592829944,0.437752915972,0.656915697503,
0.645505216106,0.392857142857,0.323256367532,0.319830003696,0.337621071169,0.387059517859,0.652060624047,0.323256367532,0.706380796445,
0.331884331395,0.661945812808,0.267555343966,0.28765679007,0.30684123885,0.389790161212,0.369008395414,0.267555343966,0.643258444335,
0.538631114039,0.465517241379,0.321828136158,0.429436316602,0.493587534934,0.49792872089,0.578566793596,0.321828136158,0.571749221666,
0.284392725211,0.742610837438,0.367055462985,0.437142670812,0.485433176372,0.368989831389,0.320871835371,0.367055462985,0.626501684295,
0.58334356703,0.414408866995,0.324922637467,0.408719375666,0.457907430803,0.437998582437,0.553813147953,0.324922637467,0.589811521308,
0.561148513071,0.454433497537,0.308736015234,0.344840329558,0.361854446614,0.373931533424,0.525045397613,0.308736015234,0.67300275387,
0.686435602676,0.15578817734,0.34634610807,0.622519075672,0.854140346847,0.941645558539,1.0,0.34634610807,0.106785734113,
0.407319107337,0.612684729064,0.374434658415,0.404741201278,0.353853221546,0.352450660635,0.380572839904,0.374434658415,0.666789166337,
0.518566984473,0.469827586207,0.442275648655,0.320732157997,0.209486619961,0.217163801891,0.449521878883,0.442275648655,0.675688982233,
0.732842415133,0.245073891626,0.48202808855,0.44263168192,0.414953485701,0.368170920766,0.679837423729,0.48202808855,0.555767242296,
0.540384745942,0.468596059113,0.505593906213,0.463098628291,0.396271199418,0.287680478018,0.470990799753,0.505593906213,0.618703360117,
0.33780430122,0.719827586207,0.416805522495,0.387665485533,0.366142184449,0.252619808036,0.309983953642,0.416805522495,0.759987463466,
