2.63698094189,0.99982208947,0.0102194254897,0.706319226497,0.238636980142,2.23437697829,0.754134544482,0.0102194254897,7410.77186746,
2.72713994275,0.999819675744,0.0117023081619,0.711792133195,0.236581586951,2.17953119264,0.739015458999,0.0117023081619,7561.58422312,
2.87542397723,0.999816133537,0.0106809696225,0.715962116777,0.235934792692,2.20792236966,0.729212852197,0.0106809696225,7819.12261974,
2.5875466009,0.999829152888,0.0114530731362,0.713077695355,0.236834838265,2.18423003869,0.726460412177,0.0114530731362,7572.50754183,
2.54489658793,0.999834398463,0.0108613153394,0.715029419013,0.235910359387,2.19421023538,0.720904401689,0.0108613153394,7683.57040796,
2.64645797532,0.99982625881,0.0117999698113,0.71401117675,0.235741013706,2.16835127958,0.72999978638,0.0117999698113,7615.89646002,
2.82998819549,0.999812231502,0.0112949650493,0.711403567682,0.23640290543,2.18846076432,0.745226572167,0.0112949650493,7535.6473489,
2.53621509284,0.999835134041,0.0117413804401,0.717220286804,0.234910983689,2.16045825915,0.713379226124,0.0117413804401,7691.54856043,
2.69358739133,0.999827380633,0.0130726372114,0.724456901414,0.231013472809,2.17997355027,0.705982123925,0.0130726372114,7801.94539018,
2.63823398401,0.9998217661,0.0145347043356,0.724997969165,0.228939296469,2.13830623095,0.708082527114,0.0145347043356,7400.90498788,
2.84036767638,0.999813492569,0.0141174920958,0.728413992462,0.228513433451,2.13732061882,0.706625655498,0.0141174920958,7614.47944872,
2.46472572718,0.999841408511,0.0132254625978,0.729261881526,0.229768186438,2.16831189323,0.683681336853,0.0132254625978,7770.52685811,
2.21284428494,0.99984832762,0.0140758689158,0.72400703795,0.230704061183,2.13623560148,0.689773475304,0.0140758689158,7294.68620688,
2.53022481969,0.99982945508,0.013772962706,0.724155418274,0.229093937701,2.16256799364,0.708726652077,0.013772962706,7417.9310484,
2.66299852681,0.999824282797,0.0135937031294,0.725459223162,0.229660268684,2.17162901834,0.705561805931,0.0135937031294,7577.37577541,
2.5839652938,0.999833194611,0.0142223281066,0.730428112836,0.228685652811,2.14105253849,0.68593839503,0.0142223281066,7745.31743612,
2.41412418785,0.999844974606,0.0132244253026,0.730254927817,0.229470356812,2.1584556256,0.679663690222,0.0132244253026,7786.07003578,
2.32405528339,0.999854753294,0.0143853178488,0.733375456406,0.228053477834,2.14455948433,0.665546346141,0.0143853178488,8000.23522476,
2.29211269823,0.999852330729,0.0126833586782,0.728764570733,0.23040385592,2.17715974797,0.677723106769,0.0126833586782,7760.81391303,
2.70362339824,0.999825917254,0.0133064123918,0.729333156503,0.228985328288,2.15120225408,0.696981384957,0.0133064123918,7765.18413886,
2.28218508391,0.999852871246,0.0140721831098,0.73209280886,0.22858785427,2.12719129194,0.667172432836,0.0140721831098,7755.59496662,
2.37651551834,0.99984595141,0.0144346952732,0.731291359393,0.228588032381,2.12012269322,0.674468559818,0.0144346952732,7713.38278749,
2.31976962222,0.999856312907,0.0144109740096,0.732973744187,0.228555572802,2.12753028228,0.666554318139,0.0144109740096,8072.16124845,
2.48255977021,0.999835026016,0.0138856392476,0.728819201317,0.229990256974,2.12704633511,0.683193669081,0.0138856392476,7523.95080446,
2.50379987246,0.999838379292,0.0140688773381,0.7286804913,0.228622344583,2.14330825873,0.692467070805,0.0140688773381,7745.77320098,
2.79810000443,0.999820547976,0.0138318787188,0.728547128169,0.228246248407,2.1607714809,0.70600941987,0.0138318787188,7796.08883684,
2.49671182761,0.999840320173,0.0134811937939,0.730880461826,0.2283556349,2.16275643433,0.681273755384,0.0134811937939,7817.72397596,
2.39680352616,0.99983896752,0.013240225443,0.725592208001,0.229638799261,2.16768482147,0.694112739374,0.013240225443,7441.85111595,
2.53459068741,0.999828093291,0.0133752942325,0.722794976012,0.229891677944,2.19882330546,0.712540469205,0.0133752942325,7371.86532883,
2.33877017131,0.99985007577,0.015111858081,0.730490018654,0.227646685985,2.12516635053,0.68081447144,0.015111858081,7799.70856443,
2.5924720355,0.999825098496,0.0135968872197,0.723035164736,0.229209333563,2.18659028239,0.71676847263,0.0135968872197,7411.09935764,
2.46216623784,0.999833690221,0.0138021306005,0.725581808421,0.230165060652,2.14517370333,0.696562847133,0.0138021306005,7402.2175906,
2.73567744184,0.999823662015,0.0141175149514,0.730225637522,0.228520717879,2.13514553442,0.6934692078,0.0141175149514,7756.77333727,
2.53248652609,0.999830481795,0.0135958149591,0.726012885715,0.229246330722,2.18127352623,0.701687957504,0.0135958149591,7469.53336128,
2.54275711989,0.999831332082,0.0158144141001,0.730498602081,0.228179858819,2.09411439201,0.685637150651,0.0158144141001,7537.63263502,
2.58514149189,0.999828411541,0.01464091132,0.72838088107,0.228819329269,2.14396557542,0.693160644944,0.01464091132,7532.84775892,
2.93768246746,0.999816346787,0.0132661083119,0.729105767112,0.229447624693,2.17924607327,0.703532510657,0.0132661083119,7997.76895527,
2.52733688893,0.999831272095,0.0133849493067,0.724605531113,0.230539210888,2.18688651662,0.701544950488,0.0133849493067,7489.24638164,
2.20057802131,0.999857348563,0.013738358254,0.726129178145,0.230671266469,2.20139381073,0.680472382042,0.013738358254,7713.00870087,
2.68401165735,0.999820794592,0.0143540364648,0.724695676943,0.229234800412,2.16123443638,0.713069575386,0.0143540364648,7488.52667763,
2.37750331507,0.999847307554,0.0145339374902,0.729512698293,0.229578594212,2.12046169626,0.679954846969,0.0145339374902,7785.12814164,
2.81916317753,0.99981629329,0.0136181445753,0.728255566279,0.229828841476,2.14454924332,0.702200844355,0.0136181445753,7672.86342699,
2.49437624414,0.999837381064,0.0136107822483,0.728344232737,0.228917030123,2.16595554877,0.692105102838,0.0136107822483,7669.26951029,
2.5135464039,0.999832626913,0.0138569616858,0.72683346575,0.228796898439,2.17236710237,0.700529363316,0.0138569616858,7508.69315217,
2.5757582141,0.999825135049,0.0144238859644,0.723485449864,0.230459788115,2.14276813449,0.708033770227,0.0144238859644,7364.87640781,
2.63938199607,0.999816685916,0.0128891599612,0.71760102699,0.231586652183,2.19521914742,0.732492222634,0.0128891599612,7198.94263612,
2.45842105617,0.999835577841,0.0142481385835,0.725487524533,0.2294953888,2.16753385274,0.699595762878,0.0142481385835,7475.82541062,
2.45383800767,0.999841178244,0.013795934289,0.730302357074,0.228645326339,2.16294326487,0.682012130476,0.013795934289,7725.0044053,
2.41524322269,0.999842536016,0.0139386925487,0.729398144038,0.229072341844,2.15007466993,0.681935484254,0.0139386925487,7669.06372781,
2.51377782604,0.999839434245,0.013983636686,0.732045793242,0.228562645973,2.12147188882,0.678093283299,0.013983636686,7827.73083208,
2.97733694827,0.99981465865,0.0124720829539,0.728441430508,0.230676166645,2.16243535768,0.699065469917,0.0124720829539,8031.91269982,
2.74266105003,0.999826124122,0.0122907846726,0.727546304211,0.230177110942,2.16972093263,0.693376045553,0.0122907846726,7886.69651435,
2.64906246341,0.999824777199,0.0132066466136,0.718634221322,0.232877818979,2.13893840485,0.723173525465,0.0132066466136,7559.00702887,
2.80623261367,0.999822623553,0.0127319885971,0.726784385701,0.229215304518,2.16733437396,0.705071270108,0.0127319885971,7910.26280534,
2.58194400929,0.999837662888,0.0125840436503,0.728851023647,0.230281009276,2.14721420997,0.684986795092,0.0125840436503,7952.27629042,
2.80546061314,0.999818833222,0.0126073964611,0.723580084397,0.230323093583,2.17785844175,0.712516140211,0.0126073964611,7742.62954348,
2.6816269214,0.999826765013,0.0117905457106,0.721696236617,0.231417770181,2.21005356198,0.71513605644,0.0117905457106,7739.7256048,
3.28330481105,0.999789422253,0.0122637289799,0.72309239798,0.230244887367,2.16360310896,0.737577180273,0.0122637289799,7795.79707462,
3.05310426102,0.999808497064,0.0110129387259,0.726525124858,0.230275187955,2.22312733697,0.713749600451,0.0110129387259,7971.28055794,
2.95040178444,0.999809698206,0.010923978675,0.71889428959,0.232328679855,2.22663531493,0.736063343207,0.010923978675,7751.7504358,
3.21716772527,0.999789584354,0.012977875229,0.721822384722,0.229825796649,2.17838658329,0.739168059155,0.012977875229,7644.66719784,
2.74293618525,0.999820364446,0.0123386144141,0.719880689376,0.231385045093,2.20103656107,0.723955613629,0.0123386144141,7634.59856346,
2.62439691785,0.9998270817,0.0137739393961,0.722147466934,0.23107408863,2.13550231668,0.708240764476,0.0137739393961,7588.42003076,
2.59772274678,0.999828277791,0.0128734450277,0.72059964257,0.230466721241,2.18286243748,0.718565060083,0.0128734450277,7563.60032021,
2.82966697365,0.999823572141,0.0131681654222,0.729948874065,0.229906070311,2.15137324833,0.691231830395,0.0131681654222,8019.19146805,
2.79153078033,0.999822065108,0.0133432196636,0.727616315541,0.230359266682,2.12974654548,0.69614727626,0.0133432196636,7844.10617665,
2.92363415443,0.99981354143,0.0128279963401,0.726658272704,0.230127139794,2.15380025335,0.706427463202,0.0128279963401,7839.75879706,
2.84710898361,0.999817459596,0.0130968589342,0.724768489601,0.229684384888,2.16346160561,0.715389434017,0.0130968589342,7798.4204259,
2.73909724794,0.999828324676,0.0123665920776,0.728266565292,0.229546370409,2.16360634599,0.696699326858,0.0123665920776,7977.40134793,
2.6517323233,0.999826055381,0.013462432079,0.721988201062,0.230957110446,2.14251619715,0.712807000263,0.013462432079,7622.22237291,
2.99144183115,0.999796258801,0.011207646409,0.710966605006,0.233514705378,2.24017620041,0.765148359395,0.011207646409,7341.13119783,
2.75351197936,0.999821855531,0.0114065001353,0.722582527755,0.231661840273,2.21271438247,0.713744161041,0.0114065001353,7728.1692325,
2.38820975391,0.999844284828,0.0126359672528,0.724570896724,0.231123996355,2.16979683899,0.69215840905,0.0126359672528,7668.36433545,
2.65597516148,0.999833896703,0.0142390096501,0.731534602388,0.229173322785,2.10383325304,0.683785377918,0.0142390096501,7994.78848112,
2.76578467139,0.999821369187,0.013585729802,0.72702214927,0.228780558521,2.13916227867,0.704005244777,0.013585729802,7741.45324802,
2.92894232565,0.999814286992,0.0119011479205,0.725394607083,0.229883130716,2.1995699778,0.714062712631,0.0119011479205,7885.50931166,
2.93652446666,0.999810482713,0.0126722392105,0.723253992143,0.230733557706,2.187137633,0.718689968701,0.0126722392105,7747.26866416,
2.68157203281,0.99982574962,0.012444291969,0.721475693294,0.232480304117,2.17724006978,0.711005962384,0.012444291969,7694.48516794,
2.84852807606,0.999810239719,0.01105654663,0.709187326892,0.236952356973,2.21661227702,0.754562576547,0.01105654663,7505.43009876,
2.61935784905,0.999822003866,0.00987541225412,0.707220208534,0.238127827334,2.24509148766,0.74983444416,0.00987541225412,7357.71156627,
2.78835109943,0.999818183809,0.010065903512,0.713755590965,0.236018532858,2.23023183072,0.73313733658,0.010065903512,7667.83163311,
2.7675838302,0.999819820585,0.00964762704875,0.711114409902,0.236048901816,2.26186038672,0.745826984059,0.00964762704875,7679.87904183,
3.0039655272,0.999799273488,0.0115853973201,0.707685296008,0.236321766787,2.19348335543,0.770675392666,0.0115853973201,7482.5479754,
2.81103412863,0.999816369248,0.00995842091913,0.712136617118,0.235661337226,2.24510675462,0.743456291676,0.00995842091913,7653.83654423,
2.73664189856,0.999821404641,0.0109406258787,0.712823902217,0.235499608691,2.21850751491,0.73914976296,0.0109406258787,7661.3898348,
2.38743003931,0.999838196625,0.0116904336128,0.706742173433,0.238789625917,2.1987807052,0.742839264861,0.0116904336128,7377.38092651,
3.3409544403,0.999776650652,0.0108070413307,0.707908770362,0.235747416481,2.21961340724,0.784007187141,0.0108070413307,7479.01584835,
2.81421212826,0.999810317493,0.0125204803817,0.708373237457,0.236762267577,2.15049698715,0.758113818552,0.0125204803817,7418.01906768,
2.94728342052,0.999809375812,0.0115120200652,0.714167257889,0.235561942309,2.17036047801,0.741365382729,0.0115120200652,7730.40619494,
2.93182095996,0.999806332239,0.0113941693806,0.710811871415,0.236552527104,2.19283168087,0.751354808517,0.0113941693806,7568.99634242,
2.71941400353,0.999815735668,0.0122236112821,0.705795957663,0.237976659137,2.18952618772,0.762435577614,0.0122236112821,7378.90388135,
2.94042412756,0.999809424018,0.0107860587423,0.71202387805,0.235597561431,2.21829776983,0.751967780499,0.0107860587423,7714.36894663,
2.57379982895,0.999826058843,0.0112276606043,0.705897925797,0.238317803227,2.22029270906,0.753999548232,0.0112276606043,7398.29300272,
2.74056687744,0.999813485547,0.0108951154076,0.702474156925,0.23963221133,2.21948483488,0.770218383384,0.0108951154076,7346.59974348,
2.85902188344,0.999805687115,0.0127958656512,0.706980482765,0.237163041615,2.16379418299,0.763924591194,0.0127958656512,7356.54029055,
2.41269876591,0.999842571777,0.0106561551222,0.714128749327,0.235685064741,2.21392180271,0.722027491368,0.0106561551222,7662.62935111,
2.79995444742,0.999823561452,0.0118653437388,0.716598463599,0.234787120104,2.20105899627,0.730638175238,0.0118653437388,7934.46031894,
2.77761776025,0.99981335437,0.0113493472639,0.706862134081,0.237666642666,2.20729125186,0.761538075074,0.0113493472639,7440.68108484,
2.52210852868,0.999834795079,0.0112718826918,0.712407296474,0.236641063552,2.20079224933,0.729382265073,0.0112718826918,7633.0751757,
2.88939277599,0.999807616532,0.0110617586267,0.707661814491,0.236654566216,2.22140030049,0.765664806586,0.0110617586267,7509.26532252,
2.96824996993,0.999817776373,0.0117100413787,0.730930993224,0.227290184071,2.17055575004,0.697536501404,0.0117100413787,8144.56413429,
3.19025441799,0.999795367229,0.0120967504282,0.722586721497,0.228363072372,2.1733157534,0.738885506565,0.0120967504282,7795.09257221,
2.6738277974,0.999828894008,0.0120594872271,0.724058979137,0.230084394461,2.16089666798,0.705042292891,0.0120594872271,7813.27575093,
2.94640836791,0.999809158322,0.0124317858353,0.720638140785,0.230431881976,2.15510644364,0.73308877749,0.0124317858353,7719.41031375,
2.70368333064,0.999830794053,0.0119258634992,0.728796561184,0.22818800657,2.15695428955,0.690489103775,0.0119258634992,7989.23621945,
3.10059060118,0.999803162581,0.0123038497742,0.725643055016,0.228405577523,2.14287130164,0.719842826784,0.0123038497742,7875.91241285,
2.64631348483,0.999832444352,0.0122522247284,0.727643125932,0.228706998516,2.13407541716,0.694871784221,0.0122522247284,7896.72917713,
2.77619668983,0.999824773242,0.0120811553859,0.727404975934,0.229036956787,2.14571079749,0.695067998551,0.0120811553859,7921.62708143,
3.15625276915,0.999802578853,0.014363504233,0.733321240776,0.22593892507,2.07677576914,0.695295662556,0.014363504233,7993.61524668,
2.86887601628,0.999823593424,0.0135418995766,0.736297964117,0.225456813312,2.09797014903,0.6745476785,0.0135418995766,8131.33814561,
2.86386958393,0.999823026644,0.0125484962925,0.732594822526,0.22660362616,2.13540707675,0.690643385204,0.0125484962925,8091.14063704,
3.13776886506,0.999802622309,0.0114561087574,0.727978743317,0.228485304496,2.16150461936,0.711480575573,0.0114561087574,7948.52130313,
2.95350561031,0.999811182225,0.0122158909474,0.723759303175,0.229747044369,2.16191608705,0.716312155636,0.0122158909474,7820.94225012,
2.76232402027,0.999823454591,0.0122562806904,0.723880421765,0.229627342144,2.15251829192,0.711548815435,0.0122562806904,7823.15831299,
2.73112811767,0.99983399339,0.0149844377083,0.74211453383,0.224744487203,2.05984643043,0.64795183492,0.0149844377083,8225.85137951,
2.88227664401,0.999815817513,0.0143414129995,0.732690643661,0.227590601703,2.10683369395,0.684842700194,0.0143414129995,7824.40447853,
3.10566398771,0.999804241149,0.0138985707028,0.733556205295,0.226001858142,2.12829651581,0.698356665432,0.0138985707028,7932.26132679,
2.61280266851,0.999833476724,0.0140372684354,0.730725799719,0.227915459113,2.11789293717,0.686511016485,0.0140372684354,7845.06240396,
2.71914401103,0.999832322266,0.0129330436356,0.736303593592,0.225100139749,2.15825471292,0.675878949209,0.0129330436356,8108.14629316,
2.86963703909,0.999820758852,0.0129782045896,0.734034629593,0.22648778131,2.14467141798,0.68512970321,0.0129782045896,8004.86962624,
2.89780368519,0.999816895343,0.0130555094788,0.732548299056,0.226463125902,2.15096593997,0.693686586377,0.0130555094788,7912.88631548,
2.78079032046,0.999819350761,0.0130773021814,0.725773357748,0.229654047157,2.1756459557,0.705989541302,0.0130773021814,7696.60705847,
2.78210566854,0.999818131948,0.0135214586081,0.73026357354,0.227980082835,2.13612970381,0.691954876243,0.0135214586081,7648.63776527,
2.85759814277,0.999813700282,0.0137610510405,0.72653053176,0.228112774842,2.14123791819,0.71208187755,0.0137610510405,7669.31180085,
3.16115268798,0.999797015142,0.0129459634534,0.729172466428,0.22698512937,2.14398941541,0.716035141353,0.0129459634534,7786.62021224,
3.03068351024,0.999807020072,0.0148132841498,0.735584106293,0.225208986016,2.10013109772,0.685303566512,0.0148132841498,7852.27739168,
2.80537852751,0.999822636394,0.0137703673794,0.735564892813,0.224919695781,2.11740481193,0.681903540086,0.0137703673794,7908.5146786,
2.89935886177,0.99981477728,0.0140718518617,0.733490767949,0.226008333493,2.11131329936,0.691047879461,0.0140718518617,7826.6447739,
2.66991686209,0.999829076586,0.0133914490107,0.732325292139,0.227272429325,2.14742579705,0.682662683832,0.0133914490107,7810.28459717,
2.55603620154,0.999839559216,0.0143364804491,0.738394324443,0.22463322015,2.09112089825,0.662202592877,0.0143364804491,7965.6915226,
2.57255361082,0.999830368332,0.013574014319,0.724672198928,0.229609991401,2.13955241935,0.703030601524,0.013574014319,7582.7762211,
2.56969792092,0.999835194165,0.0138696027441,0.730211159782,0.227841448386,2.13182624436,0.68667271529,0.0138696027441,7796.15279037,
2.75886228128,0.999825605219,0.0118073077256,0.731308330873,0.227985428839,2.18550916364,0.688687373608,0.0118073077256,7909.83599797,
2.80874730205,0.999822075494,0.012436696841,0.731918177112,0.227074013352,2.16520722167,0.689641643801,0.012436696841,7893.10789085,
3.00035929771,0.999806817372,0.0111155849187,0.726283651668,0.228983720196,2.22123741405,0.714871404452,0.0111155849187,7765.62364438,
2.70684946247,0.999825818516,0.0147021643624,0.730590943266,0.227754171999,2.10852091355,0.690253527902,0.0147021643624,7770.21948723,
2.99876307832,0.999800148312,0.0127054803895,0.71785225065,0.23140014783,2.1859823267,0.746876295568,0.0127054803895,7502.49332462,
3.01003472123,0.999808662175,0.0131525576619,0.728062721021,0.228852109771,2.14510021849,0.711263592589,0.0131525576619,7865.64624083,
2.89144709255,0.999821469118,0.0132140333411,0.730818023858,0.229147893049,2.12935931269,0.696232823334,0.0132140333411,8097.78339018,
3.15867933911,0.999801703289,0.0125722850106,0.726335861991,0.229888707277,2.18315348788,0.721019321573,0.0125722850106,7964.42472508,
2.74065638045,0.9998208125,0.0125807333452,0.721251374347,0.231260360317,2.18823983445,0.718522731588,0.0125807333452,7647.35225909,
2.89901973932,0.999813904918,0.0135220805296,0.728252869361,0.22836230603,2.13944151435,0.70532850472,0.0135220805296,7788.97257411,
2.70957282637,0.999822480497,0.0125271077704,0.722176634836,0.230716031403,2.18045498242,0.717267909305,0.0125271077704,7631.66358082,
3.34689190173,0.999776842362,0.0117444020606,0.715757548044,0.231762079013,2.1972954978,0.766683162912,0.0117444020606,7498.77675093,
3.1542879556,0.999803437925,0.012456787627,0.72841006128,0.230658069187,2.17613247493,0.707202727379,0.012456787627,8023.54270074,
2.59038122545,0.999836975229,0.013345301822,0.730672070639,0.229284521906,2.11902227299,0.680933940648,0.013345301822,7944.64682276,
2.95953811305,0.999807384182,0.0134200266328,0.725693920558,0.228754284788,2.15027262119,0.717000982654,0.0134200266328,7682.39150446,
2.78595370449,0.999825111871,0.0123933223711,0.726724680342,0.230102737654,2.16025850489,0.70261325048,0.0123933223711,7964.92783211,
3.09590311601,0.999800103385,0.0121693809339,0.722776682761,0.230340152484,2.20458383987,0.730135474918,0.0121693809339,7743.638434,
2.62944211836,0.999831602106,0.0128951951128,0.72761450142,0.229769764591,2.16256621694,0.692913893557,0.0128951951128,7807.10567578,
2.90098148702,0.999807698116,0.00943634017196,0.704038101174,0.23943627342,2.28303001928,0.774764048313,0.00943634017196,7542.79339642,
3.1613613635,0.999783041213,0.009901535616,0.701120786669,0.238442551842,2.25830526079,0.794421183552,0.009901535616,7285.63558562,
2.93581269523,0.999800025979,0.0115340970157,0.70685673698,0.237952666218,2.17736440861,0.76223303379,0.0115340970157,7340.49444537,
2.80144029625,0.999808821176,0.0101650217843,0.701752178655,0.238647621912,2.24909731614,0.779811622376,0.0101650217843,7326.78300089,
2.80778769135,0.999816477167,0.0109101320671,0.716391342295,0.234066696057,2.18597286244,0.732060432431,0.0109101320671,7649.71793974,
2.91277541213,0.999802876209,0.00964492050102,0.706829088076,0.237105238541,2.25220339305,0.766383500907,0.00964492050102,7388.21824245,
3.47466105557,0.999763252851,0.00971117331741,0.70421457523,0.236640621749,2.26725728659,0.799352848747,0.00971117331741,7338.38529791,
2.8426159326,0.999801967711,0.0102801430372,0.702880555599,0.23842824159,2.2432898106,0.776486560901,0.0102801430372,7177.17672291,
2.97953743659,0.999805116204,0.0119360006031,0.716437747688,0.232804669024,2.18699265253,0.74425390688,0.0119360006031,7644.32441918,
3.02907928008,0.999793605537,0.00987923599118,0.704985857643,0.237062136136,2.24951100599,0.779373601577,0.00987923599118,7338.01838353,
3.08450854244,0.999800988475,0.0117564846355,0.715461992534,0.233881888108,2.15654293369,0.74524803311,0.0117564846355,7749.51643327,
2.67647154813,0.999824689545,0.0122754533665,0.719980965839,0.232780547527,2.18920389602,0.719638898383,0.0122754533665,7633.49807604,
2.8570502459,0.99980711539,0.0125544004663,0.712354053642,0.233647356079,2.1870471054,0.754585619863,0.0125544004663,7406.09846094,
2.91655451594,0.999800818783,0.0116368470371,0.711982054452,0.234136458405,2.22626206095,0.757888923701,0.0116368470371,7321.32763865,
2.81125615543,0.99981085412,0.0110221655275,0.715017308162,0.234546572183,2.21784468746,0.741250561743,0.0110221655275,7431.45244494,
2.89708855121,0.999812164651,0.0102867720901,0.716654098673,0.233889312214,2.25807517029,0.740074759242,0.0102867720901,7711.77203596,
3.22832840424,0.999787661461,0.0114907178894,0.715651222458,0.2322460261,2.23237846599,0.763374221868,0.0114907178894,7601.8639601,
2.84947700574,0.999811181311,0.0115472852318,0.717617042408,0.233262343781,2.23360063663,0.733199642542,0.0115472852318,7545.55337735,
2.92859232438,0.999799885556,0.0120507726466,0.709562748296,0.234259508042,2.21177893524,0.770087936458,0.0120507726466,7317.28522009,
3.13602518822,0.999780507942,0.0118677292049,0.703181499037,0.235120512855,2.22604359642,0.797414836652,0.0118677292049,7143.86072596,
2.72065745251,0.999820436701,0.0135548739826,0.718836796515,0.232732728345,2.14931172405,0.723075319402,0.0135548739826,7575.81298573,
2.7036256729,0.999825471922,0.0126143293289,0.722881753672,0.231092589257,2.16860809371,0.716084096037,0.0126143293289,7745.55847948,
2.6975007002,0.999824633344,0.0125144231068,0.721354852744,0.231473478339,2.17810880767,0.719379784702,0.0125144231068,7691.05177756,
2.63878494672,0.999819525928,0.0126556118164,0.710459348977,0.233746534168,2.20811071486,0.753809267804,0.0126556118164,7310.72329379,
3.12013519009,0.999784848384,0.0114904674604,0.706848920663,0.234078993769,2.23307952466,0.78937835661,0.0114904674604,7251.03189863,
3.20331097835,0.999788261684,0.0127261580751,0.715245681843,0.233435614792,2.14143452316,0.754346285853,0.0127261580751,7564.35705623,
3.16075224855,0.999799173088,0.0111309455313,0.725376748414,0.228004508082,2.18676248128,0.725178392846,0.0111309455313,7869.39562114,
3.11816226688,0.999793022909,0.0110024038166,0.713260258189,0.232807822502,2.2069685719,0.760869027726,0.0110024038166,7532.67947328,
3.19431923913,0.99978806774,0.0112276108403,0.717014370089,0.231404388693,2.20720395448,0.751524221393,0.0112276108403,7536.23232195,
3.13995333185,0.999801218536,0.012339416747,0.727798460031,0.226836925587,2.15959958106,0.716779351448,0.012339416747,7898.0423367,
3.10640414297,0.999801283278,0.0117349402738,0.724234631569,0.229490385675,2.15730312218,0.722271671398,0.0117349402738,7816.12667018,
2.77932524028,0.99982825489,0.0132092913664,0.735072847028,0.227009344428,2.09709780817,0.669786612961,0.0132092913664,8091.39616955,
3.16101432918,0.999791360846,0.0108765187119,0.712837572822,0.233481440222,2.19716503431,0.761110933094,0.0108765187119,7575.31393437,
3.37069287789,0.999784418532,0.0112588597641,0.723775087299,0.228765993706,2.17897658074,0.734921265044,0.0112588597641,7817.68373491,
3.21402424117,0.999801767963,0.0129695762864,0.732084555586,0.225870533673,2.14033907444,0.706051847263,0.0129695762864,8106.7892288,
2.77805953918,0.999820513181,0.0108672286044,0.72038375907,0.2307833987,2.19961449639,0.723150185454,0.0108672286044,7738.94972841,
2.83556200768,0.999814147515,0.0117376109898,0.714661581434,0.233498901743,2.17066063946,0.738490506549,0.0117376109898,7628.5663722,
3.19945888756,0.999795277545,0.0109693760305,0.720810177079,0.230269969261,2.19779762395,0.736589482437,0.0109693760305,7814.17462522,
2.87738434036,0.999811215875,0.0107548310763,0.715119445059,0.23292619484,2.20977607745,0.739393844092,0.0107548310763,7620.87748696,
3.61419822315,0.999768810245,0.0116273452481,0.723145421075,0.227623671202,2.17937337862,0.754767790627,0.0116273452481,7816.55630825,
3.1518467487,0.999800388213,0.0117557404547,0.725869811826,0.227714310245,2.15962261215,0.723468341451,0.0117557404547,7894.99766747,
2.89993316449,0.999817309015,0.0114035977487,0.728959936611,0.22630265367,2.17996290215,0.705088972913,0.0114035977487,7936.78899828,
3.42195090448,0.999781898447,0.0118805038221,0.725109483118,0.227895433241,2.16336134077,0.733417416712,0.0118805038221,7844.91981041,
2.89821272877,0.999809537149,0.0121308709543,0.714679630288,0.232857123754,2.15994827726,0.746958776794,0.0121308709543,7608.38480379,
3.11292876391,0.99980727322,0.0120296673562,0.730077081736,0.22758872333,2.15422778117,0.704973657435,0.0120296673562,8076.05497262,
2.96351402458,0.999812699226,0.0123202578033,0.726204963579,0.229213478965,2.12943319889,0.70455699868,0.0123202578033,7911.16154513,
3.16212594665,0.999798907313,0.0116868321664,0.725446558116,0.227914025163,2.17028825257,0.725376189549,0.0116868321664,7862.27413336,
3.12984008532,0.999796956466,0.0116867539835,0.717565060119,0.231365132533,2.16780020734,0.7477502603,0.0116867539835,7707.35411127,
3.23384099835,0.999789923358,0.0108294350675,0.717978692805,0.229830216727,2.21664056465,0.75535851048,0.0108294350675,7696.85371742,
2.76352771211,0.99982443178,0.0116567688437,0.724454753687,0.229807920929,2.155185645,0.707054182055,0.0116567688437,7870.27977574,
3.03569993132,0.999791048011,0.00861307137244,0.701694479688,0.239797203882,2.30747414978,0.788802966001,0.00861307137244,7264.09324213,
3.02005589339,0.999796297389,0.0112757230098,0.712866755389,0.234734433794,2.19322903256,0.75080869182,0.0112757230098,7412.90407142,
3.02119045528,0.999804276953,0.0118048578111,0.727325009509,0.227476875572,2.15879518681,0.712939919647,0.0118048578111,7718.04686131,
2.7621004111,0.999809876987,0.0103273444561,0.712536294936,0.23442841303,2.2343873287,0.74585635687,0.0103273444561,7264.00056827,
3.09983600675,0.999795724097,0.0108100867238,0.723325220592,0.228858835631,2.20265543884,0.727255258228,0.0108100867238,7587.3863261,
2.9040663244,0.999801323442,0.0108779340078,0.70327993746,0.235793189922,2.24244041377,0.78527971223,0.0108779340078,7308.53616901,
2.7791204218,0.999812835132,0.0112246224091,0.707315407955,0.235507759165,2.22636026048,0.76809127764,0.0112246224091,7424.26783042,
2.76555127128,0.999820674614,0.011180830264,0.715358032161,0.232654286406,2.23896733147,0.745060521835,0.011180830264,7711.03040273,
2.69781509806,0.999813561384,0.01122607306,0.699457406342,0.237988925723,2.23640763658,0.78623358683,0.01122607306,7235.17094618,
2.8660968737,0.999814756469,0.0111581818625,0.717913647269,0.233646600305,2.21883844485,0.731390000506,0.0111581818625,7736.07099166,
2.82760514082,0.9998111246,0.0116562689923,0.711785726689,0.233830740693,2.2145446335,0.758657561689,0.0116562689923,7485.38228531,
2.84150510632,0.999820605883,0.0122271780899,0.721407829715,0.233840606674,2.15300777632,0.715359467816,0.0122271780899,7919.73679622,
2.79558541495,0.999810731462,0.0107676749212,0.70682575109,0.235439747087,2.24530573853,0.769622817511,0.0107676749212,7385.25827672,
2.84658877828,0.999809447927,0.0115058649376,0.71123229312,0.234304764828,2.20541204828,0.756309022536,0.0115058649376,7469.328297,
3.06623717091,0.999790027293,0.0105788524807,0.701950600731,0.236989654839,2.2517502316,0.797649423541,0.0105788524807,7301.52089155,
2.99842593384,0.999797648772,0.0108891906935,0.705242347793,0.235197431116,2.26032185372,0.785973879759,0.0108891906935,7408.99450545,
2.72541851804,0.999817197273,0.0109306247857,0.708543523756,0.234514640023,2.24182943324,0.763236654261,0.0109306247857,7454.55714462,
2.73972535137,0.999819229725,0.0108708086604,0.712821995698,0.2357686552,2.21183166629,0.744180524304,0.0108708086604,7577.92994708,
2.85540210487,0.999808733945,0.010390015483,0.708545295056,0.234512137105,2.27297320451,0.768931913628,0.010390015483,7464.50416266,
3.09883475984,0.999797058988,0.0100452825845,0.713347023919,0.234450033635,2.25994387382,0.759497307591,0.0100452825845,7634.84208144,
2.6920955097,0.999821332551,0.0105334634321,0.710868487601,0.234559342757,2.25483306902,0.753473211206,0.0105334634321,7533.86147441,
2.8290819899,0.999806303891,0.0105229111118,0.703930517181,0.236447974681,2.24953694121,0.781498630456,0.0105229111118,7302.87112171,
2.88470301616,0.999812333373,0.0111738206757,0.717596511681,0.233283290801,2.21386519781,0.736798949146,0.0111738206757,7685.71180576,
2.82705932081,0.999806155654,0.00983655491268,0.703886039701,0.2351830046,2.29356566248,0.787140188018,0.00983655491268,7292.12440277,
3.0793937175,0.999793300937,0.00974519471485,0.716532881401,0.232721790463,2.26749404599,0.749666613657,0.00974519471485,7448.95317087,
2.76134176185,0.99981156037,0.0110686808759,0.710283148497,0.233814145593,2.26326754513,0.758244265478,0.0110686808759,7326.84087308,
2.58241436985,0.999818676573,0.0123528516251,0.709408953537,0.232879927532,2.21040483831,0.755643733326,0.0123528516251,7120.97002323,
2.6716263201,0.999829917079,0.0129704425004,0.726864163816,0.229650095213,2.1835878485,0.699037778379,0.0129704425004,7853.86034078,
2.70598528867,0.999815393746,0.0113241806484,0.71479992906,0.231396498452,2.23793617286,0.745488850595,0.0113241806484,7328.92901923,
2.64473091341,0.99982033709,0.0123019604628,0.71675609504,0.230813969372,2.19849265872,0.736170944614,0.0123019604628,7360.22045503,
3.07464026714,0.999800378801,0.0123747263071,0.724025067928,0.229901095522,2.19888719173,0.724238660711,0.0123747263071,7701.15202712,
2.81812049221,0.999807912203,0.0116999059668,0.715250170968,0.231297458591,2.22549653121,0.747686470864,0.0116999059668,7335.46483159,
2.77517497096,0.999798184909,0.0108249576296,0.691172950294,0.238894981257,2.26819686679,0.820959962783,0.0108249576296,6875.50022972,
2.79448081926,0.99980894582,0.0127349115182,0.714375662979,0.230968711435,2.18439676078,0.75197074745,0.0127349115182,7313.27593504,
2.74856567721,0.999806663604,0.0121373006399,0.707244876909,0.232341786373,2.22422149683,0.772488001652,0.0121373006399,7108.16332982,
2.9274933659,0.999801840719,0.0100847248614,0.706598086712,0.237525106422,2.24801559227,0.766106882218,0.0100847248614,7386.67566746,
2.82620286109,0.999806093094,0.0111320286076,0.700025878528,0.240373226252,2.22036319201,0.778919361449,0.0111320286076,7287.48639791,
2.64525497577,0.99982028781,0.00976438564104,0.704598834384,0.23894287459,2.28316032752,0.758508027381,0.00976438564104,7359.66424306,
2.86684375405,0.999798223043,0.0101996955407,0.692255263291,0.24223885511,2.25122410057,0.810031398249,0.0101996955407,7103.96050899,
3.0596925725,0.999795530767,0.0113629742075,0.708050491249,0.236721190242,2.21376160328,0.768054981945,0.0113629742075,7482.00782897,
2.89841833844,0.99980364356,0.0119966395435,0.703884180597,0.23929189523,2.17956982199,0.768919650232,0.0119966395435,7380.46530553,
2.82635170311,0.99980579641,0.0101976580048,0.701022625865,0.239646207714,2.25668866828,0.777640704663,0.0101976580048,7276.73827058,
2.77388672104,0.999809608341,0.0106706331983,0.703040553991,0.23885979404,2.2357394904,0.770819487564,0.0106706331983,7284.63974336,
2.70048693592,0.999822348969,0.0104697457247,0.712395504258,0.235709023592,2.26417453785,0.74273255354,0.0104697457247,7600.50954103,
2.60342136869,0.999822292872,0.0117454523521,0.714426187175,0.233070872177,2.22882776322,0.740348312082,0.0117454523521,7325.01132175,
2.88915007944,0.999805589923,0.0115887366412,0.716284006486,0.233193726738,2.21504550428,0.743365404091,0.0115887366412,7430.5452652,
2.93039039531,0.99980306817,0.0108334173602,0.710505327963,0.235078469173,2.20583618596,0.757713280229,0.0108334173602,7440.06352964,
2.93163542666,0.999813567954,0.0129305261396,0.731187531316,0.226833386545,2.14779512378,0.697851591551,0.0129305261396,7862.46415359,
2.81783526937,0.999819244589,0.0137001717254,0.728677920159,0.228364380933,2.12417387715,0.697728562002,0.0137001717254,7794.60327935,
3.01862077941,0.999790494082,0.0120763412306,0.704692768809,0.235105970268,2.21447196656,0.786494678478,0.0120763412306,7204.14773447,
3.13620261187,0.999778606901,0.0110729752323,0.702840777057,0.234735819933,2.34822830358,0.800137508268,0.0110729752323,7082.80684065,
2.77962925382,0.999818230364,0.0105967858935,0.717193685898,0.23595987568,2.22116380798,0.726172914669,0.0105967858935,7645.9636717,
3.31583168766,0.999786799914,0.0116217639531,0.722068437037,0.233242300275,2.20351849375,0.732866058402,0.0116217639531,7776.28283966,
2.89823240954,0.999812169572,0.0115988823342,0.719349966783,0.232844288722,2.21290206527,0.730965825477,0.0115988823342,7714.96123027,
3.02667021514,0.999800011508,0.0130104821568,0.721840538906,0.229667124862,2.18864480232,0.737701297705,0.0130104821568,7567.05339978,
2.71177489707,0.999821640185,0.0113761232202,0.722780527608,0.23119917838,2.21864580778,0.715621845143,0.0113761232202,7601.90251025,
3.15362602894,0.999795710047,0.0129381294646,0.726002835915,0.230071049942,2.16668102399,0.721768971077,0.0129381294646,7718.45331813,
2.8510508741,0.999821883214,0.0123212581096,0.728045593117,0.231617509197,2.16699300165,0.695231774221,0.0123212581096,8003.281443,
2.94529625595,0.999807653452,0.0132033204686,0.727074062728,0.229855323223,2.14702241129,0.710095405262,0.0132033204686,7656.18521409,
3.20334579057,0.999794488916,0.0125772668323,0.725493522115,0.228679813327,2.19233839659,0.734068365661,0.0125772668323,7793.56015347,
2.67618157816,0.999824038997,0.0130517104533,0.727319793294,0.229485843583,2.16140873013,0.700917044854,0.0130517104533,7604.42180977,
2.76921476291,0.999818764203,0.0116573688432,0.722922819564,0.231711399512,2.20692175279,0.714918183372,0.0116573688432,7639.7703692,
2.79953897544,0.999811434018,0.0119768116492,0.721468730058,0.231138777929,2.20377173821,0.72399151373,0.0119768116492,7423.1935656,
2.85510709109,0.999811998555,0.0130065119475,0.727807076178,0.229922053912,2.14926519469,0.701903061418,0.0130065119475,7593.26994834,
2.50114435282,0.999843158044,0.0128747457487,0.731338502737,0.230312354374,2.14223657374,0.672647346676,0.0128747457487,7973.40666114,
2.90379247486,0.999809199525,0.0119573531243,0.722873117974,0.231419538646,2.19944880752,0.721536263256,0.0119573531243,7609.44247081,
3.27170433111,0.999782000466,0.0115364613704,0.717354597356,0.23098450251,2.2235355216,0.762644846526,0.0115364613704,7503.88041351,
3.18546971574,0.999795634361,0.0111429372352,0.723391702911,0.231295295453,2.21364549111,0.730620769129,0.0111429372352,7793.5059269,
3.07645910672,0.999802046836,0.0121708669197,0.724713056804,0.230920313262,2.18914573716,0.721342818081,0.0121708669197,7770.62535412,
2.59037430257,0.999822572106,0.0118660106347,0.717399972844,0.231784777363,2.22533132949,0.732884453496,0.0118660106347,7299.75089025,
3.30027468028,0.999787240456,0.0128800477505,0.725557674327,0.229108839058,2.1660849861,0.733984302062,0.0128800477505,7755.84194304,
3.49004874898,0.999777414019,0.0114173434199,0.722722075633,0.230962188478,2.20325946502,0.746209918476,0.0114173434199,7839.73651617,
2.52133019865,0.999832289781,0.0115711920103,0.721306977824,0.231438536005,2.21676760793,0.713462795231,0.0115711920103,7516.88637495,
2.95978624901,0.999803361702,0.0129239283313,0.722330775422,0.230969297227,2.16284449758,0.726262120982,0.0129239283313,7525.93932883,
3.23237057766,0.999796070741,0.0132298055276,0.726291716925,0.229277717032,2.16160714576,0.727122042148,0.0132298055276,7925.16818982,
2.6241483863,0.999829182702,0.0131168029167,0.725753639669,0.230975996047,2.15419289741,0.698008048743,0.0131168029167,7681.09693543,
2.89213285372,0.999814530067,0.0130827790639,0.726683381816,0.230255523782,2.16206101921,0.707266912409,0.0130827790639,7796.71749292,
2.6498846054,0.999831702999,0.0133008501261,0.728292916054,0.230211807384,2.15252333639,0.694099684791,0.0133008501261,7872.5911806,
3.17219172197,0.999795047659,0.0124744942352,0.721313073072,0.230888514446,2.21382143975,0.7388114317,0.0124744942352,7738.80142937,
2.92667785009,0.999807295096,0.0122748341006,0.722453450821,0.230774403073,2.19895555611,0.726416798004,0.0122748341006,7593.6133978,
2.76306862596,0.999821668768,0.0121662500172,0.72542236643,0.230888716816,2.18762216674,0.705507016245,0.0121662500172,7746.96957992,
2.95850017485,0.999816614241,0.0124305758424,0.728034017619,0.229716703622,2.1635700244,0.709149343631,0.0124305758424,8066.29613114,
2.80367421222,0.999825959334,0.0128681934654,0.726918254767,0.233715078877,2.12341129165,0.691461769062,0.0128681934654,8054.62090277,
2.48829340213,0.999842021116,0.0119347600215,0.727062763712,0.230884254084,2.2008030399,0.688979321541,0.0119347600215,7875.36261513,
2.58210827945,0.999827697582,0.0134174571478,0.72344098868,0.231180293676,2.13577664241,0.708798650077,0.0134174571478,7492.91834326,
2.63530105449,0.999827955909,0.0140094144658,0.726457413129,0.229867596862,2.15059654946,0.70059513072,0.0140094144658,7658.7557996,
3.02529542916,0.999809044885,0.0129216797999,0.726854163798,0.230162674227,2.16641295975,0.714100491802,0.0129216797999,7921.44119476,
2.62808869442,0.999826496708,0.0118353386054,0.722984861147,0.232132859977,2.2069365343,0.708475252468,0.0118353386054,7573.53852172,
2.91150357933,0.999810636519,0.0119986226337,0.72489963195,0.232322390197,2.18921614964,0.707688318285,0.0119986226337,7687.51398399,
3.05524986075,0.999798919651,0.0124882092931,0.722815771364,0.229836240039,2.21245138706,0.736149186976,0.0124882092931,7596.99003214,
2.93289153462,0.999801719497,0.0128615643518,0.719989526294,0.230648817933,2.2020252601,0.738375685563,0.0128615643518,7395.73139202,
3.119318982,0.999800482409,0.0126043910413,0.726228878074,0.229624726364,2.16518218997,0.72361777686,0.0126043910413,7817.0668677,
3.10081628721,0.999794813571,0.0124405829557,0.722555925505,0.231348055604,2.19524871213,0.728547266291,0.0124405829557,7556.01749545,
3.12458156107,0.999795791131,0.0129831539565,0.724718166647,0.230792737258,2.17359092627,0.725015210566,0.0129831539565,7650.36758372,
2.72896817768,0.999822880175,0.0121490291277,0.725008707634,0.231262757836,2.18645716139,0.706913647498,0.0121490291277,7703.64659471,
2.8155173887,0.999819529999,0.0124730993867,0.725036381014,0.230464358635,2.19844031431,0.714715243955,0.0124730993867,7800.45005065,
2.33237401932,0.999843509304,0.0128132745886,0.722140412082,0.23122835342,2.19412796573,0.70408426456,0.0128132745886,7452.04538026,
2.83110920831,0.99981475702,0.0131089712528,0.724522842378,0.230249308124,2.18218274763,0.714653036891,0.0131089712528,7641.55906398,
2.41769333045,0.999848295305,0.0126064669821,0.729737256734,0.230728961806,2.17248707952,0.673944497454,0.0126064669821,7968.38553848,
2.92091415307,0.999806526764,0.012932997491,0.721686569636,0.230184486748,2.19490972075,0.731756418899,0.012932997491,7548.59327756,
2.63995748558,0.999825938074,0.0131217322795,0.72592550109,0.227215944668,2.16169216404,0.710007583526,0.0131217322795,7583.25579302,
2.86471279128,0.99981600809,0.0110252245884,0.724240408083,0.231067444571,2.19885303917,0.716860349198,0.0110252245884,7784.76139571,
3.18052351249,0.999789452014,0.0109702779886,0.719067967822,0.231747888901,2.19884148248,0.746660004874,0.0109702779886,7552.85810859,
3.71257458914,0.999754960589,0.0112068358209,0.718490422454,0.231074765722,2.21100975122,0.769113787696,0.0112068358209,7575.3579538,
3.15806933407,0.999792808088,0.011921237736,0.724306056263,0.22910872615,2.19132667496,0.732973363114,0.011921237736,7621.02496064,
2.89967543539,0.99980873581,0.0113770237143,0.72236581082,0.230546176341,2.21286488372,0.725643610692,0.0113770237143,7580.19499722,
3.12808127704,0.999796200651,0.0121719271831,0.726106690731,0.230270190812,2.17198738067,0.71792627563,0.0121719271831,7674.29932973,
3.19269859185,0.99979365334,0.0102455254871,0.713494294752,0.236990429723,2.22273540992,0.753589120074,0.0102455254871,7736.13998238,
2.7456445166,0.999821410695,0.0121801539935,0.726333782778,0.230616898717,2.17798194492,0.701408470762,0.0121801539935,7686.92188819,
2.79010328153,0.999817792322,0.0114970509429,0.723013290393,0.232072500958,2.1679064607,0.712642927898,0.0114970509429,7656.27676746,
2.67700243448,0.999829118176,0.0112357601056,0.722226582687,0.231908004936,2.21641433328,0.714627521117,0.0112357601056,7832.79353466,
2.41529029831,0.999839291002,0.0120860708054,0.727001208324,0.230065740329,2.18399649768,0.688450512056,0.0120860708054,7514.38018235,
3.13130328643,0.999797711868,0.0096712719789,0.71530662405,0.237007850378,2.24253723804,0.742954778135,0.0096712719789,7739.60771801,
2.72405203952,0.999820390698,0.0106227611503,0.71977623447,0.234468739809,2.21463053979,0.720571410939,0.0106227611503,7583.15805725,
2.97174177403,0.999805485428,0.0104080728901,0.717860441714,0.235740826871,2.2109040802,0.732286118469,0.0104080728901,7638.76020114,
3.0570469427,0.999801520267,0.0117797126604,0.722121575892,0.231408835595,2.2105428801,0.727945074229,0.0117797126604,7701.03746891,
2.69690869467,0.999819495889,0.0115649462336,0.721702875727,0.2314214323,2.20466551259,0.716898425064,0.0115649462336,7470.38202805,
3.04590554891,0.999800506579,0.00979528950354,0.713827313619,0.236877072282,2.24159007681,0.748892437362,0.00979528950354,7633.98185449,
2.78102599523,0.999815467298,0.0100314369856,0.716171873393,0.235183387628,2.24916605619,0.733485953269,0.0100314369856,7535.1995242,
3.00423116817,0.999804506523,0.0117197986997,0.72346518004,0.230730464398,2.19740920463,0.727750145578,0.0117197986997,7683.59115203,
3.27043190492,0.999782706299,0.0109569223866,0.717610839733,0.23203471299,2.22529318045,0.754023283837,0.0109569223866,7525.26195891,
2.95012012194,0.999805661613,0.0109918430127,0.718809689028,0.233205338563,2.20075332499,0.732930045636,0.0109918430127,7590.05785112,
2.89128727281,0.999810949145,0.0114081303131,0.721657621461,0.233727582807,2.19663411329,0.717156549761,0.0114081303131,7646.74719797,
2.89657793902,0.999801834287,0.0108969279008,0.712260252294,0.234332454526,2.24268888875,0.756983904887,0.0108969279008,7308.37427217,
2.61368909444,0.999828297573,0.0110436010619,0.721200797075,0.234624194794,2.18884787994,0.708032583446,0.0110436010619,7611.00152891,
2.60866327801,0.999821299616,0.0102091875549,0.70976279323,0.236170169886,2.23539037652,0.750112645222,0.0102091875549,7298.87204503,
2.79183004674,0.999817549424,0.0113501257651,0.721228166773,0.234050953213,2.19517109473,0.71637792304,0.0113501257651,7650.80898973,
3.07297907153,0.999791014374,0.012231807908,0.715811102165,0.233450267055,2.1873312715,0.751528572921,0.012231807908,7352.02644113,
3.31589607049,0.999781205911,0.00974386415202,0.713813589685,0.234903246211,2.26420971574,0.767463372007,0.00974386415202,7577.55560241,
3.0583788068,0.999795012853,0.012717455552,0.716163780804,0.232954272957,2.16496016203,0.754416701479,0.012717455552,7459.82102931,
2.91593570895,0.999803119287,0.00985430591946,0.712099794457,0.236368514874,2.26253085422,0.751983406439,0.00985430591946,7405.23427966,
2.62697628576,0.999819471804,0.0119063032759,0.715372950387,0.234175563224,2.1969242676,0.735955346208,0.0119063032759,7275.70562855,
3.05541739456,0.999798128091,0.0106279399546,0.71262859004,0.234632765391,2.21860452072,0.762409072856,0.0106279399546,7567.61337407,
3.22249310481,0.999798214397,0.011167145661,0.719709679308,0.234352499412,2.20710322945,0.738050211089,0.011167145661,7984.86096087,
2.83022841959,0.999812792448,0.0131303421712,0.725440427828,0.227505161436,2.1615930894,0.716854316399,0.0131303421712,7558.98681642,
2.9342784851,0.99981124393,0.0116504697912,0.724829799872,0.23179201172,2.17674522888,0.710684344945,0.0116504697912,7772.58304376,
2.88465821521,0.999808934154,0.010989205856,0.717638615909,0.233108861981,2.22339597614,0.735416053497,0.010989205856,7548.77713967,
3.11267014472,0.999791699254,0.0119291338873,0.719995571151,0.231674427399,2.18241371368,0.739212959007,0.0119291338873,7471.49294473,
3.36761793035,0.99978031577,0.0106993578502,0.713518816591,0.23609841342,2.2242586162,0.763331201085,0.0106993578502,7664.60721769,
2.45713844345,0.999833989862,0.0103833330307,0.714303185443,0.236362583899,2.23616076814,0.727336453774,0.0103833330307,7400.47229531,
3.05757080726,0.999798698218,0.0106439887995,0.716129669896,0.234459961629,2.23050325728,0.747327272051,0.0106439887995,7594.3845762,
2.57204972372,0.999832112068,0.0110462431852,0.720627993378,0.23455305358,2.20187472683,0.710019649124,0.0110462431852,7659.87113658,
2.87298385821,0.999807893264,0.00987806285563,0.715757478175,0.235384413793,2.24279631314,0.740928449812,0.00987806285563,7477.453476,
3.02348104,0.999800550369,0.0106323601031,0.718091664808,0.234533373071,2.22707676253,0.73775974663,0.0106323601031,7579.44565348,
3.06790894864,0.999780343901,0.00883454408442,0.698411749756,0.237293776829,2.31234799933,0.8108262443,0.00883454408442,6983.28581187,
2.90932207949,0.99980808508,0.0106205940139,0.721379782748,0.232465247879,2.23244014929,0.72315285571,0.0106205940139,7579.603607,
2.94986634877,0.99980086533,0.0117714458599,0.720334497428,0.231885343715,2.19707114216,0.732381950972,0.0117714458599,7406.59345974,
3.34061788921,0.999775618761,0.0113536222275,0.717425092293,0.232295914294,2.20428456898,0.757364267946,0.0113536222275,7444.00189105,
2.90250175248,0.999807563887,0.0113069762283,0.72202616897,0.231757128108,2.19162562522,0.724188815941,0.0113069762283,7541.36705156,
2.95698317304,0.999810349591,0.0110208040676,0.721940312658,0.233950765698,2.19177458969,0.717801070318,0.0110208040676,7795.82626614,
