0.333899152204,0.668930390492,0.373755656109,0.461601972743,0.352399710588,0.374623165693,0.313050493601,0.373755656109,0.585591325147,
0.307384418377,0.719015280136,0.472171945701,0.414264955195,0.162915025324,0.166878472717,0.184118602997,0.472171945701,0.723927661255,
0.430050598328,0.657894736842,0.441176470588,0.525628041128,0.316182972908,0.277632141331,0.230731639611,0.441176470588,0.786647889865,
0.259809112561,0.768251273345,0.43371040724,0.405303947687,0.147439504783,0.155572018806,0.0911672343895,0.43371040724,0.74104215452,
0.344175745093,0.727504244482,0.493212669683,0.509247231335,0.242382828202,0.174588972788,0.132051956764,0.493212669683,0.783410079214,
0.33225347156,0.699490662139,0.487330316742,0.464354124926,0.194469008763,0.171545804246,0.154843765362,0.487330316742,0.712546613169,
0.473977457758,0.549235993209,0.443212669683,0.406239679429,0.142455181285,0.173278244764,0.26601527936,0.443212669683,0.725794752473,
0.210945668182,0.838709677419,0.540045248869,0.457220546467,0.149208135702,0.0667502493233,0.0385627454269,0.540045248869,0.781432678074,
0.302107153954,0.731748726655,0.203167420814,0.214954094102,0.247447544015,0.387083630147,0.351416608352,0.203167420814,0.752870193067,
0.313662243104,0.633276740238,0.304977375566,0.233349479293,0.261033845164,0.357398489813,0.399935227542,0.304977375566,0.554178139593,
0.412167873501,0.587436332767,0.353619909502,0.268918294106,0.260712275906,0.287237498219,0.393937991938,0.353619909502,0.676176457101,
0.20209339425,0.824278438031,0.251809954751,0.35327726282,0.398263526007,0.427701951845,0.268082793081,0.251809954751,0.668684331322,
0.015769049752,0.938879456706,0.283257918552,0.217530108545,0.271846611464,0.304123094458,0.201312220596,0.283257918552,0.526364179542,
0.35001518777,0.600169779287,0.284841628959,0.270745723156,0.315379049763,0.424017666334,0.426723265457,0.284841628959,0.536275414147,
0.308190533187,0.666383701188,0.265610859729,0.381360223695,0.479901921376,0.523855250036,0.419364073262,0.265610859729,0.509148221959,
0.323247926139,0.683361629881,0.288461538462,0.318291904269,0.359755607364,0.368058127938,0.321742726111,0.288461538462,0.648786907286,
0.228968457742,0.799660441426,0.313800904977,0.375349523327,0.404252753437,0.379780595526,0.256351459983,0.313800904977,0.670688263336,
0.0968804682083,0.946519524618,0.234615384615,0.311983971466,0.329809470215,0.372357885739,0.15195213778,0.234615384615,0.751405224654,
0.165324642404,0.861629881155,0.310633484163,0.433882295955,0.506069619744,0.462276677589,0.250822668047,0.310633484163,0.615177234205,
0.39453735659,0.629881154499,0.319457013575,0.369801184526,0.396454698931,0.367696253027,0.39070804393,0.319457013575,0.65974073122,
0.0856633623423,0.925297113752,0.312443438914,0.399645522799,0.460366588954,0.380914660208,0.177811963242,0.312443438914,0.600591670906,
0.148938393864,0.855687606112,0.3592760181,0.388945155111,0.446619503175,0.353930759367,0.228241948263,0.3592760181,0.590442783293,
0.131160820407,0.925297113752,0.290950226244,0.312105066162,0.324061419728,0.301487391366,0.164834338656,0.290950226244,0.785839341421,
0.168429875255,0.820882852292,0.392307692308,0.404918646381,0.46494895088,0.348300327682,0.259911053536,0.392307692308,0.540365999482,
0.274499960905,0.734295415959,0.293665158371,0.339263303904,0.374145831658,0.406949707936,0.347486886469,0.293665158371,0.631899607194,
0.475454649439,0.539898132428,0.261764705882,0.301371672648,0.322292788809,0.415116113406,0.458068508441,0.261764705882,0.679908647584,
0.22873265545,0.790322580645,0.309502262443,0.404555362293,0.459522469652,0.442293774042,0.284082168489,0.309502262443,0.620912297772,
0.116188837238,0.852292020373,0.261538461538,0.298861709857,0.357745799502,0.425385382533,0.280635348412,0.261538461538,0.534549110216,
0.328266310721,0.614601018676,0.220135746606,0.330995838746,0.414542969692,0.573224105998,0.45687426625,0.220135746606,0.475056446821,
0.183437594352,0.817487266553,0.320135746606,0.356722957353,0.405820403569,0.396626300043,0.283500951345,0.320135746606,0.597705874798,
0.410214690218,0.533955857385,0.235972850679,0.276745414914,0.316745719109,0.510354751389,0.489746288596,0.235972850679,0.530223360331,
0.255720913182,0.696943972835,0.37036199095,0.393172460864,0.493649007155,0.427300185212,0.36579088906,0.37036199095,0.457191122471,
0.365308611504,0.63921901528,0.348868778281,0.437559171272,0.517927486132,0.428582419148,0.387637135438,0.348868778281,0.562788939724,
0.358815959922,0.600169779287,0.22443438914,0.254607102754,0.271685826835,0.432545946716,0.376573768311,0.22443438914,0.586874612429,
0.235903192923,0.736842105263,0.354977375566,0.261366388516,0.265455422462,0.231243766918,0.258679220186,0.354977375566,0.612358421544,
0.254840447533,0.720713073005,0.270588235294,0.252416389617,0.254883833106,0.338495512181,0.30209989995,0.270588235294,0.62096854225,
0.471774214371,0.595925297114,0.257466063348,0.321550452454,0.323619261999,0.404068955692,0.411443905317,0.257466063348,0.789629703006,
0.27330171054,0.70882852292,0.276244343891,0.31715801757,0.354610499236,0.464590397493,0.357465893253,0.276244343891,0.580574569896,
0.0,1.0,0.143891402715,0.247704705079,0.298416271404,0.533189913093,0.163209243955,0.143891402715,0.642052883756,
0.403636080474,0.552631578947,0.246832579186,0.297672780114,0.34886244875,0.475258583844,0.454529156281,0.246832579186,0.542570084819,
0.178129803586,0.834465195246,0.393438914027,0.443063475638,0.55257657368,0.40805527853,0.289142516757,0.393438914027,0.557887344808,
0.453116860737,0.55857385399,0.364932126697,0.35622756996,0.380456628346,0.334004843995,0.399657631294,0.364932126697,0.647847038382,
0.332849694913,0.662139219015,0.261085972851,0.321814659063,0.349746764209,0.431978914375,0.350017060603,0.261085972851,0.621911422246,
0.399466995425,0.568760611205,0.260407239819,0.247737730906,0.239287724094,0.395036329962,0.390595270454,0.260407239819,0.622212388375,
0.262811433249,0.681663837012,0.281221719457,0.257227151633,0.320282980947,0.378751958969,0.370197729494,0.281221719457,0.522105386379,
0.406540470094,0.502546689304,0.295701357466,0.319315704881,0.433756732856,0.538427126371,0.557074945204,0.295701357466,0.41062404147,
0.282508738965,0.668930390492,0.22443438914,0.2671459081,0.305571187394,0.456711782305,0.347405920897,0.22443438914,0.548920893661,
0.22127814987,0.786926994907,0.272624434389,0.31646447522,0.331176139561,0.393061689699,0.261929409587,0.272624434389,0.657358230034,
0.138770745289,0.86078098472,0.281900452489,0.342323697131,0.391711552376,0.400267844422,0.237772752772,0.281900452489,0.603207535926,
0.255312828984,0.769949066214,0.404298642534,0.383385807702,0.403408634135,0.264547656361,0.256822795279,0.404298642534,0.66435999374,
0.315040681151,0.748726655348,0.354524886878,0.531440586539,0.516922582201,0.423214133067,0.30432356156,0.354524886878,0.661579322179,
0.263665576782,0.781833616299,0.483031674208,0.60843479601,0.504220596511,0.397988317424,0.240580523153,0.483031674208,0.594621978491,
0.424128761943,0.550084889643,0.544343891403,0.483542129946,0.482997025484,0.354486394073,0.442488419032,0.544343891403,0.479971088023,
0.38547080418,0.649405772496,0.402036199095,0.558334617671,0.466034247126,0.4452115686,0.352518318461,0.402036199095,0.588961947551,
0.302331120432,0.752971137521,0.545248868778,0.682126422863,0.609775705443,0.390312010258,0.254552867627,0.545248868778,0.570108104662,
0.365826371187,0.637521222411,0.468778280543,0.659911050441,0.645751266179,0.573036045021,0.418782856118,0.468778280543,0.431891332687,
0.319210405973,0.690152801358,0.368325791855,0.597745436932,0.59944529303,0.595044878188,0.401054287416,0.368325791855,0.478084395602,
0.771375146411,0.257215619694,0.57443438914,0.663268676105,0.585296245679,0.44250178088,0.620965456617,0.57443438914,0.511632995766,
0.559095458754,0.522920203735,0.427828054299,0.705497699201,0.658614036498,0.591839293347,0.481959135519,0.427828054299,0.586918608827,
0.562126523558,0.463497453311,0.416742081448,0.659085404787,0.650052255004,0.635988032483,0.564810048984,0.416742081448,0.478881313033,
0.64505407664,0.337860780985,0.407466063348,0.477344283229,0.389862529142,0.449950135347,0.555981909978,0.407466063348,0.535009774719,
0.339825923985,0.648556876061,0.336425339367,0.497765252427,0.457311681003,0.554494942299,0.418247905016,0.336425339367,0.496089877106,
0.188458857915,0.792869269949,0.480769230769,0.548415861203,0.529624567891,0.422473286793,0.316089594189,0.480769230769,0.435061920548,
0.334934214588,0.641765704584,0.421040723982,0.51275897752,0.448991076453,0.497640689557,0.413629975768,0.421040723982,0.467011271823,
0.357678031073,0.707130730051,0.412895927602,0.516700059446,0.460929335156,0.36450491523,0.300243475042,0.412895927602,0.689666757144,
0.402601794958,0.634125636672,0.530090497738,0.551179021995,0.433676340542,0.271827895712,0.292927657261,0.530090497738,0.618965251058,
0.371232093021,0.663837011885,0.501583710407,0.584788304454,0.478052898143,0.373189913093,0.331412328743,0.501583710407,0.586092539625,
0.492262371726,0.532258064516,0.517873303167,0.591657676303,0.497789211351,0.444695825616,0.454986033439,0.517873303167,0.54848771681,
0.394610610674,0.666383701188,0.486425339367,0.629802505559,0.499879411528,0.401461746688,0.305818533019,0.486425339367,0.624206625503,
0.289505714984,0.693548387097,0.509049773756,0.59541161188,0.588793311359,0.467659210714,0.38458646834,0.509049773756,0.418052069581,
0.53264744418,0.404074702886,0.376018099548,0.589158722121,0.640887531152,0.722382105713,0.691943347232,0.376018099548,0.31725017868,
0.310792309866,0.722410865874,0.371266968326,0.541744644312,0.426963582282,0.474081778031,0.316095377444,0.371266968326,0.602352573301,
0.217761908141,0.789473684211,0.509728506787,0.661232083489,0.625612991398,0.48564182932,0.271367682013,0.509728506787,0.450102966539,
0.393591588329,0.679117147708,0.748642533937,0.660747704705,0.585416834151,0.263456332811,0.315065958025,0.748642533937,0.625896379402,
0.379608101161,0.637521222411,0.644570135747,0.653107730245,0.548355977169,0.380615472289,0.3730604408,0.644570135747,0.493029157304,
0.567342872389,0.478777589134,0.497511312217,0.687311477575,0.595425677305,0.54443652942,0.463232955301,0.497511312217,0.537529551439,
0.434433230685,0.58064516129,0.422850678733,0.574120962593,0.518851997749,0.50862231087,0.425534806521,0.422850678733,0.526990771283,
0.302572543592,0.705432937182,0.380542986425,0.544529822321,0.534769676019,0.477099301895,0.335058671124,0.380542986425,0.5128908408,
0.374211975932,0.618845500849,0.473755656109,0.6369140668,0.570061902082,0.504410884741,0.393556297097,0.473755656109,0.446474660532,
0.436672438491,0.55857385399,0.453167420814,0.624661485281,0.545984403891,0.499686565038,0.376686541787,0.453167420814,0.474547648191,
0.492951362259,0.577249575552,0.519909502262,0.714282568969,0.55285794678,0.425037754666,0.30555539491,0.519909502262,0.604281030824,
0.508011634193,0.538200339559,0.414027149321,0.689039829146,0.57404132165,0.576834306881,0.395832008004,0.414027149321,0.548534733804,
0.727391667012,0.269100169779,0.550452488688,0.569321209186,0.438499879412,0.392412024505,0.559240774262,0.550452488688,0.528436650438,
0.455479864746,0.588285229202,0.469230769231,0.69282679055,0.559972666613,0.519239207864,0.370605448983,0.469230769231,0.546265425349,
0.434060059849,0.601867572156,0.503846153846,0.67442039675,0.513345124206,0.445026357031,0.327919242625,0.503846153846,0.549953940736,
0.397103900019,0.573853989813,0.529411764706,0.568132279443,0.53460889139,0.403536116256,0.347119649766,0.529411764706,0.448343959291,
1.0,0.0,0.61334841629,0.715361412625,0.615001205885,0.517720473002,0.747332473556,0.61334841629,0.444722557417,
0.5925610135,0.398132427844,0.785520361991,0.616570157863,0.511335316344,0.271594244194,0.470603714006,0.785520361991,0.478864424188,
0.625891576004,0.433786078098,0.625791855204,0.617395803518,0.42523514752,0.231454623166,0.364587971986,0.625791855204,0.649611363445,
0.483770655949,0.526315789474,0.536877828054,0.62571831172,0.529182410162,0.393734150164,0.403723259674,0.536877828054,0.509217105305,
0.441661439183,0.531409168081,0.595475113122,0.544474779277,0.481509767666,0.35579142328,0.436898902916,0.595475113122,0.463291489179,
0.673466699027,0.386247877759,0.522850678733,0.617142605518,0.436972425436,0.384952272403,0.44155731495,0.522850678733,0.638320200333,
0.401465831128,0.576400679117,0.532805429864,0.600992976508,0.5496422542,0.471511611341,0.397179506457,0.532805429864,0.435268104965,
0.439658444951,0.525466893039,0.511085972851,0.638609392545,0.684821931023,0.531668328822,0.50808209909,0.511085972851,0.35425511286,
0.630397913168,0.323429541596,0.711538461538,0.665690570026,0.618377683093,0.408083772617,0.547463175123,0.711538461538,0.371595400654,
0.436753141369,0.609507640068,0.61628959276,0.788832867302,0.693986654876,0.485177375695,0.328165030969,0.61628959276,0.49223384282,
0.491421206459,0.588285229202,0.374886877828,0.565798454391,0.428973390144,0.421760934606,0.33110581622,0.374886877828,0.707334266369,
0.580002850649,0.39558573854,0.526018099548,0.641945000991,0.611946297934,0.508174953697,0.508877296675,0.526018099548,0.419318953237,
0.363076212717,0.653650254669,0.474886877828,0.673231467007,0.596068815821,0.459786294344,0.296403393614,0.474886877828,0.493258165447,
0.734294322114,0.253820033956,0.504751131222,0.599385719633,0.49927646917,0.472229662345,0.554119701815,0.504751131222,0.491987977903,
0.356264588267,0.738539898132,0.497058823529,0.614918866554,0.274941715572,0.275383957829,0.199785441233,0.497058823529,0.772978875241,
0.703548673683,0.320033955857,0.647511312217,0.671106805522,0.376678189565,0.35692833737,0.494627355954,0.647511312217,0.556449015359,
0.287707219832,0.740237691002,0.482805429864,0.481010149937,0.152624809068,0.205450918934,0.159892547119,0.482805429864,0.694796167644,
0.583130612671,0.424448217317,0.614479638009,0.561670226117,0.30943001849,0.279595383958,0.421032542377,0.614479638009,0.581932136734,
0.223740592985,0.830220713073,0.541176470588,0.618749862392,0.2748211271,0.245841287933,0.094342241474,0.541176470588,0.685411393775,
0.486707445535,0.553480475382,0.603393665158,0.582300358881,0.224696519013,0.187271691124,0.29616917178,0.603393665158,0.666283270046,
0.293356101355,0.750424448217,0.547058823529,0.516006517096,0.154514028459,0.130970223679,0.12319779311,0.547058823529,0.728479876186,
0.201097723644,0.842954159593,0.568099547511,0.603007551906,0.295321167296,0.227815928195,0.105573323001,0.568099547511,0.655579838952,
0.611215579549,0.466044142615,0.926018099548,0.668717937427,0.225138676743,0.0,0.23229890176,0.926018099548,0.734411350294,
0.294770732311,0.792020373514,0.734389140271,0.675961601973,0.268711311199,0.0921356318564,0.0833945394505,0.734389140271,0.752378574294,
0.376759828831,0.709677419355,0.526696832579,0.514564389352,0.0882707613152,0.1133551788,0.145749596618,0.526696832579,0.850957304852,
0.527072365118,0.556027164686,0.615837104072,0.661011911315,0.325588873704,0.240236500926,0.305569853047,0.615837104072,0.703456190528,
0.344296433824,0.681663837012,0.534841628959,0.566062661001,0.290417236112,0.28047870067,0.236335613864,0.534841628959,0.620088093428,
0.357268301742,0.672325976231,0.626696832579,0.613939100376,0.31819278077,0.247833024647,0.239785325568,0.626696832579,0.604256461615,
0.197283164598,0.894736842105,0.5907239819,0.544595873973,0.238925958678,0.026459609631,0.0,0.5907239819,0.843352212619,
0.280846469905,0.75636672326,0.469909502262,0.452123560624,0.238564193263,0.169525573444,0.191205982199,0.469909502262,0.706426775322,
0.611041195529,0.449066213922,0.556108597285,0.550815737907,0.324945735188,0.263752671321,0.39754674316,0.556108597285,0.691712729831,
0.366666119813,0.658743633277,0.410633484163,0.445067042427,0.290899589999,0.275287077931,0.2794179732,0.410633484163,0.661160978078,
0.353067182312,0.733446519525,0.425113122172,0.500330258262,0.198569016802,0.260723749822,0.197206109431,0.425113122172,0.820119094853,
0.443789006486,0.626485568761,0.509049773756,0.556331050882,0.337044778519,0.284365294201,0.28090137815,0.509049773756,0.720473653561,
0.477327815316,0.578947368421,0.497285067873,0.508146370462,0.269555430501,0.282222538823,0.323440111501,0.497285067873,0.715494217447,
0.326726786807,0.668930390492,0.329185520362,0.425636848015,0.350872256612,0.447032340789,0.336117006818,0.329185520362,0.573919341968,
0.249053877579,0.75636672326,0.476470588235,0.503985116361,0.3571830533,0.306214560479,0.249041425457,0.476470588235,0.57802483429,
0.383258146981,0.607809847199,0.427828054299,0.418899579471,0.292668220918,0.346243054566,0.398035428221,0.427828054299,0.580120342717,
0.595284986948,0.432937181664,0.523755656109,0.55070565182,0.387048798135,0.332828038182,0.469681284808,0.523755656109,0.598582726344,
0.401816381395,0.636672325976,0.51221719457,0.44304145842,0.156202267063,0.129679441516,0.239996414382,0.51221719457,0.736115439845,
0.481662647441,0.568760611205,0.652262443439,0.603392853211,0.342993809792,0.241162558769,0.300480588504,0.652262443439,0.652588469898,
0.471387836779,0.564516129032,0.533257918552,0.460402034391,0.200980786237,0.159102436244,0.29323995304,0.533257918552,0.710678591303,
0.287193618678,0.74533106961,0.393665158371,0.457759968295,0.245196559209,0.310126798689,0.201289087576,0.393665158371,0.692783119205,
0.246011342547,0.810696095076,0.655882352941,0.578040027301,0.293351555591,0.150440233652,0.131048561994,0.655882352941,0.70513883718,
0.251078898304,0.728353140917,0.423981900452,0.437724300403,0.367473269555,0.372303746973,0.321071868512,0.423981900452,0.517336056823,
0.242751101679,0.769949066214,0.406561085973,0.413098042669,0.265375030147,0.293494799829,0.234629553591,0.406561085973,0.643062016698,
0.397880219656,0.673174872666,0.435972850679,0.568429511878,0.358710507276,0.353486251603,0.262192547697,0.435972850679,0.712826714861,
0.314509486221,0.730050933786,0.409954751131,0.527235298003,0.346490875472,0.351742413449,0.257218948257,0.409954751131,0.660650739231,
0.506344841018,0.541595925297,0.378054298643,0.537065985601,0.358228153389,0.466149024078,0.405411970182,0.378054298643,0.651104276816,
0.358574765252,0.648556876061,0.431900452489,0.408507452828,0.260591687435,0.248545376834,0.278553376554,0.431900452489,0.64509219867,
0.630237741263,0.3259762309,0.351583710407,0.331315088399,0.271685826835,0.398221968941,0.57220394071,0.351583710407,0.562891388141,
0.603236231077,0.447368421053,0.559728506787,0.468240163808,0.27598681566,0.221031485967,0.397436861312,0.559728506787,0.717722625523,
0.452000455702,0.633276740238,0.448190045249,0.408595521698,0.273936811641,0.194272688417,0.309664397703,0.448190045249,0.821005825396,
0.554332983636,0.505093378608,0.314932126697,0.445199145732,0.381582120749,0.439943011825,0.478818827966,0.314932126697,0.705649787524,
0.388307789075,0.598471986418,0.344570135747,0.485358550386,0.458115604148,0.509026926913,0.414691203091,0.344570135747,0.508463741814,
0.361618442737,0.664685908319,0.55520361991,0.520354917546,0.345485971541,0.285835589115,0.316173451389,0.55520361991,0.622634237697,
0.401446866409,0.601867572156,0.412443438914,0.432098901341,0.293110378648,0.359495654652,0.368971679399,0.412443438914,0.607938887706,
0.767589834161,0.202886247878,0.402036199095,0.385180210925,0.261556395209,0.373825331244,0.657845274791,0.402036199095,0.574942542711,
0.493542604516,0.591680814941,0.329864253394,0.440410400934,0.330372216416,0.362763926485,0.370724005714,0.329864253394,0.782932720073,
0.201767977948,0.84974533107,0.557013574661,0.56069045994,0.428370447785,0.229750676735,0.168197301533,0.557013574661,0.656477916622,
0.377630240894,0.635823429542,0.47556561086,0.41647768555,0.193142535574,0.248559623878,0.327774661246,0.47556561086,0.661619883438,
0.263516920802,0.793718166384,0.422850678733,0.53993923248,0.423345928129,0.350460179513,0.257285455692,0.422850678733,0.667295553648,
0.542824826453,0.483870967742,0.315384615385,0.368491160087,0.186429777313,0.376879897421,0.434675241306,0.315384615385,0.714458274496,
0.214004060461,0.820882852292,0.42443438914,0.457737951078,0.311600610982,0.297256019376,0.191769849578,0.42443438914,0.675294224786,
0.524674539142,0.501697792869,0.4092760181,0.67207556309,0.751909317469,0.67083060265,0.574624232996,0.4092760181,0.450382171436,
0.667227580606,0.283531409168,0.543438914027,0.722924326824,0.756411287081,0.643809659496,0.679561397928,0.543438914027,0.298390535133,
0.550982077701,0.44142614601,0.686199095023,0.612144697153,0.531192218024,0.302305171677,0.448161792346,0.686199095023,0.480011510902,
0.534196564699,0.43039049236,0.495475113122,0.660758713314,0.670873864459,0.591708220544,0.56421726533,0.495475113122,0.358673804542,
0.464821108546,0.586587436333,0.704751131222,0.772242893943,0.611182570946,0.331699672318,0.33023254469,0.704751131222,0.531370396563,
0.573388322184,0.432088285229,0.533031674208,0.672042537264,0.569298175094,0.484712922069,0.484518225929,0.533031674208,0.468857382199,
0.920859130112,0.0619694397283,0.57036199095,0.726182875008,0.662995417638,0.603296765921,0.769586439423,0.57036199095,0.39076171062,
0.569692029869,0.397283531409,0.667647058824,0.647064004051,0.608449232253,0.456780168115,0.549698403243,0.667647058824,0.392015678055,
0.712138457622,0.367572156197,0.89592760181,0.813723331645,0.615845325187,0.323963527568,0.491088003794,0.89592760181,0.55773245171,
0.625573151515,0.359083191851,0.589819004525,0.763689204958,0.738966154836,0.588445647528,0.622399703897,0.589819004525,0.348814547809,
0.493222032215,0.56960950764,0.705429864253,0.651599550849,0.440308706488,0.194378116541,0.341287236934,0.705429864253,0.632332431265,
0.311522428705,0.678268251273,0.386425339367,0.563332526035,0.774499557842,0.631084200028,0.500902187805,0.386425339367,0.391702401486,
0.422259891689,0.503395585739,0.373303167421,0.440993857196,0.640646354209,0.614745690269,0.665432905565,0.373303167421,0.329526810634,
0.60094894885,0.314091680815,0.35407239819,0.475043484004,0.69085135461,0.695170252173,0.745742078386,0.35407239819,0.322846560349,
0.474320147949,0.496604414261,0.466063348416,0.566536031176,0.764973068575,0.608488388659,0.62560073563,0.466063348416,0.368292698878,
0.55849781876,0.46519524618,0.328733031674,0.544078469363,0.710708256291,0.693899415871,0.639680070324,0.328733031674,0.486570369019,
0.772630016745,0.191850594227,0.321945701357,0.546236156675,0.754481871533,0.769203590255,0.851908185041,0.321945701357,0.374248335371,
0.400674522508,0.572156196944,0.269230769231,0.481868821418,0.663437575368,0.700384670181,0.549105619589,0.269230769231,0.420930332613,
0.630705095921,0.277589134126,0.405656108597,0.538188863691,0.795039794196,0.732611483117,0.846763979574,0.405656108597,0.254180882478,
0.625179645016,0.223259762309,0.315158371041,0.453488628107,0.739167135622,0.790206582134,0.927032669608,0.315158371041,0.180539730426,
0.188280909442,0.782682512733,0.313800904977,0.336874435809,0.461492081357,0.426174668756,0.385479981262,0.313800904977,0.488630214707,
0.387965555866,0.602716468591,0.407692307692,0.591536581607,0.778277996624,0.605841287933,0.534245545448,0.407692307692,0.394719907655,
0.348875065411,0.633276740238,0.368552036199,0.560382218895,0.757617171798,0.635215842713,0.525350899007,0.368552036199,0.388423565738,
0.34862564508,0.564516129032,0.307239819005,0.418250071556,0.638355173245,0.693497649238,0.646035867749,0.307239819005,0.298898078844,
0.741544648501,0.124787775891,0.365837104072,0.504370417667,0.771404453734,0.787627867218,0.938145194404,0.365837104072,0.216670783173,
0.577357889248,0.415110356537,1.0,0.794083973667,0.71685826835,0.336104858242,0.555727446751,1.0,0.358624228417,
0.574720559433,0.477079796265,0.673303167421,0.869030581915,0.644384596833,0.464943724177,0.444677381111,0.673303167421,0.469966871235,
0.629487286761,0.338709677419,0.646380090498,0.753198000837,0.694227831819,0.572474711497,0.63074204947,0.646380090498,0.328359247303,
0.677587572561,0.319185059423,0.71628959276,0.778925119443,0.646836562425,0.510126798689,0.597063263028,0.71628959276,0.389780285075,
0.52508627919,0.538200339559,0.784389140271,0.793830775667,0.456829327116,0.309719333238,0.349198729997,0.784389140271,0.572169454114,
0.573099372981,0.471986417657,0.762669683258,0.856370681873,0.676621914945,0.387878615187,0.43463475852,0.762669683258,0.457230520272,
0.157951205286,0.915110356537,0.709728506787,0.761388405733,0.464587185465,0.19230944579,0.053645474892,0.709728506787,0.641866562454,
0.63529241015,0.343803056027,0.533484162896,0.652480239547,0.565318755527,0.493888018236,0.591676160844,0.533484162896,0.410850105632,
0.569029315754,0.480475382003,0.687556561086,0.808538276933,0.544818715331,0.390303462032,0.444168454656,0.687556561086,0.506208424547,
0.514116811428,0.575551782683,0.583031674208,0.688038045752,0.455784227028,0.330092605784,0.394658007206,0.583031674208,0.656201299957,
0.356759590287,0.659592529711,0.539140271493,0.727173649794,0.560856982073,0.495523578857,0.345841550375,0.539140271493,0.463050243053,
0.224082369213,0.769949066214,0.568325791855,0.66912525595,0.592893319399,0.458532554495,0.345358648569,0.568325791855,0.403616850076,
0.573944468286,0.472835314092,0.524660633484,0.698397146569,0.468405820404,0.421823621599,0.429181148901,0.524660633484,0.558439196717,
0.290830549137,0.701188455009,0.530542986425,0.728296527885,0.665366990916,0.571810799259,0.407890095019,0.530542986425,0.362289264408,
0.950852039135,0.101018675722,0.787330316742,0.800590061428,0.51913337085,0.377050861946,0.67170484579,0.787330316742,0.517390817729,
0.579342924119,0.482173174873,0.715610859729,0.808604328585,0.536297129994,0.358563897991,0.420089871785,0.715610859729,0.533094785748,
0.483495598974,0.585738539898,0.695475113122,0.886104934058,0.559168743468,0.428442798119,0.321872849352,0.695475113122,0.524073995366,
0.585135663319,0.460950764007,0.736877828054,0.854730399172,0.584130557119,0.41494799829,0.45466217115,0.736877828054,0.476166661607,
0.463780516689,0.528013582343,0.720814479638,0.640403795768,0.522751025002,0.352682718336,0.469088501154,0.720814479638,0.444927138294,
0.416321284095,0.665534804754,0.622624434389,0.765329487659,0.5166412091,0.360658213421,0.299725873705,0.622624434389,0.611179913158,
0.228706241938,0.808998302207,0.703393665158,0.792696888967,0.581638395369,0.323598803248,0.194398339049,0.703393665158,0.488467354982,
0.488074596146,0.556027164686,0.658597285068,0.727393821969,0.433515555913,0.32862231087,0.339627442702,0.658597285068,0.565739062155,
0.537401190957,0.466044142615,0.648190045249,0.725632444572,0.588552134416,0.426231656931,0.503420795429,0.648190045249,0.426671718286,
0.53378436767,0.469439728353,0.59185520362,0.791133666527,0.625693383713,0.589884598946,0.564179674171,0.59185520362,0.385006280902,
0.235462297476,0.799660441426,0.644343891403,0.787049472688,0.572835436932,0.361692548796,0.224294876614,0.644343891403,0.484990992747,
0.617543946395,0.345500848896,0.398416289593,0.775699597085,0.925878286036,0.82115970936,0.695873069116,0.398416289593,0.2687788358,
0.554655612353,0.393887945671,0.711990950226,0.902441709417,0.892073317791,0.606294343924,0.552517740135,0.711990950226,0.210412120298,
0.756239381185,0.275891341256,0.826244343891,0.988815253528,0.760551491277,0.472141330674,0.490003643451,0.826244343891,0.381823440211,
0.54658422787,0.374363327674,0.560407239819,0.887183777714,0.974234263204,0.771420430261,0.620768825941,0.560407239819,0.144932380921,
0.609733863754,0.393887945671,0.693438914027,1.0,0.840381059571,0.624100299188,0.511728441471,0.693438914027,0.290367200355,
0.467997539065,0.456706281834,0.481900452489,0.662421013232,0.834633009084,0.815352614333,0.763962223777,0.481900452489,0.191949507424,
0.412349340729,0.539049235993,0.377375565611,0.603018560514,0.813771203473,0.751702521727,0.694271107436,0.377375565611,0.267786491926,
0.403935951528,0.60441426146,0.426470588235,0.645181531958,0.743186751347,0.720997293062,0.585143974137,0.426470588235,0.401737242928,
0.311436059261,0.595076400679,0.334162895928,0.505658424888,0.805410402765,0.799393075937,0.734325932694,0.334162895928,0.183151850288,
0.377410250152,0.651103565365,0.52036199095,0.7038574165,0.783101535493,0.620467303035,0.491385841435,0.52036199095,0.423337142878,
0.48337427047,0.474533106961,0.484841628959,0.702415288756,0.889138998312,0.756304316854,0.710253133078,0.484841628959,0.248591738716,
0.275563310425,0.777589134126,0.530769230769,0.65601400295,0.812283945655,0.485402478986,0.415495075558,0.530769230769,0.490561231362,
0.387685472097,0.55857385399,0.361990950226,0.59645742971,0.774459361685,0.77069383103,0.681027453112,0.361990950226,0.267056536562,
0.431608310093,0.526315789474,0.47443438914,0.671580175697,0.844159498352,0.698851688275,0.661387518579,0.47443438914,0.263161950194,
0.680989112012,0.229202037351,0.397285067873,0.587914749334,0.827518289252,0.806106282946,0.910585091925,0.397285067873,0.225253919262,
0.539043672732,0.397283531409,0.294570135747,0.571137629626,0.751266178953,0.86034192905,0.802426653866,0.294570135747,0.274422145376,
0.411730405412,0.539898132428,0.393212669683,0.703053788062,0.908513546105,0.858506909816,0.704475661171,0.393212669683,0.211068082961,
0.441908300419,0.555178268251,0.468099547511,0.696338536736,0.862167376799,0.669118107993,0.589012971841,0.468099547511,0.340177835652,
0.509348441253,0.438879456706,0.350452488688,0.683722671129,0.891470375432,0.909206439664,0.760341906045,0.350452488688,0.234290919656,
0.736849486712,0.26740237691,0.421266968326,0.693201083247,0.825870246804,0.757122097165,0.754894079682,0.421266968326,0.374092871532,
0.415737079348,0.550933786078,0.35,0.696580726128,0.896575287403,0.854349622453,0.646926489044,0.35,0.261357249764,
0.55077223194,0.366723259762,0.401357466063,0.606310134525,0.838130074765,0.804499216413,0.802793890569,0.401357466063,0.218289316714,
0.529987676588,0.48726655348,0.589366515837,0.741253660362,0.844601656082,0.633229804816,0.58327598272,0.589366515837,0.379574606592,
0.611579290874,0.301358234295,0.352036199095,0.669763755257,0.878286035855,0.947123521869,0.855829232042,0.352036199095,0.188766609718,
0.604790743974,0.354838709677,0.405429864253,0.784286311896,0.967320524158,0.858011112694,0.726402873121,0.405429864253,0.237369723831,
0.480466590585,0.424448217317,0.266063348416,0.631090512781,0.960848942841,1.0,0.786207514762,0.266063348416,0.15742455306,
0.302593153444,0.579796264856,0.433031674208,0.574010876505,0.77321328081,0.782043026072,0.675978671355,0.433031674208,0.142976528988,
0.317430692748,0.713073005093,0.2907239819,0.45042823488,0.490393118418,0.532927767488,0.367800570229,0.2907239819,0.606412522105,
0.460007314441,0.451612903226,0.380769230769,0.661133006011,0.854087949192,0.860963100157,0.706005332161,0.380769230769,0.187208358013,
0.364266420214,0.55857385399,0.425791855204,0.632191373654,0.80709864137,0.755589115259,0.626155928126,0.425791855204,0.216486128364,
0.434359062638,0.568760611205,0.348868778281,0.566051652392,0.650253235791,0.642427696253,0.526814062563,0.348868778281,0.459871951072,
0.476188926807,0.426994906621,0.396606334842,0.702239151016,0.917477289171,0.883937882889,0.724653438434,0.396606334842,0.153095704779,
0.493968191093,0.292869269949,0.27149321267,0.48697681587,0.878326232012,0.993275395355,1.0,0.27149321267,0.0,
0.431461344944,0.474533106961,0.476923076923,0.622878090667,0.810113353163,0.73030631144,0.704458311405,0.476923076923,0.193409246514,
0.375046697765,0.4779286927,0.46221719457,0.643067879081,0.865905619423,0.898187776036,0.780071481034,0.46221719457,0.0585554492417,
0.34684095076,0.629032258065,0.547058823529,0.875503643849,1.0,0.774734292634,0.556915905687,0.547058823529,0.198767780374,
0.247898263558,0.719015280136,0.389592760181,0.481813778375,0.514470616609,0.494831172532,0.434154748342,0.389592760181,0.416949223954,
0.25010406604,0.73259762309,0.373755656109,0.657544199564,0.713160221883,0.708912950563,0.410374003111,0.373755656109,0.364497100843,
0.521386376724,0.365874363328,0.472850678733,0.680100838856,0.915105715894,0.785889727881,0.785617622735,0.472850678733,0.124695117372,
0.417878310389,0.578098471986,0.54592760181,0.684383187653,0.666452287161,0.539689414447,0.487970829261,0.54592760181,0.402452100661,
0.295929225313,0.683361629881,0.508597285068,0.511944340474,0.522710828845,0.37249180795,0.409480490189,0.508597285068,0.44831881934,
0.366501835076,0.591680814941,0.404977375566,0.613884057333,0.67260229922,0.642470437384,0.521675640351,0.404977375566,0.331783692244,
0.351102620198,0.607809847199,0.46742081448,0.672780114049,0.749336763405,0.630203732725,0.515525148485,0.46742081448,0.297467185665,
0.38179626417,0.60441426146,0.249773755656,0.580990334442,0.874387008602,0.877757515316,0.6397928438,0.249773755656,0.337876351862,
0.418204732049,0.496604414261,0.311538461538,0.562099561857,0.810877080151,0.818766206012,0.668790085187,0.311538461538,0.243925103453,
0.494760824959,0.449066213922,0.350452488688,0.579548206698,0.811801591768,0.73717908534,0.679327176094,0.350452488688,0.298272133864,
0.452413201108,0.494057724958,0.614253393665,0.785023888681,0.853404614519,0.657689129506,0.607345890708,0.614253393665,0.218718607652,
0.371744186137,0.668930390492,0.714027149321,0.863460225897,0.813972184259,0.532292349338,0.41997709831,0.714027149321,0.402952116047,
0.289170473587,0.726655348048,0.60407239819,0.706466456769,0.63039633411,0.4088274683,0.324275791872,0.60407239819,0.450054963665,
0.603255698475,0.25466893039,0.430995475113,0.66834364473,0.926963582282,0.855136059268,0.891361551763,0.430995475113,0.0880995569698,
0.629327389044,0.235993208829,0.0,0.0,0.0850952648927,0.84944294059,0.823388062205,0.0,0.516348392912,
0.353332368494,0.683361629881,0.237104072398,0.182225500341,0.127743387732,0.246707508192,0.291441360684,0.237104072398,0.822806143409,
0.523530486746,0.522920203735,0.239140271493,0.183898808869,0.114559048155,0.259823336658,0.414101311064,0.239140271493,0.846266077812,
0.455359358808,0.56960950764,0.223755656109,0.156091063211,0.159498351958,0.324784157287,0.450949321335,0.223755656109,0.774766163003,
0.583668342432,0.391341256367,0.207466063348,0.0875734824633,0.0355334030067,0.314882461889,0.536310167541,0.207466063348,0.73576192332,
0.336299308784,0.6740237691,0.243665158371,0.190096655585,0.15069539352,0.32600655364,0.354010398293,0.243665158371,0.741881264069,
0.578222863235,0.448217317487,0.299095022624,0.170226116823,0.0934158694429,0.19016953982,0.442216606039,0.299095022624,0.812787677679,
0.345287626014,0.742784380306,0.315610859729,0.144785222044,0.0477128386526,0.069554067531,0.205982199141,0.315610859729,1.0,
0.518654908784,0.494057724958,0.306787330317,0.108379752967,0.0106519816706,0.0894999287648,0.361930566239,0.306787330317,0.832603774895,
0.715209416883,0.3259762309,0.277601809955,0.135571016535,0.0209421979259,0.238874483545,0.553448844216,0.277601809955,0.868338209731,
0.324916455842,0.677419354839,0.300904977376,0.163169598626,0.102540397138,0.183903689984,0.299234297016,0.300904977376,0.758128265119,
0.31947595774,0.709677419355,0.328733031674,0.256533609282,0.23904654715,0.313403618749,0.349036798853,0.328733031674,0.741255880922,
0.346845154987,0.629881154499,0.284162895928,0.202679495365,0.190288608409,0.330916084912,0.410267012891,0.284162895928,0.647541547299,
0.328266996193,0.6740237691,0.320135746606,0.133688544442,0.0536618699252,0.0801823621599,0.257129307802,0.320135746606,0.7859624862,
0.16581731382,0.903225806452,0.351809954751,0.237863008873,0.167617975722,0.103593104431,0.0996917524998,0.351809954751,0.901309568002,
0.447129219062,0.566213921902,0.25407239819,0.182445672516,0.144826754562,0.274640262146,0.405212447878,0.25407239819,0.757373000542,
0.734459612209,0.230899830221,0.264479638009,0.213192716704,0.217421014551,0.426812936316,0.717048457895,0.264479638009,0.630924659358,
0.590063657022,0.464346349745,0.272171945701,0.185957418701,0.118819840823,0.256557914233,0.473090513727,0.272171945701,0.851255109037,
0.548440394048,0.493208828523,0.31221719457,0.261531517647,0.233620065922,0.294087476849,0.447921787257,0.31221719457,0.77623296064,
0.469558084114,0.471137521222,0.225339366516,0.145071445871,0.1320041804,0.399891722468,0.493178650535,0.225339366516,0.61769427481,
0.738936062803,0.286078098472,0.319909502262,0.185230850525,0.112549240293,0.23651802251,0.570492097182,0.319909502262,0.795318398716,
0.845191088739,0.224957555178,0.310633484163,0.223133490389,0.152423828282,0.270699529848,0.628460555308,0.310633484163,0.850079115241,
0.283835583836,0.70882852292,0.206561085973,0.145104471697,0.101012943163,0.348402906397,0.328879262982,0.206561085973,0.722451544672,
0.481029774198,0.497453310696,0.308597285068,0.207743455382,0.202146474797,0.28291209574,0.464311532389,0.308597285068,0.66123798009,
0.607492645231,0.451612903226,0.300904977376,0.194279926903,0.119261998553,0.234264140191,0.497941161162,0.300904977376,0.855420987128,
0.198849239119,0.819185059423,0.300678733032,0.213886259055,0.185706246483,0.231320700955,0.245548339338,0.300678733032,0.742161498796,
0.364565651494,0.666383701188,0.295475113122,0.252185208833,0.225379853686,0.290870494372,0.347848339917,0.295475113122,0.756060070924,
0.361238142995,0.68675721562,0.275113122172,0.173132389529,0.100329608489,0.194178657928,0.272165771226,0.275113122172,0.863617648592,
0.648227628178,0.372665534805,0.191628959276,0.2197428389,0.214245518128,0.471594244194,0.584421067242,0.191628959276,0.734389154919,
0.451969335283,0.550933786078,0.250904977376,0.13188313261,0.0575608971782,0.268602365009,0.42266631196,0.250904977376,0.773881309196,
0.266590027875,0.765704584041,0.273303167421,0.245558026377,0.228515153951,0.322461889158,0.302579910128,0.273303167421,0.75859173463,
0.487998188892,0.600169779287,0.343212669683,0.29093551157,0.249979901921,0.253959253455,0.401693337112,0.343212669683,0.863481514541,
0.211890933763,0.882003395586,0.37963800905,0.199420947181,0.141168904253,0.00894999287648,0.136025053061,0.37963800905,0.986947176672,
0.180579359832,0.870967741936,0.207692307692,0.157302010172,0.0819599646274,0.260282091466,0.177936303228,0.207692307692,0.887693977406,
0.24507690742,0.746179966044,0.375113122172,0.184372179044,0.147158131683,0.158962815216,0.305439729806,0.375113122172,0.695910434636,
0.311380536047,0.68675721562,0.244117647059,0.137255333671,0.0793874105636,0.2283060265,0.281844048741,0.244117647059,0.759889160981,
0.544356992971,0.521222410866,0.290045248869,0.167628085163,0.0674089557038,0.193888018236,0.389959112386,0.290045248869,0.908255189977,
0.317281077108,0.680814940577,0.225113122172,0.179407296506,0.160382667417,0.336272973358,0.323651200315,0.225113122172,0.720619826962,
0.381572617578,0.653650254669,0.255429864253,0.177304652238,0.104188439585,0.213021797977,0.294035150625,0.255429864253,0.834749842952,
0.683867362308,0.309847198642,0.207466063348,0.125641251459,0.0451000884315,0.350326257302,0.553714873954,0.207466063348,0.778106270625,
0.654116653313,0.27843803056,0.181221719457,0.0668883066558,0.0,0.344752813791,0.545360961871,0.181221719457,0.686052375213,
0.607289288603,0.436332767402,0.311312217195,0.185429005482,0.0890344883029,0.198392933466,0.467949199887,0.311312217195,0.843866503672,
0.497353279222,0.497453310696,0.204524886878,0.136363636364,0.0782217220034,0.301179655222,0.438211701838,0.204524886878,0.755263115484,
0.61903123736,0.386247877759,0.223303167421,0.106937625223,0.0190931746925,0.226949707936,0.460618923968,0.223303167421,0.816761042425,
0.379414615328,0.642614601019,0.284841628959,0.235154891125,0.200217059249,0.293192762502,0.34257111958,0.284841628959,0.754076391032,
0.568302167293,0.470288624788,0.222171945701,0.203251943019,0.139480665648,0.344074654509,0.436809262461,0.222171945701,0.81532585651,
0.190140000299,0.78013582343,0.225791855204,0.197967810828,0.197925878286,0.401219546944,0.295541688595,0.225791855204,0.622547272948,
0.481656523893,0.503395585739,0.210180995475,0.200477773619,0.179073880537,0.377387092178,0.419109610035,0.210180995475,0.690101805385,
0.0755911314393,0.983022071307,0.235067873303,0.212301019397,0.154473832302,0.238310300613,0.081214252254,0.235067873303,0.885074322686,
0.638455039838,0.331918505942,0.202941176471,0.139699244809,0.0922501808827,0.368231941872,0.534939536067,0.202941176471,0.705041970272,
0.386200877322,0.584040747029,0.288687782805,0.186981219314,0.163236594582,0.306388374412,0.413621300885,0.288687782805,0.641404833081,
0.497365389223,0.540747028863,0.301583710407,0.308494242498,0.346249698529,0.367559481408,0.469889481994,0.301583710407,0.708030568764,
0.639847233018,0.373514431239,0.496606334842,0.399084083753,0.288327035935,0.290705228665,0.537273079526,0.496606334842,0.647515793846,
0.853483012341,0.134125636672,0.279185520362,0.277879301614,0.321006511777,0.429334663057,0.772105047047,0.279185520362,0.623600110682,
0.757010765426,0.227504244482,0.322850678733,0.351934212554,0.380898786076,0.440396067816,0.64343918618,0.322850678733,0.596041330929,
0.402189232344,0.589983022071,0.22850678733,0.209835091041,0.198006270601,0.387060834877,0.43720541544,0.22850678733,0.678260446169,
0.606881889877,0.402376910017,0.309954751131,0.279057222748,0.27759466195,0.318364439379,0.483167835848,0.309954751131,0.695598252038,
0.510867538108,0.546689303905,0.331674208145,0.307679605451,0.352721279846,0.351334947998,0.51560322243,0.331674208145,0.740314784419,
0.322307641653,0.694397283531,0.318778280543,0.293962878971,0.311640807139,0.319754950848,0.32445796441,0.318778280543,0.687638667496,
0.402615321601,0.626485568761,0.495701357466,0.384541711618,0.273494653911,0.192317994016,0.313247124276,0.495701357466,0.696657603116,
0.369716195034,0.671477079796,0.237104072398,0.264448798961,0.310274137792,0.412420572731,0.410015441291,0.237104072398,0.735320131894,
0.215916892305,0.763157894737,0.299547511312,0.310376714591,0.34331537905,0.370437384243,0.258716811344,0.299547511312,0.589224495821,
0.490414842493,0.56960950764,0.277375565611,0.301426715692,0.30987217622,0.352699814788,0.430407198996,0.277375565611,0.777065210599,
0.331865220346,0.675721561969,0.287104072398,0.353915762126,0.408031192218,0.422028779028,0.391621798245,0.287104072398,0.616889409757,
0.454641395668,0.588285229202,0.281900452489,0.194345978555,0.121754160302,0.190736572161,0.350664785181,0.281900452489,0.839195660006,
0.562845126472,0.445670628183,0.240045248869,0.257260177459,0.286478012702,0.424416583559,0.514625852307,0.240045248869,0.681672166125,
0.3567884258,0.622241086587,0.278054298643,0.248629428213,0.276469169547,0.381461746688,0.395328864805,0.278054298643,0.621121218304,
0.569736219949,0.473684210526,0.300678733032,0.285045905898,0.277835838894,0.348286080638,0.483986166454,0.300678733032,0.753199124347,
0.426493273991,0.575551782683,0.238687782805,0.290616261917,0.344280086824,0.474010542812,0.455275196197,0.238687782805,0.634993068322,
0.628589273034,0.378607809847,0.320814479638,0.340870560779,0.378446820484,0.417067958399,0.57600643098,0.320814479638,0.633518066497,
0.702530519603,0.274193548387,0.279411764706,0.330478434135,0.415065519736,0.515187348625,0.700334850474,0.279411764706,0.555808097469,
0.437072525519,0.578947368421,0.390497737557,0.359365023448,0.289653509125,0.316575010685,0.411626077854,0.390497737557,0.660532545235,
0.327967993403,0.696095076401,0.256561085973,0.257898676765,0.240855374226,0.295714489243,0.316688161098,0.256561085973,0.735644188412,
0.56077436193,0.375212224109,0.244570135747,0.29319227636,0.371774258381,0.545465165978,0.623463822847,0.244570135747,0.49915946033,
0.270274575774,0.753820033956,0.339140271493,0.29276294062,0.294235871051,0.242772474711,0.259196821523,0.339140271493,0.714656788645,
0.39662927936,0.533955857385,0.357692307692,0.622426737709,0.925034166734,0.781470294914,0.66816549363,0.357692307692,0.210166314772,
0.366979700302,0.659592529711,0.318325791855,0.324831017856,0.33937615564,0.32584698675,0.352521210088,0.318325791855,0.696450341357,
0.576022316036,0.368421052632,0.314932126697,0.243862700632,0.283222123965,0.369898845989,0.590100223812,0.314932126697,0.559735364586,
0.766447563991,0.251273344652,0.249095022624,0.348334397499,0.402082160945,0.535013534692,0.711349059932,0.249095022624,0.636112085952,
0.568324559371,0.399830220713,0.407239819005,0.275545476563,0.305330010451,0.312847984043,0.620624244562,0.407239819005,0.581354398337,
0.578833892777,0.411714770798,0.289592760181,0.347982122019,0.412372377201,0.522282376407,0.574337961865,0.289592760181,0.584471481992,
0.349983518974,0.600169779287,0.316968325792,0.195854157952,0.204719028861,0.318025359738,0.427556054201,0.316968325792,0.589675568183,
0.525893490755,0.489813242784,0.41334841629,0.368392082609,0.359313449634,0.401498789001,0.590233238681,0.41334841629,0.61666344359,
0.639419270138,0.458404074703,0.312895927602,0.313106849556,0.315821207493,0.338415728736,0.528314817278,0.312895927602,0.835217992426,
0.45035084502,0.533955857385,0.383484162896,0.26515334992,0.169185625854,0.302390653939,0.43721698195,0.383484162896,0.647223458328,
0.450100830614,0.595925297114,0.360859728507,0.342543869306,0.287161347375,0.2790226528,0.370090739274,0.360859728507,0.740716287783,
0.452032718573,0.553480475382,0.304751131222,0.30170193091,0.279524077498,0.4197720473,0.473434617409,0.304751131222,0.645330140908,
0.50987314705,0.490662139219,0.441628959276,0.298454391334,0.223852399711,0.265923920786,0.502515715996,0.441628959276,0.656688274996,
0.626466961014,0.418505942275,0.326923076923,0.316695656003,0.345445775384,0.379071092748,0.60217855222,0.326923076923,0.706584693767,
0.274972936432,0.724108658744,0.26742081448,0.271681454898,0.302677064073,0.388203447785,0.35001995223,0.26742081448,0.643526105651,
0.543582866843,0.466893039049,0.320135746606,0.414529161805,0.49401077257,0.498526855677,0.5657238033,0.320135746606,0.571904386504,
0.288011477905,0.741935483871,0.36628959276,0.420088509214,0.487257818153,0.370232226813,0.329793017298,0.36628959276,0.62666892777,
0.537310982871,0.467741935484,0.322398190045,0.389484576939,0.453694026851,0.440447357173,0.530156784047,0.322398190045,0.589874071047,
0.55270727307,0.468590831919,0.3092760181,0.331160967877,0.352439906745,0.371742413449,0.497605732363,0.3092760181,0.673027208207,
0.654098602556,0.200339558574,0.340271493213,0.608908166186,0.908352761476,0.943293916512,0.984220388288,0.340271493213,0.10718026579,
0.391902265982,0.632427843803,0.373529411765,0.38643519232,0.320805530991,0.353805385383,0.365915229046,0.373529411765,0.666940686586,
0.536702375329,0.456706281834,0.44185520362,0.298641537682,0.174250341667,0.218655079071,0.427752684876,0.44185520362,0.675846901034,
0.715870760054,0.270797962649,0.481900452489,0.426385433409,0.395650775786,0.369551218122,0.642117712376,0.481900452489,0.555729784118,
0.49317551153,0.5220713073,0.504524886878,0.444098284859,0.374145831658,0.288984185781,0.439027140816,0.504524886878,0.618972968245,
0.306615410438,0.753820033956,0.416742081448,0.373478059843,0.342270278961,0.252021655506,0.296909428441,0.416742081448,0.760131473164,
