3.25380498779,0.999780510239,0.00855882494195,0.65755470356,0.24743948163,2.32142669827,0.932841102553,0.00855882494195,7411.99946042,1.0,
3.31923786006,0.999780553496,0.00979412009943,0.664109959593,0.246199315486,2.26559635395,0.910279727157,0.00979412009943,7562.56637284,1.0,
3.44844326893,0.999779518832,0.00895053498246,0.669001277312,0.246586129315,2.29274091238,0.893844232955,0.00895053498246,7820.06262175,1.0,
3.16974914175,0.99979073774,0.00958203687408,0.664805608101,0.246725763588,2.27131441451,0.898906154886,0.00958203687408,7573.44001713,1.0,
3.10394808269,0.999798039506,0.00908822136176,0.667771635414,0.24633774375,2.27963786691,0.887492939097,0.00908822136176,7684.31740229,1.0,
3.22503853992,0.999788296968,0.00987414604987,0.666113119617,0.245888268768,2.25497686596,0.900452539383,0.00987414604987,7616.69619549,1.0,
3.43364551168,0.999772208148,0.00945249691514,0.663379800832,0.246103403393,2.27490679012,0.917850394362,0.00945249691514,7536.60787022,1.0,
3.09360332676,0.999798920812,0.00982897446243,0.669741127683,0.24549148099,2.24662591733,0.88042997705,0.00982897446243,7692.29934141,1.0,
3.2489754688,0.999791865951,0.0111809996512,0.67907020467,0.242120896412,2.26236129931,0.865662096075,0.0111809996512,7804.85071388,1.0,
3.20602229096,0.999783488152,0.0124232824099,0.67959418512,0.240187370582,2.22020549655,0.869619840681,0.0124232824099,7403.66293574,1.0,
3.3802451176,0.999778115169,0.0120444578873,0.684037272614,0.240946020714,2.2175252627,0.859535353065,0.0120444578873,7616.97131193,1.0,
2.98377488457,0.999808075128,0.0113110131845,0.684439727065,0.24182423723,2.24973110978,0.837940168738,0.0113110131845,7773.13966835,1.0,
2.76596084925,0.999810486907,0.0120175916349,0.677617559595,0.241213469187,2.22049206149,0.856679391853,0.0120175916349,7297.41535592,1.0,
3.09412731066,0.999791522699,0.0117731579348,0.678963461952,0.240213635329,2.24430944889,0.869994921991,0.0117731579348,7420.64832678,1.0,
3.22765261821,0.999787100755,0.0116268689064,0.679873044506,0.240996286362,2.25402034766,0.867008635105,0.0116268689064,7580.09765861,1.0,
3.1039081519,0.999799698656,0.0121790112342,0.686037976144,0.240742621918,2.22189002319,0.83867998957,0.0121790112342,7747.96354732,1.0,
2.91990256887,0.999812555953,0.0112823349562,0.685311427582,0.242018220817,2.24005920851,0.832877959535,0.0112823349562,7788.57845032,1.0,
2.80822323399,0.999824552265,0.0123303210714,0.688946120021,0.240736643131,2.22520857597,0.815808552065,0.0123303210714,8002.88259042,1.0,
2.7982440794,0.999819779788,0.010816879993,0.683394109676,0.242592376043,2.25938449932,0.833499998899,0.010816879993,7763.24853089,1.0,
3.23211117345,0.999791958614,0.0113601336407,0.684782683602,0.241526637254,2.23193595621,0.849298611356,0.0113601336407,7767.79605197,1.0,
2.78124907534,0.999820756368,0.0120272318883,0.686997623674,0.241184783088,2.20913369632,0.820976285803,0.0120272318883,7758.14575345,1.0,
2.88372690059,0.999813134394,0.0123267104632,0.686252261248,0.241075298887,2.20186873855,0.828723337938,0.0123267104632,7715.90147672,1.0,
2.80074669621,0.999826576961,0.0123216466275,0.688647926235,0.24130617641,2.20834513876,0.815910820852,0.0123216466275,8074.76224568,1.0,
3.00273578581,0.999800524411,0.0118361330068,0.68370240521,0.242046067514,2.20880230389,0.83891402039,0.0118361330068,7526.42920106,1.0,
3.02969921965,0.999804500191,0.0120369180178,0.68418084528,0.240727590864,2.22421961055,0.846412678112,0.0120369180178,7748.4585298,1.0,
3.33960782984,0.999785894886,0.0118385616845,0.683994692204,0.240506025966,2.24136847899,0.859773022662,0.0118385616845,7798.84493882,1.0,
3.01488154488,0.999807243819,0.0115164106406,0.685805055944,0.240939503908,2.24456180029,0.835865203993,0.0115164106406,7820.30820702,1.0,
2.94528313468,0.999802187648,0.0113166631707,0.679776509073,0.241027557588,2.25033003438,0.856439328324,0.0113166631707,7444.50182328,1.0,
3.11492732644,0.999788811188,0.011431960721,0.676747583391,0.240737446506,2.28188090745,0.878300717921,0.011431960721,7374.61522374,1.0,
2.84386333175,0.999817757754,0.0129183798131,0.686035469626,0.24005363142,2.20614028018,0.833632622747,0.0129183798131,7802.29374083,1.0,
3.17561408433,0.999785838017,0.0116270549841,0.67708015238,0.240235086696,2.26933413228,0.88209500483,0.0116270549841,7413.91182675,1.0,
3.01496121495,0.999796421268,0.0117729703534,0.679583797639,0.241425608912,2.22839505971,0.859379938982,0.0117729703534,7404.76972823,1.0,
3.26612588694,0.999789539068,0.0120412765085,0.685170698414,0.241180388609,2.21676867672,0.847673227094,0.0120412765085,7759.31617519,1.0,
3.08856151386,0.999793332859,0.0116423974427,0.680513610803,0.240506677623,2.2637663335,0.862947951412,0.0116423974427,7472.18188953,1.0,
3.06314226211,0.999796882658,0.0135238920396,0.685739433296,0.240440493237,2.17548182848,0.839914205297,0.0135238920396,7540.1970032,1.0,
3.12627399091,0.999792565638,0.0125277543148,0.683295358021,0.240567966709,2.22578298612,0.850608092315,0.0125277543148,7535.45049757,1.0,
3.48086630472,0.999782460545,0.0113170828474,0.684412744562,0.242032389735,2.26036512338,0.856120456544,0.0113170828474,8000.40094622,1.0,
3.0761460065,0.999794703192,0.0114201478528,0.679273032767,0.24187891148,2.26872552539,0.861266644891,0.0114201478528,7491.8077621,1.0,
2.73226519905,0.999822944726,0.011770124096,0.680144255833,0.24179172079,2.28457037294,0.842976906501,0.011770124096,7715.73292692,1.0,
3.25662465699,0.999782641478,0.0122790893217,0.679147577369,0.240461776916,2.24369457234,0.875188701712,0.0122790893217,7491.24698937,1.0,
2.87886606897,0.999815168328,0.0124112725712,0.685211568004,0.241684431966,2.20115590233,0.831764397995,0.0124112725712,7787.66417292,1.0,
3.35965720422,0.999781142862,0.011601522595,0.683344064768,0.242058809992,2.22625846755,0.856761551609,0.011601522595,7675.31952898,1.0,
3.02808436869,0.999802654509,0.0116397444762,0.683327371641,0.240902254251,2.24773221016,0.848409600664,0.0116397444762,7671.91626351,1.0,
3.05589831878,0.999796584553,0.0118530036478,0.681790781531,0.240595786249,2.2535679361,0.858278634375,0.0118530036478,7511.34992763,1.0,
3.14474547664,0.999786585922,0.0123259848417,0.677579425367,0.241293996053,2.22566909811,0.87215032286,0.0123259848417,7367.59143236,1.0,
3.2497884482,0.999774379115,0.0109880455108,0.671054079,0.24148372819,2.27903840999,0.903554596834,0.0109880455108,7201.75031338,1.0,
3.01392665317,0.999798495659,0.0121898171255,0.679531355876,0.240675644885,2.25062803481,0.863021205739,0.0121898171255,7478.44761966,1.0,
2.96823472104,0.999807949108,0.0118052737514,0.685457184738,0.241037565547,2.24409195357,0.835965940664,0.0118052737514,7727.6007386,1.0,
2.93148154053,0.999808943455,0.0119165561485,0.684084089937,0.241361911845,2.23179038722,0.838148632361,0.0119165561485,7671.63486021,1.0,
3.01355051853,0.999807570805,0.0119155809031,0.68751089769,0.241462046364,2.2027525662,0.828533642744,0.0119155809031,7830.13733144,1.0,
3.51954487709,0.999780961257,0.0105933992541,0.683416184067,0.243254110128,2.2443326149,0.851970431298,0.0105933992541,8033.94448234,2.0,
3.28846500966,0.999791562992,0.0103868211689,0.681656796053,0.242503226708,2.25289453319,0.851040149213,0.0103868211689,7888.2495832,2.0,
3.23752146041,0.999785911054,0.0111440222394,0.671691196746,0.243454694657,2.22407889551,0.891524895603,0.0111440222394,7561.04022226,2.0,
3.36506375664,0.999787350978,0.0108135551184,0.681132278357,0.241235337654,2.25004544583,0.863703667954,0.0108135551184,7912.12311654,2.0,
3.10661070994,0.99980471367,0.010619352446,0.682906294677,0.242932993397,2.23075165154,0.841169200357,0.010619352446,7953.84968016,2.0,
3.38850064095,0.999781237872,0.0106784646578,0.677006082858,0.241648256354,2.2622164726,0.877362009195,0.0106784646578,7744.58717061,2.0,
3.26231675765,0.999789306248,0.00998235287379,0.674888215387,0.24256057631,2.29446202486,0.881278003621,0.00998235287379,7741.71594562,2.0,
3.89539214957,0.999750220613,0.0103325739655,0.676897234564,0.242272479814,2.24740477653,0.899015701227,0.0103325739655,7797.51631693,2.0,
3.61677481974,0.999773190803,0.00930886113472,0.681024493516,0.242988472426,2.30525896835,0.869130808194,0.00930886113472,7973.01611191,2.0,
3.55274000392,0.999770900915,0.00919167977834,0.672023234193,0.243484823519,2.31110787855,0.902584958502,0.00919167977834,7753.56644655,2.0,
3.8444582718,0.999748622614,0.0110004470105,0.675208941307,0.241227704732,2.26244083904,0.905370155076,0.0110004470105,7646.6597206,2.0,
3.34132753504,0.999781236831,0.0104707932779,0.673030456632,0.242014085258,2.28553905418,0.892548924076,0.0104707932779,7636.73203099,2.0,
3.21299725205,0.999788355882,0.0116621921865,0.674966237877,0.241881765882,2.22088343022,0.877156322533,0.0116621921865,7590.43919085,2.0,
3.19831871263,0.999788631494,0.0109156619565,0.673519146934,0.241089376986,2.26812032109,0.888755115953,0.0109156619565,7565.60475367,2.0,
3.36027541329,0.999790539949,0.0111843160708,0.685061468569,0.242720454984,2.23299950303,0.843011762155,0.0111843160708,8021.13862571,2.0,
3.33574670435,0.99978741993,0.011273010033,0.681706481078,0.242839106174,2.21301724474,0.853169982885,0.011273010033,7845.71655946,2.0,
3.48005370835,0.999778102728,0.0108448647346,0.680693185337,0.242433454639,2.23711535208,0.864784384744,0.0108448647346,7841.44196042,2.0,
3.42174450825,0.999780671054,0.0110832707046,0.679035829572,0.241584503506,2.24647107987,0.875169741768,0.0110832707046,7800.33278451,2.0,
3.27610207306,0.999794707095,0.0104476756508,0.682643959808,0.242201196816,2.24662260379,0.852491350962,0.0104476756508,7978.94167769,2.0,
3.2373822293,0.999787695225,0.0114020512338,0.675127417781,0.241848616011,2.22737030858,0.880187232316,0.0114020512338,7624.24964163,2.0,
3.66411693727,0.999750518426,0.00946115456345,0.663091650511,0.242712074451,2.32616155601,0.944044705632,0.00946115456345,7343.31347368,2.0,
3.32837703169,0.999784709971,0.00964039516507,0.676134684481,0.243111857703,2.29660656254,0.876976969127,0.00964039516507,7729.84083198,2.0,
2.93773430014,0.999808498376,0.0106812455438,0.677782898759,0.242644911995,2.25462367106,0.856342134673,0.0106812455438,7670.10322685,2.0,
3.15848071099,0.999802512184,0.012033966029,0.686947725689,0.242585097662,2.18505127362,0.832321609672,0.012033966029,7996.48410283,2.0,
3.32454453763,0.999785328366,0.0114894586501,0.681144548285,0.2408149506,2.22273087192,0.863639414812,0.0114894586501,7743.15489966,2.0,
3.50244750849,0.999777969869,0.0100451127537,0.679398062216,0.242013561557,2.28301145569,0.873731563011,0.0100451127537,7887.16450438,2.0,
3.52669258434,0.999772450429,0.0107285382271,0.676693928109,0.242250329543,2.27133337819,0.882821706914,0.0107285382271,7749.17247188,2.0,
3.26169184557,0.999788106672,0.010524731466,0.674318960705,0.243531236366,2.26263364736,0.878056728343,0.010524731466,7696.43187447,2.0,
3.47791860803,0.999768349682,0.0092694753981,0.660008209929,0.246395950349,2.30482929468,0.933429435351,0.0092694753981,7506.66194243,2.0,
3.2401716392,0.99977984908,0.00823331982462,0.658138767952,0.247052021234,2.33322544362,0.929697007652,0.00823331982462,7358.78306517,2.0,
3.37935179783,0.999779670726,0.0084073140667,0.666110133948,0.246196309511,2.31619485508,0.902673917026,0.0084073140667,7668.64852454,2.0,
3.37451212857,0.999780336283,0.00806606081774,0.662945005191,0.245971066259,2.34812908086,0.919258218058,0.00806606081774,7680.8878137,2.0,
3.64981165977,0.999756156484,0.00965534487104,0.658943492108,0.245721025143,2.28099383325,0.948906973611,0.00965534487104,7483.73684649,2.0,
3.42051632523,0.999776582549,0.00832805657675,0.664004113923,0.245768883247,2.3311653305,0.916060403316,0.00832805657675,7654.78563878,2.0,
3.3365945394,0.999782277286,0.00913268972647,0.66451026558,0.245681553923,2.3055469522,0.912160496115,0.00913268972647,7662.30453379,2.0,
2.99684642513,0.999796927235,0.00976714565353,0.657135318579,0.247694955482,2.28791849769,0.924542009633,0.00976714565353,7378.56592618,2.0,
3.9968112822,0.99973284502,0.00901075569848,0.659897066404,0.245399739651,2.30546179212,0.958665120378,0.00901075569848,7480.12511731,2.0,
3.43859396122,0.999768267034,0.0104444189065,0.659821672651,0.246051384459,2.23782624968,0.935007515511,0.0104444189065,7419.10401432,2.0,
3.54794984118,0.999770549125,0.00962146328766,0.666629188045,0.245745757017,2.25641909447,0.910505235578,0.00962146328766,7731.18636948,2.0,
3.55063669502,0.999765487353,0.00953655624534,0.662347326284,0.24620136229,2.28005897536,0.926325584941,0.00953655624534,7570.03868149,2.0,
3.35219857304,0.999772897367,0.0102281312926,0.656593750253,0.246705456405,2.2778504063,0.943706586637,0.0102281312926,7380.15446737,2.0,
3.54750600614,0.999770105206,0.00898691544725,0.66419248215,0.245831273575,2.30440957936,0.9229813573,0.00898691544725,7715.29533222,2.0,
3.19994792719,0.999783780101,0.00938038138636,0.656498245178,0.247057966673,2.30884627697,0.935940287285,0.00938038138636,7399.56819888,2.0,
3.39019190623,0.999769316062,0.00909134419894,0.652779894558,0.247815165995,2.30838342911,0.95512497332,0.00909134419894,7347.93628136,2.0,
3.51117568983,0.999761405195,0.010695659839,0.657404427548,0.245961305635,2.25309536307,0.946858246364,0.010695659839,7357.82271884,2.0,
2.97991912148,0.999805583465,0.00887311956334,0.665975737108,0.24611981036,2.30079683652,0.893013442696,0.00887311956334,7663.52594816,2.0,
3.37906481323,0.999787101351,0.00998334811518,0.669274438672,0.245723688434,2.28651279359,0.896913062626,0.00998334811518,7935.66746824,2.0,
3.41084120003,0.99977084263,0.00949202898622,0.657654338216,0.24684164323,2.29553231946,0.941833478262,0.00949202898622,7441.93269141,2.0,
3.1096748475,0.999796335911,0.00944019701785,0.663759897889,0.246348697791,2.28866751296,0.904238878437,0.00944019701785,7634.12538183,2.0,
3.52646946985,0.999765234826,0.00926182471982,0.659044299997,0.245955985823,2.30867124208,0.943476864895,0.00926182471982,7510.43442826,2.0,
3.51004920105,0.999784545875,0.00985045645977,0.685886707558,0.240512536314,2.25265180869,0.849312783436,0.00985045645977,8145.73988574,3.0,
3.80532494806,0.999755952525,0.0101230703075,0.675664941265,0.240430150287,2.25806835824,0.903799160955,0.0101230703075,7796.30111205,3.0,
3.24343169618,0.999792474134,0.0100960722389,0.676952968043,0.241861442643,2.24636613836,0.869569759618,0.0100960722389,7814.43177668,3.0,
3.55102412902,0.999770038667,0.0104196241341,0.673756375517,0.241717173675,2.23994908239,0.89924255025,0.0104196241341,7720.81554085,3.0,
3.24968799881,0.999796649825,0.0100057604033,0.682578502146,0.240620880235,2.24090785451,0.849080859276,0.0100057604033,7990.28217335,3.0,
3.6922458331,0.999765633757,0.0102958869907,0.678986824689,0.240607268111,2.22757229932,0.881668406098,0.0102958869907,7876.9772269,3.0,
3.18969031039,0.999798067221,0.0102802332442,0.681277453758,0.241140857242,2.21820705541,0.854092795901,0.0102802332442,7897.80992311,3.0,
3.33308781164,0.999789652753,0.0101257471395,0.6807735702,0.241222969136,2.2303317991,0.855937081331,0.0101257471395,7922.72269401,3.0,
3.71253010011,0.999767807557,0.0120636157242,0.688260710665,0.239437279052,2.15890521862,0.846196075119,0.0120636157242,7994.42074582,3.0,
3.3858694221,0.999791826892,0.0114081875778,0.691646947416,0.239334453014,2.17970973187,0.822438691155,0.0114081875778,8132.24621245,3.0,
3.39273972048,0.999790373098,0.010579547,0.688045508573,0.239823267305,2.216744198,0.840186826306,0.010579547,8092.22375892,3.0,
3.70528941253,0.999766950393,0.00959067749475,0.682555298827,0.241320283345,2.24413750452,0.865994565391,0.00959067749475,7949.45100222,3.0,
3.542756636,0.999773546473,0.0102323499237,0.67681716729,0.241437510987,2.24717955327,0.880881855707,0.0102323499237,7822.15339149,3.0,
3.33474192309,0.999786899423,0.0102584194102,0.677077275645,0.241368432209,2.23751258129,0.875135843687,0.0102584194102,7824.22741802,3.0,
3.20446489437,0.999805254064,0.0127390795486,0.698514488163,0.239456688189,2.13993339093,0.788094189553,0.0127390795486,8227.18461004,3.0,
3.41669608809,0.999781714214,0.0121946250506,0.687997651165,0.24039573896,2.18855543068,0.836270927636,0.0121946250506,7826.08897617,3.0,
3.65517033355,0.999769657038,0.0118105437182,0.689470149489,0.239335651144,2.20873366471,0.846855842856,0.0118105437182,7934.07985856,3.0,
3.14497922019,0.999799611269,0.0119447846556,0.68574144444,0.240388572818,2.19973297448,0.840720768962,0.0119447846556,7847.09991442,3.0,
3.23158594471,0.999800765418,0.0109967256941,0.692228447215,0.239029656944,2.23836767675,0.822213182734,0.0109967256941,8109.90338719,3.0,
3.39874102144,0.99978775578,0.0110144511689,0.689509462281,0.240043162605,2.22568012576,0.834123283108,0.0110144511689,8006.58204856,3.0,
3.42943171208,0.999783350611,0.0111001442411,0.688478439942,0.239706905489,2.23117169806,0.842289177635,0.0111001442411,7914.61854922,3.0,
3.34766810408,0.999782587023,0.0111350412853,0.680188329461,0.240980114028,2.25820124662,0.866401916908,0.0111350412853,7698.81892598,3.0,
3.3326881207,0.99978219462,0.0114842136392,0.684898708847,0.240382843224,2.21842663246,0.848233215734,0.0114842136392,7650.55429434,3.0,
3.43554351695,0.999776086975,0.0116891315619,0.680858237309,0.239943325534,2.22397681106,0.872595211235,0.0116891315619,7671.55673208,3.0,
3.73327620453,0.999760336367,0.010989600166,0.684504958874,0.23980844801,2.22466231057,0.869373265656,0.010989600166,7788.52292083,3.0,
3.56767258744,0.999772877922,0.0126048236048,0.691284512663,0.238789117799,2.18068566357,0.833819157951,0.0126048236048,7854.03419684,3.0,
3.32557728001,0.999789791051,0.0116870669446,0.691355772643,0.238531117995,2.19819735318,0.829985802066,0.0116870669446,7910.13248956,3.0,
3.42876227285,0.999781003598,0.0119761377649,0.689507377465,0.23913777687,2.19161617221,0.83950829014,0.0119761377649,7828.31483054,3.0,
3.19556616929,0.999795474422,0.0113997065291,0.68747100099,0.240225491545,2.22890733624,0.83495608427,0.0113997065291,7812.15599901,3.0,
3.04274002211,0.999809047707,0.0121748773191,0.694173712259,0.238800360402,2.17176817385,0.807975509881,0.0121748773191,7967.30230059,3.0,
3.14787788915,0.999792494296,0.0115247884641,0.678072700266,0.240777115496,2.22393041559,0.86879690252,0.0115247884641,7585.05270226,3.0,
3.09686692676,0.999801438551,0.0118152402532,0.685306629239,0.240059216544,2.21336102237,0.841239007422,0.0118152402532,7798.27431303,3.0,
3.28530099725,0.999792368741,0.0100175163841,0.686589638692,0.241008941225,2.26668361325,0.839689845964,0.0100175163841,7911.40132251,3.0,
3.34469819169,0.999788174246,0.0105771267272,0.687107735972,0.240031815113,2.24653993551,0.841961496185,0.0105771267272,7894.94965195,3.0,
3.57232007181,0.999770042936,0.00942805393317,0.680978598577,0.241275212795,2.30283033804,0.871712424767,0.00942805393317,7767.384736,3.0,
3.25020259849,0.999790910244,0.0125142620773,0.68541094869,0.240159260229,2.19083082428,0.845749846142,0.0125142620773,7772.28841091,3.0,
3.62005115546,0.999758814654,0.0107813389258,0.671341493378,0.24212695695,2.26980691624,0.914995773752,0.0107813389258,7504.73070583,3.0,
3.56909554078,0.999773172495,0.0111278154371,0.682957092318,0.241486521822,2.22720633758,0.865704803827,0.0111278154371,7867.30746716,3.0,
3.41402982208,0.999789254215,0.0112122757711,0.686285009982,0.242410670095,2.2104262638,0.845574514542,0.0112122757711,8099.76900126,3.0,
3.73026818074,0.999765883312,0.0106997319191,0.68158050126,0.242313993731,2.26451453613,0.875029361579,0.0106997319191,7966.58138921,3.0,
3.33873404456,0.999781769359,0.0106766448584,0.674154688677,0.242123413469,2.27323160103,0.88721639204,0.0106766448584,7649.45096873,3.0,
3.45921519814,0.999777992371,0.0114552371212,0.682874411506,0.240675302338,2.22201175592,0.862058366176,0.0114552371212,7790.64682952,3.0,
3.29175293202,0.999784392177,0.0106068763997,0.675999607618,0.241903660306,2.26421130736,0.881098937487,0.0106068763997,7633.56027758,3.0,
4.00018710975,0.999733356684,0.00993690608404,0.669319791705,0.242015116261,2.28113472451,0.935752890266,0.00993690608404,7500.84325242,3.0,
3.7098882522,0.999768872874,0.0105728755864,0.683584941436,0.24324778371,2.25755194088,0.859364905087,0.0105728755864,8025.54271369,3.0,
3.10439498197,0.999804666967,0.0112869935672,0.685334561194,0.242182837042,2.2015309251,0.834069850539,0.0112869935672,7946.31438496,3.0,
3.53562769718,0.999769943399,0.0113895899543,0.680283361077,0.240614300183,2.23240886941,0.875778566626,0.0113895899543,7684.15632127,3.0,
3.32541659928,0.999791290689,0.0105144926436,0.681437543028,0.242437941195,2.24204676769,0.857985617063,0.0105144926436,7966.59049882,3.0,
3.68958014162,0.999761829993,0.0103119499962,0.676963055046,0.242004846881,2.28730249891,0.891122140436,0.0103119499962,7745.56263715,3.0,
3.16758052638,0.99979718378,0.0109368667221,0.682067358737,0.2420203718,2.24494633976,0.849768205113,0.0109368667221,7808.86715772,3.0,
3.54589058063,0.9997649908,0.00789707010139,0.65564109261,0.248416446354,2.36949976402,0.952639497067,0.00789707010139,7544.16678665,4.0,
3.86348275588,0.9997349059,0.0082243660962,0.651172666126,0.246604162373,2.3471641416,0.982278964163,0.0082243660962,7287.01187112,4.0,
3.58487136301,0.999755851628,0.00959383427938,0.657874285707,0.246834792236,2.26540868346,0.942153977916,0.00959383427938,7341.59353792,4.0,
3.47130953554,0.999763150576,0.00846919932665,0.652106039322,0.246874929503,2.33757280379,0.965644582067,0.00846919932665,7328.12420592,4.0,
3.39521025859,0.999778103502,0.00909733097808,0.668876194076,0.244903540346,2.27170572079,0.899720474891,0.00909733097808,7650.4592625,4.0,
3.55963290102,0.999759132166,0.00804225621773,0.658302784113,0.246199607779,2.33904321994,0.944466037714,0.00804225621773,7389.2138442,4.0,
4.18233404376,0.999715082236,0.00809064438486,0.655437448123,0.245627028574,2.35417570179,0.980299086408,0.00809064438486,7339.59495977,4.0,
3.50894693887,0.999755593833,0.00851670526711,0.653262108418,0.24690234834,2.33169066068,0.961240704241,0.00851670526711,7178.5408514,4.0,
3.56996731516,0.999766520786,0.00998030049139,0.669682069961,0.243878588452,2.27105595542,0.908871424674,0.00998030049139,7645.07827526,4.0,
3.70266911001,0.999747747376,0.00822991056171,0.655975592393,0.245920280723,2.33693434807,0.960985606817,0.00822991056171,7339.14336371,4.0,
3.6887754931,0.999762024865,0.00982369201838,0.668627343718,0.244481583589,2.24117848291,0.911154470013,0.00982369201838,7750.2810507,4.0,
3.25322891192,0.999786981076,0.0104184267068,0.673701058041,0.243491731654,2.27289159463,0.884888532289,0.0104184267068,7635.9875226,4.0,
3.51227565383,0.999762968703,0.010631430701,0.664540756139,0.242879524629,2.27296985088,0.933287427288,0.010631430701,7408.87196991,4.0,
3.58131273479,0.999755513617,0.00986661067672,0.664460507591,0.243241302326,2.31181164027,0.935703862533,0.00986661067672,7324.12365039,4.0,
3.42082552552,0.999769917238,0.0093100541422,0.668424806774,0.244661119295,2.30160180127,0.910110524023,0.0093100541422,7433.90524723,4.0,
3.49908958755,0.999773207313,0.00871759162643,0.670271268263,0.244563323767,2.34120329756,0.906311545007,0.00871759162643,7714.28641286,4.0,
3.86845141021,0.999745648616,0.00977368328939,0.669610136068,0.242607544837,2.31493628138,0.930980825656,0.00977368328939,7604.56340573,4.0,
3.46463620991,0.999770498941,0.00982465323269,0.670620833822,0.243441159156,2.31813489038,0.903998144607,0.00982465323269,7548.20873235,4.0,
3.59866012568,0.99975419599,0.0101972138395,0.662048815877,0.243074336914,2.2971417118,0.94916791223,0.0101972138395,7320.17354109,4.0,
3.88280016152,0.999728359165,0.0100435580266,0.653976641624,0.242436523847,2.3140236654,0.990373423751,0.0100435580266,7146.97554661,4.0,
3.32278097559,0.999780773987,0.011531087257,0.671816378717,0.243017390421,2.23373583417,0.893474418296,0.011531087257,7578.49006188,4.0,
3.27252984731,0.999788818576,0.0107183713895,0.676597195817,0.242496862511,2.25194588848,0.87966142903,0.0107183713895,7748.17505148,4.0,
3.28398490903,0.999786578527,0.0106307182488,0.674760761226,0.242488137928,2.26215493356,0.885906336538,0.0106307182488,7693.68284583,4.0,
3.30071131389,0.999774345438,0.0107488190338,0.66241826025,0.242349605349,2.2944818459,0.936186479281,0.0107488190338,7313.65819758,4.0,
3.83143920623,0.999735906634,0.00972524584019,0.658621680761,0.242385022817,2.31963003419,0.974453965592,0.00972524584019,7253.96576411,4.0,
3.83304189602,0.999746679551,0.0105791259531,0.667407271413,0.244188923484,2.22738777231,0.924663908665,0.0105791259531,7565.64200627,4.0,
3.75717176627,0.99976131052,0.00932535222506,0.678855867758,0.240519538871,2.270513862,0.88631033655,0.00932535222506,7870.47063656,4.0,
3.77859927958,0.999749237657,0.00917417591966,0.664782885879,0.243010336391,2.29391992873,0.937667557305,0.00917417591966,7534.2786845,4.0,
3.84010428352,0.99974527038,0.00940688758445,0.669504822208,0.242248104828,2.29245517809,0.922266624878,0.00940688758445,7537.66279391,4.0,
3.72036544047,0.999764498969,0.0103811425523,0.682321295621,0.239448755164,2.24169014877,0.87327767345,0.0103811425523,7898.87040408,4.0,
3.7005250085,0.999763310789,0.00982086580092,0.677706752068,0.241543914579,2.24136429573,0.883941492678,0.00982086580092,7817.23021206,4.0,
3.29222175971,0.999796583339,0.0110732016709,0.689656102975,0.240743661629,2.18052082829,0.8202650964,0.0110732016709,8092.28180951,4.0,
3.82078113244,0.999747867646,0.00907722731946,0.664426394497,0.243352487271,2.28421317814,0.938191349688,0.00907722731946,7576.93551267,4.0,
3.98492665327,0.999745165877,0.00943285575976,0.677339764192,0.24069170442,2.26309883086,0.897210389015,0.00943285575976,7818.67409519,4.0,
3.76965066495,0.999767542002,0.0109850384812,0.687982755459,0.239323086676,2.22030678232,0.854515851614,0.0109850384812,8108.30940086,4.0,
3.36870732157,0.999782386649,0.00910028552602,0.673112974215,0.24197303307,2.28467157247,0.890776169343,0.00910028552602,7740.17702137,4.0,
3.46168200172,0.999773154611,0.00977880633076,0.666215554054,0.243522752112,2.25797910903,0.914255378376,0.00977880633076,7630.08656754,4.0,
3.814034744,0.999755985366,0.00918829001352,0.674052853082,0.241754269036,2.28183097243,0.901524638016,0.00918829001352,7815.2146509,4.0,
3.50795987272,0.999769888682,0.00898903295054,0.666835354648,0.242999312847,2.29648559277,0.914875406837,0.00898903295054,7622.35736698,4.0,
4.25175740963,0.999728068746,0.00973713411196,0.677126597494,0.239866876415,2.26248677836,0.915608620416,0.00973713411196,7817.74530111,4.0,
3.72719935107,0.999763979613,0.00987746172449,0.680252852727,0.240134191307,2.24168472092,0.88075200882,0.00987746172449,7895.98515458,4.0,
3.46278579601,0.999781874629,0.00958563919198,0.683088549276,0.239103546585,2.26288596331,0.862592883376,0.00958563919198,7937.67956238,4.0,
4.0357325993,0.999742811248,0.00994809573924,0.678818366229,0.240139912575,2.24713287593,0.894396656768,0.00994809573924,7845.92295924,4.0,
3.52585384622,0.999768335003,0.0101267885266,0.666828586883,0.243037940267,2.24623878066,0.920263095073,0.0101267885266,7609.85724104,4.0,
3.6717305995,0.999772709283,0.0101178102096,0.684853724557,0.240687452815,2.23631913762,0.857969434081,0.0101178102096,8077.20938493,4.0,
3.5377679684,0.999776432938,0.0103044900817,0.679454561819,0.241161154352,2.21448564867,0.866764837042,0.0103044900817,7912.14967319,4.0,
3.75622233273,0.999761159758,0.00980776885106,0.679351885702,0.239958095707,2.25385491214,0.885963790912,0.00980776885106,7863.37698602,4.0,
3.76512201538,0.999755788013,0.00975902068919,0.66994704448,0.24199054944,2.25407289797,0.918960795912,0.00975902068919,7708.7596475,4.0,
3.87205217164,0.999748508599,0.00906311411498,0.670753354819,0.240999907467,2.30156701926,0.924563267752,0.00906311411498,7698.22308104,4.0,
3.33543137559,0.999788127079,0.00973000228011,0.677062609567,0.241667916553,2.24116021569,0.872228652324,0.00973000228011,7871.34399488,4.0,
3.7049002549,0.999745034714,0.00717983851238,0.652527570887,0.248272904112,2.39541446518,0.971140284527,0.00717983851238,7265.48388272,5.0,
3.65810548604,0.999753302098,0.00934887367875,0.663748048486,0.245152069225,2.28165400646,0.926870443928,0.00934887367875,7414.13980435,5.0,
3.6010506107,0.999766736269,0.00988193859166,0.681041387633,0.2403746557,2.24232324351,0.871128784077,0.00988193859166,7718.86237794,5.0,
3.38407454743,0.999767118633,0.00863014642723,0.664121678541,0.244546984802,2.32111890062,0.920633005489,0.00863014642723,7265.68062443,5.0,
3.6950011534,0.999756533873,0.00904758637128,0.676449612152,0.241210080053,2.28661700396,0.889608792205,0.00904758637128,7588.33768626,5.0,
3.6295613866,0.999751766213,0.00913215329995,0.653844616037,0.24346286393,2.33126784347,0.977394863521,0.00913215329995,7310.78008133,5.0,
3.45370915389,0.999767478668,0.00946438055524,0.658685035985,0.244123813318,2.31354918828,0.952501702325,0.00946438055524,7426.66033455,5.0,
3.38062814676,0.999780848171,0.00944519386676,0.668725376278,0.243103782296,2.32307590349,0.914733111502,0.00944519386676,7713.02680851,5.0,
3.43573493577,0.999762656853,0.00945040366655,0.649204890857,0.24465994222,2.32653191967,0.98487207161,0.00945040366655,7237.94911128,5.0,
3.46661771554,0.999775997563,0.00940060250589,0.670995511532,0.244407980875,2.30345118025,0.899196203721,0.00940060250589,7737.94989678,5.0,
3.47495942045,0.999767953391,0.00983155933883,0.664308583065,0.24350860968,2.30004781333,0.934732021784,0.00983155933883,7487.64274945,5.0,
3.39991117554,0.999785407504,0.0103342643466,0.675994243101,0.2450563295,2.23562911253,0.873894158891,0.0103342643466,7921.79403368,5.0,
3.48676141085,0.999764011353,0.0090829252552,0.658113102736,0.243742430962,2.33279066088,0.955926461848,0.0090829252552,7387.58446331,5.0,
3.50637700469,0.999765352975,0.00970548864613,0.663274455542,0.243538779587,2.29168008539,0.935555342974,0.00970548864613,7471.60756391,5.0,
3.79481692594,0.999740225631,0.00888433905107,0.652951265376,0.244885246974,2.33938666918,0.986868228104,0.00888433905107,7304.07083529,5.0,
3.70981097606,0.999749721056,0.0091888825316,0.656565920752,0.243503293176,2.34765746431,0.972841604321,0.0091888825316,7411.3840095,5.0,
3.40079281292,0.999771967149,0.00922241655732,0.660337620215,0.243123865319,2.32863009086,0.946296917123,0.00922241655732,7456.827258,5.0,
3.36035048701,0.999778337868,0.00911927443884,0.664974602864,0.245652188699,2.29830372459,0.918559094075,0.00911927443884,7579.9029689,5.0,
3.54100207516,0.999762883587,0.00877071346734,0.660203829437,0.243554742921,2.35955890383,0.951832358859,0.00877071346734,7466.82898337,5.0,
3.75392463652,0.999754225851,0.00845628392549,0.66586363967,0.244547202763,2.34540439279,0.933192531812,0.00845628392549,7636.96619264,5.0,
3.34582822348,0.999778014127,0.0088964583924,0.662594154337,0.243875348168,2.3415215944,0.933738635644,0.0088964583924,7536.17519443,5.0,
3.53511472537,0.999758045554,0.0088430232792,0.654792143393,0.24451070462,2.33751649636,0.970674329548,0.0088430232792,7305.31329816,5.0,
3.49214517303,0.999772872165,0.00940503147558,0.670707683152,0.244216292256,2.29836530962,0.904613289446,0.00940503147558,7687.62051994,5.0,
3.54251800883,0.999757176386,0.00827865168821,0.654968423349,0.243255511185,2.38133846339,0.976532664871,0.00827865168821,7294.4654576,5.0,
3.69994175084,0.999751720224,0.00822061804528,0.669664207267,0.243600105705,2.35155974615,0.917547226778,0.00822061804528,7451.12825741,5.0,
3.42846418041,0.999766125906,0.00940336909693,0.662209072619,0.242533523792,2.34931219802,0.940541520888,0.00940336909693,7329.7018018,5.0,
3.26866805151,0.99977058036,0.0104598227842,0.660815360761,0.240836955265,2.29799740931,0.943398152401,0.0104598227842,7123.72790647,5.0,
3.21751268712,0.999795228174,0.0110624593419,0.682094956814,0.241547548503,2.26472975999,0.854687161408,0.0110624593419,7856.30241648,5.0,
3.35388332683,0.99977127459,0.00961019775297,0.667238703597,0.240902193249,2.32341348459,0.923400869993,0.00961019775297,7331.53942377,5.0,
3.27922644196,0.999777313615,0.0104394531516,0.669417736706,0.240806791648,2.28358302244,0.911705170195,0.0104394531516,7362.84167379,5.0,
3.67137687207,0.999761710136,0.0105291059482,0.67829394268,0.241475151815,2.28159319017,0.88578003267,0.0105291059482,7703.55869445,5.0,
3.47030858457,0.999763541413,0.00993107550482,0.667554255715,0.241015527109,2.31122508865,0.925464343863,0.00993107550482,7338.05217952,5.0,
3.59390290345,0.999738769279,0.00911502538838,0.639323288137,0.243694512111,2.36064001779,1.0346628946,0.00911502538838,6878.75189342,5.0,
3.45344390619,0.999763978513,0.0107803759199,0.666828303183,0.240417004685,2.27049938553,0.930529808814,0.0107803759199,7315.90747222,5.0,
3.46180753953,0.999756585235,0.010254188687,0.658216620368,0.240452574415,2.31197223967,0.963194536012,0.010254188687,7110.83992198,5.0,
3.5838003177,0.999757460507,0.00845766961251,0.657582666576,0.246260151948,2.33589523618,0.947599982342,0.00845766961251,7388.03301947,5.0,
3.50887157789,0.999759304866,0.00930835018717,0.649988535785,0.247622786891,2.30994958479,0.968906937223,0.00930835018717,7288.99754971,5.0,
3.29157003559,0.999776420215,0.00817646015309,0.655009374755,0.247480219442,2.37172583046,0.942834237713,0.00817646015309,7361.02921966,5.0,
3.60854151208,0.999746086114,0.00846722204971,0.640794876876,0.248089415675,2.34341893842,1.01180926795,0.00846722204971,7105.80486758,5.0,
3.70878034034,0.999752195072,0.00951922017235,0.659529640303,0.245887745558,2.30105308473,0.94614782302,0.00951922017235,7483.2365653,5.0,
3.56186624832,0.99975874396,0.0100207807949,0.654392517044,0.247579984434,2.2683855401,0.953133700448,0.0100207807949,7381.88386892,5.0,
3.51457267974,0.999758556782,0.00852555394038,0.651051746598,0.247243209169,2.34611816167,0.966993036243,0.00852555394038,7278.22186623,5.0,
3.44783090105,0.999763398797,0.00891804661248,0.653056439187,0.246851059903,2.3252913381,0.958823502938,0.00891804661248,7286.11869721,5.0,
3.32020855172,0.999781661143,0.00888522980324,0.664995200528,0.245071489393,2.34959457631,0.917015007753,0.00888522980324,7603.30932037,5.0,
3.22801812379,0.999779739508,0.00997881085422,0.667384631723,0.242734118197,2.31349569789,0.914362243513,0.00997881085422,7327.70611945,5.0,
3.50531869511,0.999764212647,0.00984132083676,0.669585903922,0.243523367867,2.29864050757,0.913008905715,0.00984132083676,7433.20856077,5.0,
3.58195287228,0.999759336848,0.00901575504664,0.66163553451,0.244523661821,2.29360022559,0.937178237547,0.00901575504664,7441.78771619,5.0,
3.48050472519,0.999778714543,0.0109327939732,0.686321756115,0.240045982559,2.22910280211,0.850085640533,0.0109327939732,7864.27368755,5.0,
3.37270882726,0.999783697288,0.0115857896245,0.682766594674,0.240720218063,2.20768026821,0.856048255546,0.0115857896245,7796.26492089,5.0,
3.73375499099,0.999740954834,0.0101590261962,0.655181011684,0.243250634866,2.30306995058,0.976098405555,0.0101590261962,7206.77018357,5.0,
3.85232099874,0.99972818086,0.00949267718857,0.656565404903,0.241823389683,2.43113965215,0.981435821213,0.00949267718857,7086.1085758,6.0,
3.34820013159,0.999781110507,0.00895845447634,0.671324599992,0.246631216565,2.30402465551,0.888026785996,0.00895845447634,7648.09416865,6.0,
3.90707511365,0.999748860751,0.00987714127544,0.676978440473,0.244725701602,2.28493889746,0.890022176431,0.00987714127544,7778.6485543,6.0,
3.49029064157,0.999773880413,0.00986663535305,0.673468924823,0.243638615401,2.29571642632,0.8942788753,0.00986663535305,7717.7354981,6.0,
3.62469844832,0.999760588015,0.0111318086505,0.677128197835,0.240524597451,2.26967664288,0.898067608286,0.0111318086505,7569.94403518,6.0,
3.28110759395,0.999784265945,0.00969854413171,0.677590998671,0.242400294199,2.3004713286,0.875405208948,0.00969854413171,7604.44372899,6.0,
3.72017919253,0.999759088007,0.0110248910867,0.681676290557,0.242070065892,2.24717392713,0.875096583198,0.0110248910867,7720.98166082,6.0,
3.37573054434,0.999789166723,0.0104695792615,0.683580447519,0.244031359778,2.24809349461,0.845639821014,0.0104695792615,8005.64982274,6.0,
3.49582598755,0.999771775432,0.0112764091868,0.683174594538,0.241717829721,2.22703661352,0.861798576644,0.0112764091868,7658.70324838,6.0,
3.78238466106,0.999757423429,0.0107374988788,0.68130831306,0.240962344023,2.27220337358,0.887435867751,0.0107374988788,7796.2209284,6.0,
3.22610374402,0.99978795275,0.0111339316964,0.682527981189,0.241510515185,2.24266930931,0.856496495427,0.0111339316964,7606.9879557,6.0,
3.33082343897,0.999782079232,0.00990204813277,0.677770068878,0.243198555826,2.28846770888,0.873077349197,0.00990204813277,7642.23901713,6.0,
3.38526624692,0.999772063377,0.0102040004877,0.675909738102,0.241979904004,2.28604768994,0.886993373308,0.0102040004877,7425.85255107,6.0,
3.40531207828,0.999775843402,0.0110809140816,0.683020008739,0.241904426769,2.23072093184,0.856872917339,0.0110809140816,7595.79080226,6.0,
2.9918876338,0.999812439029,0.0109466019405,0.687020849691,0.24321395988,2.22289704039,0.820990362124,0.0109466019405,7975.72551507,6.0,
3.47956831464,0.999771443361,0.0101858681984,0.677751870775,0.242685864024,2.28115870889,0.880541534294,0.0101858681984,7611.98979859,6.0,
3.91532048673,0.999739219069,0.00984111672858,0.672061495831,0.241309768214,2.30525495716,0.927851956163,0.00984111672858,7506.86959139,6.0,
3.76594887959,0.999758471629,0.00947757934976,0.678915771516,0.242967424971,2.29408224269,0.885434540364,0.00947757934976,7796.03014766,6.0,
3.64262057447,0.999765690277,0.010353734604,0.680102485724,0.242924962811,2.26970371939,0.87553591765,0.010353734604,7773.03910728,6.0,
3.19786827033,0.999781044394,0.0101246515418,0.671429709931,0.241787888468,2.30827794962,0.901419017724,0.0101246515418,7302.5054452,6.0,
3.88140938262,0.999749859335,0.0109874289012,0.681303866158,0.241362818199,2.24590022166,0.887376115201,0.0109874289012,7758.41560214,6.0,
4.09399363348,0.999738980745,0.00969465804552,0.678018401568,0.242867977716,2.28400963269,0.901749859165,0.00969465804552,7842.27979552,6.0,
3.09020279383,0.999794521557,0.00987088511102,0.675831767353,0.242296991042,2.29900339945,0.876018630156,0.00987088511102,7519.49127624,6.0,
3.55576382766,0.999763850831,0.0110128706999,0.676817879733,0.242060768201,2.24528892919,0.888300268819,0.0110128706999,7528.61207138,6.0,
3.79891610407,0.999760405369,0.0112806600997,0.682517032158,0.241554219572,2.24104569952,0.877757199536,0.0112806600997,7927.7407535,6.0,
3.16170007112,0.999794259532,0.0111931330932,0.681223548529,0.242388723641,2.23514623836,0.853348187204,0.0111931330932,7683.6503843,6.0,
3.44065437086,0.999779424913,0.0111528433863,0.682098015603,0.242272820857,2.243054289,0.861307820527,0.0111528433863,7799.2282136,6.0,
3.17058232594,0.999798695011,0.0113511196971,0.684051370423,0.242329197968,2.23321143956,0.845581121795,0.0113511196971,7875.01787193,6.0,
3.77603834658,0.999756122168,0.01065294933,0.676245018421,0.242093124363,2.29496061277,0.899093073119,0.01065294933,7741.6083036,6.0,
3.50628028983,0.999769209793,0.0104681931325,0.677469396743,0.242041001997,2.28017705948,0.885598572604,0.0104681931325,7596.18522293,6.0,
3.31541350536,0.999786089561,0.0103787346536,0.680629106,0.242648921822,2.26853712996,0.861255824318,0.0103787346536,7749.49238786,6.0,
3.50595921563,0.999782750155,0.0105696722938,0.68373492767,0.242466232186,2.24403755548,0.859707237403,0.0105696722938,8068.92219543,6.0,
3.3225085461,0.999793812416,0.0109062068029,0.681846100787,0.246060075766,2.20538222585,0.843060789888,0.0109062068029,8056.97206342,6.0,
3.0128086868,0.999808782293,0.0101859105765,0.682280208755,0.242899227781,2.28182617664,0.843293767378,0.0101859105765,7877.91782574,6.0,
3.13648334604,0.999790777264,0.0114237898454,0.678500702171,0.242353857376,2.21755492146,0.867205799368,0.0114237898454,7495.52406146,6.0,
3.18423721992,0.999792190013,0.0119809000062,0.681517787858,0.241540577365,2.23205114294,0.85777399345,0.0119809000062,7661.37476658,6.0,
3.57771063277,0.999774247691,0.0110160216054,0.682813551391,0.242259297164,2.24684726536,0.865510225011,0.0110160216054,7923.93091344,6.0,
3.18564197938,0.999789760049,0.0100885807709,0.677300421056,0.243397260679,2.28950044813,0.869195157094,0.0100885807709,7576.14390053,6.0,
3.46310543385,0.999774830355,0.0102296125814,0.680275996785,0.243873552452,2.27019666203,0.861862829787,0.0102296125814,7689.89868278,6.0,
3.65103275675,0.999759794456,0.0106599165855,0.678073919972,0.241402875194,2.29335841417,0.894394071321,0.0106599165855,7599.71107793,6.0,
3.53847341237,0.999760866673,0.0109904052937,0.674681561627,0.24140319051,2.28359024308,0.901777820294,0.0109904052937,7398.45330619,6.0,
3.68512876818,0.999764368557,0.0107319200523,0.682069382263,0.241896384311,2.24556656159,0.875702726852,0.0107319200523,7819.60077915,6.0,
3.68811907687,0.999756032806,0.0106119039289,0.677381791666,0.242669771054,2.2767544716,0.887922123276,0.0106119039289,7558.55838568,6.0,
3.70517392923,0.999757929324,0.0110824956077,0.680057958326,0.242477219335,2.25455499713,0.88067320057,0.0110824956077,7652.99462482,6.0,
3.27235164299,0.99978768078,0.010356263813,0.680433965815,0.242953788574,2.26745042579,0.861659537058,0.010356263813,7706.11781357,6.0,
3.36944809998,0.999784093843,0.0106426738375,0.680113295948,0.242450744189,2.27951073222,0.870762895467,0.0106426738375,7802.97408199,6.0,
2.89013909608,0.999806153759,0.0109414969113,0.676647908848,0.242001628102,2.27664668507,0.866844602865,0.0109414969113,7454.64823092,6.0,
3.40435833566,0.999777324337,0.0112078630277,0.679362303058,0.241664365336,2.26390451773,0.874032240905,0.0112078630277,7644.15695889,6.0,
2.91445675596,0.99981717874,0.0107521116399,0.685114934059,0.24327632169,2.25327839095,0.824926752854,0.0107521116399,7970.74728177,6.0,
3.51422488925,0.999767311329,0.0110535778637,0.676640447019,0.241382924224,2.27608640829,0.89263749957,0.0110535778637,7551.31163135,6.0,
3.22336939457,0.999787552725,0.0112282749079,0.680846867158,0.238301072468,2.2432469904,0.871872913987,0.0112282749079,7586.15228923,7.0,
3.42132470828,0.999780332339,0.00939119726415,0.679448143768,0.242860935866,2.27987367566,0.872509412702,0.00939119726415,7787.37598255,7.0,
3.80248296741,0.999748345158,0.00922911530861,0.673048998037,0.2427647678,2.28223493196,0.910950602739,0.00922911530861,7554.84980845,7.0,
4.374317454,0.999711387315,0.00954188811532,0.673337665886,0.241685402845,2.29286669931,0.932186218438,0.00954188811532,7578.0737231,7.0,
3.76113152178,0.999753330767,0.0101636652633,0.679287376444,0.240676975644,2.27273012161,0.892195005127,0.0101636652633,7623.74034487,7.0,
3.48517758525,0.999770195022,0.00971777643545,0.677404052728,0.241759227691,2.29403904616,0.885298181981,0.00971777643545,7582.80982254,7.0,
3.70417518069,0.999758745833,0.010377217775,0.681449623271,0.242093775786,2.25283827866,0.873225198455,0.010377217775,7676.79975365,7.0,
3.80289424498,0.999754285603,0.00863861026065,0.668038239184,0.247096182888,2.30499749871,0.915847726372,0.00863861026065,7738.33415889,7.0,
3.29737110805,0.999785592957,0.0103763213119,0.681261251117,0.242251585336,2.26002868989,0.858504142796,0.0103763213119,7689.39946068,7.0,
3.3577079688,0.999780778184,0.00968085187381,0.677046582339,0.243511767315,2.25157390345,0.873484604957,0.00968085187381,7658.13812658,7.0,
3.24020668637,0.999793238426,0.00956423313674,0.676265721634,0.243050830448,2.29962774139,0.876633870752,0.00956423313674,7835.49932567,7.0,
2.95526305533,0.999803427955,0.0103154410452,0.681538232115,0.241747153378,2.26634286098,0.847542997178,0.0103154410452,7516.8940714,7.0,
3.7317529933,0.999758986005,0.00813662211111,0.669007622629,0.247601930831,2.32595409612,0.906535042524,0.00813662211111,7741.67303948,7.0,
3.29049343636,0.99978310934,0.00902169990778,0.674088966431,0.245310418307,2.29718324687,0.88182563957,0.00902169990778,7585.49115754,7.0,
3.54979747812,0.999767710897,0.00878421113057,0.672217767051,0.246622073305,2.29357289979,0.892446080745,0.00878421113057,7640.79713561,7.0,
3.65043503974,0.999763077697,0.0100514809517,0.676836376677,0.242547505623,2.29215094669,0.888250475028,0.0100514809517,7703.7465003,7.0,
3.28071872359,0.999780498809,0.00985258631458,0.676111662158,0.242191691888,2.2870295641,0.880005484978,0.00985258631458,7473.01417557,7.0,
3.65496905172,0.999760680184,0.00824405859806,0.667713859049,0.247044074727,2.32509187486,0.913678536453,0.00824405859806,7636.04205121,7.0,
3.38400483613,0.999775528181,0.00851848772318,0.67013983157,0.245316714306,2.33213692506,0.899579232886,0.00851848772318,7537.58464309,7.0,
3.58409927197,0.999766852842,0.00997340651317,0.67834926779,0.242598082633,2.2786958545,0.885438753684,0.00997340651317,7686.22433251,7.0,
3.90705127008,0.999740503543,0.00931484420408,0.671861188851,0.24240029392,2.30778707959,0.919703968249,0.00931484420408,7528.02922644,7.0,
3.54741216399,0.999766376407,0.00929314983202,0.672796011567,0.243943480175,2.28398484934,0.896980954545,0.00929314983202,7592.04749001,7.0,
3.46132951913,0.99977374195,0.00969895539665,0.676100032949,0.244970294399,2.2791480588,0.876791008467,0.00969895539665,7648.97172179,7.0,
3.55880278106,0.999756616567,0.00925732375711,0.665163679896,0.243658740933,2.32751761404,0.932604294772,0.00925732375711,7311.00363254,7.0,
3.16229520268,0.999792316908,0.00936403065407,0.675416457929,0.245861560002,2.27174186123,0.867849192608,0.00936403065407,7613.17126772,7.0,
3.25748225929,0.999776930471,0.00861271550234,0.661555953898,0.244886754957,2.32226045351,0.931021905534,0.00861271550234,7301.38134172,7.0,
3.35472666129,0.999780828177,0.00962130008384,0.675345548772,0.245505954611,2.27782225631,0.876466678521,0.00962130008384,7653.07647042,7.0,
3.71272190196,0.999747596539,0.0103846993245,0.669367938052,0.243544030112,2.27114836927,0.921259928475,0.0103846993245,7354.63265417,7.0,
3.95551508852,0.99973908422,0.00826186462976,0.667774923944,0.245306660221,2.34700654953,0.933690182455,0.00826186462976,7579.95218572,7.0,
3.67763911164,0.99975359149,0.010800555713,0.67092767046,0.243338376964,2.24692365431,0.918043632576,0.010800555713,7462.37615317,7.0,
3.55036340371,0.999760358397,0.00832932487786,0.665315932498,0.246206158907,2.34661098647,0.922755944637,0.00832932487786,7407.55078779,7.0,
3.23382302655,0.999777843687,0.0101009559491,0.668948507295,0.244070000556,2.28100152271,0.90549234138,0.0101009559491,7278.16034456,7.0,
3.68680854258,0.999756480365,0.00895107628609,0.666669021916,0.244416288766,2.30185850787,0.930111828237,0.00895107628609,7569.73726401,7.0,
3.80944050068,0.999761528236,0.00947254946573,0.674805587501,0.245653105226,2.28830333407,0.894612110674,0.00947254946573,7987.11104335,7.0,
3.41865116471,0.99977394571,0.011193187057,0.680385402654,0.238907114791,2.24324401606,0.877674369479,0.011193187057,7561.49188487,7.0,
3.49992985778,0.999774918309,0.00987879047163,0.679625197823,0.2436094508,2.25876046628,0.867521319643,0.00987879047163,7774.70953232,7.0,
3.49710204922,0.99976843888,0.00931562674249,0.671679703038,0.243385700595,2.30673167391,0.902008978395,0.00931562674249,7551.06097522,7.0,
3.71859220695,0.999751224286,0.0101141985987,0.674732363105,0.242762268711,2.26393099205,0.900330065807,0.0101141985987,7473.70106134,7.0,
3.99884334768,0.99973921412,0.00903372156635,0.66809519395,0.246153669252,2.30673064278,0.926535197651,0.00903372156635,7666.8386187,7.0,
3.04417494512,0.99979439099,0.00879741125093,0.667807689285,0.246168645944,2.32031937161,0.895527071592,0.00879741125093,7402.73145325,7.0,
3.67782009292,0.999757936225,0.0090179118152,0.669970823163,0.244842632262,2.31427180015,0.913648564421,0.0090179118152,7596.68913219,7.0,
3.12725444982,0.999795928956,0.00935794343195,0.674718785068,0.245692000925,2.28521008892,0.871066350323,0.00935794343195,7662.02373304,7.0,
3.4786314253,0.999767463463,0.00835208870225,0.669377310257,0.245754801388,2.32660252111,0.907371003677,0.00835208870225,7479.63536492,7.0,
3.61436250206,0.999761643757,0.00901211203552,0.672378865126,0.245588241644,2.30938907246,0.898999805517,0.00901211203552,7581.73610803,7.0,
3.82991340955,0.999725895751,0.00738936357964,0.648632095687,0.244343181105,2.40120830684,1.0070518542,0.00738936357964,6986.08541172,7.0,
3.49396264642,0.999769580338,0.00897450557335,0.675353534841,0.243700691076,2.31562434968,0.885337729742,0.00897450557335,7581.6239703,7.0,
3.55383814854,0.99976015661,0.00996761318319,0.674589731205,0.242899877056,2.28005528572,0.895506579531,0.00996761318319,7408.54692243,7.0,
3.986689545,0.999732303004,0.00957783309872,0.671164590373,0.242896021721,2.28820503244,0.924405268221,0.00957783309872,7446.20855135,7.0,
3.48914691649,0.999768729085,0.00954809547907,0.676190281866,0.243301691728,2.2746099378,0.885154546044,0.00954809547907,7543.31887099,7.0,
3.52182667758,0.999774179565,0.00929507490415,0.676464674329,0.245521160544,2.27441843877,0.875240889436,0.00929507490415,7797.79577615,7.0,
