10.7722088018,0.999407208729,0.00211716775426,0.284724498394,0.121149862227,1.25871609077,0.685178064482,0.00211716775426,4704.53266964,1.0,
11.2277090169,0.999391590277,0.00252450677142,0.282530253635,0.117530410016,1.17985541155,0.627755963295,0.00252450677142,4930.77728691,1.0,
9.56166386195,0.999504798885,0.00239374380511,0.292280579751,0.121344379558,1.2193482442,0.612089998311,0.00239374380511,5045.73711048,1.0,
8.78739977401,0.999523786385,0.00237039750004,0.281895208158,0.116845106822,1.18201348297,0.598399400051,0.00237039750004,4949.16618223,1.0,
9.6394309838,0.999495291405,0.00258037733276,0.290136763176,0.119515941635,1.18667997739,0.607630595364,0.00258037733276,5033.51688737,1.0,
8.64536286431,0.999533380917,0.00257861026055,0.287462905257,0.118501112152,1.18754523926,0.595123709226,0.00257861026055,4906.08919998,1.0,
10.5387704674,0.999427982072,0.00241588515308,0.282092119707,0.116781905333,1.1788911571,0.620088222994,0.00241588515308,4932.59458782,1.0,
8.96689953878,0.999522526988,0.00278593244555,0.286740750542,0.117387412075,1.15438123441,0.588657022052,0.00278593244555,5018.72853015,1.0,
10.42878049,0.999437734086,0.0014289554135,0.262852834966,0.117939152341,1.26337257818,0.694758341778,0.0014289554135,4975.44034448,1.0,
10.3734166908,0.9994044479,0.00185011268921,0.265879841858,0.118524749588,1.24642027155,0.696689225053,0.00185011268921,4638.31428257,1.0,
10.3075995323,0.999431286962,0.0020488478481,0.270135609891,0.118930129959,1.22173095036,0.668948391157,0.0020488478481,4848.3804862,1.0,
11.1348760797,0.999396746364,0.00163811059863,0.276387568886,0.121892290509,1.27648596974,0.686176303239,0.00163811059863,4841.23264757,1.0,
8.76235986457,0.999490800805,0.0017495015347,0.263870071714,0.118282108223,1.24358829672,0.693665355787,0.0017495015347,4577.93178853,1.0,
9.93825194621,0.999431642831,0.00177287322465,0.269406985285,0.119782830355,1.27123172389,0.702786724731,0.00177287322465,4609.81441933,1.0,
9.99959537654,0.999438182337,0.00169717808933,0.278771142144,0.123833353084,1.30834694763,0.705218486618,0.00169717808933,4576.12345619,1.0,
10.3758275932,0.999429534393,0.00178316973183,0.273184812524,0.121042238189,1.25467504314,0.676151694091,0.00178316973183,4804.00520618,1.0,
9.54580387876,0.999483871309,0.0018861996896,0.279143912132,0.122672547689,1.26013096921,0.657626725053,0.0018861996896,4843.26060629,1.0,
8.16952391149,0.999563375995,0.00157592594156,0.273354619172,0.120519880608,1.26305617576,0.644304057695,0.00157592594156,4969.11835616,1.0,
10.2458459495,0.999445636232,0.0018692184089,0.282980005621,0.124675735278,1.28867275149,0.684435668388,0.0018692184089,4757.78554542,1.0,
11.755289258,0.999363318637,0.00190781434264,0.278399364374,0.122417520689,1.24947614149,0.685797565624,0.00190781434264,4833.24919637,1.0,
8.70378571745,0.999521855526,0.00188601106916,0.281150338026,0.123774304178,1.26153132988,0.656176363556,0.00188601106916,4723.68423232,1.0,
8.76163279893,0.999516571456,0.00206349194042,0.280013665534,0.123498533894,1.25420124362,0.662608620038,0.00206349194042,4705.23541385,1.0,
9.27523417897,0.999509830619,0.00179344210316,0.273570577157,0.120618575127,1.23413511951,0.64636788868,0.00179344210316,5033.0553363,1.0,
9.09076031011,0.999492285779,0.00218679844552,0.281054806006,0.123987512942,1.25341221078,0.67612379769,0.00218679844552,4619.62101178,1.0,
11.7481595915,0.999355463025,0.00180802416443,0.275422500551,0.121454742134,1.26304991534,0.696678920977,0.00180802416443,4784.15830755,1.0,
11.7448735966,0.999359789873,0.00167640097876,0.271172422922,0.120273991197,1.26435011568,0.699897562408,0.00167640097876,4864.36123923,1.0,
10.0376234479,0.999453354729,0.00186370481696,0.280295576591,0.123459885707,1.28329100989,0.683149669465,0.00186370481696,4763.43122669,1.0,
9.31738061346,0.999468949689,0.0016823534912,0.271888968716,0.120878511848,1.27894367723,0.692749046999,0.0016823534912,4602.32755971,1.0,
10.5839545937,0.999391657283,0.00151070616131,0.273318598569,0.121944085134,1.32618464022,0.729911073313,0.00151070616131,4511.44044049,1.0,
10.0446390156,0.999444447701,0.00189155892131,0.275457322029,0.121803769372,1.27040770368,0.698166226356,0.00189155892131,4719.85907532,1.0,
12.4241187753,0.999289109079,0.00157635863949,0.268615048142,0.119548267215,1.29767041372,0.732964095574,0.00157635863949,4607.68255942,1.0,
9.74647173366,0.999442184041,0.00209620861684,0.279219040935,0.124066821736,1.27839342733,0.702373305105,0.00209620861684,4482.1194245,1.0,
9.10620159598,0.999499965555,0.00202570712844,0.284560318112,0.125392001816,1.27435380421,0.667096170704,0.00202570712844,4668.98067574,1.0,
9.91739272703,0.999436195668,0.00153322887711,0.267153408369,0.118871137519,1.2742323731,0.683606818584,0.00153322887711,4693.53981644,1.0,
8.40713288337,0.999524475024,0.00204624854844,0.269182081444,0.119019988567,1.20872821342,0.642755430499,0.00204624854844,4730.15264428,1.0,
9.98183592493,0.999436887645,0.00171512793902,0.267860857838,0.118544013233,1.24516060541,0.673330387876,0.00171512793902,4745.98057851,1.0,
11.811987812,0.99937842474,0.00166341458113,0.274187187123,0.120590796857,1.26266376402,0.680797324358,0.00166341458113,5048.46539078,1.0,
10.3978612257,0.999417570815,0.00172848330556,0.272631992953,0.121016318019,1.28865013996,0.701918920495,0.00172848330556,4687.53620752,1.0,
8.97219105868,0.999499915024,0.0012097169956,0.26591339307,0.11879706548,1.32181443867,0.688112212893,0.0012097169956,4779.81140587,1.0,
9.64302685493,0.999452354648,0.00161524285188,0.271072575903,0.12058515435,1.29062566461,0.70074777432,0.00161524285188,4622.5126972,1.0,
9.80751911029,0.999463231375,0.002200889535,0.28460943762,0.126036685519,1.26962323023,0.686701057148,0.002200889535,4662.13423596,1.0,
9.49057654571,0.999481287126,0.00208717835385,0.277578356277,0.122210184622,1.24061035388,0.660822999099,0.00208717835385,4803.58826101,1.0,
10.2824244133,0.999430324867,0.00166912554019,0.273414747488,0.121002713209,1.27601263906,0.685317295165,0.00166912554019,4759.25824474,1.0,
11.302437693,0.999362502227,0.00167127997689,0.266358151248,0.117906543278,1.25934153755,0.695279325902,0.00167127997689,4754.74479166,1.0,
10.1587737446,0.999414508858,0.00174631600424,0.26749224213,0.119520428276,1.25878274218,0.703495444091,0.00174631600424,4582.8036904,1.0,
12.1516674508,0.999289157002,0.00179917414568,0.271942478367,0.121928839812,1.31025519434,0.758982640899,0.00179917414568,4408.20283877,1.0,
9.4630918058,0.999457541214,0.00153222783342,0.268308165339,0.119435005316,1.28746362993,0.691068728688,0.00153222783342,4625.14876081,1.0,
10.5701541691,0.999418311055,0.00172277535897,0.273369708312,0.120580877387,1.26432720159,0.675690523869,0.00172277535897,4814.63808872,1.0,
8.91105873625,0.999505809886,0.00176237481277,0.275777182307,0.121855738,1.26997336675,0.669706620344,0.00176237481277,4722.57157313,1.0,
9.91360711011,0.999462638561,0.00224087145842,0.279952169502,0.122617893655,1.21842424113,0.654032864473,0.00224087145842,4833.36600104,1.0,
8.26355689659,0.999565810652,0.0020572631902,0.293684911594,0.125885008845,1.2766362199,0.640731307904,0.0020572631902,4837.51350252,2.0,
9.18902123343,0.999510709495,0.00257024391077,0.300066307536,0.125446330714,1.26772685673,0.647628001753,0.00257024391077,4725.64449328,2.0,
10.3691704063,0.999420161513,0.00277876909589,0.287225596228,0.124176741707,1.24439618043,0.696597744966,0.00277876909589,4536.39610065,2.0,
9.35595831926,0.999497713885,0.00222899982592,0.294426669099,0.12446436515,1.2818061321,0.661371628305,0.00222899982592,4719.7942898,2.0,
9.55147112044,0.999495736076,0.00280302453589,0.305741951673,0.12832960968,1.26535633503,0.651319122756,0.00280302453589,4692.95489866,2.0,
10.5405339723,0.999422344227,0.00250074866934,0.302987713651,0.128460772451,1.32552386364,0.702797531445,0.00250074866934,4464.74461906,2.0,
10.5078949326,0.999426075376,0.00210658792608,0.2976171174,0.127062247867,1.33067496709,0.705515545583,0.00210658792608,4540.23561022,2.0,
13.8232159875,0.999257648493,0.00291308934168,0.303136881826,0.127335398185,1.26747326138,0.707778169835,0.00291308934168,4612.20651338,2.0,
12.9302617637,0.999328916978,0.0023532528321,0.308007502187,0.129252187669,1.32022976114,0.693400214325,0.0023532528321,4741.12588057,2.0,
13.0266868023,0.999298833436,0.00229396221335,0.302899826631,0.128499641133,1.33882856415,0.730266689587,0.00229396221335,4554.55199696,2.0,
11.24691883,0.99937708849,0.00226257742853,0.287491626386,0.122246949681,1.27635766857,0.696588697484,0.00226257742853,4625.78480505,2.0,
10.9563647522,0.999391430065,0.00197862994205,0.289081159895,0.123819137241,1.31827674332,0.7101777629,0.00197862994205,4558.60257302,2.0,
8.70921822726,0.99951176876,0.00253965450212,0.293309288464,0.125544168262,1.27767170169,0.685506286994,0.00253965450212,4453.81202602,2.0,
11.302927011,0.999366947062,0.00231843874547,0.289388948931,0.123061917479,1.29835968556,0.719262439281,0.00231843874547,4512.78757624,2.0,
9.98013097737,0.99947579875,0.00227936335581,0.291736852947,0.124578505976,1.24898054441,0.641705922682,0.00227936335581,4891.08323928,2.0,
8.8023617947,0.999527963684,0.00274927599704,0.294466737449,0.123871697107,1.21951171001,0.630768774529,0.00274927599704,4765.80377675,2.0,
9.85707668846,0.999471025667,0.00263479487467,0.297319908983,0.125067827516,1.25567553578,0.65495646151,0.00263479487467,4714.00378895,2.0,
14.148850417,0.999236446428,0.00269117180181,0.296208356816,0.124879756819,1.27233145912,0.719333311217,0.00269117180181,4668.21117579,2.0,
10.9520101493,0.999422904972,0.00256616669548,0.301046605464,0.125626328879,1.2664881184,0.662060996108,0.00256616669548,4782.83067076,2.0,
9.85037200227,0.999450878394,0.00266150475765,0.297281517285,0.126852000792,1.29081349688,0.70077089566,0.00266150475765,4433.23145052,2.0,
14.138223899,0.999195484676,0.00211640398736,0.294354927129,0.127123029828,1.37413417951,0.808354745705,0.00211640398736,4277.64848248,2.0,
10.6628403361,0.999426374663,0.00212981920451,0.293036313437,0.123229755848,1.29195942617,0.678487452149,0.00212981920451,4739.57856236,2.0,
10.1890900948,0.999441481292,0.00265001267141,0.302167262912,0.127799425349,1.29889678797,0.69136654161,0.00265001267141,4492.22162066,2.0,
10.7732125696,0.999438053995,0.00358937189325,0.303874267561,0.128112413395,1.21081431832,0.647279673728,0.00358937189325,4795.67389907,2.0,
9.84239312914,0.999465640658,0.00320010851498,0.302861661554,0.126577173097,1.25901670984,0.675021261581,0.00320010851498,4564.79360656,2.0,
11.9848738681,0.9993629252,0.00261328444405,0.305453432966,0.127670607281,1.3068757127,0.686694522856,0.00261328444405,4654.58292707,2.0,
10.978754755,0.999403198026,0.00231219409151,0.295126367219,0.125370683737,1.30038345627,0.692426604822,0.00231219409151,4622.79796182,2.0,
8.82208555499,0.999516710619,0.00213818372868,0.292658794283,0.125511878088,1.29823750603,0.678447743759,0.00213818372868,4586.07123466,2.0,
10.7972846498,0.999403709234,0.00252965641721,0.301409590109,0.126586390119,1.29897153902,0.688061446471,0.00252965641721,4488.16583885,2.0,
11.800717415,0.999350226041,0.00243843776441,0.299446595442,0.125856630964,1.29542598974,0.69513079642,0.00243843776441,4533.24579564,2.0,
9.27969609511,0.999514327634,0.00270420496545,0.308064256654,0.126570044119,1.27112204553,0.637253556665,0.00270420496545,4751.92173403,2.0,
11.0207838235,0.999414012994,0.00229751868253,0.306338674413,0.127147450329,1.31737169241,0.669158493775,0.00229751868253,4667.02159116,2.0,
12.923926265,0.999292189846,0.00281737002783,0.295133017824,0.123792189099,1.24397451856,0.686598770347,0.00281737002783,4633.47835035,2.0,
11.6421374373,0.999379975988,0.00250976356705,0.306503494104,0.127052522945,1.30177242711,0.678085090555,0.00250976356705,4659.12408612,2.0,
11.2058035571,0.99939960403,0.00264523064453,0.304737537485,0.125980268638,1.27612919671,0.661851898765,0.00264523064453,4664.15697539,2.0,
10.4618666261,0.999413653384,0.00272327180259,0.294314592792,0.125604242716,1.26193860399,0.683706340877,0.00272327180259,4483.48187665,2.0,
12.9350453681,0.999296607536,0.00307111416492,0.307976463116,0.128180322854,1.28602626746,0.711490652947,0.00307111416492,4500.70632943,2.0,
10.7404018791,0.999408820377,0.0037499196242,0.299796454241,0.125555385846,1.20862232563,0.671134363138,0.0037499196242,4543.88702904,2.0,
9.86515508388,0.999478665297,0.00312470531452,0.300382792916,0.123928029372,1.19913138278,0.62261573739,0.00312470531452,4823.65130774,2.0,
10.2327225781,0.999442212014,0.00277463162191,0.300867130863,0.126129283389,1.2563504629,0.656917251737,0.00277463162191,4590.2017445,2.0,
10.4537394748,0.999415456886,0.00299656133313,0.293077513895,0.12455219285,1.24518322259,0.687144383726,0.00299656133313,4508.46691493,2.0,
12.0382447082,0.999363996227,0.00271775871664,0.299318186749,0.123763827423,1.2467784984,0.66169457312,0.00271775871664,4815.05956273,2.0,
11.2499829103,0.999372592707,0.00272847807107,0.296795507112,0.126080360451,1.28653892428,0.704288606607,0.00272847807107,4466.74373314,2.0,
10.3070888523,0.999421862204,0.00264745808262,0.300036261787,0.129207943698,1.30709238983,0.72429233618,0.00264745808262,4335.95695065,2.0,
11.7176097661,0.999342169807,0.00345475356923,0.30242389254,0.127634585518,1.25810864559,0.712984995255,0.00345475356923,4367.3791408,2.0,
11.8855596671,0.999369695504,0.00307508195835,0.314151292188,0.12994623761,1.28594330557,0.678807632455,0.00307508195835,4580.22596528,2.0,
10.8794576437,0.999433210139,0.00213039220052,0.2950927433,0.12378728426,1.26846160555,0.64942342413,0.00213039220052,4923.89437043,2.0,
11.8672322348,0.999340742681,0.00271921374858,0.300571872831,0.127590909004,1.29277505144,0.707531123335,0.00271921374858,4448.11840906,2.0,
9.46241927636,0.999486286081,0.00252279313163,0.304229442595,0.127281593492,1.283407443,0.65693760857,0.00252279313163,4564.21684993,2.0,
13.6912559613,0.999247384145,0.00263620215131,0.29683422987,0.124745734883,1.27254628644,0.701275544055,0.00263620215131,4578.62736948,2.0,
11.2731761283,0.999420340759,0.00263764919159,0.301071428673,0.120991467985,1.22064439629,0.620513957248,0.00263764919159,5028.46310659,3.0,
14.3173218048,0.999226938792,0.00322763607062,0.304184645311,0.12211538185,1.24098327244,0.694039820981,0.00322763607062,4679.92854857,3.0,
11.018891392,0.99940346073,0.0025629124222,0.288077240134,0.11697795532,1.19801125675,0.629495341552,0.0025629124222,4882.302448,3.0,
15.2636782836,0.99916616295,0.00309572910282,0.294250943931,0.12042225131,1.21702576766,0.707823155922,0.00309572910282,4713.26966663,3.0,
10.2031370633,0.999459607081,0.00280242794463,0.30046432948,0.120637426315,1.21572381016,0.615100547674,0.00280242794463,4873.74451289,3.0,
12.4211001838,0.999334722887,0.00305126617052,0.297125835276,0.118948431189,1.1881966615,0.641826053127,0.00305126617052,4847.67933148,3.0,
11.0014342771,0.999411783433,0.00281957987509,0.291691044806,0.117817044796,1.17277168514,0.612871600158,0.00281957987509,4938.38009991,3.0,
9.22478718314,0.999507495273,0.00290961749082,0.29957106921,0.120863396264,1.21305201252,0.613416208261,0.00290961749082,4818.15445622,3.0,
12.5990631333,0.999340726202,0.00431227201057,0.304782685003,0.120030946292,1.11847895853,0.602013114827,0.00431227201057,4964.07684752,3.0,
9.91951938775,0.999487735563,0.00357696256294,0.306692881555,0.120952818646,1.16015525089,0.583246628305,0.00357696256294,4991.68664433,3.0,
12.0400705402,0.999376045503,0.00275274939788,0.292035145139,0.116048799338,1.16086218189,0.604142791369,0.00275274939788,5153.15293959,3.0,
11.7682201192,0.999387899996,0.00311769786514,0.305380911802,0.12190136389,1.20265157397,0.625453379335,0.00311769786514,4917.97964783,3.0,
10.05897676,0.999455275395,0.0027761558736,0.295927712479,0.120405597043,1.22645448284,0.635896937126,0.0027761558736,4760.8236039,3.0,
10.8345260929,0.999415643443,0.00313941479574,0.300109303821,0.121145329002,1.21071423971,0.63778157772,0.00313941479574,4742.28523714,3.0,
6.35200331339,0.999674028954,0.00299002319743,0.295699658404,0.120158228395,1.14417263619,0.539486223702,0.00299002319743,5127.1789216,3.0,
7.84692491194,0.999578425707,0.0025244747144,0.286914828301,0.119299193333,1.18889312054,0.60390956741,0.0025244747144,4895.35527419,3.0,
12.9767997451,0.999313643169,0.0028482050016,0.294234362297,0.121778623467,1.20968092255,0.656997422473,0.0028482050016,4896.62986144,3.0,
11.6880772796,0.999367034495,0.00228475833095,0.285094363494,0.119959301075,1.2168555748,0.65584210939,0.00228475833095,4834.85086424,3.0,
13.5627842417,0.999297415159,0.00233907827029,0.290183972799,0.118490887899,1.21540075256,0.653246990205,0.00233907827029,5103.38324029,3.0,
11.8293702853,0.999379563139,0.00265805954263,0.294920486383,0.121772173906,1.22112791031,0.644609661504,0.00265805954263,4940.25467775,3.0,
11.5385671504,0.999388557717,0.00263333900199,0.291148838441,0.120317323942,1.2176845065,0.644030622708,0.00263333900199,4929.94567226,3.0,
10.2177407032,0.999434380785,0.00195860341216,0.282950479501,0.120925636911,1.28454446993,0.6847731897,0.00195860341216,4679.53354359,3.0,
10.254242766,0.999435687683,0.00252960404799,0.289566058941,0.121662580906,1.23783806142,0.662281654121,0.00252960404799,4687.60711472,3.0,
12.8314798563,0.99928829911,0.00234454889303,0.281737671768,0.119547275271,1.24228740253,0.705852564257,0.00234454889303,4698.99160261,3.0,
11.6501675795,0.999372007023,0.00274391395169,0.29508200964,0.122920267702,1.23315313515,0.670415842341,0.00274391395169,4739.28049853,3.0,
10.8561973236,0.999416617123,0.00268920231154,0.285675489629,0.117516114126,1.16928410168,0.622184725439,0.00268920231154,4950.50596988,3.0,
11.8800090374,0.999368876287,0.003235459943,0.299144855434,0.122067203528,1.20183413694,0.636652401805,0.003235459943,4835.36731876,3.0,
11.1993567241,0.999397973081,0.00277603575161,0.287378081329,0.118231250349,1.17494594942,0.629098006337,0.00277603575161,4916.14381164,3.0,
10.2888337998,0.999445067344,0.00221060767627,0.286354982333,0.119154001706,1.23535292266,0.636341520299,0.00221060767627,4878.7306719,3.0,
10.5114998512,0.999444627138,0.00324814849603,0.297003633944,0.12107909238,1.18055028901,0.620023382712,0.00324814849603,4908.88511923,3.0,
10.5380054526,0.999408428809,0.00231713909709,0.282942068457,0.121132943969,1.25919538178,0.701405978576,0.00231713909709,4586.1365155,3.0,
9.98309754592,0.999453122668,0.0022664825279,0.282811560704,0.119493695623,1.22818637157,0.64869158343,0.0022664825279,4793.78523467,3.0,
11.3561415308,0.999405394412,0.00237185817132,0.295753509837,0.122076853238,1.24914060087,0.648257053014,0.00237185817132,4925.56662043,3.0,
10.3791027814,0.99944594482,0.00226954902711,0.292162747368,0.121866080634,1.25244803379,0.654152240961,0.00226954902711,4831.01838113,3.0,
11.8752131184,0.999367354571,0.00216090333892,0.29345723376,0.121835849161,1.2828134335,0.678382652159,0.00216090333892,4823.84746209,3.0,
10.3375454385,0.999432348807,0.00235055628706,0.281176467831,0.119314446853,1.21222173894,0.651129628289,0.00235055628706,4797.61520603,3.0,
11.8262828323,0.999333415466,0.00202880581781,0.274054049853,0.119016207762,1.25524180811,0.706666586245,0.00202880581781,4667.04488773,3.0,
11.8176264034,0.999370722983,0.00285272156954,0.286305671354,0.119739194887,1.19623844459,0.654161539761,0.00285272156954,4933.14452908,3.0,
10.5241989963,0.999452993867,0.00240579637355,0.282196661369,0.120163611234,1.19119287081,0.633731321978,0.00240579637355,5101.33874955,3.0,
12.7414347998,0.999326292825,0.00189737308445,0.284718079075,0.122279445049,1.26733088765,0.684269295262,0.00189737308445,4924.04013495,3.0,
10.552495999,0.999414006878,0.00200796277383,0.28754320212,0.123701161145,1.30110068428,0.698791759152,0.00200796277383,4579.43510734,3.0,
10.6302877501,0.999425188652,0.00285163931784,0.291795768141,0.121607082254,1.224233451,0.655867492601,0.00285163931784,4770.97439968,3.0,
11.9747298824,0.999341902955,0.00227491229772,0.282590203066,0.11964237582,1.24855540733,0.695090836711,0.00227491229772,4744.69141678,3.0,
12.9144427455,0.999280832953,0.00224017584189,0.278854592525,0.118953123098,1.24236243175,0.713590171219,0.00224017584189,4695.76649139,3.0,
10.0186280098,0.999479098943,0.00195061543718,0.284937063193,0.121363570549,1.25126096896,0.648133152786,0.00195061543718,5037.24592541,3.0,
9.37091531357,0.99950307548,0.0028424040924,0.295203950829,0.124242155008,1.21180717341,0.63529477699,0.0028424040924,4825.56849764,3.0,
10.4567266515,0.999428269,0.00253384682046,0.282811867176,0.117787267329,1.21353588545,0.660221090282,0.00253384682046,4824.23518355,3.0,
9.85765849176,0.999479586758,0.00233712987428,0.294125742787,0.123922706897,1.25004012215,0.651016032137,0.00233712987428,4846.87832783,3.0,
12.4753280215,0.999324961992,0.00190286986047,0.278289646224,0.117602134658,1.25044708676,0.681620142508,0.00190286986047,4918.32912061,3.0,
9.14169511597,0.999507906048,0.00232144769579,0.285545538901,0.120297658293,1.23619996199,0.650999947726,0.00232144769579,4849.45978721,3.0,
13.9339807811,0.999251016877,0.0022555976063,0.303031159033,0.130913411373,1.35110389854,0.756939669385,0.0022555976063,4515.97208237,4.0,
12.7136107794,0.999286869943,0.00276975232589,0.306992081721,0.130760317447,1.34328468882,0.761147250772,0.00276975232589,4251.93941014,4.0,
9.91709692466,0.999454057659,0.00335202612076,0.298551110688,0.125752172821,1.22578269528,0.673758383999,0.00335202612076,4534.73605453,4.0,
13.1621459419,0.999263746001,0.00259919711234,0.302103575063,0.128892393466,1.32422108191,0.748273439008,0.00259919711234,4350.33455396,4.0,
10.3245117879,0.999453367385,0.00342662316994,0.313733580272,0.128656135758,1.237294593,0.645074601509,0.00342662316994,4634.78033653,4.0,
11.6865939953,0.999362561993,0.00275370852061,0.303752558424,0.126603915907,1.28705414058,0.702279311828,0.00275370852061,4527.97597271,4.0,
14.1698652026,0.999222197556,0.00289383166487,0.30772729844,0.128595556622,1.32318808127,0.755723285804,0.00289383166487,4411.37050114,4.0,
13.7049581202,0.99923537323,0.00327132062557,0.300694314651,0.127189721708,1.27524095018,0.747992967091,0.00327132062557,4400.66424108,4.0,
14.1036562379,0.999265546873,0.00418962981799,0.316739930133,0.128373913609,1.22626606281,0.693169000917,0.00418962981799,4693.25761672,4.0,
13.3891578001,0.999263086083,0.00296931248198,0.311210606465,0.130621212583,1.32074276522,0.747180201699,0.00296931248198,4342.50221711,4.0,
9.60715308941,0.999494008166,0.00344780825676,0.304512762207,0.124709566172,1.19041082209,0.624784619684,0.00344780825676,4795.78880883,4.0,
9.42995615993,0.999477776862,0.00216369440495,0.2946236484,0.131134666896,1.34905761709,0.731961081757,0.00216369440495,4392.51795552,4.0,
10.9178393208,0.999370456727,0.00210306706226,0.283007525294,0.126952508196,1.33757226613,0.780540778003,0.00210306706226,4283.91290906,4.0,
12.8452345409,0.999261338802,0.00202931843721,0.284957867543,0.127832191319,1.36119282058,0.800121286512,0.00202931843721,4282.36118018,4.0,
12.7249191256,0.999290226482,0.00246620033194,0.293844994579,0.13068548248,1.33067077815,0.771067813887,0.00246620033194,4365.98283855,4.0,
12.6609901262,0.999317368338,0.00193367276995,0.291657716129,0.129007013645,1.36292877825,0.772911489497,0.00193367276995,4564.92019203,4.0,
12.9421644792,0.999280659495,0.00192464231141,0.293330907373,0.130520269102,1.37936075951,0.77861165396,0.00192464231141,4379.85057986,4.0,
10.5063297184,0.999411978793,0.00170471149232,0.28660306922,0.127785296146,1.36975248164,0.746870576787,0.00170471149232,4440.03881753,4.0,
14.6675387433,0.999156541759,0.00221427158051,0.289374260794,0.130259510534,1.3706261469,0.842478326256,0.00221427158051,4180.47486675,4.0,
12.8362255115,0.999235597223,0.00186425616416,0.282112635421,0.128379180521,1.3940541229,0.856821097118,0.00186425616416,4045.85618558,4.0,
7.57913027569,0.999570848846,0.00187899453461,0.275198974291,0.12353241126,1.28134557193,0.696463038024,0.00187899453461,4529.98386429,4.0,
11.2873809251,0.99937672063,0.0022490907359,0.296207011287,0.131109106,1.33705166643,0.750323447452,0.0022490907359,4405.53647295,4.0,
10.688366045,0.99940550341,0.00209798287357,0.293979142697,0.130209530968,1.34431680274,0.742351862575,0.00209798287357,4393.43119967,4.0,
11.8874367682,0.999306188905,0.00183647916586,0.279742816304,0.126713767089,1.3646701452,0.80510468941,0.00183647916586,4235.88108752,4.0,
14.0260788619,0.999179118698,0.00206425155896,0.286414630007,0.129339536711,1.38964647012,0.852977928167,0.00206425155896,4115.71227361,4.0,
12.8842867368,0.999293505574,0.00460081741326,0.314436092357,0.130347905158,1.236801343,0.7206891768,0.00460081741326,4359.0059289,4.0,
12.8475481829,0.999320433879,0.00333152251164,0.322137305673,0.129374217245,1.28185344401,0.680287900904,0.00333152251164,4549.96554705,4.0,
12.8856142033,0.999283214985,0.00319224729084,0.310089682463,0.129403098345,1.31919088599,0.750947472335,0.00319224729084,4302.6663305,4.0,
14.7111958559,0.999196109132,0.0034809055746,0.312519720801,0.128460106569,1.29514291218,0.745204834974,0.0034809055746,4409.13796501,4.0,
11.2284478946,0.999409621334,0.0037803631486,0.31628307019,0.124942387258,1.22878865512,0.640141462395,0.0037803631486,4708.2621449,4.0,
12.9687540211,0.999310933655,0.00366313651059,0.320510195052,0.130268577025,1.25506441132,0.685799576176,0.00366313651059,4523.73682045,4.0,
6.89404570184,0.999641842477,0.00346430962724,0.314502579612,0.125855293077,1.2026418853,0.572101136766,0.00346430962724,4805.49768554,4.0,
12.6108771332,0.999301638131,0.00275617135873,0.301899441843,0.126406566368,1.29367608941,0.73050845839,0.00275617135873,4432.75249092,4.0,
12.12297638,0.999356802937,0.00339135856614,0.317221282968,0.127009733787,1.25919981469,0.673003421958,0.00339135856614,4599.57563892,4.0,
12.4160856173,0.999357974575,0.00298145891049,0.307867794797,0.125347930813,1.23313933273,0.658271106768,0.00298145891049,4848.28369569,4.0,
11.4366842188,0.999379045881,0.00278839365418,0.309028142323,0.1268735057,1.29632964867,0.686309250949,0.00278839365418,4521.89041509,4.0,
8.53346788948,0.999527246383,0.00289613068418,0.304825246341,0.127665301073,1.29059989661,0.680426628949,0.00289613068418,4406.94804944,4.0,
10.8296889576,0.999423703975,0.00274628091364,0.30790622089,0.125032311262,1.26657750156,0.656560881506,0.00274628091364,4676.92701416,4.0,
9.81832632656,0.999457020872,0.00274646898413,0.309009735259,0.129263254856,1.32852434264,0.706196368542,0.00274646898413,4346.77158444,4.0,
17.6657584001,0.999063304737,0.00376102450708,0.31519638636,0.126110646039,1.24183287504,0.733506441807,0.00376102450708,4634.37814923,4.0,
10.9991799464,0.999420997385,0.00350167827936,0.317779976179,0.127161798076,1.2452404631,0.652865990719,0.00350167827936,4641.05251897,4.0,
11.3578276294,0.999406292222,0.00342453439702,0.324285779946,0.127660918871,1.27059156106,0.64496703701,0.00342453439702,4631.73635935,4.0,
12.9953563803,0.999309628829,0.00359388991131,0.321555794496,0.128023743114,1.26502457643,0.6806477896,0.00359388991131,4552.09825043,4.0,
12.3187334632,0.999320695241,0.00350330050443,0.300914403587,0.125363323645,1.24446496846,0.715795746075,0.00350330050443,4488.73142027,4.0,
10.6393910241,0.999448237708,0.0031322571225,0.314204980114,0.126682994579,1.25061278944,0.637680547513,0.0031322571225,4772.17010787,4.0,
8.16165486473,0.999563535015,0.00346146001304,0.316700510027,0.127928704146,1.24580906717,0.625626789391,0.00346146001304,4555.60782109,4.0,
11.8115507684,0.999370112014,0.00327066919958,0.310412410017,0.124292908708,1.23849104223,0.649573712845,0.00327066919958,4687.83054112,4.0,
12.1391688582,0.999336754104,0.00322016159494,0.308952422591,0.127401491213,1.27081631793,0.708793749598,0.00322016159494,4463.76613814,4.0,
12.8118121401,0.999300585622,0.0029968593945,0.314880536283,0.128669550515,1.32765515391,0.727780642813,0.0029968593945,4398.77385711,4.0,
9.12508218129,0.999510946766,0.00320731571526,0.315268693745,0.127790381344,1.25626376016,0.639374185727,0.00320731571526,4552.41697361,4.0,
13.9666982323,0.999222327831,0.0022056969256,0.311981609575,0.134771535495,1.40283738014,0.775142447565,0.0022056969256,4217.60728645,5.0,
12.4881694131,0.999297373924,0.0034537044164,0.323658393806,0.134461617835,1.33351657569,0.728756011549,0.0034537044164,4113.72675527,5.0,
14.0065893308,0.999251828575,0.00393839223168,0.332532280635,0.132273242036,1.27578429891,0.680764401579,0.00393839223168,4405.03535453,5.0,
13.6165933821,0.99922201658,0.00284200377323,0.321561306707,0.135891226022,1.38732649129,0.775430961687,0.00284200377323,4004.94502507,5.0,
12.4656386717,0.999322793492,0.00341208992154,0.332917798606,0.134161483209,1.33262447504,0.699021464646,0.00341208992154,4254.19348208,5.0,
13.0276239706,0.999253351085,0.00252539709082,0.30060179282,0.131400625636,1.4071688084,0.83814005903,0.00252539709082,4075.82237402,5.0,
11.7765794892,0.999333959511,0.00211326432652,0.295992006831,0.13141142583,1.38607855255,0.807890308338,0.00211326432652,4199.96145129,5.0,
11.591384335,0.999368372194,0.00232753496316,0.301738595235,0.130499487988,1.37292259574,0.756484782137,0.00232753496316,4424.87612299,5.0,
10.5518435751,0.999381377084,0.00192807240261,0.286628379998,0.13007457065,1.40614402909,0.841397654893,0.00192807240261,4047.21360175,5.0,
11.6181080812,0.999375746691,0.00269644844937,0.306448130602,0.131797421973,1.34322583179,0.739948499727,0.00269644844937,4460.46978199,5.0,
13.0763740611,0.999266214752,0.00254012888891,0.304908198359,0.13356327514,1.38470053276,0.808829989786,0.00254012888891,4176.65503635,5.0,
8.15358752734,0.999569594732,0.00275156078254,0.304186335034,0.132772613275,1.2970651319,0.687034557357,0.00275156078254,4569.00457459,5.0,
11.2309246425,0.999362298165,0.00206319009715,0.29621747189,0.130525428495,1.38880120906,0.789817210722,0.00206319009715,4197.28424205,5.0,
11.745727327,0.999339501114,0.00250579677535,0.302342979076,0.132168791277,1.36729853407,0.794528435228,0.00250579677535,4193.27691053,5.0,
15.6488519249,0.999104145039,0.00217791490921,0.293269919294,0.131201563145,1.39515156262,0.864291049427,0.00217791490921,4141.19032816,5.0,
13.2939267777,0.999244736294,0.00179136094161,0.293364292188,0.129649601332,1.41779958079,0.823742751962,0.00179136094161,4213.51314599,5.0,
11.7758755449,0.999335420871,0.00218643995486,0.304732393206,0.13360298712,1.42213954964,0.816123767532,0.00218643995486,4112.38351531,5.0,
11.8981698453,0.999347963216,0.00247671748451,0.305093960363,0.133112370306,1.35713574782,0.761448833478,0.00247671748451,4322.81059338,5.0,
13.2201023471,0.999255181168,0.00201414070058,0.302879621502,0.133134490099,1.43342883997,0.816547491234,0.00201414070058,4156.49716159,5.0,
13.8812673913,0.999245956498,0.00230488876317,0.304459899435,0.132014525235,1.37845615241,0.780218587145,0.00230488876317,4390.87157855,5.0,
11.4743900992,0.99935869182,0.00200442207631,0.304079374304,0.133464518237,1.41978131265,0.787052451264,0.00200442207631,4196.06180068,5.0,
14.2536463862,0.999181971189,0.00220419931656,0.295197145966,0.13138898875,1.39964474014,0.84897768489,0.00220419931656,4121.88923471,5.0,
11.8500339783,0.999359955418,0.00295330932604,0.308906378334,0.132984401085,1.34274103842,0.747513450589,0.00295330932604,4396.02733327,5.0,
14.429356513,0.999173855272,0.00201861408805,0.300990763916,0.132435521479,1.4430703907,0.85055797827,0.00201861408805,4082.49372945,5.0,
12.9380428489,0.999278261466,0.00224156885711,0.31336371472,0.136080840304,1.41570870661,0.774932847584,0.00224156885711,4162.7413344,5.0,
10.8544948892,0.999370803992,0.00168981865925,0.298681817149,0.134394901784,1.46933013719,0.817783226372,0.00168981865925,4015.48236753,5.0,
12.1154513889,0.999277867978,0.00232392778526,0.292064039324,0.129676636629,1.39640069186,0.834209933732,0.00232392778526,3982.93163722,5.0,
9.57168947637,0.999484350978,0.00180251738689,0.285549116746,0.124770781643,1.3077267213,0.672285906437,0.00180251738689,4750.65766752,5.0,
12.3423493996,0.999285821389,0.00213500135823,0.300908749809,0.132181164352,1.42373720581,0.811941318037,0.00213500135823,4064.41882866,5.0,
12.3540007962,0.999286154624,0.00230909363526,0.298644440539,0.131073693019,1.38691890649,0.797368590362,0.00230909363526,4111.21430795,5.0,
9.69321650019,0.999469182161,0.00203150969341,0.295635481029,0.128601691303,1.3460594781,0.697493445603,0.00203150969341,4512.37726011,5.0,
12.6011948204,0.999268514651,0.00219413653273,0.304418787057,0.133680268832,1.43097119602,0.815127539326,0.00219413653273,4009.88570006,5.0,
14.455479607,0.999102667701,0.00166296370856,0.282541063605,0.1303927727,1.46676566351,0.940781973798,0.00166296370856,3748.95684855,5.0,
11.9372846197,0.999305587223,0.00250251735425,0.297609367582,0.130978135263,1.37614534181,0.806646530995,0.00250251735425,4073.65248327,5.0,
11.9154387224,0.999280995174,0.0024368868645,0.298188635473,0.131944461503,1.44051607515,0.859422247957,0.0024368868645,3840.15182784,5.0,
11.3750253832,0.999367046136,0.00282306172134,0.321661224633,0.136892476297,1.39828661253,0.76426863178,0.00282306172134,4091.5683791,5.0,
8.70519812979,0.999507499759,0.00218439254179,0.287356589046,0.124917335404,1.30328830646,0.71640293259,0.00218439254179,4419.7264081,5.0,
10.6083807823,0.999408393682,0.00211014020592,0.301470414598,0.129558091115,1.37769212802,0.737577808338,0.00211014020592,4347.89130311,5.0,
11.9376832115,0.999302239096,0.00248007657949,0.302048684066,0.133473593772,1.39721302922,0.82922502292,0.00248007657949,3960.70971519,5.0,
9.66040631233,0.999468698869,0.00280716535735,0.30566987893,0.129335613409,1.31379811099,0.700873685099,0.00280716535735,4415.66554651,5.0,
8.51420303754,0.999523494284,0.00264976649735,0.290894419686,0.125515065917,1.25813625649,0.690944074503,0.00264976649735,4475.25637571,5.0,
9.71410839084,0.999450746939,0.00224381514061,0.298437009304,0.128481335818,1.35109998453,0.738026915251,0.00224381514061,4291.24647657,5.0,
10.1303045885,0.999428039944,0.00248132934647,0.302975608608,0.130299766144,1.34590055768,0.740402381699,0.00248132934647,4239.84488701,5.0,
10.9962128752,0.999391858016,0.00161110149867,0.293987226447,0.132548556688,1.43175066676,0.79416201224,0.00161110149867,4315.30268517,5.0,
12.314197408,0.999286708257,0.00186972284026,0.292517477573,0.130844273378,1.40633520665,0.804359277488,0.00186972284026,4154.20905328,5.0,
10.7852414471,0.999388396789,0.00202234140544,0.295672224545,0.131794879655,1.37650311028,0.760819279579,0.00202234140544,4244.56385354,5.0,
12.1772235693,0.999310602567,0.00305844447353,0.312820021166,0.132959297711,1.35448230181,0.768778047192,0.00305844447353,4119.58691713,5.0,
12.755858998,0.999321483123,0.00346719647155,0.321203492869,0.133205996018,1.30961536376,0.714854808033,0.00346719647155,4436.98172743,5.0,
9.23196761605,0.999497856034,0.0030407058018,0.307992517366,0.128522803261,1.27368872674,0.669155980586,0.0030407058018,4490.52578943,5.0,
12.9513009273,0.999234683638,0.00231242345654,0.300549716049,0.133482903488,1.41660301566,0.848026442772,0.00231242345654,3904.59621805,5.0,
13.1678908411,0.999216723357,0.000651734265042,0.243420972341,0.112606994185,1.41056721954,0.821941800569,0.000651734265042,4569.55412819,6.0,
11.1887832344,0.999397184982,0.0015763505625,0.26115500353,0.11524329888,1.21548740766,0.676880267645,0.0015763505625,5083.93853201,6.0,
11.9239805499,0.999361700846,0.00158380520708,0.261380319479,0.115227206059,1.21280456093,0.677495496365,0.00158380520708,5127.82697562,6.0,
12.8655295491,0.999301580586,0.00149849562665,0.257005070086,0.115564542107,1.2395411535,0.726639152271,0.00149849562665,5009.6294243,6.0,
12.574880724,0.999295988578,0.00146795417631,0.253172717971,0.112907362403,1.2286570285,0.711946042833,0.00146795417631,4938.33738798,6.0,
12.1687593993,0.999331877871,0.00160299274995,0.261297955489,0.115793959505,1.24079951826,0.706961885978,0.00160299274995,4952.5977102,6.0,
11.5849606234,0.999371585266,0.00182766425085,0.260538102208,0.114880541648,1.18870147238,0.676189894567,0.00182766425085,5068.6225082,6.0,
9.88123547377,0.99948737466,0.00187651652012,0.258952491307,0.114280609629,1.15051066364,0.616042239674,0.00187651652012,5377.47791854,6.0,
11.8612428022,0.999350220685,0.00185926700516,0.255586943252,0.112645281663,1.15215028548,0.658818982018,0.00185926700516,5096.41550941,6.0,
14.5081035273,0.999220068018,0.00173359315341,0.256819526671,0.113179594945,1.19514848484,0.702133798173,0.00173359315341,5171.15360212,6.0,
12.3605011601,0.999316451624,0.00183298273677,0.259865487605,0.114810963726,1.18828786888,0.683078546211,0.00183298273677,4974.29112561,6.0,
12.4600495902,0.999325670382,0.00193781725968,0.267643263617,0.118132223004,1.23598214442,0.709884222399,0.00193781725968,4956.8399764,6.0,
12.1643638314,0.999316248645,0.00176739895024,0.263038648442,0.117164590479,1.24032336568,0.716920649569,0.00176739895024,4792.59600663,6.0,
9.42605518762,0.999478417734,0.00190797619915,0.258232819175,0.113889640568,1.1573199828,0.638278435228,0.00190797619915,5010.19985061,6.0,
10.052321081,0.999473502939,0.00202871656093,0.267171619288,0.117082707636,1.16836095667,0.630799938075,0.00202871656093,5215.64307319,6.0,
11.5918113258,0.999365438536,0.00165207298479,0.261654104053,0.115840342781,1.21995322242,0.690671644792,0.00165207298479,4976.77401603,6.0,
18.1760122121,0.998982527959,0.00168420878596,0.262562469174,0.116748673885,1.26199485055,0.805571639967,0.00168420878596,4785.47897152,6.0,
13.4727306404,0.999282006015,0.00172574080025,0.262175681103,0.115481056987,1.20792710518,0.693999861272,0.00172574080025,5142.69945579,6.0,
12.3235939712,0.999338979528,0.00187968995699,0.268718305089,0.118283843786,1.22272011581,0.68808733232,0.00187968995699,5018.22222373,6.0,
14.034261806,0.9991957666,0.00153332347983,0.256549683988,0.114400111604,1.25657135156,0.749819553014,0.00153332347983,4748.20005169,6.0,
12.7829260459,0.999306983181,0.00191475513428,0.262380205719,0.115511632812,1.19652948655,0.689321308226,0.00191475513428,5048.06669337,6.0,
14.2257389279,0.999247941444,0.00186140469776,0.264970340852,0.116632301295,1.20683844925,0.69966157394,0.00186140469776,5148.2507445,6.0,
11.1716337338,0.999378069397,0.00145956052825,0.257563475576,0.114730335869,1.24702985296,0.69739844705,0.00145956052825,4913.66563317,6.0,
11.9554507053,0.999331342995,0.00185833778782,0.263912800447,0.117075811472,1.2209861406,0.696312246671,0.00185833778782,4816.71279625,6.0,
13.6093709789,0.999277382566,0.00183556137242,0.26335748933,0.115727333857,1.19795145935,0.690443447211,0.00183556137242,5152.89989452,6.0,
9.97841823892,0.999454310359,0.0018424121157,0.26521288175,0.117281547354,1.20865405213,0.661884067587,0.0018424121157,4947.38258375,6.0,
10.8888871297,0.999411668672,0.00181893421079,0.268339994267,0.118414452411,1.2261326951,0.672444237358,0.00181893421079,4979.34915289,6.0,
9.72417798607,0.999480199741,0.00173596687108,0.262017306543,0.115475719438,1.19165099877,0.633382491314,0.00173596687108,5150.651745,6.0,
13.9936202692,0.99924005772,0.00140573391041,0.263812569605,0.117256322501,1.28027447714,0.729673074294,0.00140573391041,4953.09699237,6.0,
12.0243550654,0.999337009347,0.00164359569962,0.256972913455,0.113636278586,1.21632028281,0.697898320385,0.00164359569962,5000.13155964,6.0,
10.7122398347,0.999421354862,0.00173273852837,0.267380681465,0.118168560303,1.23967865863,0.679296950396,0.00173273852837,4980.62096805,6.0,
15.066202179,0.999217390182,0.00198494903566,0.270440242198,0.118537317691,1.21013178722,0.716341610773,0.00198494903566,5176.49493767,6.0,
9.72668690287,0.999500247387,0.0020864141536,0.261625392894,0.116404113415,1.14046036657,0.63030710167,0.0020864141536,5357.06850287,6.0,
11.2032350777,0.999403582286,0.0014622937157,0.258785703347,0.11437470132,1.2216154106,0.671941348195,0.0014622937157,5190.5018635,6.0,
12.7277708414,0.999289589335,0.00211533745504,0.261179687682,0.115631363615,1.18393092471,0.712108143537,0.00211533745504,4871.15905832,6.0,
11.0978580591,0.999384248682,0.00161307398367,0.257692785789,0.114204503391,1.20642070751,0.673502038699,0.00161307398367,4972.21187266,6.0,
11.8491199314,0.999373062253,0.00178533681681,0.260421974755,0.114577261636,1.18740241887,0.661266074358,0.00178533681681,5232.4745423,6.0,
10.8642601372,0.999397723373,0.00152678320802,0.260362024216,0.115975694886,1.24562752586,0.686488692659,0.00152678320802,4910.54328711,6.0,
11.0812531666,0.999402094193,0.00165239649273,0.261233857307,0.115433598246,1.19983657907,0.657863718796,0.00165239649273,5100.90811113,6.0,
15.2516451337,0.99915721019,0.00145367622858,0.255031567084,0.112820450286,1.23847304228,0.731402399794,0.00145367622858,5016.68748583,6.0,
11.8839894265,0.999318791845,0.00136221346664,0.250590958559,0.1117740405,1.23908133275,0.711152377678,0.00136221346664,4846.77170934,6.0,
13.2548868964,0.999289108652,0.00186246008422,0.261977106647,0.115138707764,1.18452130762,0.681641504616,0.00186246008422,5130.70008779,6.0,
11.1216501701,0.999383647613,0.00146083286433,0.258018445364,0.114553473575,1.22682318198,0.678791548044,0.00146083286433,4966.12331754,6.0,
12.4704562042,0.999314474506,0.00153115908628,0.255058289163,0.112889871897,1.19624455022,0.676467853294,0.00153115908628,5072.83647025,6.0,
12.4927404016,0.999320160464,0.00177285440671,0.266032471167,0.117142615812,1.22608891882,0.691261238982,0.00177285440671,4976.20393305,6.0,
13.169526676,0.99929157867,0.00151966653903,0.262735358343,0.115732661035,1.23688005179,0.691500997233,0.00151966653903,5083.25221924,6.0,
11.0462861598,0.999372701904,0.00153505840767,0.262462214099,0.117065442127,1.26585943647,0.702256190488,0.00153505840767,4748.76009791,6.0,
10.2974203621,0.999426431917,0.00148560873836,0.263482852627,0.116648501265,1.25202836509,0.672491233996,0.00148560873836,4863.14433458,6.0,
9.04811651547,0.999522521137,0.00158160163855,0.265312523161,0.11665214565,1.21339291108,0.625439808113,0.00158160163855,5184.91591782,6.0,
12.4280921275,0.999303380361,0.0014534541867,0.257353550245,0.114352100871,1.24494574224,0.709436120762,0.0014534541867,4889.70162186,6.0,
11.6824786479,0.999340975831,0.00177552391295,0.26028476888,0.115808059415,1.23144037061,0.715004342791,0.00177552391295,4782.92913586,7.0,
10.7341533367,0.999423910809,0.00183252094243,0.272757057185,0.121179673773,1.24750886157,0.683016973075,0.00183252094243,4911.25992566,7.0,
13.3933912674,0.999270760505,0.00259526584042,0.280037674081,0.119783542284,1.21592558339,0.703951085296,0.00259526584042,4815.98043914,7.0,
11.4970784175,0.999366289074,0.00174196778944,0.270371162392,0.120323954329,1.26268678804,0.711174493743,0.00174196778944,4770.96520721,7.0,
13.9708191087,0.999228093998,0.00190961175313,0.27526243299,0.121499494357,1.26802578536,0.730409941372,0.00190961175313,4730.63214766,7.0,
11.0968507729,0.999383798248,0.00152805498323,0.262543307944,0.116498576963,1.26450955164,0.715377300071,0.00152805498323,4844.13962807,7.0,
9.61901936362,0.999474149777,0.00187473086746,0.27102964037,0.119696205557,1.22831545073,0.652552344705,0.00187473086746,4880.7878314,7.0,
11.8151144707,0.999374002826,0.00197200932755,0.273870434556,0.12108124299,1.24241039287,0.703019697372,0.00197200932755,4966.04904308,7.0,
9.96032604106,0.999456156934,0.00190180529075,0.271403371098,0.120152401717,1.24150880397,0.674386429985,0.00190180529075,4862.59420034,7.0,
10.5699201912,0.999428736358,0.00259296384881,0.279492496981,0.119661027316,1.19342788149,0.654163298993,0.00259296384881,4884.52820187,7.0,
11.2520467413,0.999397142208,0.00155981492865,0.267157594598,0.11962077197,1.27116979181,0.709033507849,0.00155981492865,4950.99143182,7.0,
9.2823178541,0.999477401084,0.0018225245618,0.272173508189,0.120608282829,1.25787698896,0.669030823763,0.0018225245618,4696.5113807,7.0,
11.4792704614,0.999392417228,0.00174610125565,0.272363545662,0.120331472437,1.24433936177,0.681094132005,0.00174610125565,5022.27641517,7.0,
12.2740441839,0.999326429544,0.00177992655811,0.276124331753,0.122074597879,1.2738591374,0.716898784823,0.00177992655811,4754.44690341,7.0,
11.124250567,0.999403235853,0.00175878102624,0.263263299346,0.115810099996,1.19050785362,0.656883323683,0.00175878102624,5111.58727964,7.0,
11.3148988391,0.999380486389,0.00159613648334,0.267634296848,0.119137992088,1.26687602098,0.700109424259,0.00159613648334,4859.55816322,7.0,
12.0388704923,0.999325248274,0.00174190308376,0.266546483069,0.118637522006,1.2562797436,0.710996811266,0.00174190308376,4754.87085123,7.0,
13.0455520572,0.999301790176,0.0018364894367,0.270935394932,0.119459667858,1.23828247021,0.699850817088,0.0018364894367,4985.66765855,7.0,
11.594900538,0.999361901334,0.00159181091266,0.270967990885,0.120327437379,1.28715505913,0.711465772373,0.00159181091266,4784.52753394,7.0,
13.9571476107,0.999236760519,0.00191109720458,0.274750791803,0.12126932818,1.26362197057,0.734097041273,0.00191109720458,4791.48063024,7.0,
12.702480367,0.999294331446,0.00173842855461,0.273648507296,0.122150040679,1.2990604443,0.751466445908,0.00173842855461,4659.01677858,7.0,
11.0319315769,0.999398853837,0.002173745072,0.276668857971,0.119937627308,1.23570037081,0.682931022003,0.002173745072,4825.48775817,7.0,
10.2609230743,0.999442634272,0.00166661790354,0.269143308235,0.118918589725,1.22914623363,0.661396760198,0.00166661790354,4941.18122092,7.0,
13.4304324093,0.999232877393,0.00160010024463,0.269090391521,0.120255949002,1.30870318189,0.768806194911,0.00160010024463,4562.80491838,7.0,
10.5536766953,0.999426616635,0.00198048124376,0.271453085509,0.119693418742,1.21255147482,0.667398004729,0.00198048124376,4909.60880712,7.0,
9.33244718282,0.999465166854,0.00204003406147,0.298428799671,0.134039464306,1.39304030033,0.774522192466,0.00204003406147,4100.76731114,7.0,
11.6065921456,0.999371470158,0.00190155040758,0.273952591889,0.120790696674,1.23848361667,0.688365291047,0.00190155040758,4883.83572686,7.0,
13.03099466,0.999258499141,0.00187823721458,0.265804220698,0.118696451894,1.24947182791,0.744918331403,0.00187823721458,4655.14765085,7.0,
15.389141967,0.999165206468,0.00162270024574,0.274689077137,0.121620590243,1.2996624549,0.76551316308,0.00162270024574,4805.9727993,7.0,
14.3997074145,0.999193295434,0.00224637023116,0.268580315304,0.119185259525,1.22286202036,0.756762238226,0.00224637023116,4705.06346699,7.0,
13.9756544847,0.999228355552,0.00177983936938,0.274345870827,0.121567969545,1.29787021544,0.747700683185,0.00177983936938,4712.46416773,7.0,
13.0000557928,0.999255721225,0.0018873000498,0.261417745181,0.116474798061,1.23554501272,0.736701207939,0.0018873000498,4696.57881059,7.0,
14.0664431939,0.999235007063,0.00225896206121,0.276661047915,0.120986618457,1.25976526141,0.753765762723,0.00225896206121,4767.32123436,7.0,
12.2769049472,0.999364706009,0.00188247668751,0.273411295049,0.12035630202,1.23531557942,0.69075834982,0.00188247668751,5129.61893264,7.0,
10.7983349116,0.99939841595,0.00214370394882,0.267382842361,0.116346626933,1.22825342086,0.699702790243,0.00214370394882,4797.35657848,7.0,
10.4424459564,0.999442250781,0.0020759922245,0.276234058245,0.120015974045,1.21987331006,0.659922272084,0.0020759922245,4959.35237315,7.0,
10.7634184199,0.999409195699,0.00184006773591,0.271492561349,0.118880147806,1.27228926402,0.712762578009,0.00184006773591,4797.52353573,7.0,
11.6855253872,0.999356966809,0.00238051733189,0.271994048759,0.118318406829,1.21193264515,0.698181305491,0.00238051733189,4819.2005986,7.0,
12.4324082786,0.999335478978,0.00195409122078,0.274535396494,0.121287959955,1.24747441017,0.709021444541,0.00195409122078,4913.63782069,7.0,
12.9092690942,0.999285952808,0.00168591658353,0.268027357002,0.119069031065,1.26200132675,0.726804017484,0.00168591658353,4796.04205159,7.0,
12.3409847379,0.999326784139,0.00190650919981,0.281267417403,0.124428575456,1.29468216899,0.734207872917,0.00190650919981,4692.872898,7.0,
11.6688549005,0.99937031315,0.00208892061621,0.281949423124,0.124061896451,1.25594277178,0.706700514299,0.00208892061621,4777.77621519,7.0,
12.0733597419,0.999339000942,0.00190689237891,0.278776443148,0.123158093529,1.27305155077,0.717396647607,0.00190689237891,4718.4701016,7.0,
12.9315128293,0.999298488697,0.00186664113171,0.274522386527,0.120930576603,1.24932661357,0.711830938767,0.00186664113171,4852.80585974,7.0,
16.3111463963,0.9990374639,0.00194815698732,0.2945905641,0.13213374075,1.44308655608,0.908372136975,0.00194815698732,3944.63355836,7.0,
12.1982411194,0.99933851556,0.00212393134261,0.279532539374,0.12056120397,1.24756429752,0.689962171476,0.00212393134261,4838.97604904,7.0,
12.546462837,0.999306554754,0.00237661198631,0.271326832748,0.11682323754,1.19477284812,0.686052403011,0.00237661198631,4850.71320506,7.0,
13.6500864034,0.999246334322,0.00252730266038,0.282190749904,0.122098702563,1.24633283336,0.734557206218,0.00252730266038,4664.31529706,7.0,
12.9557937556,0.999294889535,0.00262585198445,0.284147623418,0.121869908619,1.22075120976,0.699911384948,0.00262585198445,4767.9532644,7.0,
11.2034502067,0.999408433632,0.00228725213618,0.278598355363,0.121224897714,1.21599778981,0.670252485041,0.00228725213618,4995.86793198,7.0,
