20.2316715543,0.998885531354,0.00153507451776,0.167232809424,0.0810781605006,1.15874551894,1.62170087977,0.00153507451776,4955.83381421,1.0,
60.9017595308,0.996699097373,0.00174362105589,0.179502067972,0.0794011102969,1.10257739299,1.6495601173,0.00174362105589,5166.51110649,1.0,
174.68914956,0.9909866812,0.00175867080606,0.190933904486,0.0857966016886,1.12530116235,2.03519061584,0.00175867080606,5342.7468184,1.0,
52.7771260997,0.997129291998,0.00170707166261,0.184219014644,0.0917447454227,1.08130653445,1.40469208211,0.00170707166261,5221.48336118,1.0,
78.3929618768,0.995878811396,0.00182316973538,0.186275574889,0.0873430167483,1.09207048062,1.65102639296,0.00182316973538,5331.86457251,1.0,
66.3123167155,0.996426953637,0.00184896930711,0.189714519657,0.087646796417,1.11095059076,1.53519061584,0.00184896930711,5162.19669762,1.0,
65.073313783,0.996469327325,0.00148992526724,0.170658946103,0.0834404228554,1.12158840667,1.65395894428,0.00148992526724,5189.74911499,1.0,
163.667155425,0.991270286025,0.00204676602368,0.195325559135,0.0891403815033,1.0780568696,1.8431085044,0.00204676602368,5301.62128151,1.0,
87.0498533724,0.995302549994,0.00138672698033,0.15157624794,0.0770476812043,1.1575419731,2.27565982405,0.00138672698033,5155.08642847,1.0,
65.6392961877,0.996234540219,0.00163612284036,0.173440684929,0.0826745094587,1.12510339557,1.96480938416,0.00163612284036,4869.36161537,1.0,
18.5351906158,0.998983027679,0.00145982576689,0.158897703522,0.0767798685821,1.15783316659,1.74340175953,0.00145982576689,5005.47900181,1.0,
50.7258064516,0.997264595712,0.00136737730154,0.172020413313,0.0807181487768,1.15156581044,1.54692082111,0.00136737730154,5153.08804154,1.0,
12.6099706745,0.999268080818,0.00138672698033,0.160261225094,0.0731692307229,1.15383145973,1.60117302053,0.00138672698033,4771.66962794,1.0,
86.8196480938,0.995042122526,0.00150497501741,0.165808943403,0.0794662315241,1.15472100836,1.99560117302,0.00150497501741,4848.64113576,1.0,
8.69061583578,0.999514290646,0.0013200780867,0.169925061689,0.0666544323579,1.19086936408,1.48826979472,0.0013200780867,4868.19113042,1.0,
19.4618768328,0.99893044084,0.0012792287648,0.153008264845,0.0765269543604,1.14016770817,1.6788856305,0.0012792287648,5116.43621738,1.0,
110.193548387,0.994061497191,0.00140392669482,0.184720286624,0.075877211248,1.18380871807,1.95014662757,0.00140392669482,5067.42449569,1.0,
72.7624633431,0.99612762347,0.00120183004962,0.165013506172,0.0687108464125,1.20244935796,1.98240469208,0.00120183004962,5134.02827724,1.0,
5.86950146628,0.999683443295,0.00142542633792,0.166121994313,0.0845943739257,1.14464880604,1.24193548387,0.00142542633792,5137.14372029,1.0,
153.687683284,0.991693279165,0.00145982576689,0.182553194772,0.0822433984963,1.18676673893,2.32697947214,0.00145982576689,5014.45316712,1.0,
58.6744868035,0.996786078903,0.00152647466052,0.182244531354,0.0853582386271,1.17754269813,1.75953079179,0.00152647466052,4932.09831307,1.0,
56.4882697947,0.996893464346,0.00176727066331,0.187442692044,0.0899199020621,1.16408691536,1.57917888563,0.00176727066331,4898.50793335,1.0,
31.7463343109,0.998322986449,0.00141037658775,0.16368943023,0.0736735203662,1.14707512292,1.64662756598,0.00141037658775,5261.74166392,1.0,
117.032258065,0.993493095576,0.00166192241209,0.173695327756,0.0897803093526,1.1633653346,1.96480938416,0.00166192241209,4896.74606385,1.0,
114.980938416,0.993691663413,0.00150067508879,0.170814596286,0.0845831490391,1.1554869741,2.10117302053,0.00150067508879,5025.62235832,1.0,
185.824046921,0.98985752936,0.00125987908601,0.153866711785,0.0714681087199,1.1444837173,2.58064516129,0.00125987908601,5167.86309764,1.0,
19.6158357771,0.998933249129,0.00141252655206,0.174099944832,0.0767702468479,1.15094110986,1.59530791789,0.00141252655206,5098.70806902,1.0,
63.2741935484,0.996412334912,0.00142542633792,0.163542488125,0.0819761473798,1.150929708,1.84604105572,0.00142542633792,4877.42059654,1.0,
110.309384164,0.993728818936,0.00121257987117,0.164916542617,0.0818456269627,1.18549736099,2.01906158358,0.00121257987117,4858.46595951,1.0,
153.787390029,0.991512025686,0.00135232755136,0.16142203765,0.0741906908873,1.15493769528,2.30058651026,0.00135232755136,5054.85563816,1.0,
104.241935484,0.994044964115,0.00138887694464,0.164183633755,0.0742490485984,1.13428916087,1.857771261,0.00138887694464,4932.93721811,1.0,
10.5,0.999402730764,0.00184251941418,0.184992123057,0.0854544897066,1.15308277796,1.37683284457,0.00184251941418,4743.73709164,1.0,
107.945747801,0.994124465802,0.00158667366122,0.17805000069,0.0871162536203,1.21406772568,2.01026392962,0.00158667366122,4874.58908802,1.0,
9.08504398827,0.999487078499,0.00125127922876,0.159265529384,0.0725453696866,1.12579390275,1.42521994135,0.00125127922876,5035.1074678,1.0,
63.9134897361,0.996392354238,0.00158667366122,0.166760085217,0.0785473488176,1.13201044176,1.78739002933,0.00158667366122,4925.01513404,1.0,
16.0307917889,0.999103058282,0.00148562533862,0.154786501399,0.0809943377053,1.15880723525,1.62903225806,0.00148562533862,4920.35813418,1.0,
60.9530791789,0.996800164042,0.00151357487466,0.165368487466,0.089901757108,1.12584491631,1.59824046921,0.00151357487466,5331.70806619,1.0,
17.3636363636,0.999029546374,0.00135877744429,0.157945387973,0.0845582939221,1.17195103063,1.7008797654,0.00135877744429,4926.56696237,1.0,
14.1744868035,0.999208034843,0.00109003190547,0.149270157822,0.0620801772345,1.18698102391,1.77272727273,0.00109003190547,4997.81861796,1.0,
98.5674486804,0.994427983245,0.00136092740861,0.16913241239,0.0806327544203,1.18118975584,2.04545454545,0.00136092740861,4845.80025748,1.0,
65.5630498534,0.99643823276,0.00143187623085,0.156183433928,0.0677919488592,1.21618242179,2.18475073314,0.00143187623085,4904.34619058,1.0,
69.5894428152,0.996210748809,0.00175867080606,0.18422310122,0.0854684366134,1.14631304077,1.68328445748,0.00175867080606,4988.21927026,1.0,
119.387096774,0.993426546419,0.00142327637361,0.173115863311,0.0760247318837,1.17382963739,2.1788856305,0.00142327637361,5010.09705818,1.0,
112.272727273,0.993664922415,0.00137812712309,0.167941036252,0.0783550982267,1.14048170539,2.05278592375,0.00137812712309,4977.93688493,1.0,
8.64076246334,0.999503388998,0.00135447751567,0.172207038301,0.0803655069199,1.15701128896,1.37683284457,0.00135447751567,4807.38452928,1.0,
13.4252199413,0.999220702263,0.00137812712309,0.161907333188,0.0811359213426,1.16025495176,1.55425219941,0.00137812712309,4747.32336642,1.0,
13.8152492669,0.999209430314,0.00131362819377,0.170142602869,0.0712971426545,1.15794158277,1.53958944282,0.00131362819377,4871.9194872,1.0,
109.526392962,0.993984159541,0.00130717830084,0.166306986485,0.0756171033193,1.14183535957,1.97214076246,0.00130717830084,5129.6777197,1.0,
97.288856305,0.994620183406,0.00134157772981,0.167925395143,0.080369935533,1.16171434062,1.89589442815,0.00134157772981,5008.23774026,1.0,
160.026392962,0.9913345091,0.00182101977107,0.183866402391,0.0882167698129,1.1542177467,2.24633431085,0.00182101977107,5022.99678974,1.0,
25.215542522,0.998678092017,0.00137382719447,0.171892945599,0.081751344898,1.23106246635,1.84897360704,0.00137382719447,5029.48951236,2.0,
64.3328445748,0.996589056736,0.00182316973538,0.194227606615,0.0920893526729,1.1321081093,1.49413489736,0.00182316973538,5145.69839661,2.0,
13.0982404692,0.999275436797,0.00209836516714,0.191040638889,0.0995587158799,1.14596212977,1.35923753666,0.00209836516714,4762.03432245,2.0,
251.164222874,0.986616969057,0.00165117259053,0.191473907881,0.0856444692654,1.2126857684,2.77712609971,0.00165117259053,4971.67328279,2.0,
18.7140762463,0.999017237102,0.00191131827212,0.198324646847,0.085113115621,1.17624286407,1.51173020528,0.00191131827212,5028.19862465,2.0,
67.7375366569,0.996334734963,0.00183821948556,0.208196835152,0.085521275647,1.2140891728,1.75806451613,0.00183821948556,4799.56764677,2.0,
17.6598240469,0.99904479498,0.00148132541,0.17580645999,0.0840160355225,1.25976045203,1.75366568915,0.00148132541,4752.48156126,2.0,
130.914956012,0.993002687417,0.00198011713006,0.193044740402,0.0937088023745,1.20023951192,2.24633431085,0.00198011713006,4888.62152881,2.0,
12.4677419355,0.999357582784,0.00151787480328,0.190349061906,0.0845251152621,1.2410836806,1.5,0.00151787480328,5048.02620505,2.0,
7.14516129032,0.999620815514,0.00162537301881,0.187829330168,0.0941793918985,1.2094558839,1.32991202346,0.00162537301881,4957.44316807,2.0,
10.1114369501,0.999445879718,0.00171567151985,0.188501931897,0.0772817074188,1.15497566571,1.41348973607,0.00171567151985,4954.69924424,2.0,
68.8328445748,0.996186972178,0.0014404760881,0.184510340009,0.0812022857255,1.20368605785,1.73607038123,0.0014404760881,4851.26109929,2.0,
8.00586510264,0.999554156063,0.00191131827212,0.190751719961,0.10162460043,1.19931650419,1.34604105572,0.00191131827212,4671.91530956,2.0,
64.1774193548,0.996431325207,0.00193496787953,0.191721605435,0.0819342011962,1.17352700758,1.71114369501,0.00193496787953,4795.48861157,2.0,
67.8343108504,0.996466166013,0.00153077458914,0.178690803909,0.0808322690756,1.17521614056,1.71407624633,0.00153077458914,5169.58669378,2.0,
152.857771261,0.99182138348,0.00168987194813,0.186156806289,0.0811555541507,1.16263368818,2.08357771261,0.00168987194813,5081.97394016,2.0,
62.9325513196,0.996646980527,0.00177587052055,0.186992058965,0.0821267207821,1.20341881297,1.70967741935,0.00177587052055,4962.75441462,2.0,
58.284457478,0.996880556705,0.00181241991383,0.186924687167,0.0961059713816,1.15650729213,1.54545454545,0.00181241991383,5043.75553999,2.0,
26.5263929619,0.998605813029,0.00186401905728,0.195810927278,0.0912335993218,1.18711827647,1.61730205279,0.00186401905728,5023.02947926,2.0,
16.0381231672,0.999110913986,0.0021306146318,0.198068697864,0.0901754415677,1.22935373801,1.63049853372,0.0021306146318,4570.42106219,2.0,
11.2976539589,0.999364354861,0.00152647466052,0.180897382539,0.0827823307709,1.24908630696,1.60850439883,0.00152647466052,4603.5565464,2.0,
48.431085044,0.997407220513,0.00150067508879,0.184181007004,0.0850839049457,1.18980140403,1.67741935484,0.00150067508879,5027.02600535,2.0,
10.2082111437,0.999447214744,0.00176297073469,0.185631725911,0.0819228004389,1.20376268169,1.53079178886,0.00176297073469,4806.80796188,2.0,
172.247800587,0.991064695528,0.0024961085646,0.200319260834,0.094078378476,1.152456526,2.13636363636,0.0024961085646,5128.60085845,2.0,
72.775659824,0.996072435047,0.00234346109855,0.198966793643,0.0826750643179,1.17468425668,1.90175953079,0.00234346109855,4836.01080348,2.0,
105.887096774,0.994399557469,0.00169202191244,0.185529810266,0.091856455214,1.20664424965,2.17741935484,0.00169202191244,5002.58998944,2.0,
174.431085044,0.99060657866,0.00165547251916,0.189596222858,0.0869431169007,1.19527070611,2.08211143695,0.00165547251916,4952.46477909,2.0,
16.6847507331,0.999087246633,0.00168127209088,0.200934189147,0.0870643160636,1.21193955633,1.45307917889,0.00168127209088,4777.68050707,2.0,
99.9134897361,0.994516341025,0.00157807380397,0.192252451825,0.0879769279572,1.21955447756,1.86950146628,0.00157807380397,4796.69753834,2.0,
61.5117302053,0.996630666207,0.00173932112727,0.195574130797,0.0904954629523,1.18756910669,1.67008797654,0.00173932112727,4852.97375472,2.0,
21.7580645161,0.998873014615,0.00168987194813,0.198807751795,0.0985109684052,1.19297835413,1.43255131965,0.00168987194813,5069.32705989,2.0,
10.9149560117,0.999423973303,0.00167697216226,0.185586185466,0.0908130135795,1.20004978057,1.41055718475,0.00167697216226,4977.99079761,2.0,
152.65542522,0.991661138229,0.00187261891453,0.193011988089,0.0924242986296,1.182600524,2.5146627566,0.00187261891453,4848.88453312,2.0,
38.0967741935,0.997987753821,0.00193496787953,0.201058761888,0.0847644228762,1.20423757899,1.58944281525,0.00193496787953,4933.96349588,2.0,
55.0058651026,0.997066760817,0.00206396573817,0.182375896482,0.0863436202242,1.14838449049,1.60703812317,0.00206396573817,5061.12346656,2.0,
112.541055718,0.993722160438,0.00199086695161,0.18546177331,0.0892296535092,1.1415672454,1.91055718475,0.00199086695161,4850.98809914,2.0,
65.6876832845,0.996464825345,0.00208546538127,0.203496087566,0.0848231586289,1.18148621502,1.71114369501,0.00208546538127,4868.54379993,2.0,
17.6862170088,0.999028864755,0.00238646038476,0.18673600046,0.0872537330179,1.14800210414,1.53372434018,0.00238646038476,4816.58232443,2.0,
7.25806451613,0.999621518277,0.0024767588858,0.20511593044,0.0893341174354,1.10978198231,1.11730205279,0.0024767588858,5147.24360985,2.0,
18.8944281525,0.99897738515,0.00184466937849,0.186545252566,0.0919939401033,1.16768901255,1.46920821114,0.00184466937849,4915.63455837,2.0,
11.3387096774,0.999371864962,0.00210481506007,0.195402015459,0.0857733419001,1.1273580986,1.37976539589,0.00210481506007,4858.39643713,2.0,
66.0351906158,0.996524603551,0.00187476887884,0.18303563618,0.0854768117809,1.14409744675,1.68914956012,0.00187476887884,5200.26187897,2.0,
20.8460410557,0.998844897691,0.00199301691592,0.197592896965,0.0941071848581,1.15721080799,1.44134897361,0.00199301691592,4814.34141479,2.0,
161.630498534,0.991023941206,0.00214136445335,0.197519545918,0.0840762867497,1.19403611441,2.2991202346,0.00214136445335,4716.03113121,2.0,
55.0439882698,0.996944784185,0.00256920735116,0.205200856068,0.0981882569174,1.1380391789,1.47507331378,0.00256920735116,4718.81722576,2.0,
228.247800587,0.98802267472,0.00213276459611,0.199206428057,0.0953582083458,1.17654308298,2.42668621701,0.00213276459611,5026.70859923,2.0,
69.788856305,0.99637910846,0.00144907594534,0.172985638776,0.086082845945,1.15890836536,1.73607038123,0.00144907594534,5284.82600394,2.0,
110.447214076,0.993916306521,0.00196291741557,0.202259539302,0.0923381073753,1.16419218823,1.86070381232,0.00196291741557,4845.78670895,2.0,
12.8181818182,0.999308890206,0.00156732398242,0.176973814401,0.0779216880435,1.21312902788,1.64516129032,0.00156732398242,4895.78840441,2.0,
63.2375366569,0.996546525101,0.00174362105589,0.186097460312,0.0864299857684,1.19552550889,1.84750733138,0.00174362105589,4863.76304889,2.0,
71.0571847507,0.996343762718,0.00158882362553,0.184023515032,0.086635775774,1.14837772908,1.78739002933,0.00158882362553,5371.69632514,3.0,
205.612903226,0.988951715561,0.00250255845753,0.204808908567,0.0867663461641,1.11077499661,2.41935483871,0.00250255845753,5057.04949159,3.0,
110.706744868,0.993999812736,0.00164902262622,0.171645515211,0.0828068061678,1.10891779445,1.9706744868,0.00164902262622,5165.09037965,3.0,
58.1041055718,0.996824936766,0.00198441705868,0.185653126212,0.0873417465507,1.08007505436,1.45894428152,0.00198441705868,5131.98598709,3.0,
75.3005865103,0.996022322136,0.00181026994952,0.184318030517,0.0857325154088,1.15816475284,1.83724340176,0.00181026994952,5112.02473457,3.0,
64.4384164223,0.996562185834,0.00224671270457,0.191831283525,0.0864225409942,1.1039880361,1.4853372434,0.00224671270457,5129.11632756,3.0,
7.84897360704,0.999582454661,0.00171997144847,0.184386860317,0.0861084874905,1.11045769982,1.21260997067,0.00171997144847,5182.10048007,3.0,
103.917888563,0.994486465517,0.00193711784384,0.184969289333,0.0795372804146,1.14847928799,1.91495601173,0.00193711784384,5095.64071557,3.0,
60.0439882698,0.996854442311,0.00261435660168,0.199165033816,0.0890549702404,1.06883078921,1.36950146628,0.00261435660168,5214.08936424,3.0,
66.8299120235,0.996556285896,0.00201666652334,0.186571041124,0.0945825161833,1.11796561395,1.53079178886,0.00201666652334,5275.12724173,3.0,
20.7771260997,0.998921506799,0.00167912212657,0.183270481547,0.0830167370357,1.11023213292,1.38416422287,0.00167912212657,5370.04278967,3.0,
276.787390029,0.985682335646,0.00195001762971,0.191603313754,0.0871422805923,1.14772277777,2.55865102639,0.00195001762971,5253.20763319,3.0,
102.605571848,0.994476712411,0.00191346823643,0.193110896563,0.0868803003598,1.12671492968,1.79325513196,0.00191346823643,5076.70887983,3.0,
13.2316715543,0.999288716401,0.00183821948556,0.184196971339,0.0808919756851,1.12469684317,1.35483870968,0.00183821948556,5098.30304622,3.0,
60.8357771261,0.996874044454,0.00168127209088,0.190922070252,0.0913069361358,1.11186726589,1.38416422287,0.00168127209088,5400.05109826,3.0,
62.1143695015,0.996665549605,0.00171782148416,0.182834602538,0.0877356329846,1.11888309682,1.57184750733,0.00171782148416,5164.06923491,3.0,
21.431085044,0.998867022372,0.00159957344708,0.172642778911,0.0782605299462,1.13949847718,1.69208211144,0.00159957344708,5192.28959118,3.0,
10.0439882698,0.999457037819,0.00161892312588,0.169306360901,0.08375025546,1.14671502688,1.40175953079,0.00161892312588,5065.32802742,3.0,
40.9017595308,0.997870466293,0.00141467651637,0.167166183035,0.0776737357056,1.11726278238,1.65542521994,0.00141467651637,5444.14924886,3.0,
72.780058651,0.996177882527,0.00172212141278,0.169440986057,0.0796896478356,1.12716730152,1.86803519062,0.00172212141278,5296.03440314,3.0,
70.6041055718,0.99626011562,0.00174792098451,0.177431335606,0.0812780186808,1.10007572693,1.57184750733,0.00174792098451,5292.11596846,3.0,
105.709677419,0.994168217351,0.00135017758705,0.155764184527,0.0781260503681,1.18798615485,2.19648093842,0.00135017758705,4960.76368331,3.0,
68.7668621701,0.996231802051,0.00167912212657,0.182000870941,0.0807767660776,1.16457625327,1.80498533724,0.00167912212657,4914.15490979,3.0,
116.982404692,0.993532487761,0.00143617615948,0.17433964584,0.0768137114414,1.15880294705,2.05865102639,0.00143617615948,4962.267775,3.0,
112.702346041,0.993937645309,0.0018059700209,0.181096832717,0.0802391451921,1.13893675626,1.88123167155,0.0018059700209,5110.05903611,3.0,
7.88123167155,0.999576596356,0.00197796716575,0.183154241147,0.094273471836,1.08294136236,1.19208211144,0.00197796716575,5191.9234795,3.0,
7.50879765396,0.999603041238,0.00217791384663,0.178718001849,0.0982554998269,1.13029746482,1.24486803519,0.00217791384663,5099.68147824,3.0,
54.3680351906,0.997090309577,0.00177372055624,0.186715614709,0.0834385115721,1.11923683986,1.58211143695,0.00177372055624,5152.8971227,3.0,
60.0410557185,0.996759856531,0.00155012426794,0.176364906628,0.0913846124277,1.13510644524,1.66862170088,0.00155012426794,5140.40881737,3.0,
96.5659824047,0.994893762973,0.00223381291871,0.20237363558,0.0889322716948,1.08628371887,1.69208211144,0.00223381291871,5221.087494,3.0,
12.0527859238,0.999327044549,0.00196506737988,0.189329063541,0.0841488794821,1.13849497843,1.36950146628,0.00196506737988,4873.28446358,3.0,
67.9076246334,0.996275194982,0.00162967294743,0.171341814811,0.0816540581022,1.10913960281,1.69941348974,0.00162967294743,5118.86971099,3.0,
179.778592375,0.990604181322,0.0017866203421,0.18656954809,0.084643857673,1.13826492571,2.13049853372,0.0017866203421,5262.42238167,3.0,
106.750733138,0.99431678116,0.00154797430363,0.183873274642,0.0774901601804,1.16708255849,1.91788856305,0.00154797430363,5136.12129208,3.0,
10.4076246334,0.999453026445,0.00153507451776,0.178491041637,0.0840385871394,1.1769305647,1.44574780059,0.00153507451776,5128.26941677,3.0,
57.1715542522,0.996853497797,0.00146627565982,0.170685947592,0.0800073694872,1.10557139485,1.44134897361,0.00146627565982,5171.93846244,3.0,
107.958944282,0.993927677054,0.00162537301881,0.180107171473,0.0763351268061,1.12953438597,1.92961876833,0.00162537301881,4968.46767909,3.0,
72.0806451613,0.996171040634,0.00196076745126,0.185226401299,0.0847200600473,1.09577074332,1.75513196481,0.00196076745126,5267.22151233,3.0,
78.6906158358,0.995902980428,0.00175437087744,0.169187741062,0.0810113046934,1.11204975853,1.83137829912,0.00175437087744,5328.16781186,3.0,
71.7463343109,0.99621885049,0.00134157772981,0.163898971616,0.0869563811879,1.1796389246,1.90469208211,0.00134157772981,5199.83170632,3.0,
9.28005865103,0.999492415709,0.00147702548138,0.192301450232,0.0809120828493,1.17277338426,1.29472140762,0.00147702548138,4952.88413983,3.0,
219.143695015,0.988165727693,0.00200376673747,0.184861677276,0.0803334741178,1.14032453499,2.50439882698,0.00200376673747,5081.36363873,3.0,
68.1304985337,0.996275668683,0.00162107309019,0.182882250709,0.0846350049767,1.13781071486,1.62316715543,0.00162107309019,5065.22341496,3.0,
14.4824046921,0.999202289118,0.00182101977107,0.185006040588,0.0878733786039,1.1358042895,1.43841642229,0.00182101977107,4932.91284319,3.0,
63.8284457478,0.996686659135,0.00148562533862,0.170783789403,0.0824716673322,1.16404059313,1.79325513196,0.00148562533862,5279.74376287,3.0,
115.890029326,0.993858351417,0.0019070183435,0.191561372031,0.0823827359449,1.16287585125,1.98387096774,0.0019070183435,5064.80603006,3.0,
56.137829912,0.996931668615,0.00161462319725,0.184094374106,0.082069718149,1.13604245023,1.54545454545,0.00161462319725,5061.33963901,3.0,
17.0601173021,0.99910666897,0.00138457701602,0.179270257018,0.0850827558333,1.18699873799,1.5,0.00138457701602,5161.28470027,3.0,
22.137829912,0.998804479794,0.00128567865773,0.159560358078,0.0772206346613,1.15280533728,1.73607038123,0.00128567865773,5169.0525951,3.0,
12.6774193548,0.999318783854,0.00153077458914,0.17137225307,0.0825250438526,1.15942734257,1.51612903226,0.00153077458914,5085.31139927,3.0,
26.9208211144,0.9985702292,0.00155012426794,0.177990870909,0.0856168804221,1.26420632446,1.83870967742,0.00155012426794,4815.28663936,4.0,
30.4780058651,0.998311789892,0.00180167009228,0.196507052799,0.0892835997713,1.24345699051,1.8651026393,0.00180167009228,4603.95160926,4.0,
6.91202346041,0.999623851445,0.00229616188371,0.205637253346,0.0899258943939,1.15777874146,1.24926686217,0.00229616188371,4812.65770063,4.0,
110.482404692,0.99388515437,0.00181456987814,0.184603226525,0.0938805708205,1.19034346964,1.92521994135,0.00181456987814,4790.68203881,4.0,
84.0703812317,0.995584269668,0.00237141063458,0.209210642783,0.0872669382761,1.1685843911,1.86803519062,0.00237141063458,4921.53718032,4.0,
96.9428152493,0.994737304051,0.00171137159123,0.184344507049,0.0794579630153,1.20634536694,1.98093841642,0.00171137159123,4848.63082736,4.0,
112.728739003,0.993879275452,0.00191346823643,0.180792303201,0.0888865939963,1.21398290058,2.10117302053,0.00191346823643,4794.16322604,4.0,
206.331378299,0.98856516795,0.00212416473887,0.194212498477,0.0922352779462,1.19314192663,2.50146627566,0.00212416473887,4727.5780211,4.0,
150.337243402,0.992199600201,0.00292825139103,0.219291466059,0.0994680276157,1.12753219366,1.94721407625,0.00292825139103,5091.0418561,4.0,
11.435483871,0.999380903158,0.00223381291871,0.211580694774,0.0862311495591,1.21509326481,1.45894428152,0.00223381291871,4678.06988953,4.0,
4.45161290323,0.999766251729,0.00233271127699,0.201239669421,0.0963751126559,1.09889763684,1.0293255132,0.00233271127699,5157.6783538,4.0,
146.439882698,0.991940067113,0.00176082077038,0.176886933573,0.0814681401017,1.23959294991,2.52785923754,0.00176082077038,4712.53742836,4.0,
145.634897361,0.991700703466,0.00164042276898,0.17965269169,0.0820395171489,1.23038526148,2.58504398827,0.00164042276898,4600.82671188,4.0,
14.275659824,0.999191487943,0.00177157059193,0.190762585195,0.0817768836599,1.21808009923,1.60410557185,0.00177157059193,4592.17624552,4.0,
51.1246334311,0.997178896235,0.00187906880746,0.186743391518,0.0882573462569,1.20037323332,1.84604105572,0.00187906880746,4725.17407198,4.0,
65.6202346041,0.996503420132,0.00142542633792,0.169332769417,0.0818372530023,1.21024448244,1.95454545455,0.00142542633792,5019.11550202,4.0,
133.130498534,0.992720607385,0.00142327637361,0.165242214089,0.0867424848463,1.29529429787,2.67595307918,0.00142327637361,4654.53377359,4.0,
69.7492668622,0.996132500297,0.00140392669482,0.167007457405,0.0866875894433,1.24157102,1.91055718475,0.00140392669482,4758.56312298,4.0,
62.3856304985,0.996464855601,0.00177802048486,0.189456041719,0.0875266535281,1.23606485632,1.91348973607,0.00177802048486,4540.78556287,4.0,
20.8313782991,0.998779812075,0.00184251941418,0.182464316714,0.084719608192,1.27518677753,1.89589442815,0.00184251941418,4261.7601221,4.0,
8.25953079179,0.999536587115,0.00148347537431,0.166597968323,0.0818581457834,1.16410478396,1.42375366569,0.00148347537431,4863.48643983,4.0,
112.444281525,0.993850373814,0.00180382005659,0.188601498665,0.0885416144544,1.23076814085,1.9926686217,0.00180382005659,4725.12143899,4.0,
53.4516129032,0.997059286936,0.00171352155554,0.182422282828,0.0875256203428,1.2579419458,1.99413489736,0.00171352155554,4630.43131631,4.0,
95.5703812317,0.994479907966,0.0015823737326,0.178532664147,0.0762438174921,1.23455250756,2.32697947214,0.0015823737326,4521.67062963,4.0,
12.3108504399,0.999293296756,0.0017242713771,0.184697900857,0.0840955020362,1.23136402147,1.53372434018,0.0017242713771,4504.00122277,4.0,
115.153958944,0.993751088658,0.00333674461004,0.216094980533,0.0913086566464,1.16820043703,2.08064516129,0.00333674461004,4620.72938238,4.0,
63.5571847507,0.996678811765,0.00228111213354,0.212090228465,0.0989967249762,1.18788494292,1.53079178886,0.00228111213354,4922.30411856,4.0,
118.507331378,0.993488691086,0.00241010999217,0.195845559908,0.0923494406846,1.22871672169,2.1495601173,0.00241010999217,4579.7818829,4.0,
16.4868035191,0.999107971807,0.00275840421049,0.21097750976,0.103534520132,1.16589207849,1.33137829912,0.00275840421049,4747.64081148,4.0,
79.0703812317,0.995879971389,0.00255200763667,0.215795905352,0.0922507374553,1.14089990078,1.71847507331,0.00255200763667,5047.89589105,4.0,
69.8372434018,0.996324879631,0.00247245895718,0.206636732718,0.101391716881,1.19160368803,1.83137829912,0.00247245895718,4817.82312466,4.0,
10.293255132,0.9994672984,0.00203171627351,0.206788870539,0.0867920799293,1.17902905898,1.30498533724,0.00203171627351,5034.42190337,4.0,
8.28592375367,0.999544912202,0.00191561820074,0.192860018833,0.0863871290767,1.20167695098,1.39442815249,0.00191561820074,4749.75070681,4.0,
63.7668621701,0.996643517097,0.00230261177664,0.207924735299,0.098760754749,1.19118447013,1.60850439883,0.00230261177664,4865.29179643,4.0,
27.0865102639,0.998605958953,0.00208331541696,0.197201050557,0.0850840331415,1.15236532588,1.54105571848,0.00208331541696,5185.8756373,4.0,
10.3709677419,0.999442222577,0.00193281791522,0.205300461988,0.0946316775317,1.17487609388,1.22140762463,0.00193281791522,4907.36097264,4.0,
191.744868035,0.989473234171,0.00213276459611,0.207828956756,0.0898175578172,1.18982897836,2.33137829912,0.00213276459611,4768.42116102,4.0,
62.1231671554,0.996723241895,0.00199086695161,0.199792840881,0.100109986029,1.16846532861,1.57184750733,0.00199086695161,5031.56506144,4.0,
12.0,0.999342966998,0.00189841848625,0.190360959074,0.0946570015765,1.22892202584,1.58651026393,0.00189841848625,4662.39223346,4.0,
157.593841642,0.991728921307,0.00233271127699,0.206302483491,0.0947626955236,1.15048757803,1.95161290323,0.00233271127699,5033.14748864,4.0,
107.048387097,0.994391439512,0.0021714639537,0.197895368823,0.0967236829863,1.19690211735,1.90762463343,0.0021714639537,4918.11276155,4.0,
20.8826979472,0.998918286991,0.00214566438197,0.204587947442,0.100360695673,1.19400550774,1.46041055718,0.00214566438197,4970.69482078,4.0,
179.237536657,0.990567143456,0.00241870984942,0.206581703636,0.0923287220032,1.21134000775,2.43401759531,0.00241870984942,4807.1506351,4.0,
73.7316715543,0.995957175382,0.00230906166958,0.193634192801,0.0900468821194,1.15296191968,1.93108504399,0.00230906166958,4810.30753174,4.0,
63.6143695015,0.996734181985,0.00184036944987,0.19220599113,0.0861147638921,1.18576036106,1.63782991202,0.00184036944987,5122.35857295,4.0,
5.53519061584,0.999707308087,0.00257565724409,0.223612226593,0.104322904953,1.16691686474,1.10117302053,0.00257565724409,4858.21996407,4.0,
56.7917888563,0.997005847795,0.00227036231199,0.206189896961,0.098536439988,1.16418103016,1.47214076246,0.00227036231199,4968.73311479,4.0,
21.5674486804,0.998837430108,0.00230906166958,0.192081079387,0.0921393524462,1.18280822231,1.60850439883,0.00230906166958,4737.71640486,4.0,
104.741935484,0.994345681507,0.00206181577386,0.182975283212,0.0953962753889,1.2215100654,2.20527859238,0.00206181577386,4743.92048224,4.0,
8.48093841642,0.99954918074,0.00199086695161,0.204291199125,0.0996872581587,1.18318015032,1.21700879765,0.00199086695161,4894.10512907,4.0,
65.0483870968,0.996444819001,0.00162537301881,0.182584621257,0.0888387711359,1.27212950004,1.95161290323,0.00162537301881,4618.87552163,5.0,
56.4017595308,0.99688909914,0.00244450942114,0.213477157887,0.107645358226,1.23322380617,1.67741935484,0.00244450942114,4483.63932366,5.0,
13.4120234604,0.999292265672,0.0024552592427,0.21250154661,0.0919781508495,1.21153870103,1.43548387097,0.0024552592427,4752.0097269,5.0,
144.240469208,0.991905336003,0.00211341491731,0.208164794783,0.0920918754087,1.2604722977,2.357771261,0.00211341491731,4434.08368116,5.0,
11.9384164223,0.999363750844,0.00240366009924,0.211992670064,0.0992848020271,1.20992433997,1.34897360704,0.00240366009924,4670.06736245,5.0,
69.2551319648,0.996102140033,0.00185971912866,0.181070424046,0.086818882636,1.27294990733,2.24926686217,0.00185971912866,4431.73322704,5.0,
61.1085043988,0.996588421333,0.00156947394673,0.178029796664,0.0829326051725,1.26749004947,2.07917888563,0.00156947394673,4557.23509203,5.0,
140.049853372,0.992475211724,0.00156087408949,0.17574218639,0.0819366237869,1.25835838384,2.56598240469,0.00156087408949,4829.56253131,5.0,
17.7258064516,0.998976288121,0.00147057558845,0.172325253803,0.0722226958962,1.26740262481,1.95161290323,0.00147057558845,4424.49908587,5.0,
20.2404692082,0.998924359977,0.00178447037779,0.189326663327,0.0858713292856,1.23921223998,1.72434017595,0.00178447037779,4785.21348631,5.0,
294.796187683,0.983743933719,0.00179092027072,0.190371613098,0.0816938730569,1.26501263708,3.27126099707,0.00179092027072,4636.11160492,5.0,
12.7712609971,0.999333859798,0.00209621520283,0.191325370734,0.0842220654279,1.20144262766,1.52492668622,0.00209621520283,4914.19679661,5.0,
63.6085043988,0.996440275287,0.00147487551707,0.172237531596,0.0822022156575,1.28942519479,2.15982404692,0.00147487551707,4533.95232754,5.0,
145.513196481,0.991942499648,0.00195216759402,0.194146954099,0.0909630637632,1.25483424671,2.48387096774,0.00195216759402,4545.58188071,5.0,
19.9560117302,0.998871848298,0.00173072127003,0.180256870195,0.0824066911969,1.28444033259,1.99120234604,0.00173072127003,4420.69271597,5.0,
75.9985337243,0.995737300081,0.00134157772981,0.166426097525,0.0796406991287,1.28483055931,2.31818181818,0.00134157772981,4596.07562734,5.0,
12.3709677419,0.999314802741,0.00175437087744,0.200460888085,0.0882834768225,1.29360108866,1.59677419355,0.00175437087744,4458.34120956,5.0,
24.8475073314,0.998653083528,0.00178017044917,0.191398507871,0.0918462897148,1.27146748226,1.82697947214,0.00178017044917,4620.59549736,5.0,
15.0762463343,0.999168279775,0.0014404760881,0.184374637823,0.083890964293,1.28234236648,1.76832844575,0.0014404760881,4620.68824244,5.0,
130.296187683,0.993017166042,0.00180167009228,0.188722909887,0.0927866928219,1.27460287432,2.30498533724,0.00180167009228,4722.61508423,5.0,
59.7771260997,0.996723278536,0.00154797430363,0.181457450711,0.0874451889045,1.29517447983,1.98826979472,0.00154797430363,4575.01273782,5.0,
146.139296188,0.991733607168,0.00170922162692,0.181885700139,0.0933032349853,1.27914861352,2.35337243402,0.00170922162692,4476.52338758,5.0,
20.1348973607,0.998928948634,0.00203171627351,0.1838467006,0.0903689966768,1.22682098928,1.81231671554,0.00203171627351,4771.91742355,5.0,
81.9721407625,0.995369661852,0.00185541920004,0.198709782577,0.0900725732098,1.29702717125,2.30351906158,0.00185541920004,4391.54848025,5.0,
74.92228739,0.995890989273,0.00165117259053,0.184907104664,0.0903833423273,1.3224235724,2.21847507331,0.00165117259053,4474.39152521,5.0,
25.3504398827,0.998559295201,0.0014404760881,0.171800970457,0.0706247942592,1.31923120272,2.23020527859,0.0014404760881,4392.5820115,5.0,
14.7478005865,0.999137359807,0.00208546538127,0.182895109105,0.0925999228633,1.23291142472,1.69501466276,0.00208546538127,4380.49559431,5.0,
66.1730205279,0.996448757507,0.00131362819377,0.168806831643,0.0762713284413,1.16143899682,1.98826979472,0.00131362819377,5171.15655756,5.0,
66.5293255132,0.996224279727,0.00153077458914,0.17999598884,0.0821484305175,1.27788763956,2.1275659824,0.00153077458914,4484.86994942,5.0,
108.494134897,0.993831284309,0.00164042276898,0.184399105414,0.0941490037208,1.2752511138,2.19208211144,0.00164042276898,4450.56765182,5.0,
13.6994134897,0.999259912246,0.00152002476759,0.18179070114,0.0818093904838,1.23281590114,1.59970674487,0.00152002476759,4831.99643461,5.0,
75.4941348974,0.995686699591,0.00160172341139,0.176918399927,0.0806947333586,1.32308833518,2.57624633431,0.00160172341139,4310.88954537,5.0,
15.6554252199,0.999046901356,0.00162537301881,0.179371419938,0.0859590856947,1.29897554078,1.81085043988,0.00162537301881,4092.56397799,5.0,
82.4560117302,0.995273412839,0.0021714639537,0.204057381976,0.0982238732573,1.24229798019,1.91348973607,0.0021714639537,4390.84593847,5.0,
58.3269794721,0.996546152529,0.00211341491731,0.191411496822,0.0789976446952,1.30368740115,2.2008797654,0.00211341491731,4172.3655846,5.0,
109.681818182,0.994015363206,0.00211341491731,0.215139438091,0.0915430465415,1.28847965263,2.01026392962,0.00211341491731,4494.13107442,5.0,
54.3020527859,0.996951275289,0.00159312355415,0.177235189472,0.0807470836809,1.15790845422,1.75953079179,0.00159312355415,4836.88312517,5.0,
30.1730205279,0.998334526103,0.00154367437501,0.182389273519,0.0816728656881,1.26275384376,1.96187683284,0.00154367437501,4649.32977891,5.0,
9.45454545455,0.999457744482,0.00177587052055,0.188722840971,0.0903841246353,1.29297369527,1.59530791789,0.00177587052055,4283.86662102,5.0,
10.6964809384,0.999419594002,0.00198441705868,0.186400568152,0.0868738371597,1.19163591048,1.47360703812,0.00198441705868,4811.10700656,5.0,
246.33431085,0.986314754054,0.00176727066331,0.185590504985,0.0813568639723,1.17611799716,2.67741935484,0.00176727066331,4836.61491917,5.0,
22.6700879765,0.998733117749,0.00204676602368,0.187310674659,0.0770203177924,1.22219471597,1.85483870968,0.00204676602368,4663.39768414,5.0,
27.2316715543,0.998478260042,0.00176942062762,0.192621680653,0.0913530648144,1.2567252227,1.90909090909,0.00176942062762,4519.91683974,5.0,
19.8768328446,0.998920509211,0.0012383794429,0.164090803269,0.0772442544287,1.31789658241,2.0,0.0012383794429,4656.56461339,5.0,
117.863636364,0.993259265526,0.00158667366122,0.174644412345,0.0812292446938,1.2774364062,2.50879765396,0.00158667366122,4458.26449664,5.0,
114.680351906,0.993576988025,0.00148992526724,0.176809364855,0.0857780597752,1.29203111388,2.33724340176,0.00148992526724,4515.74765912,5.0,
15.3445747801,0.999144788298,0.00219726352543,0.198502207449,0.0923670092061,1.27128059427,1.63782991202,0.00219726352543,4370.44537122,5.0,
5.357771261,0.999720481564,0.00224241277595,0.210913280268,0.0884764119156,1.21739628349,1.21700879765,0.00224241277595,4824.39050219,5.0,
10.7947214076,0.999418247002,0.00184466937849,0.195203686424,0.0907862824964,1.20688995444,1.40469208211,0.00184466937849,4820.87473723,5.0,
17.6935483871,0.998973635955,0.0017866203421,0.190573630279,0.0843963298179,1.28621930479,1.83431085044,0.0017866203421,4277.41181376,5.0,
24.9384164223,0.998523255809,0.00076108736595,0.112286512383,0.0433036201624,1.18702464822,2.4926686217,0.00076108736595,4870.94203124,6.0,
21.5322580645,0.998835803589,0.00122332969273,0.148795080403,0.0662731347446,1.11305085534,1.6788856305,0.00122332969273,5316.72622824,6.0,
22.9457478006,0.998759848839,0.00114163104892,0.15238955422,0.0723180000173,1.10752935403,1.71407624633,0.00114163104892,5365.56350619,6.0,
21.8152492669,0.998815285344,0.00119538015669,0.150592506718,0.0637155555052,1.14676693013,1.8651026393,0.00119538015669,5188.74933623,6.0,
65.7434017595,0.996308661252,0.00132222805101,0.146136322189,0.069839253518,1.07075867416,1.86950146628,0.00132222805101,5235.28322794,6.0,
155.341642229,0.991452167371,0.00119538015669,0.14008939623,0.0632475159148,1.14026636376,2.60557184751,0.00119538015669,5197.78774813,6.0,
163.32111437,0.991101812486,0.00121472983548,0.161587190801,0.0733403882597,1.09454802713,2.19501466276,0.00121472983548,5350.72183257,6.0,
14.9868035191,0.999216323688,0.0014404760881,0.152656463318,0.0768345692648,1.04833813578,1.45307917889,0.0014404760881,5613.70770339,6.0,
178.67888563,0.990132233684,0.00137382719447,0.161002992541,0.0707817261527,1.06623425705,2.41202346041,0.00137382719447,5323.68336803,6.0,
22.3870967742,0.998790429825,0.00140392669482,0.15506825757,0.0763082961867,1.0536831465,1.55425219941,0.00140392669482,5443.36373331,6.0,
15.4765395894,0.999139196105,0.00141252655206,0.161267608838,0.0729461536798,1.06872885534,1.45601173021,0.00141252655206,5233.68285897,6.0,
165.159824047,0.991083864927,0.00151572483897,0.157040924553,0.084254858766,1.13225384268,2.51759530792,0.00151572483897,5189.4467585,6.0,
16.8695014663,0.999049891102,0.00134372769412,0.161929141699,0.0701083178618,1.12583182099,1.66129032258,0.00134372769412,5026.49180769,6.0,
16.0527859238,0.999108742426,0.00151787480328,0.170388875039,0.0718504383245,1.05951821492,1.39589442815,0.00151787480328,5235.35545936,6.0,
7.8284457478,0.999593805146,0.00177372055624,0.181964702135,0.0766029998826,1.07796975,1.24193548387,0.00177372055624,5379.95189518,6.0,
115.750733138,0.993634682702,0.00128567865773,0.154368274901,0.0809834191499,1.10216666102,2.06451612903,0.00128567865773,5258.98701123,6.0,
59.651026393,0.996642883445,0.00137597715878,0.15545605441,0.0701390137729,1.0829966936,1.78299120235,0.00137597715878,5121.14187756,6.0,
190.797653959,0.989747203333,0.00142972626654,0.15445186838,0.0677518351022,1.08084006153,2.45454545455,0.00142972626654,5417.09724666,6.0,
203.217008798,0.989066337691,0.00122332969273,0.159221731636,0.0666350452749,1.12668973179,2.56598240469,0.00122332969273,5339.70931971,6.0,
149.585043988,0.991357646286,0.00136737730154,0.157866548045,0.0692710718508,1.09095902527,2.40029325513,0.00136737730154,5026.13780518,6.0,
78.4296187683,0.995720801639,0.00149852512448,0.16383583208,0.0785159207042,1.10035791539,1.94868035191,0.00149852512448,5248.07069101,6.0,
59.9134897361,0.996821599784,0.00148132541,0.170784722956,0.0694314909372,1.08248069387,1.60557184751,0.00148132541,5417.53335779,6.0,
68.8504398827,0.996175129505,0.00133512783688,0.148972169202,0.0647501395986,1.10684886661,1.91495601173,0.00133512783688,5161.87114926,6.0,
13.1950146628,0.999259650218,0.00148132541,0.166112111658,0.0812409159353,1.10054369058,1.47653958944,0.00148132541,5069.99088981,6.0,
48.4486803519,0.997407225246,0.00139747680189,0.157986526707,0.0684972548453,1.0927494722,2.08211143695,0.00139747680189,5400.83057866,6.0,
65.7287390029,0.996405009763,0.00136737730154,0.159445215386,0.0750009779476,1.0981406801,1.7082111437,0.00136737730154,5250.74444458,6.0,
101.762463343,0.994500326213,0.00142327637361,0.173097148099,0.0774705695097,1.1125156508,1.8504398827,0.00142327637361,5260.87576732,6.0,
14.073313783,0.999245308336,0.00142542633792,0.154874252168,0.0712720232262,1.09305565516,1.55718475073,0.00142542633792,5361.05452074,6.0,
24.7478005865,0.998653170536,0.00111368151289,0.154351083183,0.063120316899,1.14147906915,1.84164222874,0.00111368151289,5251.74267716,6.0,
78.7507331378,0.995632093422,0.00135877744429,0.152629683753,0.0714101263055,1.07950634732,1.91202346041,0.00135877744429,5257.8164778,6.0,
64.5762463343,0.996514743205,0.00130287837222,0.156949331251,0.0711193046717,1.10733441929,1.90175953079,0.00130287837222,5321.03736747,6.0,
14.5469208211,0.999245498383,0.00138457701602,0.161255907399,0.0764503024486,1.12184394462,1.49706744868,0.00138457701602,5439.68726656,6.0,
51.0894428152,0.997355812766,0.00145982576689,0.164497810931,0.0784555928081,1.05965900409,1.55278592375,0.00145982576689,5637.2447985,6.0,
68.8269794721,0.996312937272,0.001197530121,0.154838679184,0.0639588566125,1.0912299828,1.94721407625,0.001197530121,5458.74051119,6.0,
198.538123167,0.98884571005,0.00152002476759,0.160754228986,0.0740629070342,1.06370198431,2.33284457478,0.00152002476759,5201.26741678,6.0,
14.2170087977,0.999206137311,0.00120183004962,0.145195187698,0.0680092973733,1.0886697849,1.58357771261,0.00120183004962,5206.96932578,6.0,
74.6920821114,0.996050135536,0.00135662747998,0.155743086496,0.0799316319961,1.08274879896,1.83284457478,0.00135662747998,5502.21637866,6.0,
23.6583577713,0.998690310069,0.00118893026376,0.140629193858,0.0655804950738,1.13786140695,1.86656891496,0.00118893026376,5143.55387999,6.0,
7.15102639296,0.999613403977,0.00129212855067,0.15133157613,0.0675278019821,1.09621330209,1.32991202346,0.00129212855067,5335.13161583,6.0,
15.5395894428,0.999131143984,0.00115238087048,0.143661271551,0.0703864701746,1.05390040897,1.52785923754,0.00115238087048,5366.75707229,6.0,
20.4853372434,0.998831230855,0.00107068222668,0.142583881193,0.0612039051592,1.09462614171,1.79618768328,0.00107068222668,5129.84053623,6.0,
19.2771260997,0.998962620608,0.00128352869342,0.163032473626,0.0696913889659,1.10543898416,1.59384164223,0.00128352869342,5341.57523677,6.0,
156.734604106,0.991281056016,0.00117603047789,0.163022612779,0.0652432171204,1.12732419296,2.3504398827,0.00117603047789,5187.2851087,6.0,
19.5791788856,0.998915527565,0.00118033040652,0.145492257006,0.0674581764032,1.06483829835,1.55571847507,0.00118033040652,5347.41699967,6.0,
61.7434017595,0.996639979819,0.00130502833653,0.158571724893,0.068413483177,1.1225322463,1.85483870968,0.00130502833653,5237.41410783,6.0,
13.780058651,0.999253111074,0.00112658129875,0.159682592855,0.0844139795099,1.09405301892,1.40762463343,0.00112658129875,5400.51277833,6.0,
62.3064516129,0.996467709623,0.00138672698033,0.173356031242,0.0731018931545,1.09785393443,1.65835777126,0.00138672698033,5081.57962102,6.0,
52.2551319648,0.997102158449,0.00126847894325,0.160639363187,0.0761981256472,1.14813168111,1.78299120235,0.00126847894325,5087.57949878,6.0,
11.5337243402,0.999386052066,0.00108788194116,0.152688511798,0.0682625063993,1.1056339189,1.38123167155,0.00108788194116,5468.31864836,6.0,
7.45894428152,0.999580206005,0.00132652797964,0.14961022604,0.0674713463317,1.07181376202,1.32697947214,0.00132652797964,5208.88154887,6.0,
11.8885630499,0.999329589407,0.00140177673051,0.151467499697,0.0604665714341,1.10345793659,1.58064516129,0.00140177673051,5054.01992308,7.0,
104.835777126,0.994409930681,0.00131577815808,0.15892283921,0.0763804819994,1.15559105619,1.95894428152,0.00131577815808,5186.62575066,7.0,
50.7859237537,0.997231662361,0.00178447037779,0.179203223463,0.0774039213886,1.11180776639,1.60703812317,0.00178447037779,5093.76034468,7.0,
68.151026393,0.996243987249,0.00141252655206,0.171660052127,0.0776469390983,1.18072431407,2.05425219941,0.00141252655206,4939.86044077,7.0,
114.35483871,0.993689263344,0.00142542633792,0.172231944306,0.0828875207162,1.16667876017,2.00879765396,0.00142542633792,5010.36883766,7.0,
60.288856305,0.996647294171,0.00132652797964,0.153992049617,0.0783270661189,1.13708658672,2.01612903226,0.00132652797964,5070.42533427,7.0,
66.1202346041,0.99639328252,0.00144907594534,0.168462244797,0.0827865398015,1.15936978941,1.90029325513,0.00144907594534,5048.2755637,7.0,
167.938416422,0.991120196474,0.00139747680189,0.16665538758,0.0780929221939,1.15510207553,2.32258064516,0.00139747680189,5258.00336649,7.0,
55.57771261,0.996971049016,0.00141682648068,0.170604389501,0.0787696243417,1.13150001397,1.55131964809,0.00141682648068,5157.75482271,7.0,
111.450146628,0.993994116345,0.00181456987814,0.176945369199,0.0823044794965,1.11597591859,1.85190615836,0.00181456987814,5141.37463424,7.0,
63.637829912,0.996607279784,0.00143832612379,0.170249021541,0.0777535182977,1.14127199738,1.6642228739,0.00143832612379,5261.4857184,7.0,
20.1085043988,0.998865288896,0.00149207523155,0.173141159573,0.0782172977283,1.14260266153,1.52785923754,0.00149207523155,4922.25330335,7.0,
5.40762463343,0.999713416085,0.00137597715878,0.174073739066,0.0753146780679,1.10536715002,1.14662756598,0.00137597715878,5358.0001921,7.0,
64.6847507331,0.996460909318,0.00135662747998,0.166132334797,0.0871247604138,1.14807710544,1.6788856305,0.00135662747998,5102.4166789,7.0,
9.44721407625,0.999496044116,0.00131147822946,0.15409396729,0.0716619391001,1.1076235414,1.46480938416,0.00131147822946,5351.05608428,7.0,
19.4926686217,0.998936176243,0.00136307737292,0.152773148635,0.0721846034333,1.1564738421,1.74486803519,0.00136307737292,5095.46868919,7.0,
9.93841642229,0.999442874043,0.0013200780867,0.162585980863,0.0811110562044,1.13742143002,1.45747800587,0.0013200780867,5004.22380413,7.0,
55.5366568915,0.997027091101,0.00144692598103,0.173600154744,0.0740461238595,1.1241709323,1.72434017595,0.00144692598103,5267.01924356,7.0,
13.3299120235,0.999267529456,0.00122117972842,0.150896751697,0.0742442224562,1.15176238645,1.62023460411,0.00122117972842,5114.0055588,7.0,
65.2492668622,0.996446820697,0.00145337587396,0.165218568897,0.0674871340161,1.15045450564,1.9706744868,0.00145337587396,5096.79117837,7.0,
70.151026393,0.996136383354,0.00125342919308,0.166467147636,0.0739793824466,1.17870529607,1.89002932551,0.00125342919308,5014.02127854,7.0,
62.7170087977,0.996583794259,0.00160602334001,0.169288714198,0.0747089792113,1.1227953805,1.70234604106,0.00160602334001,5119.4567876,7.0,
9.87976539589,0.999462107097,0.00128352869342,0.158951510801,0.0765575859915,1.12089891422,1.38416422287,0.00128352869342,5205.07156982,7.0,
76.9296187683,0.995618742395,0.00125127922876,0.162531659517,0.0659669098004,1.20097454952,2.23460410557,0.00125127922876,4807.66311045,7.0,
7.22727272727,0.999607505905,0.00155012426794,0.171361387352,0.0782278213274,1.11533214733,1.24486803519,0.00155012426794,5147.07501779,7.0,
16.0806451613,0.999091113021,0.0016038733757,0.187650833642,0.0928337275287,1.30390532462,1.70234604106,0.0016038733757,4371.71971278,7.0,
71.6114369501,0.996103286035,0.00136737730154,0.172202469913,0.0818776752081,1.14254510837,1.8724340176,0.00136737730154,5125.92216758,7.0,
154.212609971,0.991211693819,0.00151572483897,0.167636756824,0.0700909795676,1.10239235297,2.16568914956,0.00151572483897,4999.80816079,7.0,
95.0073313783,0.994876035122,0.0012168797998,0.155289805896,0.0709174540292,1.19791696696,2.13049853372,0.0012168797998,5083.06998041,7.0,
53.7947214076,0.996984370921,0.00175007094882,0.170761600674,0.0802351009125,1.1064249103,1.77126099707,0.00175007094882,4987.88129226,7.0,
21.1202346041,0.998834293603,0.00150067508879,0.165170822598,0.0801265673454,1.18911726551,1.79472140762,0.00150067508879,4914.02068814,7.0,
19.2903225806,0.998897015405,0.00151572483897,0.165668712242,0.0752698335734,1.06856921861,1.4633431085,0.00151572483897,5036.81014705,7.0,
28.711143695,0.998438018584,0.00155872412518,0.173649914996,0.0820277135773,1.16170712741,1.69941348974,0.00155872412518,5018.64858666,7.0,
8.12023460411,0.999584390542,0.0013200780867,0.157475826959,0.0816992000265,1.13571133997,1.37829912023,0.0013200780867,5442.8341729,7.0,
12.8431085044,0.999286559245,0.00185541920004,0.158177334896,0.0736285503829,1.10203421458,1.59090909091,0.00185541920004,5016.80543665,7.0,
65.2228739003,0.99652245529,0.0016640723764,0.177363912885,0.0776987260543,1.13933636593,1.78592375367,0.0016640723764,5165.44899813,7.0,
66.5234604106,0.996337657018,0.00144692598103,0.17315274694,0.0905773050467,1.13235999615,1.90762463343,0.00144692598103,5104.3201587,7.0,
114.599706745,0.993692299606,0.00166192241209,0.167636941165,0.0759290189041,1.12674281674,2.13636363636,0.00166192241209,5040.12695739,7.0,
25.1774193548,0.998658198179,0.00130287837222,0.157620285182,0.0742726814028,1.15655614533,1.80791788856,0.00130287837222,5215.95284269,7.0,
118.561583578,0.993496548637,0.00162107309019,0.173746474394,0.0685015782811,1.15109151419,2.22727272727,0.00162107309019,5036.57726032,7.0,
75.7126099707,0.995881157201,0.00154797430363,0.17217243547,0.0832918548896,1.15147593677,1.8064516129,0.00154797430363,5059.23395121,7.0,
151.149560117,0.991889859118,0.00153507451776,0.180147558637,0.0795617612865,1.18563653438,2.16715542522,0.00153507451776,5056.64643013,7.0,
109.627565982,0.994026994146,0.00155872412518,0.167565608487,0.086812101598,1.1719992992,1.94134897361,0.00155872412518,4993.55031566,7.0,
163.365102639,0.991174309144,0.00131147822946,0.169754074691,0.0791123640649,1.15803443393,2.29765395894,0.00131147822946,5168.74928509,7.0,
12.4853372434,0.999278051844,0.00150497501741,0.1813524336,0.0851513895483,1.30679762083,1.7082111437,0.00150497501741,4297.76244397,7.0,
67.7536656891,0.996350198192,0.0016447226976,0.183700335879,0.0855495131953,1.12720545196,1.54838709677,0.0016447226976,5153.70993419,7.0,
162.080645161,0.991057610997,0.00195216759402,0.186453487313,0.0846908608792,1.08948393727,2.15395894428,0.00195216759402,5068.25588659,7.0,
62.1964809384,0.996568435649,0.00203171627351,0.195544559216,0.088975191914,1.1325560604,1.6715542522,0.00203171627351,4925.4568849,7.0,
109.12170088,0.9940717636,0.00175007094882,0.176676449481,0.0889924538439,1.11688431477,1.83724340176,0.00175007094882,5099.61584315,7.0,
60.6774193548,0.996802408061,0.00199086695161,0.176295987529,0.0947406764473,1.08387963005,1.44281524927,0.00199086695161,5307.63640509,7.0,
