387.42832458,0.97867617618,0.257361876027,0.751795037935,0.111539143393,1.50567711055,3.16726917218,0.257361876027,9084.40080544,1.0,
379.862424118,0.979410024826,0.27510295843,0.769899974645,0.114544933111,1.40999750831,3.00845781325,0.27510295843,9224.58665609,1.0,
347.327149126,0.982002824504,0.263502902474,0.767973325202,0.115966095709,1.45309024987,2.79985448923,0.263502902474,9650.16247764,1.0,
326.778209763,0.982287923854,0.278475896933,0.776722874286,0.114462115177,1.40103155217,2.63701884819,0.278475896933,9224.72913609,1.0,
345.27003615,0.98192051328,0.269187467798,0.768386713027,0.114990767429,1.42297048387,2.76306754883,0.269187467798,9548.89708633,1.0,
294.734602005,0.984089770595,0.272277116156,0.776282231371,0.114019480314,1.40576718496,2.46949957938,0.272277116156,9262.1425645,1.0,
363.197530864,0.980285871728,0.276994657519,0.772895484412,0.112458215697,1.40550492994,2.87936248096,0.276994657519,9211.21580017,1.0,
346.628561035,0.981538404169,0.277018174654,0.78306749896,0.114858607939,1.36964989219,2.69749676011,0.277018174654,9387.82768842,1.0,
332.60673442,0.982063423986,0.27577379075,0.748048295303,0.104987153951,1.51219073481,2.91398949594,0.27577379075,9271.68461553,1.0,
330.133301503,0.981049042355,0.272813559526,0.751961224925,0.107464990636,1.48208251268,2.89573244208,0.272813559526,8709.97546334,1.0,
330.870586363,0.981738148036,0.275406404643,0.756593560931,0.108796366424,1.45743844987,2.85171543551,0.275406404643,9058.98352305,1.0,
350.78514426,0.980990919612,0.263887760757,0.751999679586,0.112595920326,1.51430109225,2.9037810063,0.263887760757,9225.83793458,1.0,
296.08580588,0.982790301281,0.273311875299,0.75173325268,0.108504681042,1.46884319909,2.63533637996,0.273311875299,8602.29486638,1.0,
322.546392925,0.981547854953,0.266633559787,0.746452449607,0.108617676671,1.51056695872,2.90966964509,0.266633559787,8740.07851376,1.0,
323.872859969,0.981803056305,0.253701165612,0.740586499637,0.11261959751,1.5511020022,2.84973739854,0.253701165612,8900.0818154,1.0,
352.000454721,0.980646826401,0.267836218274,0.746971432561,0.109241459775,1.50003802682,2.98369824705,0.267836218274,9094.37103442,1.0,
321.656753746,0.982605935371,0.263457962796,0.758164657034,0.11633900187,1.48772995582,2.71830025237,0.263457962796,9245.6688655,1.0,
293.447832117,0.984317734152,0.272401197556,0.753660499639,0.110702281141,1.50262301627,2.60555214515,0.272401197556,9354.888371,1.0,
369.532455722,0.979998579168,0.253602976116,0.750220748429,0.117979706658,1.52192126224,3.00597958302,0.253602976116,9237.65513505,1.0,
372.713139167,0.979806161669,0.26292748788,0.755480283684,0.114080483565,1.48229808504,3.01280040015,0.26292748788,9228.00076019,1.0,
302.443625946,0.983376194338,0.25926956164,0.758167552083,0.11725258646,1.48629132883,2.59436600505,0.25926956164,9096.56055326,1.0,
296.603369484,0.983630360258,0.260072042156,0.75748941952,0.116089366707,1.47987043716,2.60118682218,0.260072042156,9057.28883399,1.0,
315.84534934,0.983305797181,0.273250122011,0.759115255599,0.11165589123,1.4643450226,2.67471523088,0.273250122011,9459.73140407,1.0,
321.89234477,0.982017205134,0.256887542626,0.755224956561,0.116228115848,1.47898534203,2.7180728918,0.256887542626,8949.91225748,1.0,
376.200827592,0.979348302493,0.263092154354,0.749076856348,0.109919115731,1.50971734127,3.16356319487,0.263092154354,9108.14471237,1.0,
390.524202533,0.97871003745,0.269070219156,0.745161815075,0.107034640913,1.51701729187,3.24752745379,0.269070219156,9170.78675999,1.0,
353.887320101,0.980715106033,0.257201614816,0.75164536429,0.114946635761,1.51890646723,2.99765818612,0.257201614816,9175.24671646,1.0,
318.850919674,0.981820836743,0.264286689829,0.752937337005,0.112330731095,1.50619886432,2.78571266171,0.264286689829,8769.68084722,1.0,
343.100948094,0.980269515752,0.256026655416,0.741216789359,0.111380805209,1.56992769901,3.06916308574,0.256026655416,8694.62882063,1.0,
320.685537594,0.982257299453,0.261723563953,0.73861408309,0.106651096411,1.52743518592,2.99911329377,0.261723563953,9036.88803521,1.0,
385.012959553,0.97796365871,0.264652242909,0.749274945056,0.110002275903,1.53140855261,3.23122570084,0.264652242909,8735.8426723,1.0,
329.225996408,0.98115391577,0.253153638265,0.747744822639,0.115878384287,1.5067167047,2.79910419935,0.253153638265,8735.05656246,1.0,
300.412454812,0.983499598646,0.253323018091,0.751569407182,0.118216119765,1.50399823341,2.62130823273,0.253323018091,9103.46471838,1.0,
316.734192756,0.981990330615,0.273266653378,0.757421248343,0.109705717624,1.49982155125,2.78571266171,0.273266653378,8794.08065043,1.0,
270.409976582,0.984706206101,0.277278614501,0.761388204969,0.111656637332,1.43031177994,2.45194734329,0.277278614501,8840.41165523,1.0,
327.906713958,0.981498106082,0.275943832244,0.759909036336,0.109305496482,1.47106095988,2.80587954437,0.275943832244,8861.06172578,1.0,
387.59618489,0.979594713641,0.26995169562,0.761766379597,0.113977832603,1.48949730395,3.05106518428,0.26995169562,9497.75511922,1.0,
358.801036764,0.979895137731,0.263942823959,0.745906974769,0.109246835012,1.53232167278,3.07232339768,0.263942823959,8924.16484278,1.0,
315.84534934,0.982394814653,0.272221782084,0.746971302089,0.10540947355,1.56775031828,2.78825910011,0.272221782084,8970.23641355,1.0,
319.989700566,0.981822353149,0.264169474271,0.747892014532,0.110152530951,1.52458505855,2.84939635768,0.264169474271,8800.94571597,1.0,
333.519291544,0.98173737791,0.250147727121,0.737775179171,0.111327777824,1.52426966159,2.9360662074,0.250147727121,9130.22095444,1.0,
310.176363595,0.983041247069,0.265835002757,0.758671849998,0.114359266867,1.46349741767,2.64909169452,0.265835002757,9144.72803799,1.0,
348.481731578,0.980689215423,0.265994342802,0.750484550048,0.110759792418,1.5157188111,2.98851829116,0.265994342802,9022.98221468,1.0,
355.372371143,0.979953213716,0.275632730324,0.752014156439,0.107089533783,1.50113374973,3.06093263306,0.275632730324,8863.31717807,1.0,
323.139894959,0.981373162947,0.268648178221,0.749598574526,0.109354759956,1.4913831772,2.81545142441,0.268648178221,8674.00722191,1.0,
385.865016029,0.977424774055,0.253720343651,0.738495841031,0.110934887068,1.55100108456,3.25655366846,0.253720343651,8546.5776062,1.0,
327.700793488,0.981217718691,0.269499295486,0.751514097357,0.111472524103,1.51704953725,2.83600482004,0.269499295486,8723.65738789,1.0,
348.315485528,0.980832126249,0.269542474506,0.753802075574,0.111026631878,1.49853673615,2.90848737012,0.269542474506,9086.27384832,1.0,
313.621080872,0.982605848396,0.264282732226,0.755574685622,0.112641695362,1.4973893784,2.70377191188,0.264282732226,9015.13014276,1.0,
318.821340063,0.98271107819,0.265441895332,0.762821279564,0.116191729469,1.44041092888,2.66782620558,0.265441895332,9220.73386199,1.0,
286.24939181,0.984957941268,0.249747069442,0.754466165011,0.117505948354,1.51430015294,2.48148148148,0.249747069442,9513.07693799,2.0,
305.693881727,0.983724469623,0.246116530063,0.761363064767,0.120887148309,1.48899491386,2.5878180206,0.246116530063,9389.56050605,2.0,
328.396130323,0.981623621306,0.248187143203,0.751974935144,0.118399888387,1.4716011384,2.81852079212,0.248187143203,8935.40620754,2.0,
309.772366596,0.98336421741,0.247827244285,0.753968401831,0.118453335294,1.52092014571,2.70049791965,0.247827244285,9311.47119032,2.0,
346.553327422,0.981702349599,0.238239251068,0.757018362488,0.12308808174,1.49328386871,2.72975922516,0.238239251068,9469.93129031,2.0,
333.357319874,0.981716872775,0.229544704307,0.74437666979,0.120879505308,1.56355561912,2.86335629675,0.229544704307,9116.94697467,2.0,
357.806015961,0.980447599897,0.235616207,0.744526409845,0.122210775049,1.56563714649,2.97137530409,0.235616207,9149.92568864,2.0,
403.658163381,0.978307256436,0.23508834464,0.750395457078,0.122229996974,1.5058684932,3.18293431553,0.23508834464,9303.24546553,2.0,
431.152672624,0.977610247335,0.23111539196,0.747243659218,0.122034492767,1.56922195789,3.30141190915,0.23111539196,9628.5364009,2.0,
423.813973581,0.977176329764,0.228764003014,0.743196630797,0.121869709918,1.58251900579,3.34129095332,0.228764003014,9285.60869602,2.0,
359.001273219,0.980122743373,0.252289656722,0.757564890137,0.116610417004,1.49929768922,2.91255712434,0.252289656722,9031.68742396,2.0,
357.419002797,0.980136964101,0.244958674785,0.748566611429,0.117270338501,1.5535899609,2.99447513812,0.244958674785,8996.64520843,2.0,
290.58026965,0.983706398422,0.24174981656,0.751715041184,0.120137197257,1.50012780621,2.56158061069,0.24174981656,8917.89991754,2.0,
366.959097833,0.979436584623,0.244520685578,0.745975829927,0.115581434573,1.53865890107,3.10961053134,0.244520685578,8923.60273807,2.0,
305.285223836,0.983962338122,0.256392999395,0.759280467737,0.118462445958,1.47689887496,2.5791783189,0.256392999395,9518.43317646,2.0,
286.462269513,0.984641583568,0.255907213964,0.761576558359,0.116727855205,1.44449438125,2.44699088284,0.255907213964,9320.67391924,2.0,
348.741127254,0.981280843207,0.246825567519,0.755789223384,0.120581999449,1.48750698036,2.82679671691,0.246825567519,9314.81380868,2.0,
478.77309415,0.97415539829,0.241629613156,0.746749876466,0.117976731952,1.52252989544,3.62933406089,0.241629613156,9263.0178786,2.0,
372.776027101,0.980345083287,0.244182523495,0.759016211366,0.121380811901,1.49640237652,2.94145465293,0.244182523495,9483.01367272,2.0,
320.770866016,0.982117487355,0.235184030135,0.748166133208,0.121161323244,1.51902043747,2.73312416161,0.235184030135,8965.44464609,2.0,
437.253916286,0.975086733314,0.223648194248,0.726583292278,0.116479327517,1.63020927553,3.69404087943,0.223648194248,8775.4880096,2.0,
367.590046154,0.980223353792,0.249492029428,0.754942460822,0.117636688271,1.52615949404,2.98021963031,0.249492029428,9294.11108453,2.0,
355.210967874,0.980514274848,0.232628108172,0.745897961027,0.121698673885,1.53756702599,2.9426369279,0.232628108172,9114.64585219,2.0,
363.146806721,0.98104962771,0.243085835309,0.757046985971,0.122409109745,1.44347345976,2.87688425073,0.243085835309,9582.35246118,2.0,
356.431575836,0.980639859544,0.236627634068,0.74895161809,0.121053141148,1.49886168017,2.95132210172,0.236627634068,9205.4205253,2.0,
391.432098765,0.979177039152,0.233768093238,0.749034145437,0.12230126706,1.54638232079,3.13325603074,0.233768093238,9400.05137795,2.0,
353.433508401,0.980788525966,0.242594559065,0.752187236665,0.120103681697,1.53092779955,2.90848737012,0.242594559065,9199.82975043,2.0,
288.54393743,0.9841886483,0.244176826945,0.752759041873,0.117805233404,1.52505477094,2.53384262101,0.244176826945,9123.59713218,2.0,
360.147352386,0.980088970018,0.234921270314,0.750337085981,0.120651360867,1.53721242371,2.99026896756,0.234921270314,9043.72224773,2.0,
399.425050588,0.977994444167,0.238679730836,0.753013907039,0.121452847054,1.5286294127,3.13730304891,0.238679730836,9075.55013886,2.0,
331.711365755,0.982638627939,0.23992525922,0.757818867205,0.121339884196,1.5052210327,2.68383238979,0.23992525922,9553.06905513,2.0,
372.769661005,0.980163180713,0.235225638727,0.751418228037,0.122879814135,1.55894626471,3.01266398381,0.235225638727,9395.90303274,2.0,
412.792647159,0.977379753979,0.246450543279,0.755175174661,0.12009170233,1.48002756232,3.24095673328,0.246450543279,9124.31818093,2.0,
407.516767842,0.978278747138,0.234955753567,0.752016945684,0.121992125221,1.54533103473,3.20369233568,0.234955753567,9380.59996888,2.0,
370.628538299,0.980148074179,0.240995783597,0.759194201952,0.122811187751,1.50263540368,2.92638064707,0.240995783597,9334.91721117,2.0,
352.57167542,0.980231542623,0.243362687629,0.752126993556,0.120864263082,1.49153486734,2.91799104199,0.243362687629,8918.66548807,2.0,
447.08528295,0.975662646701,0.227938065326,0.746307861312,0.121717818504,1.53558321881,3.53441102244,0.227938065326,9186.05663323,2.0,
344.68394607,0.981018060962,0.241768625513,0.752138428677,0.121214132681,1.44548401729,2.87829388627,0.241768625513,9078.34187681,2.0,
321.333378805,0.983019306856,0.252788814055,0.769855223569,0.121791920153,1.41907751436,2.58127003615,0.252788814055,9461.32767174,2.0,
322.392538026,0.982424140285,0.241987314095,0.752708882434,0.120451193808,1.49272339985,2.7062501421,0.241987314095,9172.79714135,2.0,
334.246276971,0.981318681362,0.247087832122,0.754269801537,0.118883032217,1.47036888042,2.81758861378,0.247087832122,8945.05441415,2.0,
377.078302981,0.980069637706,0.248659313776,0.758289487624,0.119887222387,1.48322450153,3.03628674715,0.248659313776,9460.39103883,2.0,
362.603005707,0.979781659645,0.239239495943,0.749743605227,0.119872726836,1.51701893949,2.99224700452,0.239239495943,8968.78723499,2.0,
344.395152673,0.980671860333,0.227447280165,0.73475014676,0.120393187371,1.55475473095,3.00547938976,0.227447280165,8910.92462154,2.0,
393.084214356,0.97793088456,0.23200866266,0.748899294683,0.12450909915,1.48597253551,3.15355932974,0.23200866266,8906.77871018,2.0,
425.384512198,0.977434504108,0.226230109433,0.750548828129,0.125093520276,1.52607261334,3.24072937271,0.226230109433,9426.91624648,2.0,
354.038196576,0.98155604114,0.253337871509,0.759186708704,0.118583853919,1.50383648756,2.86806266057,0.253337871509,9597.76552695,2.0,
390.338903667,0.978300239796,0.233302169226,0.746777244936,0.121120896768,1.53009315466,3.20150967419,0.233302169226,8992.03641767,2.0,
327.078416661,0.982227411515,0.236191377604,0.751314326702,0.121110722083,1.5230681843,2.7725712207,0.236191377604,9201.766443,2.0,
415.933838074,0.977123050546,0.241158083574,0.746266627245,0.116984797573,1.52427138938,3.35215878862,0.241158083574,9090.67528662,2.0,
412.735147671,0.97877580691,0.257205542438,0.76535055995,0.116626165419,1.46492940451,3.11802287247,0.257205542438,9723.22353822,3.0,
498.655457791,0.973056030437,0.242337069846,0.756381386267,0.118161618249,1.48990045267,3.78262055794,0.242337069846,9253.83794122,3.0,
363.291817293,0.980329534807,0.269531418444,0.772301976912,0.113803084472,1.42432270044,2.88184071118,0.269531418444,9234.56287661,3.0,
500.384080213,0.972650178237,0.25221122526,0.762227925757,0.115680485836,1.45490733769,3.72159698065,0.25221122526,9148.38648176,3.0,
367.49037128,0.980530044616,0.25718985263,0.768447708196,0.118243219045,1.44873333567,2.89336789214,0.25718985263,9437.7013928,3.0,
400.364049746,0.978538962412,0.258807621077,0.767930954858,0.117050540251,1.42492476942,3.12116044836,0.258807621077,9327.69555307,3.0,
377.978446218,0.979782809302,0.269402727078,0.775431154804,0.115050269332,1.39864191822,2.91603574108,0.269402727078,9347.94680098,3.0,
341.643384944,0.9817587308,0.256475603503,0.763879430221,0.115776548706,1.45077586849,2.7378987336,0.256475603503,9364.60724028,3.0,
431.160243731,0.977424247136,0.26066713621,0.77786536392,0.120785478319,1.353349412,3.11299820385,0.26066713621,9549.18646111,3.0,
354.547620672,0.981679194156,0.257613583921,0.776749272265,0.12077067225,1.39085757682,2.7418775436,0.257613583921,9676.09240797,3.0,
408.620421526,0.97882379763,0.274595099127,0.774670701401,0.114482448515,1.40005307317,3.0730509515,0.274595099127,9648.10437659,3.0,
401.49510038,0.979112705032,0.251715165362,0.762870559597,0.119196529874,1.4478170628,3.06966327899,0.251715165362,9610.59673645,3.0,
353.125434827,0.980869004219,0.256135613561,0.762943621815,0.116150365214,1.46082899877,2.85332969556,0.256135613561,9229.66942546,3.0,
372.297910556,0.979913578453,0.252177824456,0.76316674311,0.117898566759,1.44556513737,2.96248550576,0.252177824456,9268.2971529,3.0,
204.650683219,0.989503586594,0.274266301717,0.778678981503,0.116933033753,1.36233882643,1.89566423391,0.274266301717,9738.54122745,3.0,
263.309801514,0.985864492726,0.271252155906,0.770558806716,0.113467144715,1.40792565298,2.29004388059,0.271252155906,9308.22115305,3.0,
434.911124753,0.976990262136,0.256808266503,0.755137461078,0.115766858203,1.4620496857,3.32160152786,0.256808266503,9450.63258426,3.0,
365.791510356,0.980177573126,0.263628043577,0.759439480642,0.114632929976,1.45601455619,2.96673714844,0.263628043577,9226.70853257,3.0,
494.861560148,0.974358233845,0.266342566377,0.766197725161,0.112986495271,1.46139932324,3.58697678649,0.266342566377,9649.52174423,3.0,
419.848941637,0.977973318862,0.257983505045,0.760259103425,0.116931975556,1.46357614181,3.16840597504,0.257983505045,9531.15664581,3.0,
414.798012869,0.978015288118,0.261346060526,0.759765516077,0.115207925935,1.46302201891,3.24041106791,0.261346060526,9433.84695517,3.0,
348.841779779,0.9806863104,0.256790011697,0.747499456501,0.112078455816,1.52965552759,2.96682809267,0.256790011697,9030.94610621,3.0,
351.125730396,0.98067753178,0.257023287995,0.759861145388,0.115973741573,1.4670847313,2.85198826819,0.257023287995,9086.47179847,3.0,
415.951935975,0.976915003584,0.259457882753,0.752019818532,0.112527007403,1.48434935898,3.34051792738,0.259457882753,9009.01985695,3.0,
380.392015097,0.979483260393,0.249943379164,0.752782484555,0.115934638233,1.48198671463,3.10670031603,0.249943379164,9270.28422599,3.0,
366.822067617,0.980285425168,0.27354250906,0.776993799107,0.113548136244,1.39106041151,2.86340176887,0.27354250906,9303.59967458,3.0,
382.231998727,0.979684538564,0.253877893056,0.764745294536,0.117311615981,1.43693821454,3.01680194621,0.253877893056,9407.41611824,3.0,
372.136825592,0.979993083213,0.269237800072,0.769044997018,0.113540756383,1.4071831283,2.94472864516,0.269237800072,9300.21344789,3.0,
352.582952504,0.980981999749,0.266546423253,0.767342305387,0.113889051992,1.46157990723,2.84541754769,0.266546423253,9268.938432,3.0,
390.665848169,0.979350734262,0.259600041135,0.772383288723,0.119730464183,1.40529511421,2.99547552463,0.259600041135,9459.39730467,3.0,
366.779937703,0.979401416207,0.254521968134,0.752365949058,0.11381406832,1.49133564347,3.04140236,0.254521968134,8903.03773753,3.0,
347.997271673,0.980926087122,0.26507868187,0.76264395036,0.114298057872,1.45936434702,2.8822044881,0.26507868187,9122.44890937,3.0,
412.353454744,0.97839922483,0.255153565596,0.761994094761,0.117814774716,1.48947186559,3.12984562217,0.255153565596,9544.87631788,3.0,
363.090284883,0.980609979259,0.255711472863,0.75574081385,0.114390203911,1.50051857189,2.976513653,0.255711472863,9362.86550307,3.0,
424.079894505,0.97739043872,0.252066303379,0.756079093061,0.115436333591,1.52598157077,3.31591751358,0.252066303379,9378.66520097,3.0,
311.629493213,0.982895875933,0.269953677523,0.763234979246,0.11242395902,1.43999883755,2.63197144351,0.269953677523,9106.47454347,3.0,
376.033422004,0.978801630569,0.264350680382,0.751054877426,0.111065019,1.49768572763,3.17449923834,0.264350680382,8869.39496037,3.0,
403.885955938,0.978489095069,0.265269684807,0.758313079404,0.112661076733,1.44281611771,3.17786417479,0.265269684807,9387.80539795,3.0,
371.806379738,0.980672699327,0.271165441184,0.763576175521,0.113641590431,1.43048314316,2.94272787213,0.271165441184,9619.25983493,3.0,
388.984425801,0.979424768128,0.259441115667,0.755819987921,0.116010653831,1.50391672108,3.14353272855,0.259441115667,9453.36193916,3.0,
343.463861037,0.98093353941,0.24925841816,0.750846059052,0.116568034955,1.52952107519,2.85498942773,0.24925841816,9007.9056321,3.0,
376.120796671,0.979654718603,0.256728635767,0.760530794441,0.116367071084,1.45875817201,3.00577495851,0.256728635767,9243.87715986,3.0,
391.995452789,0.978447938088,0.26017772401,0.752340736617,0.112416664511,1.48832899475,3.23570470409,0.26017772401,9094.15197449,3.0,
422.066161926,0.976479724513,0.260628089515,0.756956685994,0.11198326866,1.47832753791,3.39381124525,0.260628089515,8972.38984629,3.0,
338.825637178,0.982380544424,0.264325508042,0.755312564504,0.111574680434,1.50017346999,2.81504217539,0.264325508042,9615.25441955,3.0,
336.164268013,0.982166639188,0.253939594651,0.761056992076,0.117505176897,1.44463590902,2.71980083214,0.253939594651,9424.99282161,3.0,
364.01764318,0.980085969805,0.267743520624,0.764892186244,0.111557960401,1.44723470047,3.01943932883,0.267743520624,9139.92952329,3.0,
348.001409636,0.981620381361,0.252196124751,0.753806555081,0.117567139277,1.49104673251,2.888934361,0.252196124751,9465.84311053,3.0,
408.497533138,0.977884890901,0.270050933446,0.758854009786,0.109127082534,1.49365747076,3.30734602005,0.270050933446,9235.50855132,3.0,
345.019939522,0.981417704025,0.262682164051,0.755826792496,0.113435799793,1.48075798975,2.91462610554,0.262682164051,9283.52515168,3.0,
457.555419139,0.975389054996,0.223164201524,0.728688259994,0.120317522478,1.61220314007,3.62285428461,0.223164201524,9297.38905254,4.0,
424.46402019,0.976166552893,0.21634124224,0.73353670362,0.123226602461,1.59329489376,3.4692267467,0.21634124224,8905.37143155,4.0,
316.156128504,0.98258850603,0.241760432199,0.750054020687,0.119780356915,1.4648798562,2.719346111,0.241760432199,9079.47189726,4.0,
434.83600482,0.975656932395,0.225093748035,0.735888507627,0.120980488319,1.57713570719,3.49530500421,0.225093748035,8932.0499214,4.0,
359.111111111,0.98098322499,0.233499199546,0.753916661959,0.123748682783,1.47666846927,2.84569038037,0.233499199546,9440.40438276,4.0,
372.459768547,0.979665963811,0.233356287483,0.742230463124,0.12018950574,1.53912216252,3.10847372849,0.233356287483,9158.62461951,4.0,
469.208967101,0.97422552062,0.222166350028,0.737071076965,0.122223017631,1.57680615691,3.69133528863,0.222166350028,9103.11872032,4.0,
461.479708069,0.974238470742,0.230117040077,0.737153008205,0.120420038707,1.5256320043,3.59075097197,0.230117040077,8956.76074687,4.0,
514.737785053,0.973169768448,0.228670069906,0.747203294774,0.124041687441,1.48685894097,3.78182479594,0.228670069906,9594.26682534,4.0,
431.464293022,0.976226077141,0.216935369638,0.732697980886,0.125562538845,1.57457145916,3.48880249187,0.216935369638,9074.4784468,4.0,
324.846508878,0.98289760544,0.249824483589,0.760630148684,0.120046811435,1.42403680105,2.67544278471,0.249824483589,9495.02841128,4.0,
305.829866085,0.983056260641,0.227660005462,0.72859235614,0.119230226292,1.59362189869,2.78109724212,0.227660005462,9025.85017916,4.0,
347.052247459,0.979981442922,0.233293021663,0.729178102735,0.116805943386,1.57900583369,3.08348680172,0.233293021663,8669.23076769,4.0,
383.749425915,0.97792180341,0.229764362647,0.725683814177,0.117357410783,1.60688717864,3.33831252984,0.229764362647,8691.61359182,4.0,
410.008639702,0.977105447643,0.225898371735,0.721385049354,0.117046124187,1.59564405422,3.45083327649,0.225898371735,8954.28382505,4.0,
434.271218425,0.976583866666,0.230894882756,0.725294179833,0.115579613874,1.62303914851,3.56881067685,0.230894882756,9274.67588661,4.0,
404.512061478,0.977506431605,0.224385540765,0.720850987453,0.118318443219,1.63817839369,3.41159084192,0.224385540765,8991.66833454,4.0,
331.417274856,0.981445617971,0.235777820496,0.731295817882,0.115511803376,1.61285123204,2.95127662961,0.235777820496,8932.92610903,4.0,
447.092808585,0.974275559532,0.21872682289,0.714768941273,0.117340194773,1.62777767416,3.72268831139,0.21872682289,8692.1156704,4.0,
385.261123616,0.977043424937,0.22024804464,0.713334385393,0.11636270479,1.64180416306,3.42955232704,0.22024804464,8389.92014728,4.0,
220.754655208,0.987507761198,0.257712352376,0.74636975176,0.112842754867,1.50307686463,2.2074437851,0.257712352376,8834.28146875,4.0,
381.317509038,0.978926920619,0.226053761414,0.73391497777,0.121761853225,1.57974627654,3.21806152377,0.226053761414,9048.03712196,4.0,
350.305959121,0.980502474101,0.228098409246,0.733805301864,0.12005910965,1.58495703312,3.00745742673,0.228098409246,8982.52099087,4.0,
363.040015461,0.978802395319,0.232237356906,0.721409026501,0.113108711005,1.61489969308,3.27697064775,0.232237356906,8563.75763534,4.0,
436.603551372,0.974414273395,0.217857338129,0.713243577495,0.116625929267,1.64727275855,3.7736852875,0.217857338129,8532.17026246,4.0,
403.162903849,0.977875398839,0.220188254646,0.738690728516,0.124425972131,1.48915817368,3.28108587409,0.220188254646,9111.68594463,4.0,
430.17593161,0.977231284631,0.221180831406,0.749733571353,0.127274827167,1.52867606911,3.30905122434,0.221180831406,9447.76164137,4.0,
428.439533456,0.976144854952,0.218446744938,0.739552734319,0.122462849802,1.56446552435,3.46292885888,0.218446744938,8980.14603566,4.0,
489.615942523,0.973216576698,0.220106848778,0.740098450829,0.123814447899,1.54989146683,3.73417002024,0.220106848778,9140.27936224,4.0,
388.732919537,0.979553999004,0.236521542806,0.758051106747,0.122618287847,1.47392877562,3.07427869859,0.236521542806,9506.97187853,4.0,
436.611031535,0.976777806535,0.221445133741,0.745425578918,0.126923444933,1.50677180659,3.32558033786,0.221445133741,9401.64029368,4.0,
242.020735284,0.987425858203,0.244762499464,0.768410124731,0.124542043752,1.42716303144,2.11877316236,0.244762499464,9625.28050836,4.0,
412.945228838,0.977112956257,0.229968176101,0.743436054376,0.120642434381,1.53591714571,3.325239297,0.229968176101,9021.37544452,4.0,
402.374258236,0.97863492274,0.228200934736,0.750812522914,0.122570566629,1.50785359368,3.18643566833,0.228200934736,9416.74187732,4.0,
398.111088375,0.979403843491,0.241873071908,0.758312297722,0.121784051793,1.47695848998,3.10319896324,0.241873071908,9665.50798458,4.0,
388.671532183,0.978886566305,0.230408801642,0.752291833458,0.123607299921,1.5365739427,3.12434349635,0.230408801642,9204.05953896,4.0,
292.44660437,0.983788815727,0.231009323443,0.750081073213,0.122594507883,1.5203124428,2.6314485142,0.231009323443,9021.62314937,4.0,
353.591001069,0.981181763391,0.238784064541,0.753195706499,0.12022806878,1.51227874332,2.88436441352,0.238784064541,9396.01410007,4.0,
323.403337653,0.982103367304,0.222341527721,0.735099214453,0.120749692156,1.58382955309,2.87545187914,0.222341527721,9036.72949303,4.0,
583.527658413,0.969029190693,0.227880220016,0.751182000042,0.125096274657,1.49689846301,4.17290771434,0.227880220016,9420.69997365,4.0,
370.954937135,0.980466523272,0.230776488602,0.754148598097,0.123947661723,1.49129848088,2.97526316986,0.230776488602,9494.00450647,4.0,
391.322670123,0.979524834451,0.225020702965,0.755688752215,0.126328698525,1.51644168815,3.0357865539,0.225020702965,9556.03419387,4.0,
440.132960462,0.976607686293,0.224697203036,0.757370517132,0.126902421054,1.50266049047,3.32764931906,0.224697203036,9409.27649155,4.0,
373.650251233,0.979383914539,0.236055204218,0.748380632395,0.118086893618,1.48264263863,3.1230475411,0.236055204218,9063.29759875,4.0,
356.011913694,0.981533521028,0.237372979533,0.757016346435,0.123395664864,1.48960127157,2.87215515085,0.237372979533,9640.29579722,4.0,
273.252165609,0.985395686231,0.232722006128,0.759533899302,0.126289768183,1.47050249647,2.36000272833,0.232722006128,9353.56536837,4.0,
385.200190983,0.9794552124,0.240137405557,0.758288155822,0.121912963699,1.48072519312,3.04699543005,0.240137405557,9373.43178581,4.0,
405.661892095,0.977821484922,0.227914262846,0.745597001826,0.121963064481,1.51378938465,3.27496987472,0.227914262846,9146.89744754,4.0,
417.762521883,0.97717217492,0.219014869809,0.741843016001,0.123363905087,1.57507733036,3.4129777414,0.219014869809,9150.38939976,4.0,
314.819657595,0.98312794024,0.23144861531,0.760891805253,0.124799801903,1.48230783682,2.57033399268,0.23144861531,9330.93970412,4.0,
448.660095946,0.974998250061,0.207322794413,0.723508247818,0.124540719665,1.66380064853,3.62656026192,0.207322794413,8974.24218049,5.0,
396.344042016,0.977684282473,0.204981713018,0.733237755314,0.12876706659,1.58113563476,3.27635677421,0.204981713018,8881.70703467,5.0,
456.488916172,0.975595702648,0.211700594994,0.745307789568,0.128615325329,1.53390830596,3.47779824023,0.211700594994,9352.32385271,5.0,
440.910533615,0.974770249217,0.197763389399,0.719569551911,0.127086904043,1.65449309501,3.65559420685,0.197763389399,8737.90901472,5.0,
396.262192211,0.978475580163,0.205321793939,0.738500267721,0.130889468073,1.5837749813,3.21824341223,0.205321793939,9208.08886602,5.0,
387.631084737,0.977756582809,0.20742388491,0.714488527618,0.120437730124,1.66155373184,3.39553918559,0.20742388491,8712.68556448,5.0,
358.890775982,0.97969165258,0.215573946965,0.716863832069,0.118842531809,1.64020451667,3.20589773322,0.215573946965,8837.31884072,5.0,
373.858536253,0.97961282055,0.221216630758,0.726549833377,0.119157803151,1.62746078879,3.27544733192,0.221216630758,9171.34789124,5.0,
314.364754564,0.981556902806,0.215012999126,0.706419511615,0.114811994913,1.66502350053,3.06793533865,0.215012999126,8524.33154989,5.0,
388.957529045,0.979089803163,0.220387412643,0.730490920959,0.123477243218,1.59152592747,3.18625377987,0.220387412643,9302.03618287,5.0,
416.199758998,0.976617426275,0.207947316161,0.71391957354,0.12214859319,1.64457985331,3.5886137826,0.207947316161,8899.2177352,5.0,
234.672555305,0.987615608166,0.227917379924,0.733422904321,0.122590199765,1.53968273507,2.31869131255,0.227917379924,9475.31811904,5.0,
322.144055658,0.981714022265,0.218490209302,0.721674460135,0.120078610059,1.63188335403,2.93840802128,0.218490209302,8810.20437002,5.0,
387.940818043,0.978167434077,0.212211769875,0.717986809457,0.120159964218,1.62267225241,3.34035877498,0.212211769875,8885.63552439,5.0,
455.87740718,0.973885176344,0.211630679409,0.704756467012,0.116920661119,1.66658670186,3.87463338108,0.211630679409,8729.22367499,5.0,
357.892299297,0.979660641459,0.217467017981,0.716554205003,0.117438496229,1.67231259931,3.26801264125,0.217467017981,8800.20549442,5.0,
330.117840984,0.981359217133,0.205363324992,0.710431761686,0.12043881249,1.68325444864,3.15865220653,0.205363324992,8857.36273635,5.0,
355.179546643,0.980529284776,0.215416588823,0.725848366819,0.123222002761,1.60754196037,3.03881044949,0.215416588823,9122.18417643,5.0,
364.55748812,0.979465968979,0.20871275463,0.715727774339,0.120964381063,1.68621808533,3.27662960689,0.20871275463,8879.74068652,5.0,
432.975717891,0.976457621687,0.215003292247,0.728038113945,0.123527064209,1.63455091499,3.50101175454,0.215003292247,9196.4368902,5.0,
337.181933929,0.981166013841,0.210926795728,0.723636399427,0.121377870391,1.65976591054,3.00541118159,0.210926795728,8954.16987847,5.0,
445.141986677,0.974422922557,0.210665454358,0.714720219762,0.120080236287,1.65638113327,3.75972534843,0.210665454358,8701.71422125,5.0,
399.269240388,0.978429249654,0.216262340373,0.728300256835,0.122704563521,1.59334500134,3.26578450765,0.216262340373,9257.81013056,5.0,
416.193915831,0.97615100926,0.204593903074,0.712656963105,0.121379114363,1.69839472201,3.61382806994,0.204593903074,8727.48663082,5.0,
416.219857672,0.976758468672,0.203696781258,0.719096244832,0.125544846854,1.67564905319,3.45224291203,0.203696781258,8954.22620401,5.0,
328.664552213,0.980947041446,0.205454750997,0.705997949297,0.116963468608,1.72966502096,3.13618898211,0.205454750997,8627.26455517,5.0,
371.046949958,0.977865547242,0.213659541284,0.71031138821,0.115974776644,1.65477981076,3.38089716481,0.213659541284,8381.66079865,5.0,
267.172111952,0.98562438441,0.25484251847,0.744757243812,0.113272604946,1.54596812744,2.51044721824,0.25484251847,9284.86232564,5.0,
382.68383239,0.977820562452,0.208411397841,0.715175956338,0.12018692524,1.6814836543,3.43989723302,0.208411397841,8627.15250316,5.0,
355.079598936,0.979482053027,0.215850392979,0.719385847535,0.118571602238,1.63887116542,3.21137712298,0.215850392979,8654.91619679,5.0,
254.682240866,0.98606024488,0.236856163931,0.740141980569,0.118176300288,1.58031845824,2.47279630766,0.236856163931,9134.56655989,5.0,
385.418388923,0.977605347815,0.204681904947,0.712199831718,0.121164972116,1.69267639299,3.41629720574,0.204681904947,8605.29779822,5.0,
415.484232544,0.974172612456,0.202706986606,0.692280087174,0.11489876507,1.72878065376,3.7904872337,0.202706986606,8043.54758022,5.0,
353.164881886,0.979435469141,0.213082201649,0.718391945739,0.12071883565,1.62361634729,3.23736443626,0.213082201649,8585.07992922,5.0,
355.182047609,0.978536268988,0.202291390733,0.700645183806,0.117556422642,1.70819099228,3.42009412728,0.202291390733,8273.07749887,5.0,
389.9218107,0.97828912792,0.197651689466,0.723804818531,0.127321220602,1.65079757755,3.21785689926,0.197651689466,8978.74502361,5.0,
272.272991838,0.984613683439,0.244486877434,0.740376742638,0.114302974991,1.53304483091,2.59170588637,0.244486877434,8842.98277796,5.0,
354.772662165,0.98020010991,0.223979395375,0.731072035298,0.118739249549,1.63397047959,3.09405906828,0.223979395375,8960.96583288,5.0,
357.62801537,0.979071574088,0.204653233002,0.714034118418,0.122570166884,1.64525535281,3.26205579428,0.204653233002,8545.03756569,5.0,
304.152786304,0.983281220837,0.228322546252,0.737679079409,0.120178197083,1.55734836851,2.74678853193,0.228322546252,9097.95462755,5.0,
279.61059955,0.984371687951,0.245576385486,0.746659534715,0.117287201522,1.48520696061,2.54700679808,0.245576385486,8937.61456034,5.0,
313.352909079,0.982296699907,0.227227342684,0.732702067443,0.117708709118,1.59362545063,2.84307573381,0.227227342684,8849.93871546,5.0,
290.953914012,0.98358788668,0.222082385365,0.730561767157,0.121373247245,1.58794308415,2.70763704158,0.222082385365,8864.50860174,5.0,
365.113930382,0.979794903164,0.21613992038,0.705724687333,0.114822760616,1.70398005347,3.24766387013,0.21613992038,9035.55967228,5.0,
381.389377714,0.977889920964,0.218920493177,0.715549485675,0.117299144998,1.6656092767,3.42084441716,0.218920493177,8624.43765014,5.0,
319.938089716,0.981861371912,0.222492083087,0.722558759223,0.118899099113,1.62619092898,2.92192437987,0.222492083087,8820.60962726,5.0,
412.617079326,0.976619154739,0.20696512449,0.720367074602,0.122276858751,1.61831464642,3.45376622786,0.20696512449,8823.209922,5.0,
411.789964304,0.978071923597,0.213010401343,0.737043342879,0.126809522173,1.56773286614,3.3178728145,0.213010401343,9390.44339268,5.0,
306.69126708,0.983322001985,0.232379369514,0.747528723175,0.121377698692,1.51352537471,2.68249096242,0.232379369514,9195.85879044,5.0,
344.275538276,0.979653156467,0.202520763189,0.708048826684,0.120433399992,1.6683797675,3.25750858286,0.202520763189,8463.18595816,5.0,
382.590273515,0.977244369871,0.276871115792,0.709185513352,0.0863769056648,1.70223717136,3.69902007594,0.276871115792,8406.49701527,6.0,
388.557033399,0.979062038339,0.288439040519,0.754848422464,0.102665599032,1.46543903723,3.17108882978,0.288439040519,9278.76933987,6.0,
399.156560489,0.978627601761,0.289591023491,0.759641585039,0.104519631016,1.45483154336,3.20257826888,0.289591023491,9337.59558008,6.0,
402.289520951,0.978157398267,0.283219970157,0.74401520086,0.101507361152,1.49220278208,3.33406088716,0.283219970157,9208.82791039,6.0,
405.877634541,0.977274100076,0.291214341681,0.749784574058,0.100186939368,1.47992113738,3.40531569015,0.291214341681,8929.86231069,6.0,
381.668690176,0.97903931783,0.283198802978,0.747734369335,0.100253597239,1.49371340178,3.23806925403,0.283198802978,9104.39572229,6.0,
394.93408817,0.978580435978,0.290144254625,0.758574373233,0.103611364379,1.42994773744,3.20678443944,0.290144254625,9219.1048577,6.0,
326.373053225,0.983071455934,0.301469188937,0.76286813663,0.103736840401,1.38624706983,2.67580656163,0.301469188937,9639.9110372,6.0,
401.024486734,0.978029041139,0.30025915285,0.760454771376,0.101635506553,1.39506565195,3.22824727736,0.30025915285,9126.23998968,6.0,
479.894459223,0.974186601699,0.293755524985,0.759216099817,0.102822354223,1.44241538426,3.75631493986,0.293755524985,9295.45295863,6.0,
414.412613964,0.97707537185,0.289305037049,0.763086625731,0.10585159025,1.42259703856,3.29522770161,0.289305037049,9038.66070092,6.0,
429.697110247,0.976747529198,0.275314269412,0.751480145331,0.106290531619,1.48039551218,3.4211399859,0.275314269412,9239.97128213,6.0,
408.51574472,0.977026550014,0.276531732724,0.749701590461,0.106331072701,1.48504463067,3.38426210127,0.276531732724,8891.0404178,6.0,
338.212923175,0.981292887461,0.297586315147,0.770985934754,0.105512371525,1.37643313903,2.75422322261,0.297586315147,9039.84667485,6.0,
352.297069322,0.98154525826,0.288692427396,0.765407291444,0.108358504351,1.40039890579,2.82386376555,0.288692427396,9544.89296794,6.0,
397.337221199,0.978243591629,0.284625250061,0.758135269963,0.105917523314,1.45609891892,3.20162335448,0.284625250061,9131.60379263,6.0,
595.081144988,0.966682883542,0.269771523365,0.740582798872,0.106008702664,1.51903806137,4.47031807744,0.269771523365,8930.56194907,6.0,
454.586817634,0.975772621343,0.286582999145,0.754260542389,0.105459305026,1.45522361916,3.5355478253,0.286582999145,9381.67566678,6.0,
430.983675511,0.976888630469,0.277028731364,0.745940126381,0.105739025173,1.47829686096,3.44840051838,0.277028731364,9324.49585095,6.0,
442.090807812,0.974659515542,0.281039766152,0.750607717275,0.103652734793,1.4921125995,3.61530591365,0.281039766152,8722.97796777,6.0,
442.609189914,0.976003891682,0.286175479759,0.755801738498,0.104978508154,1.44180899844,3.48675624673,0.286175479759,9222.25300535,6.0,
468.735488712,0.975214187504,0.282160410863,0.75550391636,0.107127656592,1.45196191253,3.57904190255,0.282160410863,9455.71034121,6.0,
360.209808335,0.979947056646,0.286978752209,0.755443609865,0.104467971664,1.48289797553,3.0896482732,0.286978752209,8981.46975181,6.0,
348.884864607,0.980484323106,0.279475282673,0.753384949992,0.107406996111,1.45545033868,2.95857490394,0.279475282673,8938.83834852,6.0,
431.82343178,0.977065629979,0.285914839344,0.755401679797,0.104512740445,1.4460746066,3.44846872655,0.285914839344,9414.22606047,6.0,
338.779164677,0.981474282251,0.282466553373,0.755741687295,0.106374069926,1.44766336397,2.84869153991,0.282466553373,9143.48283999,6.0,
370.308869336,0.979987223599,0.277902508698,0.755267761806,0.106791767486,1.4652948564,3.08234999886,0.277902508698,9252.08712314,6.0,
317.304799582,0.983040158121,0.293034631261,0.761754949895,0.10415845279,1.42577209169,2.71138849101,0.293034631261,9354.70506476,6.0,
448.014050883,0.975665664534,0.274503902638,0.742033284961,0.103260674922,1.54152049542,3.61171361662,0.274503902638,9205.18577501,6.0,
410.391242071,0.977361021505,0.290373535067,0.754670319491,0.103058915542,1.45945030759,3.39544824137,0.290373535067,9063.8197778,6.0,
358.972307482,0.980603055398,0.277806343494,0.754565984004,0.107921310775,1.48104020146,2.9977718664,0.277806343494,9253.54549245,6.0,
505.71352568,0.973724882795,0.275466098488,0.755015270143,0.107596904813,1.45772502145,3.77518586727,0.275466098488,9623.49412682,6.0,
337.963463156,0.98263632156,0.295670233585,0.766827676035,0.107242495454,1.36652951395,2.68542391378,0.295670233585,9727.2657462,6.0,
410.321578792,0.978155853353,0.29246825154,0.754779359469,0.103942986357,1.4666200725,3.30677761863,0.29246825154,9392.02582308,6.0,
409.899188323,0.977115212223,0.283417723144,0.754179265543,0.104248904673,1.42350024,3.3223745538,0.283417723144,8955.71312064,6.0,
377.327035446,0.979066386978,0.291961528445,0.760441394717,0.105499267348,1.4392512839,3.05493031398,0.291961528445,9012.49925011,6.0,
411.794875293,0.978211190182,0.293803454576,0.761652885908,0.104645427299,1.4252667375,3.25484846418,0.293803454576,9449.68721852,6.0,
362.994020417,0.979872465309,0.283691419099,0.750839979846,0.103399429633,1.49019113858,3.10206216038,0.283691419099,9017.34926793,6.0,
379.575881591,0.979520313037,0.292319760786,0.759706708733,0.10320309201,1.44350985638,3.02939772185,0.292319760786,9267.77279619,6.0,
473.734943046,0.97381481666,0.290655706579,0.748747338339,0.0982592367762,1.50322744447,3.83288998022,0.290655706579,9045.85881427,6.0,
393.486005957,0.977446078112,0.294659854848,0.747891153844,0.0971893298476,1.49436109015,3.40965827706,0.294659854848,8723.28319376,6.0,
427.385990042,0.977081335042,0.289329048368,0.762371129926,0.105465191392,1.42445236055,3.32987745265,0.289329048368,9323.97220397,6.0,
388.834981697,0.978452904285,0.290471143535,0.756582301995,0.104056563175,1.46845907587,3.14978514426,0.290471143535,9022.93719783,6.0,
407.649068958,0.977589027486,0.298187416942,0.762787318805,0.101722086037,1.43378017673,3.2704226633,0.298187416942,9095.08681104,6.0,
416.500011368,0.977325589844,0.27989898088,0.75512376734,0.106787614089,1.4698843446,3.36493645272,0.27989898088,9184.3626471,6.0,
435.72114226,0.976558166229,0.284937986509,0.755716993527,0.105313788346,1.48133436438,3.42189027579,0.284937986509,9293.66255329,6.0,
374.139735807,0.978742918735,0.27723284567,0.752878531727,0.105896305593,1.50379198546,3.15430961963,0.27723284567,8800.35530621,6.0,
308.94118182,0.982790971799,0.282073731293,0.755671272498,0.105621696492,1.48777342923,2.74960780301,0.282073731293,8976.14071779,6.0,
330.428029011,0.982562604601,0.288901220937,0.762884446919,0.108007016672,1.4482017238,2.74064979651,0.288901220937,9474.69565994,6.0,
387.714571539,0.978260853498,0.286481019531,0.755421464071,0.103390497336,1.48646357697,3.28454175477,0.286481019531,8917.42855447,6.0,
377.446740786,0.978709660387,0.279012974057,0.739057258309,0.100399370238,1.48972089232,3.25935020349,0.279012974057,8864.27242717,7.0,
339.603164859,0.981771464213,0.266988217052,0.74755590373,0.110103478841,1.48882995724,2.89939294728,0.266988217052,9315.1520458,7.0,
441.985858172,0.975926404938,0.263051505181,0.755578625942,0.113234600927,1.45299117572,3.41286406111,0.263051505181,9179.88894135,7.0,
358.203760544,0.980248759369,0.265148854886,0.738921233331,0.106961775341,1.52211739996,3.11561285042,0.265148854886,9067.80307244,7.0,
440.403201237,0.975658406273,0.259874753371,0.745616888407,0.111142798789,1.51521632476,3.50298979151,0.259874753371,9046.30991246,7.0,
346.395607394,0.980761720499,0.277216632731,0.747138880795,0.103372490078,1.52236541876,3.10001591524,0.277216632731,9002.76990415,7.0,
285.818748153,0.984369593942,0.274954581401,0.757051202166,0.109751915717,1.4637451934,2.54989427733,0.274954581401,9143.21829254,7.0,
382.081235932,0.979754318253,0.266417783579,0.746982701218,0.108124154408,1.49257117248,3.14041788873,0.266417783579,9436.40058909,7.0,
343.107791647,0.981259677259,0.271400025312,0.756053166492,0.110817978577,1.47236593153,2.88566036878,0.271400025312,9154.54315742,7.0,
351.596480458,0.980994121648,0.269307955512,0.763425426716,0.113580077635,1.4224412339,2.83082099902,0.269307955512,9249.78930943,7.0,
364.46263329,0.9804651532,0.269033685766,0.748145433893,0.108887144844,1.51345488548,3.06545710843,0.269033685766,9328.52550663,7.0,
316.17270309,0.982192711051,0.268308166568,0.757156587598,0.111666310163,1.48725565946,2.73332878612,0.268308166568,8877.62039435,7.0,
379.802378192,0.979892888899,0.272095861453,0.757004490259,0.109734560592,1.48118917287,3.01061773867,0.272095861453,9444.52878166,7.0,
430.752427074,0.976352391409,0.259915607248,0.746770620845,0.112289601866,1.51914550713,3.40708910261,0.259915607248,9107.73758404,7.0,
369.305822704,0.980186347943,0.290696026986,0.763251135988,0.105515569761,1.42380964501,2.95000341041,0.290696026986,9319.35772889,7.0,
358.59231976,0.980357462941,0.271399300578,0.745715357265,0.108075062539,1.51385442665,3.05149716936,0.271399300578,9127.95324451,7.0,
368.878885024,0.979320808995,0.271449520162,0.747203783871,0.108536185604,1.50002871083,3.09305868176,0.271449520162,8919.40344802,7.0,
435.549553236,0.976692622745,0.272323197212,0.749923065528,0.108591008982,1.48697563808,3.36088943455,0.272323197212,9343.59856242,7.0,
372.408385058,0.979503233887,0.265288108131,0.743892035974,0.110055865556,1.53292550135,3.11142941591,0.265288108131,9084.5644384,7.0,
448.025578064,0.975498732763,0.261750833988,0.743665502413,0.10901145325,1.51581820171,3.54830275334,0.261750833988,9143.48869539,7.0,
404.529227201,0.977515609466,0.25499700766,0.734899593705,0.108854688511,1.55359379251,3.37091603574,0.25499700766,8995.80507511,7.0,
364.083896051,0.980152645136,0.266551183128,0.75134443768,0.108800224518,1.48084257799,2.98301616534,0.266551183128,9172.3391242,7.0,
339.839256076,0.981540028419,0.278974828884,0.760814271021,0.10956475765,1.45647035654,2.77284405338,0.278974828884,9204.71962466,7.0,
414.273332879,0.976323080373,0.257682577306,0.739331164929,0.108924863353,1.55568990651,3.47316008458,0.257682577306,8748.46347001,7.0,
359.809972035,0.980445810253,0.274018004516,0.755138018082,0.111271212398,1.45000871384,2.92681263215,0.274018004516,9200.32935869,7.0,
277.715571926,0.984077830957,0.212916344173,0.716263355732,0.122101662781,1.63753507592,2.67239615306,0.212916344173,8722.05263572,7.0,
395.526362458,0.978570157152,0.268213328836,0.751209317436,0.111748165323,1.48264325955,3.17290771434,0.268213328836,9228.40090971,7.0,
424.224768661,0.975856107394,0.267796728054,0.744178574871,0.1052398258,1.4972023692,3.46379282905,0.267796728054,8785.51191625,7.0,
520.914262329,0.971731429112,0.2569549997,0.735412114096,0.108681020463,1.56390316486,4.00823045267,0.2569549997,9213.66460995,7.0,
434.593433827,0.975637845478,0.264900609378,0.739036881654,0.106602470724,1.48372737433,3.61378259782,0.264900609378,8919.63233259,7.0,
434.078030148,0.976012288771,0.25706181983,0.739036789278,0.109885823913,1.55412068088,3.53386535707,0.25706181983,9047.92512314,7.0,
422.55812473,0.975808178351,0.276290465748,0.749319615112,0.104498603758,1.47534673018,3.41591069277,0.276290465748,8733.65075068,7.0,
431.599686242,0.976514341977,0.25584925493,0.732797498997,0.107366775962,1.5265563482,3.58040606598,0.25584925493,9188.47973537,7.0,
409.754291431,0.978796750005,0.270183260886,0.74562661575,0.107361258832,1.49556578004,3.27351476707,0.270183260886,9662.8542851,7.0,
328.81836164,0.981681060089,0.27520835494,0.750246909103,0.105291785278,1.47042388669,2.94427392402,0.27520835494,8974.81959194,7.0,
348.618034241,0.981376168107,0.270406594586,0.756820406366,0.111069618317,1.45911966012,2.86140099584,0.270406594586,9359.46247471,7.0,
363.696314485,0.980030213383,0.266122711605,0.745282240681,0.108715263053,1.5179929417,3.10381283678,0.266122711605,9106.12670008,7.0,
371.450264875,0.979553092664,0.270753326306,0.746701070981,0.108476297353,1.46004446847,3.12445717664,0.270753326306,9083.26439962,7.0,
402.72384785,0.978469131311,0.264391896109,0.743169031169,0.109699857804,1.50017554616,3.28765659459,0.264391896109,9352.91356657,7.0,
405.501011755,0.97757574221,0.269507905444,0.744116164383,0.106259438887,1.50972534145,3.29147625219,0.269507905444,9041.63270138,7.0,
421.984471273,0.976967265928,0.2495078464,0.743340665781,0.11483326348,1.53707412623,3.39665325239,0.2495078464,9160.72850467,7.0,
410.245594889,0.977853716759,0.254684634095,0.745563038344,0.11380482547,1.502051447,3.24998294796,0.254684634095,9262.14611257,7.0,
382.637655458,0.979041518323,0.25561750357,0.744374528854,0.112933576546,1.52109802226,3.1488074938,0.25561750357,9128.48504983,7.0,
446.964122502,0.975746134352,0.264853258746,0.746532962758,0.111267962483,1.49995768366,3.46022326808,0.264853258746,9214.46271629,7.0,
505.779528454,0.970126149124,0.20184922888,0.699834041414,0.11642661573,1.72026418847,4.19246072346,0.20184922888,8465.53410912,7.0,
428.497260305,0.976758150518,0.26335215171,0.759000250467,0.11473012186,1.47929451184,3.29156719642,0.26335215171,9218.37551071,7.0,
390.67189596,0.978405368491,0.276289073144,0.76115780987,0.109761430231,1.42501687354,3.09178546257,0.276289073144,9045.78577179,7.0,
447.262351363,0.975293630884,0.252668829829,0.75096362471,0.114414022586,1.48516356704,3.47784371234,0.252668829829,9051.70699436,7.0,
434.05495305,0.976364757577,0.257701917662,0.753965618302,0.113667272736,1.46320130816,3.36036650524,0.257701917662,9182.51129273,7.0,
377.029374986,0.980094828475,0.267951557382,0.757712200071,0.112807435138,1.44839686804,2.98553986768,0.267951557382,9471.10117381,7.0,
