24.6939234809,0.998640286225,0.00129158321088,0.192633595035,0.0805182363047,1.22230836467,1.62415603901,0.00129158321088,4915.09867265,1.0,
82.152288072,0.995532711065,0.00152570025477,0.186819114232,0.093233987437,1.1319403946,1.61215303826,0.00152570025477,5182.33173924,1.0,
65.5431357839,0.996610019586,0.00138838160403,0.201144016906,0.0862981783367,1.18728159159,1.41110277569,0.00138838160403,5294.9292738,1.0,
56.976744186,0.996899712255,0.00142552517349,0.191902628502,0.0869870978712,1.15084264228,1.35633908477,0.00142552517349,5158.5935709,1.0,
9.13803450863,0.999520094669,0.00148911946666,0.194795064653,0.083275507993,1.14931341176,1.17404351088,0.00148911946666,5288.68276846,1.0,
40.0592648162,0.997839433579,0.00151163072088,0.200464233679,0.0869957805623,1.17320534979,1.39309827457,0.00151163072088,5102.68418084,1.0,
15.9624906227,0.999129608219,0.00150825403275,0.193499128195,0.0852933600037,1.13931987312,1.21230307577,0.00150825403275,5154.41336894,1.0,
28.4943735934,0.9984756478,0.00186449463078,0.19923726125,0.0989164697854,1.1099318271,1.11402850713,0.00186449463078,5266.63312258,1.0,
63.6549137284,0.996560739185,0.000908329107783,0.1736197126,0.0720829650666,1.21948657398,1.67741935484,0.000908329107783,5212.90711342,1.0,
79.5431357839,0.995425402166,0.00120097541265,0.172387541431,0.0821401423884,1.18958838356,1.75618904726,0.00120097541265,4882.10454106,1.0,
17.1200300075,0.99905511322,0.00133716850068,0.175454707191,0.082547810682,1.16665481459,1.43660915229,0.00133716850068,5071.91137396,1.0,
39.0105026257,0.997886721778,0.00109742364323,0.178052096505,0.0870508819916,1.24247507439,1.60015003751,0.00109742364323,5014.89018958,1.0,
57.2468117029,0.996665780184,0.0013495496905,0.178124207461,0.0770808656091,1.18835694481,1.58739684921,0.0013495496905,4773.51905635,1.0,
54.7899474869,0.996878565141,0.00124487235837,0.179569738434,0.0767489803938,1.19481112448,1.69017254314,0.00124487235837,4862.78585391,1.0,
129.39459865,0.992745284785,0.0011295021805,0.181771727339,0.0780237005563,1.26222376189,2.15828957239,0.0011295021805,4834.74322041,1.0,
10.903975994,0.999400323585,0.0010940469551,0.1697365531,0.0790973242774,1.21379153163,1.46811702926,0.0010940469551,5039.02776225,1.0,
17.5326331583,0.999050279908,0.00129439711766,0.18636712005,0.0864000361498,1.20627290028,1.42910727682,0.00129439711766,5067.71814553,1.0,
74.1057764441,0.996039017801,0.00103439213142,0.17113758215,0.0793828442586,1.21464915859,1.74868717179,0.00103439213142,5199.91726487,1.0,
62.9662415604,0.996608375373,0.00125950467362,0.19174208049,0.0940031779066,1.2399864679,1.53188297074,0.00125950467362,5011.9164998,1.0,
59.1590397599,0.99680041812,0.00132141062272,0.199967505159,0.0861195609872,1.21065909319,1.51612903226,0.00132141062272,5034.12758817,1.0,
28.9954988747,0.998408028144,0.00122348666687,0.184416744269,0.0973651758315,1.211440236,1.30007501875,0.00122348666687,4957.59585813,1.0,
36.0660165041,0.998015174619,0.00151388184631,0.201028830723,0.0982806179572,1.20456060589,1.29932483121,0.00151388184631,4891.92997465,1.0,
37.7674418605,0.997997467389,0.00118296640927,0.178262820517,0.0831574412339,1.18134747156,1.41485371343,0.00118296640927,5281.48427466,1.0,
131.148537134,0.992666497754,0.00150037509377,0.20203903651,0.0942771852385,1.19210235672,1.82370592648,0.00150037509377,4878.86987911,1.0,
85.7921980495,0.995286944259,0.00122404944822,0.17782062164,0.0884031428426,1.22610143113,1.92423105776,0.00122404944822,4980.66476605,1.0,
69.9887471868,0.996178646581,0.0010484616653,0.171857731334,0.078921271561,1.20987622221,1.80570142536,0.0010484616653,5102.51689476,1.0,
85.8634658665,0.995334285541,0.00123811898211,0.187899262351,0.0844610407406,1.2272005557,1.80345086272,0.00123811898211,5026.69096031,1.0,
61.4358589647,0.996508368223,0.00115257621607,0.18225904288,0.0887063951748,1.22084779379,1.60090022506,0.00115257621607,4845.38077451,1.0,
50.4546136534,0.997112075152,0.0010169459094,0.175934756405,0.0803026058865,1.25428243709,1.68492123031,0.0010169459094,4792.3267793,1.0,
40.5333833458,0.997761133803,0.00113794390083,0.170938926251,0.081463490009,1.24057033063,1.76819204801,0.00113794390083,4915.09264875,1.0,
40.9819954989,0.997651136021,0.00114919952794,0.17459811943,0.0870806048079,1.22432907271,1.66016504126,0.00114919952794,4827.98904036,1.0,
112.025506377,0.993607124022,0.00143059020569,0.194618749162,0.0919587522499,1.22677079716,1.83495873968,0.00143059020569,4719.91275811,1.0,
17.6091522881,0.999037879461,0.00130959221426,0.189584937791,0.0864682819623,1.22967368002,1.47711927982,0.00130959221426,4915.91183398,1.0,
33.0502625656,0.998128158974,0.00107322404495,0.178050212075,0.078769931102,1.20624842011,1.44336084021,0.00107322404495,4922.31076022,1.0,
122.76744186,0.993063509046,0.00131803393459,0.181887550566,0.087955456827,1.18663579582,1.93623405851,0.00131803393459,4904.3722064,1.0,
37.1200300075,0.997902404253,0.0012572535482,0.167587240843,0.0877792943313,1.17799758129,1.47261815454,0.0012572535482,4965.35926553,1.0,
112.15903976,0.99409368157,0.00111205595848,0.184951874155,0.0880554963509,1.19114086482,1.67741935484,0.00111205595848,5336.36589649,1.0,
69.4988747187,0.996102197285,0.00110192589408,0.180275325566,0.0813906382515,1.22208085242,1.69842460615,0.00110192589408,4933.03593719,1.0,
36.2115528882,0.99798079657,0.000853176534944,0.174523991346,0.0776396991769,1.26083407453,1.72243060765,0.000853176534944,4971.5915758,1.0,
53.1710427607,0.996982779326,0.00109348417374,0.180897040844,0.0860421049273,1.22943385927,1.63165791448,0.00109348417374,4837.4695324,1.0,
36.2805701425,0.998024712807,0.00140864173283,0.181952075814,0.0811990045842,1.24125759568,1.61290322581,0.00140864173283,4887.46934113,1.0,
39.6931732933,0.997827988999,0.00140976729554,0.191390874246,0.0939895884174,1.18392041559,1.36459114779,0.00140976729554,5021.58624957,1.0,
108.183795949,0.994009476537,0.00110080033137,0.174252942816,0.0835347230997,1.21350542066,1.92423105776,0.00110080033137,5017.17842632,1.0,
78.5003750938,0.995565043414,0.00106647066868,0.168420624328,0.0882578252211,1.20174221837,1.82520630158,0.00106647066868,4976.64528226,1.0,
12.8102025506,0.999262265418,0.00115201343472,0.182046871052,0.0855037755337,1.21871320872,1.36984246062,0.00115201343472,4769.51486507,1.0,
40.9159789947,0.997615386442,0.00123755620075,0.187821782383,0.0804832704974,1.2397374173,1.70817704426,0.00123755620075,4625.30346351,1.0,
37.6496624156,0.997845876502,0.00101638312804,0.178021903246,0.0792604659081,1.22793012353,1.57614403601,0.00101638312804,4853.34133227,1.0,
11.7329332333,0.999354297443,0.00102595041108,0.168473062628,0.0797769310535,1.21310766527,1.39234808702,0.00102595041108,5061.50233682,1.0,
59.0937734434,0.996720988908,0.00123643063804,0.192068764871,0.0880036681465,1.20809184951,1.50787696924,0.00123643063804,4949.72000763,1.0,
36.496624156,0.998020923127,0.00159942461234,0.197485479437,0.094642094939,1.18277937392,1.32783195799,0.00159942461234,5019.63592283,1.0,
88.1035258815,0.995376335961,0.00124093288889,0.184814433792,0.0858047764234,1.26951960942,1.855963991,0.00124093288889,5033.13959169,2.0,
55.359339835,0.997058980974,0.00169622300549,0.204692088835,0.0971342906341,1.22075825112,1.53788447112,0.00169622300549,4988.19393654,2.0,
68.8514628657,0.996160530846,0.00187462469518,0.209069951032,0.0941114317871,1.18365711124,1.57164291073,0.00187462469518,4779.31422478,2.0,
91.2678169542,0.995109431589,0.00133716850068,0.201847806085,0.0918058480248,1.24427778233,1.8304576144,0.00133716850068,4978.43107722,2.0,
42.9459864966,0.99774150241,0.00177557517661,0.212510243136,0.102928741689,1.22026489561,1.38259564891,0.00177557517661,4969.68318734,2.0,
61.7419354839,0.996640216082,0.00169340909871,0.213485515323,0.0921782651345,1.28286567245,1.65641410353,0.00169340909871,4693.39577404,2.0,
52.1117779445,0.997172075032,0.00137149816336,0.206291367627,0.0937244495051,1.29965183009,1.67216804201,0.00137149816336,4740.10542357,2.0,
145.555888972,0.992226764153,0.00184310893928,0.213653752653,0.101762674466,1.23569142099,1.96099024756,0.00184310893928,4894.00311557,2.0,
37.2385596399,0.998080743121,0.00132760121763,0.202074726017,0.0938698099087,1.30312565487,1.52663165791,0.00132760121763,4972.39032658,2.0,
9.51387846962,0.99949223616,0.00142214848536,0.199650150936,0.094719675294,1.27394500073,1.30982745686,0.00142214848536,4877.66614651,2.0,
53.160540135,0.997061510583,0.00162418699198,0.203407074019,0.0940726206688,1.19353036671,1.42160540135,0.00162418699198,4926.41107807,2.0,
116.833458365,0.993540514054,0.00135011247185,0.196821941794,0.0904602712819,1.25550077304,1.92573143286,0.00135011247185,4820.66613886,2.0,
88.1897974494,0.995075391542,0.00164332155807,0.211376457003,0.0914998919649,1.2553441459,1.79819954989,0.00164332155807,4648.15703413,2.0,
80.2640660165,0.995524122647,0.00168102790889,0.201117829645,0.087961216737,1.21968385583,1.81395348837,0.00168102790889,4802.57149431,2.0,
140.229557389,0.992632217664,0.00140751617012,0.190469587996,0.0903031135284,1.22754471366,2.07501875469,0.00140751617012,5149.68103742,2.0,
12.4891222806,0.999329231773,0.00166639559365,0.192000069001,0.0896544433721,1.199199762,1.31732933233,0.00166639559365,5001.06335985,2.0,
29.8784696174,0.998403886764,0.0015493370717,0.20731689492,0.0881197567167,1.22158841488,1.3488372093,0.0015493370717,4990.35871572,2.0,
34.9737434359,0.99812016636,0.00164388433943,0.201984650119,0.0953380093825,1.19576475843,1.32933233308,0.00164388433943,4991.98158961,2.0,
47.4058514629,0.997512293787,0.00173055266817,0.216207077279,0.100086696067,1.21881157883,1.4688672168,0.00173055266817,5017.02700422,2.0,
33.3510877719,0.998146453985,0.00184310893928,0.210990399608,0.100537720764,1.24750783408,1.49362340585,0.00184310893928,4639.86645843,2.0,
205.100525131,0.988433988458,0.00130340161935,0.191623379421,0.0872277381893,1.32303063735,2.64441110278,0.00130340161935,4574.00792008,2.0,
50.7756939235,0.997271381365,0.00139232107352,0.201070460482,0.088559686962,1.23881433398,1.53788447112,0.00139232107352,5005.4601079,2.0,
27.9264816204,0.998477586252,0.00164050765129,0.204783509261,0.0909366005993,1.24693738085,1.41635408852,0.00164050765129,4782.41681344,2.0,
120.27231808,0.993751687674,0.00229783627452,0.206011740269,0.094442326124,1.17703903951,1.71717929482,0.00229783627452,5089.74579171,2.0,
107.60540135,0.994189175672,0.00204852413403,0.198387732133,0.0991191867765,1.22987044562,1.89647411853,0.00204852413403,4830.40077062,2.0,
64.8837209302,0.996578341324,0.00166808393771,0.202996985552,0.0966338427962,1.26360546721,1.64291072768,0.00166808393771,4923.90490823,2.0,
46.7696924231,0.99746829732,0.00146435708702,0.210528997468,0.0964957940209,1.25205455543,1.48387096774,0.00146435708702,4859.94828966,2.0,
32.5183795949,0.998227119987,0.00151557019037,0.208373349303,0.100440794561,1.24993025174,1.31507876969,0.00151557019037,4818.80040962,2.0,
80.3120780195,0.995592864797,0.00146379430567,0.196832815471,0.0900373091255,1.2573618698,1.69842460615,0.00146379430567,4781.30439621,2.0,
63.4831207802,0.996518413331,0.0016618933428,0.21732161972,0.0928270921132,1.25108469724,1.53413353338,0.0016618933428,4765.74933816,2.0,
59.5341335334,0.996901239255,0.00166076778009,0.21108139238,0.100645806229,1.22499674895,1.37359339835,0.00166076778009,5063.55642686,2.0,
110.918229557,0.99413347999,0.00145422702262,0.203821850221,0.0967700565487,1.27506731159,1.89797449362,0.00145422702262,4940.08278472,2.0,
39.0240060015,0.997867223356,0.00187406191383,0.214593312817,0.0957129129462,1.20856571824,1.42910727682,0.00187406191383,4834.66479416,2.0,
119.537134284,0.993663609305,0.00147898940226,0.204934162606,0.0973533576055,1.26426279256,1.84171042761,0.00147898940226,4952.71308158,2.0,
33.951987997,0.998188406815,0.00173449213766,0.220703867255,0.0948849578347,1.21562732626,1.28132033008,0.00173449213766,4971.49542416,2.0,
81.9954988747,0.995421944686,0.00175306392239,0.210840594906,0.0913640853716,1.21208174945,1.55588897224,0.00175306392239,4743.01658177,2.0,
91.0660165041,0.995078700955,0.00187856416467,0.21285389744,0.101524052427,1.23740334979,1.82070517629,0.00187856416467,4782.40664249,2.0,
61.0577644411,0.996640949808,0.00228770621012,0.206117208385,0.0977119024092,1.20022571281,1.65341335334,0.00228770621012,4745.28925695,2.0,
59.4501125281,0.996861408009,0.00223030251186,0.223235339227,0.101780342349,1.16011170324,1.29557389347,0.00223030251186,5056.16414317,2.0,
112.72168042,0.993889811036,0.00181215596472,0.205580594751,0.0969105032549,1.22571909946,1.82745686422,0.00181215596472,4865.8312815,2.0,
72.983495874,0.995929265019,0.00200631553237,0.204236297031,0.0920253608259,1.1836765745,1.57464366092,0.00200631553237,4798.75322143,2.0,
88.6061515379,0.995331870973,0.00155834157339,0.19640432746,0.0882199995134,1.21606687016,1.65041260315,0.00155834157339,5125.99382441,2.0,
61.8529632408,0.996571394316,0.00196748361884,0.205948279282,0.0977047758867,1.21432499419,1.56189047262,0.00196748361884,4792.77591077,2.0,
105.471867967,0.994118866013,0.00159717348692,0.196127549975,0.0877789993928,1.27634778485,2.03900975244,0.00159717348692,4640.21275847,2.0,
83.8222055514,0.995330976999,0.00219090781698,0.215117231453,0.096725732938,1.19225359546,1.52063015754,0.00219090781698,4697.52949008,2.0,
84.4831207802,0.995545648362,0.00185830403587,0.216216782782,0.100221729006,1.256284902,1.64441110278,0.00185830403587,4869.8043439,2.0,
46.6901725431,0.997571063761,0.00128708096004,0.195093214923,0.0912389727816,1.23454384215,1.54988747187,0.00128708096004,5178.67587456,2.0,
66.5498874719,0.99632859836,0.00190107541889,0.216138549909,0.0995874662021,1.22669149089,1.51762940735,0.00190107541889,4733.12890254,2.0,
59.8004501125,0.996775109397,0.00146885933787,0.200980121075,0.0906138955635,1.27699133733,1.70892723181,0.00146885933787,4814.46060615,2.0,
11.9722430608,0.999344555063,0.00155834157339,0.191162532486,0.0928998656238,1.2365611038,1.40660165041,0.00155834157339,4825.1772983,2.0,
14.0847711928,0.999275722158,0.00150487734462,0.196618049624,0.0853799710826,1.19584503634,1.34508627157,0.00150487734462,5304.22555564,3.0,
126.576144036,0.993175186744,0.00192583779853,0.209100724454,0.0949412896844,1.17644677848,2.06001500375,0.00192583779853,5025.28901898,3.0,
140.892723181,0.992353765484,0.00159886183099,0.196791736156,0.0923695079882,1.15987603044,1.94298574644,0.00159886183099,5112.39424895,3.0,
55.1387846962,0.996987371961,0.00212168571025,0.204923470017,0.101137954028,1.13440254772,1.38184546137,0.00212168571025,5028.15127213,3.0,
34.8432108027,0.998155386728,0.0015026262192,0.19834254785,0.092821194296,1.18973016599,1.33233308327,0.0015026262192,5147.55404686,3.0,
42.2775693923,0.997733513583,0.00189319647992,0.196837020047,0.090375690351,1.16011804513,1.45986496624,0.00189319647992,5093.41671553,3.0,
34.8117029257,0.998136438018,0.00202657566117,0.206906142333,0.0895973439511,1.11707940806,1.18379594899,0.00202657566117,5182.80553363,3.0,
11.903975994,0.999365339506,0.00156790885643,0.191961118058,0.0932225691689,1.20882577731,1.33683420855,0.00156790885643,5043.12455281,3.0,
75.3375843961,0.996042374885,0.00236705838125,0.215184551331,0.0922410893247,1.10548333231,1.42460615154,0.00236705838125,5234.20227469,3.0,
113.270067517,0.99414839479,0.00191120548329,0.20249096256,0.0887213972051,1.18012611789,1.84771192798,0.00191120548329,5187.63470808,3.0,
53.1957989497,0.997234679227,0.00149024502937,0.196076201452,0.0907130216224,1.14600157765,1.47786946737,0.00149024502937,5382.79459097,3.0,
41.8829707427,0.997823348896,0.00167371175127,0.199033779353,0.0874510909293,1.20043754204,1.48387096774,0.00167371175127,5154.33523099,3.0,
44.7801950488,0.997580367906,0.0016821534716,0.199942965565,0.0908661513206,1.19290476205,1.54988747187,0.0016821534716,4991.14278513,3.0,
34.1237809452,0.998166706854,0.00177107292577,0.199422963914,0.0973514975553,1.18052741841,1.37509377344,0.00177107292577,5002.61214438,3.0,
92.7644411103,0.995232515854,0.00159098289201,0.205952250252,0.0921860115614,1.15480420212,1.47561890473,0.00159098289201,5365.53131343,3.0,
62.8582145536,0.996618965036,0.00156396938695,0.195794366995,0.0924960020947,1.16164821445,1.44936234059,0.00156396938695,5123.79840195,3.0,
90.5648912228,0.995209794111,0.0016618933428,0.197199067944,0.0866418030437,1.17806983431,1.72768192048,0.0016618933428,5166.33480509,3.0,
71.5626406602,0.996125060515,0.00133322903119,0.18922987739,0.0846451820174,1.21072592812,1.71117779445,0.00133322903119,5032.24561826,3.0,
58.0975243811,0.996984232714,0.00136193088032,0.184897177795,0.0863468282658,1.16777307741,1.54838709677,0.00136193088032,5399.89848603,3.0,
35.9579894974,0.998111749172,0.00150769125139,0.192624711848,0.0868972597171,1.20185821772,1.44036009002,0.00150769125139,5185.17911453,3.0,
36.3135783946,0.998078930944,0.0015392070073,0.194295694367,0.0900772794142,1.16494715432,1.27531882971,0.0015392070073,5221.65378429,3.0,
59.5641410353,0.996706385253,0.00126344414311,0.179139485616,0.0865039894532,1.22228351016,1.67966991748,0.00126344414311,4952.17687183,3.0,
19.2385596399,0.99894419254,0.00153470475646,0.189965678492,0.0890787318965,1.20729379234,1.46361590398,0.00153470475646,4900.43602138,3.0,
39.9422355589,0.997788120074,0.00154989985306,0.183463592994,0.0857082006958,1.19255557517,1.54463615904,0.00154989985306,4939.48751099,3.0,
70.3683420855,0.99622639148,0.00161968474114,0.190251232578,0.0894767056172,1.19803602529,1.73518379595,0.00161968474114,4989.79395008,3.0,
64.9512378095,0.996496840089,0.00164726102756,0.192081178892,0.0910836552774,1.1239905781,1.45986496624,0.00164726102756,5208.48301123,3.0,
136.160540135,0.992782076477,0.00209129551705,0.210744437198,0.0958026356449,1.16382367999,1.81545386347,0.00209129551705,5101.56842458,3.0,
127.88372093,0.993107394767,0.00162474977334,0.198925890232,0.0894544106937,1.1611327935,1.87621905476,0.00162474977334,5120.71644512,3.0,
59.2813203301,0.996795746494,0.00127188586344,0.182091211074,0.0819908269949,1.18174726461,1.55138784696,0.00127188586344,5156.51732816,3.0,
94.6939234809,0.994992289025,0.00210198836281,0.209404875921,0.0947631822951,1.13496876711,1.53563390848,0.00210198836281,5212.96648054,3.0,
50.3285821455,0.997177855673,0.0016050524259,0.198795895305,0.0855873918084,1.18815617786,1.48987246812,0.0016050524259,4872.36300079,3.0,
58.0450112528,0.9968181882,0.00147448715142,0.196744616849,0.0873508745536,1.1858731324,1.53638409602,0.00147448715142,5035.07690251,3.0,
137.645911478,0.992810319397,0.00136305644303,0.198732607961,0.0926020614248,1.20430117117,1.77944486122,0.00136305644303,5239.94225062,3.0,
90.1845461365,0.995187660101,0.00125669076684,0.18368167302,0.0831568776586,1.24440550233,1.85296324081,0.00125669076684,5068.29602871,3.0,
66.2363090773,0.996471076758,0.00124374679566,0.185589186772,0.0899737481118,1.22684886561,1.67816954239,0.00124374679566,5124.47647968,3.0,
62.3450862716,0.996573474438,0.00144353417687,0.186289989429,0.0853772178559,1.17871968133,1.55438859715,0.00144353417687,5015.90968059,3.0,
34.3233308327,0.998071113447,0.00132253618543,0.189454999957,0.0903074599784,1.18858995429,1.36759189797,0.00132253618543,4936.42142686,3.0,
40.9309827457,0.997813865545,0.00179245861728,0.195909959878,0.0848996307568,1.16073658597,1.5536384096,0.00179245861728,5159.11082555,3.0,
63.3060765191,0.996692749015,0.00147786383955,0.188019707934,0.0930662773743,1.14504848686,1.38709677419,0.00147786383955,5367.60580544,3.0,
35.7591897974,0.998113484124,0.00110642814492,0.185584182592,0.083357776349,1.24197309761,1.5296324081,0.00110642814492,5158.65244357,3.0,
87.8784696174,0.99513435505,0.0013799398837,0.197030804442,0.0923152181766,1.24778330104,1.75393848462,0.0013799398837,4831.98321939,3.0,
16.375843961,0.999115697976,0.0017277387614,0.193301601632,0.09435845318,1.19034508885,1.34358589647,0.0017277387614,4994.99861863,3.0,
36.4433608402,0.997998532055,0.00146942211922,0.197932516651,0.0855641371699,1.19656147581,1.41260315079,0.00146942211922,4962.72782763,3.0,
68.087771943,0.996211840928,0.00158535507845,0.188018334744,0.0941081261842,1.18503781952,1.62415603901,0.00158535507845,4930.79658172,3.0,
71.3698424606,0.996290776378,0.00107266126359,0.184495289448,0.0863236688036,1.23511318243,1.65641410353,0.00107266126359,5259.50445759,3.0,
40.3338334584,0.997861362424,0.00185323900367,0.204403170915,0.0935929825939,1.18899459223,1.41110277569,0.00185323900367,5059.83825294,3.0,
19.9114778695,0.99891067245,0.00134504743965,0.18632740999,0.0798087604827,1.18909566903,1.4208552138,0.00134504743965,5041.99988171,3.0,
33.3480870218,0.998248748743,0.00136868425659,0.197337501268,0.0795177258976,1.22938532484,1.4096024006,0.00136868425659,5109.16075203,3.0,
38.9647411853,0.997891781965,0.00108954470426,0.177515778763,0.0814641974447,1.20558651088,1.67891972993,0.00108954470426,5169.27946198,3.0,
48.0577644411,0.997414892214,0.00140301391927,0.189262797289,0.0913654607996,1.18302077025,1.45611402851,0.00140301391927,5119.71000372,3.0,
65.8972243061,0.996488760029,0.00130058771257,0.194627296676,0.0926709205139,1.31746127693,1.82070517629,0.00130058771257,4811.22350196,4.0,
86.3270817704,0.995216359172,0.00186393184943,0.214102256251,0.0961585185288,1.27954560423,1.76144036009,0.00186393184943,4579.53273579,4.0,
56.2730682671,0.996914491841,0.00210311392552,0.206758725152,0.0973031314128,1.21530109999,1.59639909977,0.00210311392552,4731.54209193,4.0,
71.4163540885,0.996032097801,0.00174687332748,0.20679730812,0.0962187058954,1.24617430986,1.71792948237,0.00174687332748,4685.19531532,4.0,
35.4741185296,0.998135690494,0.00196635805613,0.210722045397,0.101691683097,1.2297665975,1.35708927232,0.00196635805613,4874.96821207,4.0,
8.92273068267,0.999515759833,0.00159886183099,0.197116554144,0.0917423854591,1.26029521371,1.38184546137,0.00159886183099,4787.38017286,4.0,
75.0907726932,0.995913421252,0.0019427212392,0.209406462146,0.0928555852785,1.24808283963,1.71342835709,0.0019427212392,4757.73335306,4.0,
125.744186047,0.993028746966,0.00237493732023,0.215208608997,0.0919842253472,1.20517583114,1.87921980495,0.00237493732023,4737.67275379,4.0,
87.6061515379,0.995462188148,0.00238844407276,0.219044019862,0.101316406528,1.16494570879,1.4831207802,0.00238844407276,5093.03189664,4.0,
37.5476369092,0.997953910293,0.00192020998498,0.2082933869,0.100338598552,1.27099690776,1.53413353338,0.00192020998498,4622.30594085,4.0,
34.4441110278,0.998190190025,0.00232147309145,0.213233239027,0.0984063895622,1.14655239296,1.24531132783,0.00232147309145,5079.66577502,4.0,
60.3660915229,0.996682056068,0.00134335909559,0.187758180515,0.0849383858917,1.30210376726,1.807951988,0.00134335909559,4695.42372393,4.0,
48.7936984246,0.997211411564,0.00147617549549,0.195724305136,0.0882262034595,1.274269436,1.76894223556,0.00147617549549,4555.63938778,4.0,
65.816204051,0.996249571648,0.00145647814804,0.191759367726,0.0845982102349,1.27808796637,1.83570892723,0.00145647814804,4579.98308979,4.0,
50.2820705176,0.997212655541,0.00153695588188,0.195925713608,0.0913608490179,1.2857763892,1.92198049512,0.00153695588188,4627.28952805,4.0,
14.0697674419,0.999247125592,0.00133041512441,0.199547141378,0.0835815864991,1.27388848262,1.49062265566,0.00133041512441,4932.15319653,4.0,
13.9632408102,0.999234330263,0.00121785885331,0.183496343658,0.0887216024974,1.31891118433,1.62265566392,0.00121785885331,4689.94013256,4.0,
76.8837209302,0.99572570169,0.00112331158559,0.186654097591,0.082752318066,1.3199813931,1.90097524381,0.00112331158559,4706.50722999,4.0,
60.1762940735,0.996568436344,0.00153639310053,0.190671697905,0.0930231576436,1.29387662976,1.78769692423,0.00153639310053,4480.29946829,4.0,
110.479369842,0.993482845996,0.00123643063804,0.179600151913,0.0844973414988,1.34026909232,2.30532633158,0.00123643063804,4315.23237518,4.0,
44.6961740435,0.997470994729,0.00120941713298,0.180294238659,0.092042882698,1.24884242168,1.6864216054,0.00120941713298,4743.62226186,4.0,
10.7389347337,0.999411548219,0.00152063522257,0.207217668339,0.0974106896616,1.28830915925,1.36909227307,0.00152063522257,4665.84217983,4.0,
14.6691672918,0.999189946385,0.00126175579904,0.190565149086,0.0918777023633,1.30589360538,1.54538634659,0.00126175579904,4662.80453588,4.0,
57.7606901725,0.996656688919,0.00130227605664,0.188701917251,0.0870687026565,1.30534298483,1.78319579895,0.00130227605664,4465.05285936,4.0,
31.0427606902,0.998207456096,0.00159435958014,0.197192120317,0.093146970367,1.28793490256,1.53938484621,0.00159435958014,4437.84780835,4.0,
41.0802700675,0.997764255249,0.00332153556018,0.226373487883,0.107803283535,1.18453809624,1.50487621905,0.00332153556018,4628.88155698,4.0,
59.3938484621,0.996885615415,0.00191683329685,0.220168048253,0.0990435598955,1.24220785623,1.41485371343,0.00191683329685,4892.76188997,4.0,
64.1170292573,0.996465110916,0.00234004487619,0.219969174868,0.0997808087043,1.24197019679,1.64741185296,0.00234004487619,4629.43673682,4.0,
175.583645911,0.990478292885,0.00222467469831,0.226939254863,0.0952956128276,1.22841155868,2.1327831958,0.00222467469831,4752.94564643,4.0,
124.088522131,0.993510198177,0.00222580026102,0.214677530646,0.106669364876,1.19275180861,1.85296324081,0.00222580026102,4983.5042354,4.0,
34.6766691673,0.998175452459,0.00227701336437,0.222250014371,0.106308215189,1.22645936528,1.28732183046,0.00227701336437,4812.30190825,4.0,
14.6939234809,0.999237954522,0.00198999487306,0.213250310114,0.102284977389,1.20535258036,1.27006751688,0.00198999487306,5024.27883496,4.0,
132.260315079,0.992709227093,0.00169791134956,0.194247238298,0.0985043532857,1.26566663368,2.0367591898,0.00169791134956,4704.64961212,4.0,
14.3623405851,0.999243717694,0.00210536505094,0.222970279638,0.102230578409,1.23094384252,1.28507126782,0.00210536505094,4844.68109083,4.0,
115.55363841,0.994040693516,0.00178064020881,0.206159779629,0.100299849626,1.19726516621,1.77869467367,0.00178064020881,5151.44268346,4.0,
39.6661665416,0.997858049114,0.00183297887488,0.218731540498,0.0992840922401,1.21979402346,1.37659414854,0.00183297887488,4851.40375033,4.0,
85.8717179295,0.995281339963,0.00184479728334,0.21203440545,0.101220186273,1.24507567861,1.69467366842,0.00184479728334,4699.939741,4.0,
81.6661665416,0.995669677543,0.00171085532073,0.213819320458,0.0973145456763,1.22536592128,1.65266316579,0.00171085532073,4963.74838356,4.0,
37.7344336084,0.997932096618,0.0015847922971,0.196847780992,0.096208754138,1.29396062885,1.58439609902,0.0015847922971,4648.08899811,4.0,
70.6136534134,0.996274078901,0.00217121046953,0.217209201384,0.103249778677,1.20631581274,1.62790697674,0.00217121046953,4905.85409384,4.0,
47.0487621905,0.997532893925,0.00205358916623,0.219798508331,0.0892550329649,1.23613071979,1.58439609902,0.00205358916623,4887.9845068,4.0,
87.1200300075,0.995476256993,0.0020046271883,0.215780776399,0.0954280691246,1.25942743779,1.74268567142,0.0020046271883,4918.928689,4.0,
34.44036009,0.998188252024,0.00214419696447,0.228324625413,0.102811559422,1.18543931587,1.17104276069,0.00214419696447,4966.03627054,4.0,
95.8132033008,0.99473788617,0.00226575773726,0.208846429109,0.0967440402386,1.19099200006,1.8927231808,0.00226575773726,4775.00407106,4.0,
37.9594898725,0.998043157451,0.00170185081904,0.203598197755,0.0954936684909,1.2272644008,1.39384846212,0.00170185081904,5087.19386798,4.0,
41.3203300825,0.99779937014,0.00206428201199,0.224009769034,0.107183110608,1.2133865908,1.35933983496,0.00206428201199,4837.04932547,4.0,
52.4478619655,0.997218962499,0.00205415194759,0.213044434252,0.101134960576,1.18722883408,1.43060765191,0.00205415194759,5006.9321371,4.0,
88.8447111778,0.995185012587,0.00197705090189,0.21697182636,0.0957979150091,1.23153764564,1.69992498125,0.00197705090189,4785.41656133,4.0,
67.8544636159,0.996330080774,0.00167258618856,0.200808607062,0.0974558160432,1.268097799,1.74793698425,0.00167258618856,4742.14328582,4.0,
18.3960990248,0.999018508582,0.00206090532386,0.22600762747,0.105846889974,1.23216016102,1.28732183046,0.00206090532386,4772.79034808,4.0,
88.1110277569,0.995153773358,0.00125781632955,0.198599545564,0.0912485194104,1.35513870633,1.95648912228,0.00125781632955,4567.7578805,5.0,
58.8124531133,0.996736091032,0.002183028878,0.222811192609,0.108484417316,1.28319549919,1.56114028507,0.002183028878,4444.40395783,5.0,
123.520630158,0.993472534099,0.00221510741526,0.210521372879,0.102628924315,1.24179953753,1.98124531133,0.00221510741526,4815.74321399,5.0,
52.2918229557,0.997046492076,0.00167540009534,0.218397755884,0.101967574737,1.36508862473,1.90472618155,0.00167540009534,4278.01540747,5.0,
87.7059264816,0.995301502183,0.00205077525946,0.226285876315,0.106849636275,1.2863028787,1.75243810953,0.00205077525946,4637.17009945,5.0,
105.439609902,0.994032167277,0.00153864422595,0.197623491024,0.0908542575815,1.36762385782,2.24681170293,0.00153864422595,4352.30391609,5.0,
37.9969992498,0.997875860757,0.00141370676503,0.191457534321,0.0945718810384,1.32694958116,1.77644411103,0.00141370676503,4492.64436081,5.0,
62.8709677419,0.996616495059,0.00148574277853,0.190970525246,0.0954568245484,1.30729819448,1.89572393098,0.00148574277853,4755.77729938,5.0,
63.4696174044,0.996324353503,0.00125669076684,0.173631926797,0.083297188381,1.3529371385,2.12828207052,0.00125669076684,4359.22787987,5.0,
57.5933983496,0.996934939938,0.00169340909871,0.203400905145,0.0936392273623,1.31201091336,1.77044261065,0.00169340909871,4728.05959146,5.0,
144.878469617,0.991979186087,0.00152344912935,0.195989009434,0.0932552042062,1.33177020072,2.46436609152,0.00152344912935,4525.94026984,5.0,
41.4396099025,0.997827815786,0.00161461970894,0.1988151639,0.0935379298971,1.28718266217,1.68417104276,0.00161461970894,4840.42123196,5.0,
44.8597149287,0.997481687545,0.00127469977022,0.188998771902,0.0842909341709,1.34855510522,1.94298574644,0.00127469977022,4484.27577064,5.0,
74.8049512378,0.995847610389,0.00160448964454,0.197843154666,0.0953250325835,1.32216502265,1.88672168042,0.00160448964454,4520.15296,5.0,
129.173293323,0.992681550036,0.00143565523789,0.194413285882,0.0911965723504,1.34219567313,2.35408852213,0.00143565523789,4424.45435348,5.0,
16.1065266317,0.999096359036,0.00115707846692,0.188698857805,0.0859342639216,1.36094642021,1.77794448612,0.00115707846692,4509.67683046,5.0,
30.8979744936,0.998282625084,0.00165570274789,0.209394905884,0.0935344049426,1.35168963593,1.80270067517,0.00165570274789,4429.46443031,5.0,
73.3338334584,0.99602586828,0.0016202475225,0.21647007155,0.0899686875641,1.31130365279,1.83345836459,0.0016202475225,4651.08603949,5.0,
59.6609152288,0.996687495969,0.00124656070244,0.188240036504,0.0851622073578,1.37684912332,2.01200300075,0.00124656070244,4487.75981205,5.0,
29.0510127532,0.99844175844,0.00158254117168,0.213453287941,0.0948429943058,1.31123412736,1.47111777944,0.00158254117168,4713.55052994,5.0,
35.6729182296,0.998034439642,0.0013748748515,0.208044254216,0.0973578703667,1.3526236962,1.62790697674,0.0013748748515,4526.72973807,5.0,
64.8777194299,0.996322103256,0.0015341419751,0.190854616517,0.0952542808474,1.32905761797,1.951987997,0.0015341419751,4446.169393,5.0,
91.5581395349,0.995105555717,0.00157691335812,0.189954494803,0.0903973996712,1.30876334324,2.0352588147,0.00157691335812,4732.24942914,5.0,
13.3023255814,0.999249102026,0.00128933208546,0.194943421935,0.0904777333214,1.37085935911,1.67741935484,0.00128933208546,4398.19652006,5.0,
63.3818454614,0.996517090153,0.00149080781073,0.209240228891,0.0971769204918,1.34233778685,1.71792948237,0.00149080781073,4549.05064586,5.0,
15.0375093773,0.999142305909,0.00111205595848,0.185191296514,0.0846398054351,1.39098188994,1.76519129782,0.00111205595848,4376.14352074,5.0,
60.1987996999,0.996448640259,0.00168384181567,0.197128908349,0.0878316774318,1.32796287423,1.96924231058,0.00168384181567,4230.44330622,5.0,
20.751687922,0.998886890311,0.00114019502625,0.183535870296,0.0860529740161,1.24022323803,1.60240060015,0.00114019502625,5059.55136864,5.0,
39.1470367592,0.997763855174,0.00143959470738,0.200184715339,0.0915116718966,1.34996057995,1.8432108027,0.00143959470738,4366.63674096,5.0,
23.8514628657,0.99863501035,0.00143115298705,0.196571585532,0.0900235325477,1.32464495211,1.8319579895,0.00143115298705,4424.02637886,5.0,
43.6331582896,0.997627724875,0.00128708096004,0.183158277298,0.0919317819568,1.30370994151,1.77869467367,0.00128708096004,4777.99310655,5.0,
81.0375093773,0.995379220749,0.00136755869387,0.191871650618,0.0931433261622,1.36021390481,1.99774943736,0.00136755869387,4378.53000446,5.0,
59.5791447862,0.996349292632,0.00126006745497,0.194965065514,0.0881580315752,1.37191389278,2.02025506377,0.00126006745497,4062.13714927,5.0,
78.4853713428,0.99549089538,0.00181947212234,0.207622579997,0.095928119329,1.31027124173,1.92423105776,0.00181947212234,4330.06576174,5.0,
44.2423105776,0.997370655134,0.00150656568868,0.187649861232,0.0816527125342,1.37262672572,2.11627906977,0.00150656568868,4144.1464588,5.0,
91.200300075,0.99500274248,0.00208172823401,0.224653261052,0.103935773542,1.3508116923,1.81395348837,0.00208172823401,4427.04139474,5.0,
38.2903225806,0.997842208867,0.00139851166843,0.195560394864,0.0916018240264,1.22442297242,1.49962490623,0.00139851166843,4750.52373438,5.0,
83.9189797449,0.99536268194,0.00121223103976,0.193356383624,0.0862536482528,1.33683258863,2.05251312828,0.00121223103976,4636.60648825,5.0,
59.1425356339,0.99658927398,0.00168440459702,0.212152721798,0.0945139693945,1.34401518569,1.81320330083,0.00168440459702,4237.84317283,5.0,
27.9429857464,0.998474722724,0.00166358168687,0.206749530348,0.0860252880087,1.28624557807,1.711927982,0.00166358168687,4670.59166832,5.0,
106.572393098,0.994060975076,0.00186787131892,0.197863234979,0.0994035511406,1.19571473019,1.78769692423,0.00186787131892,4771.64690396,5.0,
36.5656414104,0.997951423501,0.00139288385487,0.191100446157,0.0919490545589,1.29932161836,1.72243060765,0.00139288385487,4597.01360601,5.0,
14.8274568642,0.99917108965,0.00150487734462,0.199577284315,0.0912117110228,1.30780702024,1.59864966242,0.00150487734462,4532.86441127,5.0,
60.1777944486,0.996700821817,0.000991620748398,0.179275567107,0.0794160609997,1.38860740495,2.02925731433,0.000991620748398,4621.86106153,5.0,
47.4876219055,0.997278000697,0.00129327155495,0.190475089303,0.0895408608304,1.33993691613,2.06226556639,0.00129327155495,4423.63770722,5.0,
97.4358589647,0.994529682032,0.0013495496905,0.189736985111,0.090641599608,1.33022279698,2.12753188297,0.0013495496905,4511.37626033,5.0,
84.0142535634,0.995305942959,0.0019427212392,0.215898323791,0.100086130581,1.28695029498,1.81620405101,0.0019427212392,4473.12683483,5.0,
70.120780195,0.996310946793,0.00197705090189,0.212983602078,0.102850386107,1.27663478581,1.79219804951,0.00197705090189,4761.23411328,5.0,
64.2115528882,0.996535651325,0.00194215845784,0.213366796112,0.0993494459309,1.22977042518,1.58439609902,0.00194215845784,4791.10543203,5.0,
54.1515378845,0.996850826468,0.00166583281229,0.207725276529,0.0909913520782,1.34465823031,1.88147036759,0.00166583281229,4234.05914577,5.0,
93.120780195,0.994455516623,0.000520572753841,0.122765575785,0.0483849697155,1.29944711761,2.68867216804,0.000520572753841,4791.26935292,6.0,
36.7051762941,0.998009143143,0.000933654268781,0.165247504653,0.0804252764527,1.17039939097,1.56189047262,0.000933654268781,5300.55972911,6.0,
14.8672168042,0.999200979834,0.00104395941446,0.172443583637,0.0761257177248,1.1648820581,1.34733683421,0.00104395941446,5331.85345276,6.0,
71.2378094524,0.996115369327,0.000919021953538,0.154708795929,0.0743555154802,1.19701129435,1.93398349587,0.000919021953538,5227.65256574,6.0,
136.030007502,0.992335060306,0.000956165523001,0.155613729426,0.0779672709249,1.16841468991,2.15453863466,0.000956165523001,5153.92184209,6.0,
70.7741935484,0.996094198358,0.000906077982361,0.160664453388,0.0717816038965,1.19112298899,1.83945986497,0.000906077982361,5184.34023155,6.0,
134.506376594,0.99267517533,0.00107266126359,0.16281319136,0.0762310517468,1.14671006575,1.93473368342,0.00107266126359,5312.79956198,6.0,
44.4013503376,0.997682204654,0.00122236110415,0.16763268069,0.0729132244196,1.13141734068,1.57014253563,0.00122236110415,5530.7711014,6.0,
39.463615904,0.997821812432,0.00112725105507,0.167060153869,0.0794954691668,1.12548669276,1.52063015754,0.00112725105507,5281.10776987,6.0,
15.5461365341,0.999158548666,0.00110361423814,0.166205711545,0.0777227710614,1.11571653274,1.3855963991,0.00110361423814,5397.1048737,6.0,
86.3015753938,0.995194920373,0.00125162573464,0.178835764308,0.0746236826012,1.12693405412,1.6384096024,0.00125162573464,5218.90371902,6.0,
65.640660165,0.996439542701,0.00125612798548,0.168409327771,0.0782146369907,1.17752477364,1.82220555139,0.00125612798548,5194.80490569,6.0,
54.9489872468,0.99689953041,0.00112331158559,0.161076088378,0.0741429160248,1.18741750116,1.86871717929,0.00112331158559,4998.1743851,6.0,
62.6459114779,0.996508994112,0.00130734108884,0.177289156853,0.079502772545,1.11073846383,1.51312828207,0.00130734108884,5191.73601033,6.0,
46.2618154539,0.997566592139,0.00125387686006,0.182053836068,0.0863087852227,1.15454457076,1.49962490623,0.00125387686006,5364.85544023,6.0,
44.0922730683,0.997570502304,0.00112049767881,0.169962185407,0.0847442937272,1.15359557206,1.51162790698,0.00112049767881,5197.33192821,6.0,
64.6039009752,0.996356413993,0.00111149317712,0.165636386806,0.0749644537729,1.16503681356,1.75918979745,0.00111149317712,5065.79491871,6.0,
67.6286571643,0.996366809169,0.00113850668218,0.168565902454,0.0759198379519,1.15023067291,1.70217554389,0.00113850668218,5368.92248391,6.0,
103.951987997,0.994407257162,0.00111712099068,0.161104925639,0.074830537838,1.16276527485,2.05101275319,0.00111712099068,5303.72311803,6.0,
15.9594898725,0.999078895906,0.00104170828904,0.165844222972,0.0745591807841,1.15039429599,1.47186796699,0.00104170828904,5021.38650927,6.0,
117.479369842,0.993599203407,0.00113625555676,0.164349672702,0.0771955557484,1.14518863329,2.07801950488,0.00113625555676,5306.15928953,6.0,
38.3983495874,0.997966560754,0.00126513248717,0.175363348503,0.0876121835167,1.13685551734,1.36909227307,0.00126513248717,5405.60615269,6.0,
56.9609902476,0.996825902619,0.00105915451106,0.169529205455,0.0746802091934,1.16990917791,1.66016504126,0.00105915451106,5146.10096515,6.0,
45.5251312828,0.997454202497,0.00124599792109,0.175553916543,0.083429618542,1.17494571781,1.6256564141,0.00124599792109,5018.55294624,6.0,
98.0607651913,0.994764577832,0.001176213033,0.170793093473,0.0820611116404,1.14133671179,1.87171792948,0.001176213033,5412.75766382,6.0,
201.663915979,0.988924761147,0.00119365925502,0.174038660799,0.0812884446748,1.1669250749,2.40210052513,0.00119365925502,5217.22711856,6.0,
49.319579895,0.997328821204,0.00111768377203,0.169056560283,0.0797479408119,1.19077867385,1.77719429857,0.00111768377203,5182.61456159,6.0,
165.809452363,0.991117030214,0.00111993489745,0.164140864633,0.0798837442614,1.16374991222,2.19804951238,0.00111993489745,5367.26230916,6.0,
33.1027756939,0.998196528757,0.000911705795916,0.162060059834,0.07230313323,1.19981243489,1.64741185296,0.000911705795916,5234.23092682,6.0,
83.1852963241,0.99538833619,0.00106140563648,0.160097025324,0.0754797764348,1.14800114423,1.80195048762,0.00106140563648,5219.56020659,6.0,
95.087771943,0.994856001229,0.00114694840252,0.173832215413,0.0746657985207,1.19882363384,1.9759939985,0.00114694840252,5167.59027593,6.0,
86.3480870218,0.99550014617,0.00120491488213,0.173806777158,0.0795908440719,1.14922665809,1.70292573143,0.00120491488213,5488.37620365,6.0,
60.5191297824,0.996863991325,0.00131465724646,0.176814811755,0.0837422481037,1.11364216591,1.53038259565,0.00131465724646,5555.93112705,6.0,
32.3465866467,0.998268494969,0.000863306599343,0.151820745946,0.0737405777003,1.16341225235,1.58289572393,0.000863306599343,5451.14478049,6.0,
151.210052513,0.991507794162,0.00126513248717,0.170688378512,0.0798337860464,1.13344727023,2.04576144036,0.00126513248717,5120.35777435,6.0,
93.6106526632,0.994756597924,0.000944347114536,0.158115959177,0.0740971326616,1.15431501688,1.84621155289,0.000944347114536,5219.32806508,6.0,
18.4478619655,0.999021881146,0.00113850668218,0.170118277586,0.0796704590478,1.1194416681,1.35708927232,0.00113850668218,5478.81990481,6.0,
122.19579895,0.993184958289,0.000997248561953,0.16568036311,0.0692453030706,1.18878751921,2.20330082521,0.000997248561953,5135.88973907,6.0,
31.48012003,0.998288376668,0.00113119052456,0.168041191374,0.0791022278621,1.15361060217,1.4096024006,0.00113119052456,5280.61032555,6.0,
18.8169542386,0.998953753785,0.000873999445098,0.144590251821,0.0694859386108,1.1598492886,1.6511627907,0.000873999445098,5255.02085002,6.0,
49.2288072018,0.997164714413,0.000800837868882,0.148259867771,0.0737366729571,1.18264481842,1.88747186797,0.000800837868882,5063.85607653,6.0,
47.6091522881,0.99743341098,0.00115370177878,0.161380831142,0.0745451351552,1.1595417388,1.68417104276,0.00115370177878,5284.10137225,6.0,
40.5476369092,0.997733607432,0.000992183529753,0.162870372235,0.0783266564707,1.15880408485,1.49737434359,0.000992183529753,5173.21362822,6.0,
47.6864216054,0.997354806482,0.00102538762973,0.170770114805,0.0813097967784,1.12734545666,1.51987996999,0.00102538762973,5278.34680273,6.0,
27.8859714929,0.998480563073,0.00109123304832,0.167479813836,0.0761384278944,1.18868177468,1.60840210053,0.00109123304832,5168.97650138,6.0,
107.042010503,0.994205150965,0.00100625306364,0.178300631795,0.0786360871373,1.15308034749,1.7231807952,0.00100625306364,5384.1128414,6.0,
60.9219804951,0.996528311576,0.0010220109416,0.173020682365,0.0785237520116,1.19225600708,1.66016504126,0.0010220109416,4980.5535426,6.0,
36.9107276819,0.997935418867,0.000967983931467,0.170987666931,0.0789074657102,1.17261388308,1.5183795949,0.000967983931467,5129.62066513,6.0,
15.3773443361,0.999181873936,0.000970235056889,0.165722682722,0.0773638419649,1.16596951255,1.38184546137,0.000970235056889,5393.96923992,6.0,
38.0390097524,0.997851699057,0.00105521504157,0.169936592936,0.072794043538,1.16172630488,1.61890472618,0.00105521504157,5106.65878424,6.0,
13.7029257314,0.999225532557,0.00106421954326,0.156806757758,0.0713138480446,1.18129845793,1.54988747187,0.00106421954326,5005.27519439,7.0,
55.7981995499,0.997011428092,0.00129270877359,0.189409194832,0.0831125263487,1.20919619285,1.54913728432,0.00129270877359,5110.48843872,7.0,
113.969992498,0.993785808682,0.00167652565805,0.192192974662,0.0810479671241,1.14872485158,1.79294823706,0.00167652565805,5097.65512842,7.0,
86.8357089272,0.995201199596,0.00118409197198,0.176318116657,0.0870791803734,1.20970262091,1.91747936984,0.00118409197198,5017.87760446,7.0,
14.7411852963,0.999186619632,0.001421585704,0.198348218436,0.0886671996207,1.1790226188,1.24681170293,0.001421585704,5014.22643526,7.0,
46.0510127532,0.997428459639,0.00105183835344,0.165282544932,0.0805843255136,1.20289195168,1.855963991,0.00105183835344,5045.11076379,7.0,
33.2070517629,0.99818136116,0.00127132308208,0.184155493635,0.0805643423854,1.19035903748,1.45161290323,0.00127132308208,5084.82066726,7.0,
57.384096024,0.996950557953,0.00119478481773,0.180315508885,0.0853815650299,1.19974221371,1.6016504126,0.00119478481773,5225.00658241,7.0,
78.3060765191,0.995722601614,0.00139232107352,0.186000610476,0.091448743785,1.16640861495,1.58589647412,0.00139232107352,5124.06250292,7.0,
13.4373593398,0.999272053309,0.00166583281229,0.198116863122,0.0981179423979,1.15106729986,1.21830457614,0.00166583281229,5102.26526615,7.0,
64.2543135784,0.996547744368,0.00104170828904,0.18012814754,0.0810621665705,1.20473178778,1.6271567892,0.00104170828904,5224.37842396,7.0,
30.5873968492,0.998278326531,0.0013090294329,0.185373521015,0.0852428494587,1.19104355747,1.35108777194,0.0013090294329,4932.18143443,7.0,
42.4088522131,0.99774506022,0.00118352919062,0.184064640584,0.0915998907876,1.19212561606,1.40210052513,0.00118352919062,5244.57466571,7.0,
115.11627907,0.99366580343,0.00118859422282,0.188037944524,0.0838240503171,1.21610920729,1.97299324831,0.00118859422282,5006.29722336,7.0,
46.784696174,0.997480385186,0.00120885435162,0.176358614648,0.0778629596897,1.14036001684,1.50037509377,0.00120885435162,5321.20645717,7.0,
83.5881470368,0.995434486951,0.00100512750093,0.166635158934,0.0712465093572,1.22710391484,1.93173293323,0.00100512750093,5086.77579489,7.0,
92.8694673668,0.994776631849,0.00111093039576,0.175542214329,0.0809457293079,1.20687998513,1.86571642911,0.00111093039576,4970.70754158,7.0,
92.3713428357,0.995028772801,0.00107547517037,0.174808402973,0.0808734902448,1.17824414121,1.74268567142,0.00107547517037,5289.4541827,7.0,
59.3953488372,0.996730539658,0.00103495491277,0.168664356355,0.0784397351267,1.21427326438,1.65791447862,0.00103495491277,5080.24457734,7.0,
59.3563390848,0.996759889939,0.00120716600756,0.172994844881,0.0809772719513,1.19462340139,1.75543885971,0.00120716600756,5086.71026751,7.0,
77.1222805701,0.995724937069,0.00119534759909,0.185368080538,0.0842355505464,1.23198097857,1.77344336084,0.00119534759909,4931.6259178,7.0,
33.3150787697,0.998180645402,0.00136418200574,0.181214181283,0.0819490343571,1.1794691467,1.37959489872,0.00136418200574,5101.07285821,7.0,
20.7539384846,0.998871119273,0.00117396190758,0.17538969474,0.0907529026901,1.17508142831,1.37509377344,0.00117396190758,5142.17276015,7.0,
77.5326331583,0.995585489666,0.00105127557208,0.168834159873,0.0873471980374,1.24439684646,1.83570892723,0.00105127557208,4808.98893291,7.0,
13.7591897974,0.999249967454,0.00129833658715,0.178287740904,0.0803873195775,1.16950861264,1.31807951988,0.00129833658715,5123.19670857,7.0,
116.799699925,0.993373067257,0.00132985234306,0.202925280937,0.0970572450037,1.36978211446,2.09452363091,0.00132985234306,4364.82505899,7.0,
173.301575394,0.990564464527,0.00118184084656,0.181557531019,0.0820786807553,1.19592445809,2.26031507877,0.00118184084656,5159.82759957,7.0,
37.6016504126,0.997864317935,0.00128201592784,0.174655392355,0.0839802996562,1.17134617715,1.49362340585,0.00128201592784,4936.63140352,7.0,
61.895723931,0.996634811216,0.00104395941446,0.171123602756,0.0789756056288,1.20718081473,1.70217554389,0.00104395941446,5138.10877997,7.0,
13.8702175544,0.999222062352,0.00144634808365,0.183149216475,0.08162173132,1.17404621956,1.42610652663,0.00144634808365,4928.70307219,7.0,
44.8102025506,0.997521547511,0.00115876681098,0.174399311122,0.0758010243685,1.2297140286,1.7584396099,0.00115876681098,4965.98263911,7.0,
102.990247562,0.994080462669,0.00124262123295,0.174252536831,0.0782299934439,1.16251172932,1.81695423856,0.00124262123295,4949.17299587,7.0,
94.2595648912,0.994872492627,0.00137656319556,0.179229883714,0.0774647324349,1.20074393352,1.90997749437,0.00137656319556,5022.58313564,7.0,
39.4283570893,0.99795669635,0.00118971978554,0.175768057719,0.0802526871985,1.18771128075,1.45236309077,0.00118971978554,5384.06452534,7.0,
65.976744186,0.996333788905,0.0015594671361,0.179534344099,0.0813850534199,1.17948635503,1.77569392348,0.0015594671361,5020.54868726,7.0,
84.8672168042,0.995460894913,0.00142890186162,0.193846357489,0.0889981870975,1.16632042045,1.56339084771,0.00142890186162,5208.93795101,7.0,
55.2040510128,0.99697807327,0.00129327155495,0.183098462953,0.0817450949558,1.19733721933,1.61665416354,0.00129327155495,5060.10021728,7.0,
145.078019505,0.992000218572,0.00153132806833,0.180524312531,0.0892967935076,1.16722181409,2.1087771943,0.00153132806833,5038.51070703,7.0,
135.006751688,0.992810675862,0.00122798891771,0.181424459535,0.0863856665078,1.20660950498,2.10652663166,0.00122798891771,5198.30509238,7.0,
61.1102775694,0.996620199886,0.00108954470426,0.175407506121,0.0828978981233,1.21777467726,1.75243810953,0.00108954470426,5008.60984898,7.0,
113.909977494,0.993808237581,0.00147617549549,0.189679871489,0.0900985583831,1.20627639258,1.903975994,0.00147617549549,5011.8635119,7.0,
61.9759939985,0.996664517545,0.00134054518881,0.181691867651,0.0837760254195,1.22344723996,1.63690922731,0.00134054518881,5033.48555149,7.0,
36.9197299325,0.997975614204,0.00126794639395,0.191935968822,0.0904132051182,1.21704567238,1.45686421605,0.00126794639395,4982.4130226,7.0,
13.6841710428,0.999255655333,0.00120716600756,0.182812865449,0.0893062206393,1.19965538474,1.33608402101,0.00120716600756,5076.9401298,7.0,
38.4478619655,0.997761853172,0.00149418449886,0.207360778699,0.0968575230455,1.34063613918,1.60615153788,0.00149418449886,4270.40287355,7.0,
113.702175544,0.993836752423,0.00155215097848,0.203478979833,0.0876011753098,1.17355251882,1.6736684171,0.00155215097848,5111.58723143,7.0,
73.3630907727,0.995933173883,0.00151557019037,0.188229418531,0.0900604896172,1.13783651966,1.44861215304,0.00151557019037,5072.25023674,7.0,
91.3953488372,0.994938039435,0.00178851914779,0.204683553637,0.089243060281,1.17770149452,1.74343585896,0.00178851914779,4921.68285991,7.0,
8.12378094524,0.999557163427,0.00163375427503,0.19736249661,0.0971027451897,1.16664936048,1.12453113278,0.00163375427503,5021.63869603,7.0,
79.2423105776,0.995812617361,0.00155102541577,0.199909595878,0.0956401180938,1.1467738895,1.43435858965,0.00155102541577,5265.80110928,7.0,
