13.4478058511,0.999258978243,0.00122932375368,0.198661826313,0.0929707589262,1.25213715198,1.33942819149,0.00122932375368,4918.22276407,1.0,
63.4232047872,0.996554456518,0.00174689303701,0.21403409369,0.0977641199324,1.15573734089,1.31748670213,0.00174689303701,5127.1967068,1.0,
31.6183510638,0.998362477264,0.00137101152246,0.206328727483,0.0970527261052,1.23274969394,1.2267287234,0.00137101152246,5233.64253352,1.0,
41.7320478723,0.997731231282,0.00143621884195,0.208502076636,0.101395052895,1.17322486401,1.18218085106,0.00143621884195,5128.73691991,1.0,
41.8011968085,0.997805401695,0.00147987458975,0.214133960539,0.0955536424811,1.20050126059,1.23670212766,0.00147987458975,5229.31590662,1.0,
42.8726728723,0.997682512469,0.00155105003678,0.209336064421,0.101011729611,1.18805577866,1.2616356383,0.00155105003678,5077.45116502,1.0,
73.0378989362,0.996019832057,0.00155569191376,0.212892032324,0.0963058968955,1.15846311059,1.3164893617,0.00155569191376,5139.8999443,1.0,
44.4178856383,0.997627115064,0.00184072526454,0.217231368044,0.100888546223,1.14107439413,1.1326462766,0.00184072526454,5206.5221884,1.0,
72.4537898936,0.996086208941,0.000856536823789,0.178038880925,0.0834317892959,1.26847112146,1.71043882979,0.000856536823789,5155.97909373,1.0,
58.960106383,0.996606059796,0.00116400591331,0.187992162852,0.0881054064185,1.23652080726,1.57978723404,0.00116400591331,4804.68198886,1.0,
98.1067154255,0.994568539813,0.00126988491682,0.19019224234,0.0900815018627,1.20735183194,1.77692819149,0.00126988491682,5047.89014782,1.0,
94.0083111702,0.994906043988,0.00102596533358,0.199202936841,0.0919318242116,1.27350616164,1.67519946809,0.00102596533358,5036.77855799,1.0,
49.1449468085,0.99714302116,0.00110808234778,0.189699809479,0.0903643405624,1.23837109551,1.45744680851,0.00110808234778,4730.72022315,1.0,
61.2772606383,0.996493898579,0.00116433747595,0.198561593624,0.0835815821804,1.24681239682,1.61968085106,0.00116433747595,4814.48465441,1.0,
41.9787234043,0.997644492882,0.00104165929861,0.19828335431,0.0930850988236,1.2953894746,1.43417553191,0.00104165929861,4800.93613734,1.0,
52.4970079787,0.997107721059,0.000998445634337,0.181686507121,0.085459808264,1.2603299154,1.56948138298,0.000998445634337,4999.99624438,1.0,
64.3208111702,0.996523188876,0.00122103468764,0.204903466989,0.0969317554518,1.24797825642,1.4491356383,0.00122103468764,5042.3210043,1.0,
22.3221409574,0.998805296473,0.000899197883658,0.184744667828,0.0897563854233,1.27080538549,1.36402925532,0.000899197883658,5150.49771445,1.0,
34.663231383,0.998126704312,0.00113549152614,0.200594412469,0.0936564392896,1.27590283888,1.33011968085,0.00113549152614,4979.77076317,1.0,
35.1166888298,0.998097120249,0.00121042468311,0.205356011928,0.0950407324665,1.234978276,1.24434840426,0.00121042468311,5037.69080532,1.0,
61.8746675532,0.996607373536,0.00129475211493,0.212530404,0.0977588859627,1.23807568233,1.29222074468,0.00129475211493,4932.98765826,1.0,
80.7869015957,0.995544014463,0.00139897330523,0.213811396677,0.104659898095,1.24231762657,1.453125,0.00139897330523,4884.57294311,1.0,
75.1645611702,0.996020621266,0.00116301122538,0.196629948553,0.089922869883,1.24807672415,1.61934840426,0.00116301122538,5166.73943808,1.0,
35.6954787234,0.998005234648,0.00139510507441,0.20784462645,0.095199219635,1.24601746095,1.32380319149,0.00139510507441,4800.82208009,1.0,
63.1921542553,0.996531026201,0.00109736182237,0.1914473516,0.0932933241436,1.24592884275,1.49800531915,0.00109736182237,4998.91400204,1.0,
99.75,0.994555390307,0.000947495508431,0.184058118846,0.087914772808,1.26469773995,1.78390957447,0.000947495508431,5074.44457667,1.0,
43.2410239362,0.997649796152,0.00118091560802,0.198253081423,0.0947135804407,1.26856578759,1.42453457447,0.00118091560802,4970.55912444,1.0,
35.0142952128,0.99800244665,0.00114090704929,0.194656633252,0.0964261779638,1.25700291596,1.36070478723,0.00114090704929,4783.03784268,1.0,
101.161901596,0.994192330499,0.000891682463785,0.187109805702,0.0864888016263,1.30391782445,1.85671542553,0.000891682463785,4756.33633465,1.0,
68.9228723404,0.996195624568,0.00106895795609,0.187696857221,0.0858950692501,1.26598858236,1.67420212766,0.00106895795609,4926.33682631,1.0,
43.2519946809,0.997523080069,0.00106077941093,0.197180400114,0.0905315901501,1.26770048271,1.45345744681,0.00106077941093,4794.52941484,1.0,
77.774268617,0.995549928093,0.00138515819517,0.212266258792,0.0959691779851,1.25541202043,1.453125,0.00138515819517,4705.51920137,1.0,
84.9664228723,0.995329799806,0.00130724097442,0.207070256228,0.0987975131989,1.27883698028,1.74567819149,0.00130724097442,4840.27690637,1.0,
92.1017287234,0.994756777672,0.00104718534263,0.188680174422,0.0964928573297,1.2525148326,1.68949468085,0.00104718534263,4868.95363729,1.0,
47.571143617,0.997302777153,0.00128513679833,0.19539697687,0.0914022966637,1.21414261554,1.42287234043,0.00128513679833,4869.93360043,1.0,
55.532912234,0.996861219388,0.00108266254527,0.189783664102,0.0922082122112,1.2237977493,1.45378989362,0.00108266254527,4929.2685514,1.0,
43.1107047872,0.997728107317,0.00115870091105,0.205132946375,0.094956032056,1.23089594969,1.27227393617,0.00115870091105,5255.18179863,1.0,
79.6000664894,0.995535167284,0.00104574857119,0.187742413233,0.0868246414101,1.28259950903,1.8008643617,0.00104574857119,4877.75852063,1.0,
31.5847739362,0.998237477156,0.000706449468085,0.177339168536,0.0878968489717,1.31287816873,1.43384308511,0.000706449468085,4964.16422412,1.0,
64.0325797872,0.996364250753,0.00103823315131,0.195278511537,0.0919074089782,1.27349091066,1.54587765957,0.00103823315131,4808.69303476,1.0,
43.821143617,0.997608090621,0.00127607408612,0.197074507714,0.0858020455924,1.2693036799,1.50531914894,0.00127607408612,4901.04016881,1.0,
85.5202792553,0.995320341454,0.00143666092548,0.204263613414,0.0994537039752,1.22018095154,1.453125,0.00143666092548,4993.35571385,1.0,
71.0545212766,0.996058378806,0.00108067316942,0.195264217137,0.0923946909246,1.26027205918,1.60704787234,0.00108067316942,4951.49724092,1.0,
65.1978058511,0.996311928093,0.00103845419307,0.184971071367,0.0879324623183,1.24065214736,1.62732712766,0.00103845419307,4946.13845661,1.0,
85.2623005319,0.995073072134,0.00106730014288,0.186201379792,0.091496019674,1.2529224159,1.67785904255,0.00106730014288,4766.98605365,1.0,
86.9035904255,0.994914219688,0.00119672009393,0.199724825442,0.0952560388056,1.28718545979,1.75465425532,0.00119672009393,4584.85960386,1.0,
43.7426861702,0.997488977894,0.00100131917723,0.188816203112,0.0904657246466,1.25788023027,1.39295212766,0.00100131917723,4828.92788201,1.0,
36.2476728723,0.998002434466,0.00104641169647,0.190989880634,0.0935733699306,1.25300534073,1.390625,0.00104641169647,5004.46580063,1.0,
19.2799202128,0.998930313605,0.00111968704023,0.198750730818,0.0920112958693,1.26910225047,1.25265957447,0.00111968704023,4880.36886181,1.0,
74.5089760638,0.99595616941,0.00143975551013,0.207070709831,0.101853781485,1.21303398477,1.44182180851,0.00143975551013,5016.03228907,1.0,
40.1286569149,0.997892796832,0.00120799322374,0.207747935804,0.0966023038975,1.29675915069,1.43051861702,0.00120799322374,5010.21921328,2.0,
52.8015292553,0.997194826079,0.00163261444658,0.222876123005,0.106381062509,1.24827685509,1.28823138298,0.00163261444658,4959.87654269,2.0,
80.5063164894,0.995506549128,0.00214178414299,0.234775253546,0.097845337984,1.21394453382,1.52892287234,0.00214178414299,4704.30432575,2.0,
90.4119015957,0.995158129735,0.00140129424372,0.21412266691,0.0999212175724,1.27941621072,1.6053856383,0.00140129424372,4935.85735716,2.0,
67.8138297872,0.996439627543,0.00180093774757,0.229570928219,0.108242963805,1.25878188592,1.37765957447,0.00180093774757,4918.40329673,2.0,
78.7852393617,0.995704500379,0.0016415666379,0.222642561959,0.100257901624,1.31182011785,1.62765957447,0.0016415666379,4698.79656052,2.0,
55.8081781915,0.996961806405,0.00138305829844,0.219084861927,0.0982365876886,1.32891435152,1.55751329787,0.00138305829844,4738.59917568,2.0,
88.1765292553,0.995286276779,0.00180447441574,0.219272351021,0.106345841487,1.27092068837,1.58876329787,0.00180447441574,4830.83945788,2.0,
74.5146276596,0.996144230892,0.00130293066008,0.21488420678,0.100519053754,1.33209647938,1.60970744681,0.00130293066008,4971.13583366,2.0,
89.3630319149,0.995213700323,0.00136426974876,0.218823176395,0.104305845319,1.33256436302,1.70744680851,0.00136426974876,4797.78679543,2.0,
94.0438829787,0.994800894928,0.00154220836634,0.216869806816,0.103483280993,1.24980927002,1.55186170213,0.00154220836634,4854.04225837,2.0,
94.6469414894,0.994752114142,0.00128657356977,0.208952551216,0.0978081787091,1.29625415621,1.6914893617,0.00128657356977,4788.59214049,2.0,
21.8118351064,0.998780818511,0.001736725116,0.223062354845,0.102575775492,1.27302442825,1.27260638298,0.001736725116,4619.19751026,2.0,
39.1496010638,0.997814473614,0.00143235061114,0.207284521116,0.0986999910825,1.27445345872,1.36968085106,0.00143235061114,4751.58920819,2.0,
54.1755319149,0.997155507383,0.00143069279793,0.212646458384,0.0957765159125,1.25064290485,1.42087765957,0.00143069279793,5096.07754809,2.0,
57.7925531915,0.996902758436,0.00155856545665,0.211895675283,0.0991758360627,1.2334783502,1.31117021277,0.00155856545665,4965.91012505,2.0,
45.430518617,0.997569377655,0.00157669088105,0.214767519389,0.101457382006,1.24960461419,1.34940159574,0.00157669088105,4947.72298138,2.0,
73.9527925532,0.996018944361,0.00178413857373,0.223922998627,0.104988105771,1.23190239853,1.42087765957,0.00178413857373,4937.13355703,2.0,
81.493018617,0.995715311216,0.00175219803927,0.230103106007,0.104480816756,1.25157037976,1.44049202128,0.00175219803927,4999.47724373,2.0,
73.5531914894,0.995911779769,0.00181143723121,0.226740871251,0.104689964141,1.28153323742,1.56449468085,0.00181143723121,4624.09250526,2.0,
58.350731383,0.996699097464,0.00127231637619,0.211756965198,0.0952242183216,1.35615607245,1.69448138298,0.00127231637619,4526.98792471,2.0,
34.9431515957,0.998122977106,0.00133476067366,0.216680070199,0.0954636787937,1.27538502299,1.28158244681,0.00133476067366,4951.01243475,2.0,
96.7134308511,0.994721087821,0.00164985570394,0.220426265978,0.104354478541,1.30107793113,1.70545212766,0.00164985570394,4708.28791906,2.0,
47.7719414894,0.997512013029,0.00212288507243,0.221793216637,0.108692814845,1.21567235786,1.33776595745,0.00212288507243,5016.03018091,2.0,
63.1622340426,0.99658505595,0.0020296054493,0.219206196441,0.10102384781,1.2626967582,1.54321808511,0.0020296054493,4787.09372523,2.0,
111.461768617,0.994096883148,0.00164432965991,0.224792404531,0.101378400222,1.30253691194,1.80817819149,0.00164432965991,4874.76311798,2.0,
33.342087766,0.998192464301,0.00145931770598,0.220868355065,0.100842206843,1.28317796862,1.24567819149,0.00145931770598,4837.96462977,2.0,
84.5771276596,0.995372394403,0.00138792121718,0.217173870442,0.104904287101,1.29363151745,1.5897606383,0.00138792121718,4775.43169663,2.0,
33.444481383,0.998161287489,0.00146075447742,0.219878326609,0.0994066894734,1.3035794352,1.32546542553,0.00146075447742,4704.10126472,2.0,
61.5801196809,0.996617122007,0.00151877793968,0.219866499368,0.10336865617,1.27588516708,1.40458776596,0.00151877793968,4780.64952212,2.0,
46.2440159574,0.997585169915,0.00162067819149,0.225743178671,0.104666729378,1.27723951119,1.3477393617,0.00162067819149,4957.78709868,2.0,
77.6542553191,0.99588916112,0.00144738145088,0.222589529393,0.101717873618,1.31349756489,1.54255319149,0.00144738145088,4882.96264384,2.0,
56.1605718085,0.996930474482,0.00180071670581,0.216822486195,0.104565597806,1.23054154148,1.37134308511,0.00180071670581,4851.51866199,2.0,
78.4694148936,0.99584033495,0.00148716896786,0.222113834433,0.105838395421,1.28687855644,1.50864361702,0.00148716896786,4903.60935841,2.0,
64.6768617021,0.996543857044,0.00166886529538,0.223486913578,0.10790271795,1.25563314905,1.38497340426,0.00166886529538,4911.3643882,2.0,
81.5575132979,0.995441351074,0.00171871021248,0.216478342131,0.102639562392,1.24716107404,1.53291223404,0.00171871021248,4713.99902761,2.0,
83.3334441489,0.995493422298,0.00190073810265,0.228008486539,0.107910973027,1.26511576296,1.55618351064,0.00190073810265,4762.50943677,2.0,
31.8337765957,0.998250878139,0.00240637113089,0.221984272269,0.106792763813,1.20932793207,1.26529255319,0.00240637113089,4740.15561764,2.0,
43.8753324468,0.997684729254,0.00209370755998,0.23398528048,0.110287139469,1.18824398507,1.12865691489,0.00209370755998,5024.7736348,2.0,
71.9271941489,0.996093044101,0.00178833836719,0.21559235927,0.103372800058,1.26476231873,1.49966755319,0.00178833836719,4795.95014739,2.0,
90.3234707447,0.9949568512,0.00208575005659,0.219245516202,0.103044675039,1.24412001177,1.7071143617,0.00208575005659,4703.86846192,2.0,
89.100731383,0.995299296815,0.00165272924683,0.208108043337,0.102363470408,1.24240006095,1.578125,0.00165272924683,5054.78133557,2.0,
51.7363696809,0.997123595496,0.00171594719047,0.216093132436,0.101784830161,1.26442997048,1.37533244681,0.00171594719047,4713.34948851,2.0,
51.9251994681,0.997101590566,0.00166400237664,0.224150172698,0.097798471287,1.31018114019,1.49966755319,0.00166400237664,4548.64366352,2.0,
97.758643617,0.994537005207,0.00244427979289,0.229580124351,0.107357668144,1.23588622553,1.58244680851,0.00244427979289,4614.58636542,2.0,
71.9667553191,0.996204303554,0.00186691871322,0.231160004797,0.10661384717,1.26974814932,1.48736702128,0.00186691871322,4850.1232373,2.0,
90.8028590426,0.995277625524,0.00129850982486,0.217412156691,0.101807750012,1.26322235634,1.50166223404,0.00129850982486,5147.08578304,2.0,
41.1638962766,0.997727006713,0.00174214063915,0.226618455201,0.103816968742,1.26435435341,1.24634308511,0.00174214063915,4700.64042971,2.0,
95.6050531915,0.994833858629,0.00149866313943,0.217854295705,0.102335452008,1.29859435041,1.65159574468,0.00149866313943,4797.65202358,2.0,
108.531582447,0.994051120994,0.00151115199892,0.211799195349,0.0952351755157,1.27634725972,1.79554521277,0.00151115199892,4823.4164695,2.0,
55.8849734043,0.997126792206,0.00142151956485,0.208701651387,0.0983999247983,1.22815359714,1.39561170213,0.00142151956485,5273.2185389,3.0,
77.0113031915,0.995853281827,0.00201103794138,0.228546571032,0.101185704032,1.20971612165,1.50199468085,0.00201103794138,4957.82018102,3.0,
45.243018617,0.997545339159,0.00145290749491,0.205672398437,0.0991579679078,1.19547059259,1.29753989362,0.00145290749491,5070.71570617,3.0,
68.6801861702,0.99624401739,0.00196959261119,0.216939316356,0.0997136610927,1.17730647588,1.41356382979,0.00196959261119,4972.70210617,3.0,
48.4923537234,0.997432311472,0.00165195560067,0.216467455246,0.101310038049,1.21581726511,1.34009308511,0.00165195560067,5096.74670164,3.0,
39.5159574468,0.997880450141,0.00169693759903,0.213130318909,0.101380090246,1.19038353089,1.26263297872,0.00169693759903,5073.95744819,3.0,
62.491356383,0.996652233473,0.00167140727563,0.20889796825,0.100802255737,1.17108860116,1.29787234043,0.00167140727563,5136.88132126,3.0,
61.7420212766,0.996704736534,0.00165759216557,0.206344180823,0.092999251054,1.22728372329,1.44414893617,0.00165759216557,5047.26077545,3.0,
75.5841090426,0.996035996253,0.00240393967151,0.22699762585,0.0992341576262,1.14783759071,1.39527925532,0.00240393967151,5154.12047874,3.0,
62.0285904255,0.99679357539,0.00192781571837,0.217811262872,0.106180732901,1.19510680373,1.37699468085,0.00192781571837,5167.96717807,3.0,
49.4188829787,0.997428350416,0.00139532611617,0.202571695383,0.0944094024418,1.17871165266,1.32779255319,0.00139532611617,5359.07794813,3.0,
74.138962766,0.99614332758,0.00179143295184,0.223381365543,0.0981333987005,1.21558502868,1.45811170213,0.00179143295184,5136.04401938,3.0,
132.464760638,0.992837451877,0.00160454214294,0.207760700018,0.0950031479517,1.22659718828,1.79720744681,0.00160454214294,4992.97385772,3.0,
55.7716090426,0.996995993359,0.00186172423184,0.219193276948,0.0963569185066,1.21246604113,1.37333776596,0.00186172423184,4971.78581895,3.0,
44.3839760638,0.997719422279,0.00164012986646,0.209295760894,0.0972871081723,1.18781878755,1.24700797872,0.00164012986646,5284.31496509,3.0,
57.4880319149,0.996906286019,0.00138637392485,0.197646532354,0.0979733947665,1.20841116895,1.38896276596,0.00138637392485,5086.20477228,3.0,
94.9833776596,0.994969199243,0.00155160264118,0.206324184327,0.0979829076684,1.21901345552,1.63098404255,0.00155160264118,5123.28971843,3.0,
41.1442819149,0.99776947512,0.00120114092915,0.198519062104,0.0919119820025,1.24274947175,1.35704787234,0.00120114092915,5021.80013332,3.0,
54.4886968085,0.997169834862,0.00132901358788,0.199209035117,0.094013162221,1.20434868084,1.38098404255,0.00132901358788,5350.43119556,3.0,
53.0947473404,0.997215129356,0.00143014019353,0.205344912849,0.095281058275,1.24019859521,1.42386968085,0.00143014019353,5152.97668163,3.0,
73.7972074468,0.996081598691,0.00146418062472,0.208113860118,0.0945648421822,1.21810347127,1.58710106383,0.00146418062472,5149.47125027,3.0,
74.5664893617,0.995875538285,0.00126060116286,0.197879264173,0.0875923160497,1.275403757,1.67021276596,0.00126060116286,4900.33488218,3.0,
64.7506648936,0.996435748506,0.00158862713615,0.213337683466,0.0969501898995,1.23692612721,1.44946808511,0.00158862713615,4873.71269229,3.0,
72.0349069149,0.996008325036,0.00136636964548,0.199527494726,0.0956733564314,1.2465982223,1.5741356383,0.00136636964548,4879.91134809,3.0,
23.5661569149,0.998730531916,0.00157525410961,0.20930982704,0.100328842988,1.24185980673,1.31017287234,0.00157525410961,4933.40045186,3.0,
34.4125664894,0.998147300895,0.00182138411046,0.217349783428,0.0966128868903,1.16376299383,1.1678856383,0.00182138411046,5114.68402086,3.0,
49.8474069149,0.997351720736,0.0019978859566,0.221323780327,0.0982762385305,1.20801651332,1.40059840426,0.0019978859566,5045.87447867,3.0,
58.3011968085,0.996858935246,0.00170025322544,0.21030909518,0.0989240972044,1.15651629338,1.34175531915,0.00170025322544,5143.47995323,3.0,
57.1775265957,0.996910949334,0.0013102250382,0.203955633785,0.0961741875176,1.22810586096,1.40492021277,0.0013102250382,5069.50813612,3.0,
47.039893617,0.997511198613,0.0022420265816,0.231103164982,0.0989366222364,1.16166798409,1.19414893617,0.0022420265816,5150.83208014,3.0,
97.0648271277,0.994547068608,0.00153701388496,0.204625906959,0.0969033849012,1.24032036984,1.70246010638,0.00153701388496,4810.61338212,3.0,
54.6210106383,0.997003597763,0.00135454391127,0.203484337852,0.0965520857236,1.21942099079,1.40159574468,0.00135454391127,4999.94280356,3.0,
67.9800531915,0.996436047743,0.0014161040417,0.220935258523,0.0975224451202,1.23761460616,1.37632978723,0.0014161040417,5167.52908134,3.0,
64.9451462766,0.996537408722,0.00129143648851,0.206016227986,0.0976293671056,1.27197805221,1.49900265957,0.00129143648851,5041.12252549,3.0,
41.5618351064,0.997788209687,0.00129696253254,0.21172519154,0.0921776324933,1.26918890118,1.35372340426,0.00129696253254,5061.32958775,3.0,
41.6532579787,0.99770857269,0.00136095412234,0.200687005338,0.0961045980062,1.21886609653,1.33743351064,0.00136095412234,4979.86760628,3.0,
66.0192819149,0.996280070324,0.001293757427,0.200792136062,0.0944861863098,1.23422576989,1.52127659574,0.001293757427,4878.2796809,3.0,
32.1682180851,0.998284686275,0.00156486514684,0.194244458804,0.0909986848025,1.19437432391,1.3204787234,0.00156486514684,5167.95986536,3.0,
71.9301861702,0.996249693694,0.00139477351177,0.205199042654,0.0893730804692,1.19184435345,1.45611702128,0.00139477351177,5316.79917462,3.0,
62.1313164894,0.996714509197,0.00106077941093,0.196113891795,0.0950196104787,1.26857990118,1.53357712766,0.00106077941093,5156.87711089,3.0,
103.326462766,0.994272753641,0.0012750793982,0.214234823026,0.0964754657848,1.29596202469,1.72606382979,0.0012750793982,4777.01534712,3.0,
74.4285239362,0.995973345711,0.00168787488683,0.211295924247,0.099355145343,1.21844591214,1.43517287234,0.00168787488683,4997.67596754,3.0,
43.7406914894,0.99759268918,0.00140715185038,0.205867660617,0.0959065169636,1.23242842878,1.38696808511,0.00140715185038,4947.39344477,3.0,
79.8181515957,0.995553500478,0.00159260588785,0.213508702709,0.0983011331483,1.21224772393,1.5236037234,0.00159260588785,4893.04674746,3.0,
78.6349734043,0.99590741492,0.00107934691885,0.198313314309,0.0930005491507,1.26925995909,1.59242021277,0.00107934691885,5243.61383176,3.0,
66.8640292553,0.996452438591,0.00180668483335,0.215016675789,0.103601395132,1.21911881818,1.44448138298,0.00180668483335,5028.79594114,3.0,
86.6329787234,0.995251064726,0.00146959614786,0.198528777282,0.089119089815,1.21987465742,1.70412234043,0.00146959614786,5011.94275244,3.0,
80.5425531915,0.995756539034,0.00135708589152,0.210684371064,0.0942024987126,1.26650405198,1.61968085106,0.00135708589152,5056.94129865,3.0,
61.4790558511,0.996670932054,0.00116035872425,0.194901423905,0.0896674431226,1.24055072996,1.66522606383,0.00116035872425,5127.45937081,3.0,
87.7224069149,0.995270456525,0.00130127284688,0.196775629314,0.0949285323911,1.23603759623,1.65458776596,0.00130127284688,5081.27969477,3.0,
30.4019281915,0.998376120601,0.00129309430172,0.206763986909,0.0931020729006,1.34440388945,1.50299202128,0.00129309430172,4789.24738473,4.0,
82.9654255319,0.995375827733,0.00167980686255,0.22243640569,0.107029991847,1.33768165289,1.76462765957,0.00167980686255,4498.22730717,4.0,
46.3331117021,0.997454619603,0.00195633010553,0.218500181084,0.103056667592,1.24207201747,1.37167553191,0.00195633010553,4737.24131845,4.0,
57.3873005319,0.996810226768,0.00151833585616,0.218774040858,0.0996518306127,1.3027816558,1.50964095745,0.00151833585616,4625.11590971,4.0,
88.7004654255,0.995324513366,0.00216753550815,0.227412208769,0.106593102212,1.24730463877,1.52958776596,0.00216753550815,4869.22147879,4.0,
113.67087766,0.993823485534,0.00157083327439,0.216300489134,0.101693733268,1.30616447811,1.78058510638,0.00157083327439,4728.89413585,4.0,
36.9208776596,0.997988012333,0.00182867848857,0.22071672122,0.101661642426,1.28972874508,1.375,0.00182867848857,4707.73072064,4.0,
43.8876329787,0.997561657914,0.00193079978214,0.220290963827,0.0981649898613,1.25727986166,1.42619680851,0.00193079978214,4654.85996924,4.0,
53.5462101064,0.997225929369,0.00239808206485,0.230839384925,0.102780216403,1.2164752525,1.32945478723,0.00239808206485,4997.96138461,4.0,
62.9251994681,0.996564210153,0.00195986677371,0.234750705242,0.104879910922,1.30522039587,1.53490691489,0.00195986677371,4590.98963793,4.0,
69.5628324468,0.996342553659,0.00215394143985,0.230485859381,0.103319970661,1.20257234412,1.42453457447,0.00215394143985,4998.16037459,4.0,
44.015625,0.997577264473,0.00127076908386,0.205180738249,0.098367048112,1.3548895802,1.52825797872,0.00127076908386,4615.37370007,4.0,
101.48537234,0.994174291699,0.00140029955579,0.203462386258,0.0962295155752,1.32594667962,1.88497340426,0.00140029955579,4519.14327328,4.0,
61.616356383,0.996476575339,0.00127231637619,0.202397069495,0.0958986122481,1.34151618342,1.64694148936,0.00127231637619,4514.82032636,4.0,
71.1994680851,0.996052535513,0.00149236344924,0.201082112919,0.100191407519,1.32832448862,1.73936170213,0.00149236344924,4597.31261135,4.0,
88.7553191489,0.99523830521,0.00115195913734,0.198030573676,0.095258807712,1.35138561755,1.89029255319,0.00115195913734,4834.52330261,4.0,
69.9760638298,0.996137581485,0.00111902391495,0.200443485849,0.0963663180148,1.3692485739,1.73603723404,0.00111902391495,4644.47225209,4.0,
96.4717420213,0.9946245521,0.00108730442225,0.201398351193,0.091742261614,1.36222793427,1.91123670213,0.00108730442225,4668.23389322,4.0,
47.7928856383,0.997270739825,0.00135222297278,0.208633185765,0.0924099655473,1.35412873582,1.6133643617,0.00135222297278,4442.67433813,4.0,
46.4544547872,0.997256151317,0.00122390823053,0.20494451294,0.0928877768669,1.37351904499,1.66057180851,0.00122390823053,4291.15372289,4.0,
72.1914893617,0.995913865494,0.00118423123444,0.20197847232,0.0938370249026,1.29480508859,1.59906914894,0.00118423123444,4682.70805567,4.0,
91.609375,0.994976727373,0.0014568862466,0.220230532655,0.0991885389924,1.32294655551,1.73105053191,0.0014568862466,4656.82852481,4.0,
57.3936170213,0.996827623056,0.00120169353356,0.201564451679,0.0953169997431,1.34309916955,1.5977393617,0.00120169353356,4654.06985247,4.0,
53.3597074468,0.996908525625,0.00116908987381,0.195754563084,0.0949611415906,1.34338026193,1.6954787234,0.00116908987381,4474.71368805,4.0,
36.8779920213,0.997862241001,0.00138615288309,0.208062093747,0.100514220379,1.35497912908,1.56416223404,0.00138615288309,4368.53225213,4.0,
52.7227393617,0.997126251674,0.00295267584314,0.237468765945,0.10721083029,1.22847022003,1.39295212766,0.00295267584314,4600.55676077,4.0,
94.642287234,0.995022400318,0.0018590717307,0.23203728683,0.109694186184,1.29340330431,1.61303191489,0.0018590717307,4801.71550436,4.0,
75.1898271277,0.99585062031,0.00201015377433,0.233502035272,0.100092902789,1.30252017991,1.61535904255,0.00201015377433,4574.27533943,4.0,
115.525930851,0.993723857529,0.00233696401794,0.235528667792,0.107868308626,1.26414461119,1.7147606383,0.00233696401794,4676.7653084,4.0,
108.498337766,0.994315557413,0.00240891311114,0.233319764709,0.107935149459,1.21927705281,1.69847074468,0.00240891311114,4964.65511387,4.0,
77.7224069149,0.995894559026,0.00219604989531,0.239534165755,0.112049583553,1.25361361106,1.41722074468,0.00219604989531,4789.37915589,4.0,
36.2506648936,0.998119454658,0.00205414108477,0.226993533513,0.104514005971,1.23139699589,1.25199468085,0.00205414108477,4984.20161799,4.0,
111.053523936,0.993878659487,0.00173153063462,0.224589838924,0.106220654245,1.28080125727,1.70844414894,0.00173153063462,4678.09592505,4.0,
78.0631648936,0.9958823291,0.00201822179861,0.229518917026,0.110424549197,1.25719620428,1.51196808511,0.00201822179861,4877.73735842,4.0,
102.541555851,0.994703431195,0.00176722887902,0.218448767164,0.106406329201,1.23893893558,1.67519946809,0.00176722887902,5095.47042458,4.0,
74.7064494681,0.995963282397,0.00184713547561,0.232054467649,0.106783797409,1.2642726455,1.50033244681,0.00184713547561,4770.91556539,4.0,
22.3909574468,0.998765629437,0.00181420025323,0.224740658457,0.10693641717,1.29959746265,1.32646276596,0.00181420025323,4604.30196923,4.0,
34.7878989362,0.998153377284,0.00176778148342,0.235315379239,0.102863300471,1.26531844565,1.30385638298,0.00176778148342,4886.09255725,4.0,
47.6130319149,0.997386442647,0.0015866377603,0.214615885951,0.100031009777,1.33825414379,1.56715425532,0.0015866377603,4602.14921237,4.0,
70.5761303191,0.996273892111,0.00226147825656,0.227042144776,0.103974031791,1.22265821723,1.49168882979,0.00226147825656,4916.27048498,4.0,
112.788231383,0.994091363472,0.00205259379244,0.234802549849,0.10456546307,1.26228928981,1.74833776596,0.00205259379244,4875.93512121,4.0,
47.0186170213,0.997557499175,0.0020392207659,0.234469352346,0.10684244509,1.27652326268,1.36502659574,0.0020392207659,4888.56404206,4.0,
85.5894281915,0.995481016399,0.00221749094613,0.247492569743,0.106654606221,1.23636402518,1.43982712766,0.00221749094613,4842.86476524,4.0,
73.0734707447,0.995985538927,0.00226258346537,0.224182371327,0.103936199981,1.23218372938,1.60671542553,0.00226258346537,4726.84791606,4.0,
46.0246010638,0.997622303991,0.00177872305059,0.227397987567,0.105862094591,1.26536679188,1.41755319149,0.00177872305059,4976.61734046,4.0,
91.4980053191,0.995123855822,0.00229540816687,0.242250637009,0.112555909408,1.24512883968,1.48470744681,0.00229540816687,4784.47290709,4.0,
75.6356382979,0.99598286761,0.00194129926579,0.224440217146,0.104259762228,1.23746905659,1.48071808511,0.00194129926579,4947.30717855,4.0,
70.732712766,0.996159107256,0.00194870416478,0.221856367712,0.108203934792,1.27347087099,1.6017287234,0.00194870416478,4700.79302876,4.0,
113.386635638,0.99386342734,0.00179662743323,0.222806820104,0.104922425953,1.30993467111,1.91256648936,0.00179662743323,4693.83419004,4.0,
45.7443484043,0.997558398202,0.00203723139005,0.237752863688,0.107969085146,1.25969194699,1.28756648936,0.00203723139005,4768.47182191,4.0,
127.357380319,0.992973717445,0.00131950879216,0.224282064412,0.101001599825,1.39626214379,2.01628989362,0.00131950879216,4508.06821418,5.0,
45.9311835106,0.997444146498,0.00217284051041,0.236197564909,0.113719611191,1.32094892989,1.45844414894,0.00217284051041,4393.32808286,5.0,
72.0103058511,0.99618206926,0.00225783106751,0.23235143097,0.107123712386,1.30243915856,1.64594414894,0.00225783106751,4649.08980181,5.0,
25.3131648936,0.998571377614,0.00181906317197,0.236007907801,0.103368699404,1.38434602915,1.45079787234,0.00181906317197,4268.00530553,5.0,
147.279920213,0.992097084157,0.00211890632073,0.247584271607,0.115400797566,1.32998293379,1.95944148936,0.00211890632073,4560.40819829,5.0,
53.5325797872,0.996964615862,0.00155348149615,0.216094092379,0.0959436501161,1.3857348601,1.77194148936,0.00155348149615,4357.40501631,5.0,
109.434507979,0.993846864533,0.00124999115833,0.206724572733,0.0965148400808,1.40448286571,2.0861037234,0.00124999115833,4416.94199593,5.0,
61.3623670213,0.996684588111,0.00133111348461,0.210993098758,0.0953504937917,1.35560720287,1.7892287234,0.00133111348461,4710.90351701,5.0,
46.3769946809,0.99730118237,0.00116621633092,0.198499659695,0.0926962917513,1.4155133475,1.88497340426,0.00116621633092,4254.98950322,5.0,
102.229055851,0.994538658975,0.00162222548382,0.220222850056,0.106203126267,1.34672465692,1.79155585106,0.00162222548382,4706.79369847,5.0,
96.1658909574,0.994662283492,0.00150529439226,0.20548505642,0.10038406312,1.3830595741,2.07878989362,0.00150529439226,4443.44654605,5.0,
66.633643617,0.996498597126,0.00157160692055,0.20938264177,0.102097644062,1.32948110088,1.64760638298,0.00157160692055,4781.17283789,5.0,
39.8956117021,0.99775242804,0.001311330247,0.208695252045,0.0983164007495,1.39193843177,1.71343085106,0.001311330247,4421.74139631,5.0,
140.484375,0.992175598211,0.00160177912093,0.216262681354,0.100077752608,1.37492334878,2.18583776596,0.00160177912093,4451.81283353,5.0,
100.627659574,0.994289908756,0.00123407615154,0.198823190235,0.0897017816074,1.40059090789,2.17021276596,0.00123407615154,4392.58453984,5.0,
42.3557180851,0.997620440676,0.00110123005319,0.208109202729,0.0937030642264,1.40041412251,1.68417553191,0.00110123005319,4471.68562204,5.0,
74.3809840426,0.995845008871,0.00137907954674,0.212487900419,0.0960906607704,1.42496174086,1.97872340426,0.00137907954674,4360.47484738,5.0,
120.470079787,0.993461910827,0.00147258021163,0.219035472545,0.0999493677927,1.36081419453,1.91622340426,0.00147258021163,4597.40309828,5.0,
82.7556515957,0.995385048711,0.00125629084852,0.217516436333,0.0932481455691,1.42611549648,1.91722074468,0.00125629084852,4425.45167202,5.0,
70.8676861702,0.996179045087,0.00145058655642,0.220361749623,0.105796578562,1.37544057602,1.69946808511,0.00145058655642,4637.35973912,5.0,
78.1722074468,0.995669893912,0.00124965959569,0.220730444911,0.101878731053,1.42051031438,1.80385638298,0.00124965959569,4438.91329436,5.0,
95.0322473404,0.994610372625,0.00143975551013,0.217326744856,0.0997182216777,1.37071984625,1.85206117021,0.00143975551013,4410.53720857,5.0,
47.9800531915,0.997430137008,0.0018217156731,0.216594398308,0.0966526046585,1.34601691025,1.61303191489,0.0018217156731,4651.8646924,5.0,
103.842087766,0.994131075791,0.0012665692904,0.21426243804,0.098952437197,1.41585900706,1.99102393617,0.0012665692904,4382.69509275,5.0,
45.9787234043,0.997461849485,0.00137300089831,0.22082787207,0.104678858394,1.40286345924,1.57779255319,0.00137300089831,4440.89978738,5.0,
47.3341090426,0.997290849122,0.00104983784376,0.205737280124,0.0976861325501,1.45794853396,1.79155585106,0.00104983784376,4281.74050299,5.0,
118.998005319,0.992969570573,0.00150308397465,0.206013941599,0.0971688146559,1.38034984011,2.14428191489,0.00150308397465,4232.57518134,5.0,
36.9055851064,0.998016552729,0.00100065605195,0.192294802277,0.0944155675695,1.31457892477,1.55784574468,0.00100065605195,4969.79433326,5.0,
54.4850398936,0.996881538859,0.00133818682096,0.210115504751,0.096997792221,1.41017458853,1.79488031915,0.00133818682096,4318.99157764,5.0,
68.4837101064,0.996078116244,0.001374216628,0.212975658632,0.0982541506968,1.38989920322,1.87333776596,0.001374216628,4341.73350012,5.0,
45.1489361702,0.997537942843,0.00119484123897,0.206809352228,0.0915022761553,1.35489303753,1.55186170213,0.00119484123897,4716.73179831,5.0,
61.9501329787,0.996439030702,0.00125684345292,0.209871074835,0.0967958097345,1.4326764649,1.90026595745,0.00125684345292,4271.89360957,5.0,
51.888962766,0.996816669572,0.00116389539243,0.207013964124,0.0916708042175,1.43714030431,1.89494680851,0.00116389539243,4002.26608402,5.0,
73.4471409574,0.99576802728,0.00171727344104,0.223040166226,0.102700431128,1.34875274727,1.71309840426,0.00171727344104,4311.98503166,5.0,
76.1160239362,0.995460397593,0.00155978118634,0.207941446433,0.0948173651038,1.42643881228,2.11801861702,0.00155978118634,4095.21445715,5.0,
82.1835106383,0.995480790639,0.00165471862268,0.227635082441,0.106843866305,1.40601695022,1.82646276596,0.00165471862268,4379.7090703,5.0,
64.5169547872,0.996364133852,0.0013475810958,0.207690392387,0.0940135307203,1.298187602,1.62001329787,0.0013475810958,4638.78237798,5.0,
63.5545212766,0.996479983033,0.0012694428333,0.216168006396,0.0969940765621,1.36731569892,1.66356382979,0.0012694428333,4618.74743671,5.0,
60.2626329787,0.99651935571,0.0016053157891,0.224018581374,0.101317763699,1.38057344923,1.61901595745,0.0016053157891,4225.74870215,5.0,
72.7716090426,0.996018240599,0.00165471862268,0.212104208892,0.100260143664,1.33448855966,1.74301861702,0.00165471862268,4612.00315492,5.0,
70.3131648936,0.996077268224,0.0015605548325,0.210884282383,0.104107245189,1.25978066749,1.54122340426,0.0015605548325,4699.44602939,5.0,
31.3058510638,0.998240253683,0.00135354922335,0.214160733672,0.0974244430489,1.3579417439,1.50864361702,0.00135354922335,4502.3550785,5.0,
63.4182180851,0.996445177743,0.00151513075062,0.218356108892,0.102246605925,1.34981535758,1.6602393617,0.00151513075062,4476.13161343,5.0,
45.404587766,0.997509717164,0.000923622998246,0.192231482648,0.091589253591,1.44152063243,1.82081117021,0.000923622998246,4555.46792678,5.0,
69.5352393617,0.995999377683,0.00117881571129,0.201374830096,0.0940778970479,1.39577374086,2.04587765957,0.00117881571129,4383.32273843,5.0,
112.80418883,0.993645855307,0.00121374030953,0.207811206398,0.099178057267,1.38566064681,1.96176861702,0.00121374030953,4466.4209296,5.0,
48.6914893617,0.997271405429,0.00186437673297,0.223384708552,0.106514139725,1.33851618466,1.53058510638,0.00186437673297,4404.91727014,5.0,
74.3480718085,0.996081763242,0.00225263658612,0.239014051402,0.113764053852,1.29241026719,1.50964095745,0.00225263658612,4716.17095298,5.0,
61.3962765957,0.996675274042,0.00183254671939,0.224713579423,0.105531411244,1.29092937924,1.54720744681,0.00183254671939,4704.71266534,5.0,
54.4817154255,0.996816582153,0.00154231888722,0.222088362832,0.100176629249,1.39503245108,1.76230053191,0.00154231888722,4160.10324059,5.0,
77.8314494681,0.995359380327,0.000371571200204,0.141723131535,0.0582659355596,1.3894626246,2.36003989362,0.000371571200204,4758.58169461,6.0,
45.1738696809,0.997555837174,0.000914449765165,0.176760570555,0.084988198562,1.21220410753,1.48171542553,0.000914449765165,5270.93590763,6.0,
72.0009973404,0.996125718224,0.000916991745416,0.179022641416,0.0815180350534,1.21350908816,1.58743351064,0.000916991745416,5302.0675037,6.0,
44.055518617,0.997598999225,0.00086814151624,0.168241542819,0.0774202136574,1.24041769186,1.5861037234,0.00086814151624,5188.24458891,6.0,
81.2406914894,0.995421276627,0.000846479423665,0.162598744861,0.0811300096594,1.20918253948,1.8204787234,0.000846479423665,5131.49846253,6.0,
55.9903590426,0.996910807856,0.000824817331089,0.164436057966,0.0792902729256,1.24240002424,1.67121010638,0.000824817331089,5143.86265199,6.0,
63.6103723404,0.996532006096,0.00107337879131,0.184122405862,0.0827105232982,1.17943849345,1.46875,0.00107337879131,5251.46739243,6.0,
34.5900930851,0.998195988482,0.00107426295835,0.175188666505,0.0801467701035,1.16909136458,1.32480053191,0.00107426295835,5522.18866389,6.0,
56.9042553191,0.996862601153,0.00107636285508,0.17206168148,0.0833986393156,1.15214353051,1.48005319149,0.00107636285508,5279.15056097,6.0,
77.4494680851,0.995810016289,0.000976120416478,0.173348600027,0.0802503234948,1.17820482629,1.69747340426,0.000976120416478,5364.42648612,6.0,
57.710106383,0.996783543617,0.00106144253622,0.178965335439,0.0846696047839,1.16974971339,1.45678191489,0.00106144253622,5172.79255186,6.0,
45.2084441489,0.997543467371,0.00116654789356,0.179838545306,0.0883712232874,1.21526424518,1.53690159574,0.00116654789356,5161.75570683,6.0,
99.0827792553,0.994409130924,0.00106630545496,0.182812462075,0.0851912756626,1.22755594272,1.80285904255,0.00106630545496,4995.15571827,6.0,
102.973071809,0.994264337016,0.00127574252348,0.189001568506,0.089394037305,1.15084622996,1.60605053191,0.00127574252348,5167.72528954,6.0,
73.4428191489,0.996131779651,0.00118876259054,0.188148341294,0.0855009390913,1.18789184203,1.5704787234,0.00118876259054,5354.42114863,6.0,
33.8427526596,0.998137249297,0.00103171241936,0.186150494056,0.0886581563423,1.19786484715,1.31017287234,0.00103171241936,5176.24157529,6.0,
88.7596409574,0.99499929963,0.00103966992276,0.178492018849,0.0853197294658,1.21835964279,1.80551861702,0.00103966992276,5037.7931751,6.0,
61.9205452128,0.996678408726,0.00103016512704,0.179001851978,0.0832056874888,1.18530917179,1.52825797872,0.00103016512704,5344.0947485,6.0,
82.3949468085,0.995558300191,0.000979436042893,0.173530157436,0.0794956628193,1.23764864922,1.90093085106,0.000979436042893,5208.74787687,6.0,
63.1130319149,0.996371466553,0.000968604996605,0.179992379266,0.0841186831182,1.22211308387,1.6482712766,0.000968604996605,4951.34382759,6.0,
128.32712766,0.993011521337,0.00115262226262,0.184125738298,0.0854790385235,1.19110417957,1.89428191489,0.00115262226262,5249.06810364,6.0,
120.015957447,0.993619049555,0.00122435031406,0.193961807454,0.0851646348435,1.17127057608,1.74135638298,0.00122435031406,5386.58486475,6.0,
51.4591090426,0.997124282939,0.000945616653463,0.178019917504,0.0856015927979,1.22426518328,1.56017287234,0.000945616653463,5088.47468903,6.0,
81.6984707447,0.995415442153,0.0011210132908,0.186395543554,0.0838289716856,1.20643241004,1.6133643617,0.0011210132908,5033.48319696,6.0,
61.164893617,0.996749715304,0.00107348931219,0.176080372457,0.0839904574964,1.18575901273,1.53191489362,0.00107348931219,5361.89547299,6.0,
66.0615026596,0.996369880576,0.0010813362947,0.179511038346,0.0872159293831,1.20844464697,1.54554521277,0.0010813362947,5141.88056008,6.0,
86.3138297872,0.995318479807,0.00106796326816,0.182850438929,0.0891278366829,1.20762564321,1.67686170213,0.00106796326816,5202.7352006,6.0,
95.4724069149,0.994873155946,0.00110355099168,0.178813372833,0.0859349586087,1.1880631385,1.75299202128,0.00110355099168,5329.51524701,6.0,
77.1356382979,0.995794757879,0.000855873698506,0.176506327003,0.0848676194247,1.26663173252,1.80984042553,0.000855873698506,5162.99106642,6.0,
59.1958111702,0.996715636035,0.00102154449836,0.172655788055,0.0852655278129,1.18081343949,1.56017287234,0.00102154449836,5204.19669557,6.0,
57.2526595745,0.996901364146,0.00102729158414,0.184606926299,0.0871074027812,1.2302263766,1.52526595745,0.00102729158414,5171.97442435,6.0,
54.6136968085,0.997150768774,0.00124877542864,0.190987701612,0.0833366292636,1.18515559592,1.43018617021,0.00124877542864,5421.0696991,6.0,
20.2067819149,0.998953899133,0.00120301978412,0.183801939371,0.0842859162459,1.1536539369,1.26928191489,0.00120301978412,5522.77293631,6.0,
61.4162234043,0.996712892093,0.000833548480647,0.172837189017,0.0808236996461,1.21855000723,1.62034574468,0.000833548480647,5389.64806725,6.0,
58.3746675532,0.996723415635,0.00129397846876,0.184661805652,0.0817003569512,1.1717501633,1.57546542553,0.00129397846876,5077.25314703,6.0,
81.1196808511,0.995469906695,0.00101170814,0.182186613486,0.0856318095057,1.19993270625,1.65757978723,0.00101170814,5139.91445331,6.0,
81.5674867021,0.995659529308,0.00109537244653,0.181701042456,0.0811601503076,1.17005047268,1.63131648936,0.00109537244653,5428.60284633,6.0,
35.6017287234,0.998018878588,0.00087488328995,0.172715187064,0.0794266136256,1.23594161477,1.52593085106,0.00087488328995,5105.35482627,6.0,
25.4591090426,0.998616160542,0.000887261628565,0.174980390174,0.0813614762733,1.2149843626,1.36868351064,0.000887261628565,5251.84777555,6.0,
50.875,0.997166213994,0.00079121898342,0.161236788283,0.0761880788952,1.21947062328,1.73071808511,0.00079121898342,5205.96533667,6.0,
57.8902925532,0.996670327847,0.000781161583296,0.166553266095,0.0751629504209,1.22512159195,1.73803191489,0.000781161583296,5038.70107105,6.0,
58.8344414894,0.996828293913,0.00114809090652,0.179139233885,0.0859075722205,1.17755760283,1.55119680851,0.00114809090652,5293.66718716,6.0,
52.6146941489,0.99706627838,0.000860073491965,0.17688926299,0.0864809183314,1.21118070844,1.4258643617,0.000860073491965,5150.70944281,6.0,
41.4265292553,0.997714066364,0.000968273433963,0.184831920128,0.0828812625601,1.18008510205,1.39660904255,0.000968273433963,5246.68353577,6.0,
74.0914228723,0.995949432638,0.00102762314679,0.18236541832,0.0800703672606,1.21683527688,1.69381648936,0.00102762314679,5173.82560581,6.0,
93.3447473404,0.994949346201,0.000938764358873,0.181690950288,0.0855356258544,1.21095061951,1.64261968085,0.000938764358873,5295.09551805,6.0,
78.9916888298,0.995501139956,0.000914781327807,0.178015033204,0.0839925379468,1.25022822319,1.68118351064,0.000914781327807,4950.356506,6.0,
50.9119015957,0.997158562098,0.000921744143278,0.182457351168,0.0861748804736,1.24812477603,1.50897606383,0.000921744143278,5036.27199986,6.0,
28.1575797872,0.998507595328,0.000964073640505,0.184063714029,0.0892449400168,1.20930440266,1.28723404255,0.000964073640505,5350.71730607,6.0,
71.9880319149,0.995947061664,0.00100441376188,0.186905153607,0.0913384717608,1.20268359948,1.51795212766,0.00100441376188,5095.508309,6.0,
52.0,0.997061221622,0.000954789886544,0.169885725019,0.078566031717,1.24002312626,1.64561170213,0.000954789886544,4956.07111626,7.0,
56.8996010638,0.996945519527,0.00108995692338,0.188972886009,0.0920335413833,1.24985218618,1.52992021277,0.00108995692338,5105.2947168,7.0,
91.9517952128,0.994988727151,0.00163217236306,0.20716780453,0.0962736834003,1.19474281849,1.54421542553,0.00163217236306,5038.04524523,7.0,
74.085106383,0.995916992379,0.00104464336238,0.184971412258,0.087558015703,1.27089564945,1.72872340426,0.00104464336238,4958.06380465,7.0,
70.3098404255,0.996114569623,0.00115847986928,0.196333058674,0.0888839099675,1.25178952944,1.60638297872,0.00115847986928,4948.21540517,7.0,
71.3390957447,0.996024881991,0.000975678332956,0.192559657712,0.0862968647281,1.23489805384,1.62433510638,0.000975678332956,5055.02464328,7.0,
52.2476728723,0.997139557718,0.00112709193923,0.192028873675,0.0889816849636,1.24363908788,1.53557180851,0.00112709193923,5023.92799032,7.0,
83.3919547872,0.995572193327,0.00124380198902,0.196795603043,0.0940858356474,1.23540453645,1.63796542553,0.00124380198902,5177.56531576,7.0,
69.0904255319,0.996221844998,0.00129596784461,0.201195808578,0.0964116641853,1.21170397234,1.39627659574,0.00129596784461,5071.58573893,7.0,
93.6482712766,0.994927380569,0.00166079727111,0.213181877056,0.0961546931875,1.18633285593,1.54521276596,0.00166079727111,5055.91991054,7.0,
93.9225398936,0.994957414692,0.000963963119624,0.18354598558,0.0870848589275,1.26815654664,1.78025265957,0.000963963119624,5152.9689141,7.0,
80.164893617,0.995479098598,0.00122766594047,0.198870200572,0.0877038907126,1.23021078273,1.53989361702,0.00122766594047,4904.8852374,7.0,
71.8257978723,0.996185921621,0.00108896223546,0.197933976332,0.092364427808,1.23670545586,1.48071808511,0.00108896223546,5221.83095443,7.0,
33.9414893617,0.998134657916,0.00106354243294,0.196291356418,0.0947648280219,1.24442447308,1.31382978723,0.00106354243294,5006.97594947,7.0,
82.5492021277,0.995548576255,0.00109879859382,0.185273894786,0.0869738051777,1.18617929156,1.60904255319,0.00109879859382,5288.48025453,7.0,
82.7885638298,0.995459009875,0.000929591125792,0.176487852136,0.0876295958936,1.2654554048,1.73736702128,0.000929591125792,5068.74942762,7.0,
72.5146276596,0.995926522141,0.00109857755206,0.187822202213,0.0862859437546,1.23145589043,1.55585106383,0.00109857755206,4965.82479351,7.0,
34.8397606383,0.99812832861,0.00105016940641,0.184203149024,0.0901166784903,1.23046015081,1.40558510638,0.00105016940641,5192.2514711,7.0,
78.8816489362,0.995651930045,0.000938985400634,0.181632519207,0.091046653287,1.27940974978,1.70345744681,0.000938985400634,5007.55156965,7.0,
55.6781914894,0.996954211332,0.00112687089746,0.184780365057,0.0859813378183,1.25926728476,1.63031914894,0.00112687089746,4995.76325953,7.0,
62.4867021277,0.996524767709,0.0010722735825,0.194238973171,0.0870259124365,1.27724472226,1.59441489362,0.0010722735825,4887.66571887,7.0,
43.9418218085,0.997600164393,0.00121020364135,0.192038991594,0.0894466850858,1.24575689684,1.44780585106,0.00121020364135,5007.84733024,7.0,
76.0385638298,0.995851774392,0.00107724702213,0.197082102506,0.0948935714393,1.21948104776,1.48736702128,0.00107724702213,5118.04162566,7.0,
81.6881648936,0.995333397778,0.000978220313207,0.185717261638,0.0890965270391,1.30071792421,1.85239361702,0.000978220313207,4759.86096925,7.0,
30.1269946809,0.998359970011,0.00116102184954,0.189559587635,0.0879402895527,1.21084556798,1.28191489362,0.00116102184954,5113.3945001,7.0,
77.8899601064,0.995570398283,0.00124048636261,0.210612341856,0.0986634155058,1.41377534083,1.83543882979,0.00124048636261,4308.12986991,7.0,
49.8849734043,0.997291977412,0.00111393995445,0.194079546142,0.088693499024,1.23243175475,1.43816489362,0.00111393995445,5092.65998434,7.0,
90.3025265957,0.994846271871,0.00109714078061,0.179710375315,0.0855354030273,1.22752201534,1.72539893617,0.00109714078061,4898.85740193,7.0,
97.328125,0.994718776549,0.000928154354346,0.18652316147,0.08968808479,1.28215667538,1.77759308511,0.000928154354346,5054.42015348,7.0,
86.5113031915,0.995142134596,0.00130779357883,0.19132106591,0.0851060971213,1.21461847224,1.76063829787,0.00130779357883,4921.45762251,7.0,
50.8809840426,0.997193522994,0.00108465192112,0.190758460138,0.0913986321137,1.27979269505,1.54654255319,0.00108465192112,4932.59111846,7.0,
21.6848404255,0.998754610595,0.0012388285494,0.19222387937,0.0882383584206,1.19803361829,1.26728723404,0.0012388285494,4891.13739729,7.0,
65.0332446809,0.996455999428,0.00126435887279,0.189840089532,0.0914747349866,1.24586640257,1.66289893617,0.00126435887279,4987.28172381,7.0,
73.5279255319,0.996183262391,0.0011260972513,0.190607689272,0.0913985324451,1.24414668186,1.65159574468,0.0011260972513,5324.63735916,7.0,
45.6559175532,0.997452218111,0.00143743457164,0.189508843595,0.0881615000224,1.21701062568,1.58676861702,0.00143743457164,4965.84181013,7.0,
47.7759308511,0.997439168666,0.00129983607543,0.202687460652,0.0972455289026,1.20795103746,1.36170212766,0.00129983607543,5146.72164222,7.0,
66.6399601064,0.996338849613,0.00114610153067,0.189307922109,0.0917864345984,1.25410563069,1.64527925532,0.00114610153067,4995.00816656,7.0,
80.8607047872,0.995538892947,0.00138405298636,0.195418041823,0.0862328895687,1.20369184828,1.63331117021,0.00138405298636,5031.43006126,7.0,
61.9737367021,0.996692166816,0.00114499632187,0.190130972489,0.095231392172,1.24675913101,1.56150265957,0.00114499632187,5124.8995922,7.0,
34.7074468085,0.998077563464,0.000993140632073,0.179599705753,0.0859640773288,1.25791928585,1.51994680851,0.000993140632073,4991.30050899,7.0,
72.6921542553,0.996040823556,0.00117340018815,0.194023336868,0.0950977987501,1.27676348898,1.57779255319,0.00117340018815,4949.11743382,7.0,
33.123337766,0.998211968734,0.00138913694687,0.206598821559,0.097093952559,1.23379990461,1.29355053191,0.00138913694687,4998.87430062,7.0,
22.1293218085,0.998787006276,0.00114013340312,0.196898221883,0.0916729303923,1.26847004865,1.34341755319,0.00114013340312,4925.97183832,7.0,
40.6429521277,0.997788042963,0.00107260514514,0.1887061876,0.0903162181956,1.24809062326,1.47805851064,0.00107260514514,5062.30845518,7.0,
108.110704787,0.993687136834,0.00121285614249,0.211981017093,0.0989664122306,1.4118295118,2.06216755319,0.00121285614249,4252.2107758,7.0,
85.5774601064,0.995352142179,0.00144528155415,0.217667663493,0.0987222376648,1.20907866281,1.36868351064,0.00144528155415,5070.86882488,7.0,
106.271276596,0.994099492829,0.00153060367389,0.203963723249,0.0961182976645,1.18297841908,1.60771276596,0.00153060367389,5022.52226991,7.0,
116.017952128,0.993595521794,0.00167019154595,0.213274073657,0.100863815021,1.21589873781,1.67553191489,0.00167019154595,4907.43913006,7.0,
31.2536569149,0.998297916309,0.00167472290205,0.21487090417,0.0976557618364,1.19005935537,1.18517287234,0.00167472290205,5001.38850175,7.0,
30.4311835106,0.998392938474,0.00148009563151,0.208178639658,0.101419053178,1.1944881513,1.16988031915,0.00148009563151,5198.95604863,7.0,
