60.4205931264,0.996678176564,0.00159744559393,0.242416754707,0.109546461244,1.30238782133,1.28816518847,0.00159744559393,4757.39187294,1.0,
54.7795454545,0.997033115462,0.00198212136986,0.246884631826,0.110564021565,1.20792074043,1.09185144124,0.00198212136986,4984.69918347,1.0,
50.0588414634,0.997409903554,0.00175680982394,0.25278329431,0.114874721195,1.25776288874,1.07669068736,0.00175680982394,5094.6652051,1.0,
49.0404379157,0.997342488307,0.00185223554702,0.248159586731,0.111819822611,1.21045841361,1.03633592018,0.00185223554702,4994.65742032,1.0,
55.3531042129,0.997101855236,0.00191374888767,0.248874675874,0.113876372159,1.23022506974,1.13758314856,0.00191374888767,5077.96601909,1.0,
44.4222283814,0.997603121114,0.0020704160132,0.252151128503,0.114847471611,1.21738522446,1.02206208426,0.0020704160132,4943.91091788,1.0,
43.8941796009,0.997618691263,0.00188171395421,0.246014438988,0.112235595141,1.20513862143,1.01607538803,0.00188171395421,4982.58177572,1.0,
46.1936529933,0.997541245604,0.00227389952606,0.255335564662,0.113735522052,1.17599900332,0.96427383592,0.00227389952606,5063.5801051,1.0,
49.3471452328,0.997340638219,0.00105360685297,0.221259258653,0.105184430416,1.30924557909,1.22342017738,0.00105360685297,5022.66227549,1.0,
50.4695121951,0.997103163551,0.0014258149542,0.227950685352,0.105771222635,1.28390152264,1.23791574279,0.0014258149542,4686.31008152,1.0,
64.1705099778,0.996460666036,0.00155695676275,0.228235291736,0.108174210772,1.2621003715,1.30238359202,0.00155695676275,4895.78116119,1.0,
48.6866407982,0.997363773244,0.00126273577195,0.236931639717,0.112567505948,1.31073340233,1.13902439024,0.00126273577195,4891.04890051,1.0,
38.9350609756,0.997738536924,0.00136098074125,0.227579328372,0.108146001491,1.27629999121,1.11549334812,0.00136098074125,4614.88953507,1.0,
55.3412971175,0.996837702379,0.00135214889553,0.228454461102,0.107425098612,1.31285418239,1.30038802661,0.00135214889553,4654.20259629,1.0,
55.2446784922,0.996899907905,0.00125685376424,0.236908307446,0.109858723267,1.3519191605,1.25703991131,0.00125685376424,4627.59105388,1.0,
53.5661585366,0.997056300236,0.00126479144031,0.225925320822,0.107732157603,1.30237741866,1.24764412417,0.00126479144031,4852.35125374,1.0,
49.591075388,0.997320697713,0.00147984615366,0.242671244162,0.114328382933,1.28967102925,1.10831485588,0.00147984615366,4893.02852921,1.0,
55.2591463415,0.997048393471,0.00114893655267,0.229771058113,0.108031447323,1.31385925963,1.22450110865,0.00114893655267,5013.90735886,1.0,
50.1333980044,0.997290316088,0.00145412418081,0.245474886214,0.114716509861,1.31931656775,1.15218957871,0.00145412418081,4813.08766858,1.0,
67.4033259423,0.996351931131,0.00150458868811,0.241950489953,0.113686568448,1.27952885132,1.22366962306,0.00150458868811,4887.70710066,1.0,
37.7252494457,0.997929046189,0.00147685560174,0.246413391124,0.115369953383,1.29158461397,1.03428492239,0.00147685560174,4766.67320204,1.0,
55.1078991131,0.996961035909,0.00164924367383,0.245476870589,0.113078188373,1.28888104154,1.17469512195,0.00164924367383,4746.98047114,1.0,
41.098808204,0.997829336684,0.00135236475607,0.234299918734,0.109866517042,1.27033512059,1.06759977827,0.00135236475607,5079.58657608,1.0,
41.7846452328,0.997667558578,0.0017227860544,0.245937147368,0.114224695662,1.28630398444,1.10521064302,0.0017227860544,4660.20215738,1.0,
59.4730044346,0.996739983935,0.00140756513611,0.236973874566,0.110050283388,1.29926937139,1.24600886918,0.00140756513611,4837.55793131,1.0,
47.0768292683,0.997435731618,0.00118177961883,0.223903288339,0.105081011093,1.31379506436,1.23752771619,0.00118177961883,4918.65106427,1.0,
63.6394678492,0.996538855328,0.0014785102765,0.241575360129,0.112836621951,1.3141029982,1.2683481153,0.0014785102765,4823.49846563,1.0,
48.3088968958,0.997248425543,0.00134116151715,0.237015279183,0.11039174441,1.31154641154,1.1725886918,0.00134116151715,4646.13015856,1.0,
53.1763858093,0.996947085775,0.00114281947975,0.232490421242,0.11084238028,1.36448088895,1.29296008869,0.00114281947975,4564.60434935,1.0,
49.7909645233,0.997249099739,0.00132525236479,0.225177367333,0.105200981206,1.3300374981,1.39484478936,0.00132525236479,4770.11179708,1.0,
37.3849501109,0.997862446658,0.00122623844032,0.230073014693,0.107865512981,1.32769221423,1.17469512195,0.00122623844032,4661.07664234,1.0,
60.1166019956,0.996562461189,0.00165825757985,0.243444544724,0.114047831379,1.31126595326,1.22558203991,0.00165825757985,4529.99268335,1.0,
46.3138580931,0.99746009357,0.00158241371109,0.247477009503,0.115416940349,1.30820557269,1.14745011086,0.00158241371109,4715.62509827,1.0,
42.7003880266,0.997573844287,0.00120467312722,0.23176161614,0.10803247981,1.30282021318,1.1272172949,0.00120467312722,4737.6705706,1.0,
43.1057372506,0.997562836081,0.0015990050135,0.233595220739,0.110903676465,1.24536771877,1.10041574279,0.0015990050135,4765.49914012,1.0,
53.5925166297,0.996977123566,0.00135217578208,0.233540274838,0.108423386764,1.2742237405,1.16374722838,0.00135217578208,4792.60265619,1.0,
57.1241685144,0.99699517585,0.00131211713561,0.239569455968,0.111739159566,1.2874254407,1.14611973392,0.00131211713561,5108.28419591,1.0,
45.4790742794,0.99745408094,0.00131057000703,0.231579605344,0.108666083461,1.32824599453,1.22663525499,0.00131057000703,4740.26835543,1.0,
44.3393847007,0.997528795487,0.000861854323479,0.222319656304,0.105120063368,1.37402695905,1.22003880266,0.000861854323479,4822.74960366,1.0,
52.1130820399,0.997043687442,0.00124567280274,0.232245889705,0.109597217748,1.32612220662,1.23503325942,0.00124567280274,4670.65063295,1.0,
49.5295454545,0.997293396455,0.00155316268725,0.234471720254,0.112261864469,1.32324813578,1.24512195122,0.00155316268725,4714.77729131,1.0,
57.2646618625,0.996872290947,0.00165253919597,0.242466466325,0.112796253926,1.27151519583,1.15662416851,0.00165253919597,4849.38237647,1.0,
50.2788248337,0.997215825883,0.00126157196867,0.231901529842,0.108175812039,1.31754368263,1.24462305987,0.00126157196867,4806.47760659,1.0,
55.2169345898,0.996887107239,0.00126174250618,0.225636311717,0.105204947617,1.29829531898,1.26383037694,0.00126174250618,4805.84332249,1.0,
45.3897727273,0.997384445512,0.00129944819593,0.226349759236,0.10806036393,1.29690068029,1.17779933481,0.00129944819593,4625.22359613,1.0,
58.5312915743,0.996579445878,0.00139773464732,0.233114597379,0.110157644572,1.34165278533,1.32375277162,0.00139773464732,4463.38427975,1.0,
47.974251663,0.997252119355,0.00117530149803,0.230695033818,0.109543526869,1.32233370418,1.17031596452,0.00117530149803,4668.83069655,1.0,
41.8116407982,0.997700226203,0.00128954012026,0.233181869403,0.109064271071,1.29888928487,1.10349223947,0.00128954012026,4866.95977252,1.0,
35.8983924612,0.998010412988,0.00133946305574,0.236953935068,0.109789192915,1.30581335047,1.10260532151,0.00133946305574,4766.4091249,1.0,
52.2936807095,0.997167142491,0.00181411887724,0.247181558135,0.115844305292,1.24407748987,1.10182926829,0.00181411887724,4879.90410679,1.0,
44.225748337,0.997678281281,0.00153397030373,0.252435731384,0.116706221504,1.32175997792,1.12148004435,0.00153397030373,4879.63076008,2.0,
55.9142738359,0.997026779148,0.00199819030511,0.261028070312,0.120403390901,1.29852642693,1.14564855876,0.00199819030511,4781.62996361,2.0,
50.2178215078,0.997195561842,0.00225208224763,0.25299256384,0.117819965188,1.27211645217,1.16926274945,0.00225208224763,4581.17178038,2.0,
52.467710643,0.997186915479,0.00172898455514,0.254510976185,0.117007491888,1.32531165413,1.18073725055,0.00172898455514,4770.21902824,2.0,
45.7376940133,0.997588110722,0.00219358019995,0.267086398037,0.123502299699,1.30016474562,1.08392461197,0.00219358019995,4742.15017578,2.0,
56.3903547672,0.99691601889,0.00200028054189,0.265429587111,0.120078928326,1.35851819551,1.20848115299,0.00200028054189,4522.93880018,2.0,
47.9041297118,0.997387873456,0.00163088477318,0.258664495439,0.117976173747,1.36510789226,1.18955099778,0.00163088477318,4596.95599278,2.0,
58.6711751663,0.996855216514,0.00229943482947,0.26558426905,0.120745814954,1.29741588958,1.19035476718,0.00229943482947,4670.68239843,2.0,
65.1574556541,0.996625135793,0.00172494158706,0.263007183179,0.122381830832,1.36076318458,1.25385254989,0.00172494158706,4807.62111804,2.0,
59.2561529933,0.996817066282,0.00178900838123,0.263786055004,0.12074146269,1.37128487415,1.25709534368,0.00178900838123,4620.06495489,2.0,
56.9221452328,0.996850919763,0.00181515208873,0.252290792834,0.116364989949,1.30030097387,1.18733370288,0.00181515208873,4681.97325816,2.0,
39.3367793792,0.997818083967,0.00156797947773,0.253308209102,0.114734295826,1.34730049137,1.12901884701,0.00156797947773,4609.51461812,2.0,
48.3179046563,0.997295715972,0.00205278765837,0.258660764267,0.11880337577,1.30889241697,1.14811529933,0.00205278765837,4502.23061728,2.0,
60.8800443459,0.996596357467,0.00182266726196,0.247834271492,0.115443655363,1.3312611318,1.28675166297,0.00182266726196,4575.20553698,2.0,
51.6606430155,0.997289249426,0.00175084408385,0.252173169035,0.117406465406,1.28689241746,1.11396895787,0.00175084408385,4943.62088602,2.0,
45.3312915743,0.997570863555,0.00208058450426,0.256158998854,0.116493448024,1.2546686851,1.06477272727,0.00208058450426,4815.77027116,2.0,
50.7841740576,0.997277976558,0.00209827431404,0.260350316159,0.119099231177,1.28795637496,1.1264135255,0.00209827431404,4762.3990028,2.0,
57.9922394678,0.996875631587,0.00202289289384,0.254496179723,0.116357858667,1.30555245314,1.22533259424,0.00202289289384,4735.17010521,2.0,
50.2192627494,0.997356781626,0.00204496597854,0.264514985918,0.119618867266,1.2950832739,1.11582594235,0.00204496597854,4832.82991112,2.0,
51.6869456763,0.997122809655,0.00211983348164,0.261085692935,0.118778222449,1.3242345505,1.19110310421,0.00211983348164,4480.51404916,2.0,
70.7244733925,0.995985922613,0.00162232717022,0.250664621375,0.115516174661,1.41183983496,1.49010532151,0.00162232717022,4346.52951927,2.0,
58.1368348115,0.996876029257,0.00163393293912,0.254123501261,0.114305564726,1.32901981115,1.22319844789,0.00163393293912,4792.78229932,2.0,
53.9578991131,0.997048207934,0.00210467331159,0.264142854201,0.120477828925,1.32915824842,1.16865299335,0.00210467331159,4546.4462116,2.0,
48.820232816,0.997457433608,0.00275921855104,0.262932104418,0.121335975482,1.24585754293,1.08924611973,0.00275921855104,4853.12368623,2.0,
52.8601995565,0.99713472505,0.00253399073751,0.260797616473,0.120337723091,1.29720514186,1.20038802661,0.00253399073751,4617.78307965,2.0,
55.6746119734,0.99704719238,0.00203563173854,0.264401136186,0.121513200911,1.33792739149,1.17760532151,0.00203563173854,4717.33853052,2.0,
47.7460365854,0.997408394244,0.00182538433931,0.259643976185,0.117941871107,1.32806375444,1.1409368071,0.00182538433931,4679.47497297,2.0,
50.0430155211,0.997261402061,0.00169423638527,0.25582447055,0.119563414934,1.3306897107,1.14512195122,0.00169423638527,4630.27301984,2.0,
48.5866407982,0.997321397202,0.00198083926579,0.264558873555,0.119367918626,1.33098309977,1.13896895787,0.00198083926579,4542.4714438,2.0,
55.6453991131,0.996941286252,0.00195939378985,0.264977919195,0.11924088166,1.31965540521,1.1610864745,0.00195939378985,4593.1263894,2.0,
56.0654101996,0.997070079347,0.00207588396812,0.265833124668,0.122451826057,1.30993867479,1.16003325942,0.00207588396812,4803.48234109,2.0,
51.7597560976,0.997252378696,0.00181211775016,0.266308505781,0.121714740662,1.35123069754,1.15149667406,0.00181211775016,4721.52884783,2.0,
57.3071230599,0.996865804645,0.00220214394841,0.258466746598,0.117720334868,1.27183881458,1.17214523282,0.00220214394841,4690.80609136,2.0,
66.416962306,0.996468931808,0.00192547679829,0.266127151934,0.120192447246,1.33974595311,1.25338137472,0.00192547679829,4717.93572335,2.0,
50.5379157428,0.997297574354,0.0021459503026,0.268556354983,0.120590238875,1.29943067518,1.09074279379,0.0021459503026,4731.16041249,2.0,
50.2048503326,0.997189825523,0.00218831581457,0.258946892794,0.117633665979,1.29124041056,1.13849778271,0.00218831581457,4534.38529703,2.0,
62.1226995565,0.996629417094,0.00245006707809,0.268032340316,0.120283922587,1.31853539933,1.2979767184,0.00245006707809,4567.37214055,2.0,
61.8207317073,0.996601784793,0.00290547520661,0.259570612091,0.118609319949,1.2468668488,1.23043237251,0.00290547520661,4595.56813419,2.0,
57.2017461197,0.996980956853,0.00252449978737,0.266506893525,0.12206605896,1.22275867642,1.0612804878,0.00252449978737,4879.11720654,2.0,
41.4637472284,0.997742969214,0.00212138291478,0.259300517402,0.120444275098,1.29579871742,1.1016075388,0.00212138291478,4643.57994835,2.0,
49.9640798226,0.99721025905,0.0023592028493,0.256003006324,0.117756941483,1.27503616963,1.16707317073,0.0023592028493,4564.66197337,2.0,
63.3334257206,0.996659477448,0.00209400319443,0.25950389687,0.118036927976,1.27571993738,1.18525498891,0.00209400319443,4881.56685069,2.0,
62.2687361419,0.99653352242,0.00219689569496,0.259864873763,0.11784298788,1.3155133713,1.24950110865,0.00219689569496,4530.31660952,2.0,
48.0387472284,0.997311532498,0.00207246937699,0.258477141472,0.118052827928,1.34856269788,1.24423503326,0.00207246937699,4393.86002519,2.0,
59.5672949002,0.996664636891,0.00289270947537,0.270569637877,0.121702724554,1.27221130337,1.1588691796,0.00289270947537,4441.45606253,2.0,
59.1519678492,0.996870153901,0.00237991931579,0.272356769013,0.123945984766,1.31833948327,1.17469512195,0.00237991931579,4650.06560307,2.0,
58.1805432373,0.996973458206,0.00161911614864,0.254722235633,0.115735688327,1.30454971435,1.1711751663,0.00161911614864,4986.90026799,2.0,
56.3179600887,0.996879428642,0.00216367007168,0.264264221948,0.119057098252,1.31886268766,1.19611973392,0.00216367007168,4513.5779569,2.0,
49.9215631929,0.997293891383,0.00191608571246,0.260823864656,0.120478534699,1.32642329225,1.15482261641,0.00191608571246,4612.12438144,2.0,
61.3005820399,0.996637319878,0.00197395631044,0.252859729262,0.116893958851,1.30868311716,1.24431818182,0.00197395631044,4645.53630004,2.0,
64.2690687361,0.996697235857,0.00196126586152,0.258555615561,0.116171122856,1.26252973248,1.15515521064,0.00196126586152,5086.75469937,3.0,
82.8285476718,0.995536994661,0.00251090902331,0.263216795814,0.116095684218,1.27038350426,1.35659645233,0.00251090902331,4757.45277305,3.0,
53.678131929,0.997094863788,0.00198656840429,0.250269484319,0.111463659588,1.22663654966,1.10102549889,0.00198656840429,4935.88404801,3.0,
71.2848392461,0.996109747031,0.00242713439216,0.256874247711,0.115198468245,1.23695400872,1.25324279379,0.00242713439216,4787.50413476,3.0,
58.6745011086,0.996895925528,0.00209760291862,0.258272734346,0.115793600376,1.25228517778,1.12910199557,0.00209760291862,4934.24322241,3.0,
64.2598946785,0.996560902997,0.00234749030241,0.260124445907,0.114954901623,1.215670407,1.15274390244,0.00234749030241,4905.18810298,3.0,
53.1039356984,0.997161579674,0.00222377225284,0.255432824752,0.113670414345,1.20134871542,1.06014412417,0.00222377225284,4988.369493,3.0,
52.9179323725,0.997177649364,0.002135483755,0.255694800802,0.114339428466,1.25802653591,1.12153547672,0.002135483755,4867.4248242,3.0,
51.4411031042,0.997309751142,0.00317300861353,0.263571289437,0.118028754762,1.15510938578,1.00102549889,0.00317300861353,5017.07821361,3.0,
63.6039634146,0.996717739597,0.00269016161425,0.2663661279,0.119188005865,1.19559002026,1.08683481153,0.00269016161425,5044.40550755,3.0,
58.8907982262,0.996948590613,0.00198161359826,0.248941100567,0.112147734556,1.20233062828,1.12982261641,0.00198161359826,5205.88795011,3.0,
53.1899390244,0.997236406346,0.00226788539019,0.259715233018,0.118422693265,1.24625668668,1.12624722838,0.00226788539019,4972.06006352,3.0,
48.9247505543,0.997353284041,0.00213489839652,0.254581387186,0.114407771876,1.26041368208,1.10263303769,0.00213489839652,4817.80718797,3.0,
65.9331208426,0.996447903434,0.0024032952456,0.260159688387,0.116629187053,1.24327202589,1.18799889135,0.0024032952456,4801.24115179,3.0,
39.11577051,0.997993184521,0.00224912933688,0.255550673894,0.115583425129,1.18769681293,0.956624168514,0.00224912933688,5166.74969905,3.0,
48.2247228381,0.997410221502,0.00188628236218,0.24728535344,0.113515420304,1.22847341617,1.07073170732,0.00188628236218,4943.46617034,3.0,
59.3051274945,0.996865844152,0.00203775270279,0.247353661633,0.113847639838,1.25375685567,1.19171286031,0.00203775270279,4957.87324214,3.0,
49.1740299335,0.997339134604,0.00170540812852,0.243998583407,0.113798704903,1.25368326194,1.10041574279,0.00170540812852,4885.06443803,3.0,
66.725443459,0.996545239126,0.00173165323671,0.246857357059,0.112896894367,1.24976755385,1.18514412417,0.00173165323671,5169.10385611,3.0,
54.4417128603,0.997146510347,0.00197416909823,0.251037822774,0.115147173271,1.26101754448,1.13672394678,0.00197416909823,4997.33401609,3.0,
49.8482261641,0.997361425611,0.00201791350583,0.249716705855,0.113770636361,1.25051149044,1.12411308204,0.00201791350583,4994.21031887,3.0,
50.7521064302,0.997193346557,0.00145487777223,0.238814968128,0.110807810611,1.32724709053,1.2116962306,0.00145487777223,4734.38648232,3.0,
61.6827882483,0.996609261677,0.00193828708438,0.250268037345,0.11401003676,1.27140611197,1.18805432373,0.00193828708438,4743.04779528,3.0,
64.6505543237,0.996416508175,0.00176130679053,0.241267922735,0.110655840273,1.27701981256,1.27039911308,0.00176130679053,4759.18378046,3.0,
60.3337583149,0.996751495284,0.00202271467446,0.252307171456,0.114747564451,1.27387367849,1.22389135255,0.00202271467446,4793.94487026,3.0,
43.7831485588,0.997647716909,0.00216084621634,0.25217206866,0.113271406406,1.19142944088,1.00620842572,0.00216084621634,5002.67074412,3.0,
66.3894124169,0.996476645603,0.00250945177261,0.259323072535,0.116866591332,1.23599990944,1.18968957871,0.00250945177261,4890.75640343,3.0,
63.5971175166,0.996583428565,0.00212470839622,0.249265854009,0.112306258998,1.20914712796,1.18420177384,0.00212470839622,4968.05322217,3.0,
56.8191796009,0.996937135645,0.00167593663502,0.248411255995,0.111982244326,1.26798394401,1.14623059867,0.00167593663502,4928.32154669,3.0,
54.5702882483,0.997118885236,0.00255977416532,0.259988394543,0.117591779956,1.20522767839,1.07433481153,0.00255977416532,4963.63478657,3.0,
55.1022450111,0.996909985122,0.00184669999164,0.248508760357,0.112982981483,1.28467535686,1.19514966741,0.00184669999164,4641.68763726,3.0,
44.3488636364,0.997571860646,0.00179526372781,0.246939989622,0.112522630725,1.25789441844,1.07269955654,0.00179526372781,4843.08342796,3.0,
51.0300997783,0.99732894397,0.0017864434049,0.255883745698,0.115125729401,1.28894389143,1.12533259424,0.0017864434049,4975.4488545,3.0,
62.7272450111,0.996654651149,0.00166730298155,0.248673628384,0.113712873051,1.30085034067,1.23046008869,0.00166730298155,4889.02530255,3.0,
63.465631929,0.996622846337,0.00161593739092,0.251396008315,0.114476202595,1.3172236791,1.23713968958,0.00161593739092,4887.73738961,3.0,
43.2061252772,0.997628663256,0.00175813955561,0.24068228644,0.11133529158,1.25198065748,1.0925443459,0.00175813955561,4848.87191482,3.0,
65.6572062084,0.996303343468,0.00156209670184,0.23570559641,0.108815821215,1.29190799324,1.30609756098,0.00156209670184,4727.18571144,3.0,
61.6457317073,0.996720033626,0.00206528529235,0.239779536643,0.110506128957,1.2440281316,1.22777161863,0.00206528529235,4993.38283164,3.0,
66.3083980044,0.996554050082,0.00180503660257,0.241426825846,0.112303941423,1.23452185286,1.231845898,0.00180503660257,5147.17357088,3.0,
55.9249168514,0.997047185017,0.00144487674594,0.245084916976,0.113172348735,1.29807298567,1.1979767184,0.00144487674594,4991.06444857,3.0,
52.2828713969,0.99710089211,0.00153044816643,0.24907494833,0.115194374624,1.33357528602,1.1715631929,0.00153044816643,4638.45615955,3.0,
53.0893292683,0.997131958661,0.00219898516354,0.25237569789,0.115130780045,1.25775752038,1.14110310421,0.00219898516354,4824.08569278,3.0,
54.4282427938,0.997012650722,0.00173807604805,0.24296743801,0.111586009649,1.27770004098,1.21998337029,0.00173807604805,4802.87811943,3.0,
66.1981152993,0.996316203014,0.00180824531959,0.244760064046,0.111633904847,1.26547395333,1.25593126386,0.00180824531959,4754.10376347,3.0,
62.1428769401,0.996770575803,0.00133695415706,0.238548827431,0.110039109769,1.30807099188,1.25102549889,0.00133695415706,5089.68835832,3.0,
58.5137195122,0.996900387527,0.0022086466512,0.256250440925,0.117783232671,1.2482610993,1.13062638581,0.0022086466512,4873.56381736,3.0,
60.2967017738,0.996704847741,0.00192407408887,0.244066275842,0.110189908633,1.24919313623,1.21649113082,0.00192407408887,4875.12645739,3.0,
55.8749168514,0.99705470567,0.00172438311513,0.249460560253,0.115074534382,1.2935487127,1.19404101996,0.00172438311513,4906.07911506,3.0,
50.4841740576,0.997269794398,0.00144363766034,0.237460598634,0.108269057097,1.28605839923,1.20063747228,0.00144363766034,4973.82094974,3.0,
45.9426274945,0.997529049888,0.0016818678067,0.242064413379,0.110336170395,1.28348818445,1.18026607539,0.0016818678067,4895.93312018,3.0,
72.6039356984,0.996107817108,0.00159996831997,0.250568726316,0.118988621002,1.39923764488,1.41901330377,0.00159996831997,4587.87852539,4.0,
65.6624168514,0.996327435051,0.002202002602,0.267361898843,0.12146806064,1.37696696771,1.3594789357,0.002202002602,4320.45979467,4.0,
59.1035476718,0.996750525092,0.00250814047743,0.258560139475,0.11888070219,1.26736051976,1.21080931264,0.00250814047743,4587.6408908,4.0,
65.0477272727,0.996370318503,0.00197008464806,0.260208120268,0.117122049878,1.3609174403,1.32322616408,0.00197008464806,4418.65899153,4.0,
54.3787416851,0.997125480353,0.00253278698851,0.268436695417,0.123270140897,1.28149011974,1.1564578714,0.00253278698851,4686.71408038,4.0,
57.4937638581,0.996870362652,0.00194932746766,0.254369261187,0.11806166679,1.3356740338,1.27325388027,0.00194932746766,4589.73635261,4.0,
66.017405765,0.99638493588,0.0021699999324,0.261506971656,0.121189220765,1.36018691937,1.37538802661,0.0021699999324,4484.997963,4.0,
79.3703713969,0.995581231809,0.00244330626447,0.256390878775,0.117507079313,1.3150890655,1.40468403548,0.00244330626447,4467.56806419,4.0,
80.2581485588,0.995828868356,0.00307568316405,0.269601402516,0.122360135662,1.2689812382,1.33664079823,0.00307568316405,4771.26713761,4.0,
64.3668514412,0.996466679859,0.00228397122556,0.267818506724,0.122936845371,1.35700957659,1.34235033259,0.00228397122556,4407.16068769,4.0,
60.3865022173,0.996823132222,0.00260713750178,0.261881802689,0.119085334158,1.23025732338,1.18766629712,0.00260713750178,4855.01820568,4.0,
61.2560698448,0.996615309984,0.00159077081725,0.24888271519,0.117603918659,1.39991137583,1.34792128603,0.00159077081725,4448.16410066,4.0,
65.3611696231,0.996238500131,0.00166947618252,0.244851962384,0.113750495329,1.37478323408,1.39581485588,0.00166947618252,4342.36842563,4.0,
48.9413525499,0.997192787372,0.00158605030826,0.244288394283,0.114977568737,1.3942254177,1.31723946785,0.00158605030826,4345.91934204,4.0,
61.2216463415,0.996592466427,0.00177014478174,0.244531333765,0.114718616807,1.3827305177,1.40873059867,0.00177014478174,4431.04487472,4.0,
65.2112250554,0.996490938193,0.00140110698817,0.242909067567,0.115103645823,1.41414929531,1.46599223947,0.00140110698817,4634.79209634,4.0,
61.1838137472,0.996607218613,0.00138741789618,0.245501247058,0.11638127669,1.4287388931,1.40415742794,0.00138741789618,4445.75926758,4.0,
44.9736973392,0.997488377721,0.00125593117168,0.240235068908,0.114268909751,1.41254894125,1.26626940133,0.00125593117168,4498.03258804,4.0,
64.4172949002,0.9963066574,0.0016555289797,0.24429723872,0.115287785463,1.41225576378,1.4733924612,0.0016555289797,4254.02419052,4.0,
66.6854490022,0.996039933503,0.00145878016209,0.242423577837,0.114571957294,1.4312877302,1.49143569845,0.00145878016209,4108.81809814,4.0,
37.7100332594,0.997866988513,0.00141259061534,0.234862036751,0.111447085096,1.3225682392,1.14634146341,0.00141259061534,4579.95704103,4.0,
51.4265243902,0.9971676333,0.00175522582239,0.256025579918,0.121070168574,1.37028772949,1.25667960089,0.00175522582239,4470.98142963,4.0,
62.5268292683,0.996530479704,0.00161351068825,0.253446247557,0.117930167295,1.38133413758,1.31541019956,0.00161351068825,4453.43174068,4.0,
51.7272172949,0.996989445755,0.00139168978397,0.235138339324,0.113376531128,1.40418603489,1.38531042129,0.00139168978397,4299.82955769,4.0,
77.4652439024,0.995480446924,0.00161421818846,0.243357644394,0.1161916307,1.42792659495,1.5766075388,0.00161421818846,4187.72666772,4.0,
55.3240853659,0.996973933719,0.0034955403673,0.268786708278,0.122939593686,1.27620447203,1.26721175166,0.0034955403673,4423.11910362,4.0,
60.7595343681,0.996795026496,0.00249781758079,0.276851128219,0.125464439963,1.31685538324,1.18968957871,0.00249781758079,4619.39036226,4.0,
67.4555709534,0.996258696214,0.00249780221705,0.271108390724,0.12091124108,1.3522314299,1.34897450111,0.00249780221705,4371.59536778,4.0,
66.6338414634,0.996368125664,0.00267532638728,0.271262119023,0.121834529142,1.32445661813,1.28899667406,0.00267532638728,4484.91514015,4.0,
62.0991685144,0.996741490028,0.00284364921387,0.27215427249,0.121448612169,1.26958956519,1.20881374723,0.00284364921387,4770.69669435,4.0,
64.2776053215,0.996592321841,0.00269592993029,0.275093068775,0.125564926625,1.29469879618,1.21335920177,0.00269592993029,4588.46030149,4.0,
51.9015798226,0.997307230994,0.00258829233878,0.272640445865,0.122522894484,1.24665251134,1.05191241685,0.00258829233878,4848.92740391,4.0,
67.8734201774,0.99625093861,0.00215747925281,0.263420232665,0.120038500967,1.32353030426,1.28655764967,0.00215747925281,4500.45792211,4.0,
71.7154656319,0.99620287382,0.00250768955167,0.270302365337,0.121747099932,1.30236790018,1.29096452328,0.00250768955167,4662.8711219,4.0,
58.6733093126,0.996971148356,0.00223785388838,0.263560670572,0.120409423167,1.27229840065,1.18722283814,0.00223785388838,4912.63374308,4.0,
51.7097560976,0.997197892727,0.00220909296783,0.272228299418,0.120010936245,1.32912127697,1.18597560976,0.00220909296783,4577.34571918,4.0,
56.7986973392,0.996859264316,0.00232939028078,0.268267649863,0.120783839377,1.32663260037,1.22220066519,0.00232939028078,4458.76647612,4.0,
59.5654379157,0.996834662808,0.00201985778708,0.262601863073,0.118790859787,1.31522941765,1.22026053215,0.00201985778708,4733.53776089,4.0,
46.5094789357,0.997434342491,0.00197260506954,0.261616619654,0.119221514553,1.3830366626,1.24944567627,0.00197260506954,4402.0625568,4.0,
68.8863913525,0.996358215937,0.00289253970605,0.273917036623,0.122317813459,1.26267598716,1.22685698448,0.00289253970605,4727.18380497,4.0,
66.497616408,0.996505138682,0.00258148005664,0.272882700944,0.123881859374,1.29279058299,1.27256097561,0.00258148005664,4698.91038681,4.0,
60.3688192905,0.996850676549,0.00261411187138,0.282779825809,0.12431276342,1.3073529705,1.14781042129,0.00261411187138,4695.23395433,4.0,
69.3791297118,0.996323662705,0.00279506830104,0.282236204406,0.124804266452,1.29288424505,1.22120288248,0.00279506830104,4625.97179624,4.0,
63.823059867,0.9964867896,0.00269334114016,0.260832202736,0.117580644174,1.28137391382,1.30138580931,0.00269334114016,4548.18355674,4.0,
71.0264412417,0.99632365899,0.00233768209104,0.269592028558,0.123065093889,1.29063147597,1.2405210643,0.00233768209104,4837.29124601,4.0,
49.6518847007,0.997348764841,0.00265531818919,0.276470207632,0.124428679833,1.28278355124,1.097172949,0.00265531818919,4605.79410779,4.0,
61.1849223947,0.996741985974,0.00245096201592,0.267513663498,0.120213899222,1.27750401865,1.19623059867,0.00245096201592,4745.26517395,4.0,
69.7873614191,0.996197887032,0.00241638515174,0.266192991723,0.119517014467,1.30748938257,1.29467849224,0.00241638515174,4534.04412483,4.0,
69.1044900222,0.996238720983,0.0023253296444,0.272252655691,0.121656240721,1.35982898294,1.35920177384,0.0023253296444,4471.69841871,4.0,
39.3161031042,0.997896449923,0.00251115177039,0.279934273343,0.122948471922,1.28531229549,1.00823170732,0.00251115177039,4605.74037332,4.0,
64.0781596452,0.99644542065,0.00163924187934,0.264711564562,0.122523726571,1.44582635101,1.3756097561,0.00163924187934,4292.59831887,5.0,
69.5452050998,0.996100928749,0.00271630071263,0.280442753338,0.125876838702,1.37189714285,1.35762195122,0.00271630071263,4186.9782272,5.0,
71.6453436807,0.996186048291,0.00294646412751,0.284128190594,0.128131736067,1.31804418669,1.26596452328,0.00294646412751,4482.61911893,5.0,
62.8780210643,0.99642214331,0.00212201666904,0.272377855858,0.126088961361,1.4335392888,1.39692350333,0.00212201666904,4078.94420023,5.0,
60.489440133,0.996726689797,0.00262873277418,0.289640410499,0.127762307312,1.37132479931,1.26205654102,0.00262873277418,4331.12643637,5.0,
60.4010809313,0.996548336097,0.00192939685646,0.255563407871,0.118388072341,1.45300614813,1.48966186253,0.00192939685646,4139.15702834,5.0,
45.1902716186,0.997450774185,0.00156495051647,0.250741205754,0.117247605518,1.43298008211,1.37696784922,0.00156495051647,4256.31776103,5.0,
68.547921286,0.99627404378,0.00170652968152,0.252504404117,0.118039372503,1.42466214226,1.4909368071,0.00170652968152,4487.38477234,5.0,
50.838248337,0.997027531684,0.00141629711752,0.240089212113,0.112721057761,1.46223717343,1.469345898,0.00141629711752,4102.71082134,5.0,
46.0040742794,0.997534254881,0.00202742903796,0.262747283989,0.119673873689,1.38598006,1.20041574279,0.00202742903796,4522.2841105,5.0,
60.8988913525,0.996594839657,0.0018955443926,0.257407533612,0.120056806158,1.43074190881,1.47050997783,0.0018955443926,4249.59119641,5.0,
48.2585365854,0.997458138455,0.00197351844386,0.254935358727,0.119044949852,1.35764679455,1.25460088692,0.00197351844386,4623.23102044,5.0,
56.2495288248,0.996815358572,0.0015859297029,0.253533046282,0.117848970649,1.43358719473,1.37685698448,0.0015859297029,4257.5655711,5.0,
54.2280487805,0.996960015615,0.00190838386979,0.257001247669,0.11908789013,1.41134165878,1.37527716186,0.00190838386979,4262.6801935,5.0,
74.3544068736,0.995758564641,0.00157462275874,0.242162076721,0.114921976205,1.44513917544,1.60346452328,0.00157462275874,4216.27545557,5.0,
58.0611696231,0.996712080674,0.00135450876594,0.248647221179,0.114513028678,1.46442686974,1.47408536585,0.00135450876594,4280.08929903,5.0,
66.0445676275,0.996285781934,0.00163361951883,0.255799188632,0.118718600814,1.47821587518,1.55842572062,0.00163361951883,4178.96049904,5.0,
50.9506374723,0.997216629827,0.00185036501173,0.261787837873,0.119743124955,1.40271401996,1.26349778271,0.00185036501173,4392.63881273,5.0,
48.5422949002,0.997275275342,0.0015314944371,0.25590913453,0.118624125742,1.47736721761,1.394345898,0.0015314944371,4228.95783301,5.0,
61.8904656319,0.996646671889,0.00176771654269,0.26189512576,0.121587503292,1.41893905971,1.36252771619,0.00176771654269,4456.74097971,5.0,
52.8258037694,0.997057591667,0.00155877352496,0.262304049832,0.121326005861,1.45921029104,1.34487250554,0.00155877352496,4261.33127664,5.0,
68.2926274945,0.996094796898,0.00175351583817,0.256249992752,0.119874361137,1.43147721451,1.48874722838,0.00175351583817,4197.92750905,5.0,
56.5477827051,0.996955352589,0.00225130176966,0.261508745969,0.12129182311,1.38675153457,1.33143015521,0.00225130176966,4467.14840182,5.0,
61.8033813747,0.996476208118,0.00160076185712,0.25888189762,0.119931353801,1.47469012501,1.46164079823,0.00160076185712,4159.54748872,5.0,
57.1293514412,0.996823873656,0.00169991251887,0.266894786344,0.122183980694,1.4632577266,1.37242239468,0.00169991251887,4227.42113624,5.0,
63.5248614191,0.996330964941,0.00123002637032,0.248442306341,0.115559175751,1.52734156012,1.54359756098,0.00123002637032,4080.26327968,5.0,
52.2542682927,0.996894895671,0.00175593101804,0.245609798385,0.11533227573,1.4405713578,1.43558758315,0.00175593101804,4042.46048372,5.0,
45.7141075388,0.997542035733,0.0012867408469,0.238224360248,0.111708770465,1.35981251719,1.209672949,0.0012867408469,4813.02115441,5.0,
54.4908536585,0.996858106382,0.00163058671663,0.256303387779,0.11799642048,1.46615225268,1.41563192905,0.00163058671663,4131.71325056,5.0,
43.8568736142,0.997474219038,0.00173735087954,0.253282355373,0.115138519541,1.43155515399,1.35687361419,0.00173735087954,4180.36024322,5.0,
45.8022450111,0.997497933064,0.00151153847572,0.252568812002,0.117558222038,1.38918973833,1.21793237251,0.00151153847572,4572.18568099,5.0,
63.7634146341,0.996311503361,0.00169315016888,0.25662228767,0.121764977375,1.47869912367,1.49151884701,0.00169315016888,4077.32954125,5.0,
50.4678492239,0.996881129043,0.00129021766117,0.241295267075,0.111964136933,1.50641489909,1.51635254989,0.00129021766117,3825.40679637,5.0,
54.8759977827,0.996819219226,0.00195489605508,0.256185139857,0.118275854505,1.41312873139,1.37283813747,0.00195489605508,4136.85739767,5.0,
56.8546563193,0.99658112323,0.00185975148844,0.24925159067,0.115994838172,1.49419586704,1.54650776053,0.00185975148844,3899.85166433,5.0,
53.3008592018,0.997043484731,0.00214481722681,0.275348216566,0.12592053857,1.44446835293,1.31676829268,0.00214481722681,4154.34211366,5.0,
42.3274390244,0.997609167488,0.00162849110255,0.245520808515,0.111897008051,1.34236828394,1.22838137472,0.00162849110255,4478.44879807,5.0,
52.196424612,0.997095272748,0.00154890078589,0.255017971744,0.116825335932,1.42992404112,1.30512749446,0.00154890078589,4408.77835641,5.0,
49.2035199557,0.997135807497,0.00195691792322,0.261036162554,0.121500010927,1.4304954762,1.35224501109,0.00195691792322,4032.96574295,5.0,
50.3983093126,0.99723506236,0.002054626698,0.258593249641,0.117928910866,1.36130683836,1.26261086475,0.002054626698,4480.04825566,5.0,
42.5287416851,0.997624162735,0.00203651438538,0.251665197635,0.11687371876,1.29217156806,1.16565964523,0.00203651438538,4534.05954797,5.0,
50.1078159645,0.997173821587,0.00169073268445,0.255142684544,0.116124117339,1.39720348736,1.28774944568,0.00169073268445,4352.34520071,5.0,
48.8283536585,0.997250272733,0.0018816202354,0.260154502049,0.120412353779,1.39117842082,1.27663525499,0.0018816202354,4299.62415173,5.0,
60.4560144124,0.996664315814,0.00106329445898,0.237375121167,0.111874052542,1.50194307583,1.50823170732,0.00106329445898,4372.28320068,5.0,
51.2322339246,0.99704077452,0.00140302207831,0.245279091654,0.114841424422,1.45489718893,1.44819844789,0.00140302207831,4218.0461066,5.0,
59.2859756098,0.996646416281,0.00147742329192,0.247982889692,0.116666070191,1.43020156175,1.38791574279,0.00147742329192,4302.02523243,5.0,
57.7822062084,0.996740467221,0.00229927811933,0.266163168666,0.121726395833,1.39887382058,1.35582039911,0.00229927811933,4190.85553264,5.0,
73.9797949002,0.996076836709,0.00258194327339,0.27347116929,0.126922851806,1.35573727384,1.35590354767,0.00258194327339,4509.06458412,5.0,
48.2855321508,0.997378780014,0.00229291983569,0.263787861977,0.118934011174,1.3207401791,1.20266075388,0.00229291983569,4551.17795719,5.0,
49.5935421286,0.997080983485,0.00181555154596,0.256559895306,0.11935413631,1.4585714153,1.44908536585,0.00181555154596,3970.45106024,5.0,
51.567710643,0.996934092883,0.000381014596782,0.17954261359,0.0839370413501,1.4935964371,1.68334257206,0.000381014596782,4622.86245288,6.0,
57.9675997783,0.996875140679,0.00108670188445,0.21650824616,0.101527448114,1.26619690776,1.29442904656,0.00108670188445,5133.6860103,6.0,
63.818154102,0.996581157903,0.00113605021608,0.218424964014,0.102859447603,1.25751964186,1.29936252772,0.00113605021608,5176.89837399,6.0,
59.4263580931,0.99677381263,0.00103712463311,0.20915889163,0.0999655440367,1.29112373733,1.34343126386,0.00103712463311,5064.57344449,6.0,
58.050304878,0.996748883234,0.00104104699584,0.207861007878,0.0983382579052,1.27328874675,1.35934035477,0.00104104699584,4987.69575809,6.0,
51.6208148559,0.99716596231,0.00108327653871,0.211195211716,0.0997262668015,1.2924705843,1.3213691796,0.00108327653871,5005.12398769,6.0,
52.0782982262,0.997173824771,0.00131884107625,0.215721675671,0.101110134316,1.23164550147,1.24232261641,0.00131884107625,5116.3289493,6.0,
46.7019955654,0.997575603431,0.00131814663522,0.213899079733,0.0994345494791,1.20244961874,1.12250554324,0.00131814663522,5413.92626532,6.0,
61.0136086475,0.996654847142,0.00131608712592,0.21226979782,0.099455709031,1.1999466142,1.26394124169,0.00131608712592,5140.82464454,6.0,
75.8106707317,0.995922030824,0.00125400071779,0.212736736781,0.0991978725252,1.23169424316,1.39409645233,0.00125400071779,5235.34897403,6.0,
54.9477827051,0.996960247409,0.00138694546118,0.221435522732,0.104917395974,1.21572579361,1.16280487805,0.00138694546118,5032.35022366,6.0,
69.8955099778,0.996217561313,0.00145838915492,0.224254342607,0.106106241832,1.27535566455,1.36396895787,0.00145838915492,5011.90495511,6.0,
55.8826773836,0.996859416484,0.00132267432928,0.220936733684,0.104092961829,1.27819467114,1.2919345898,0.00132267432928,4844.61678384,6.0,
48.0377494457,0.997340915166,0.00148648482554,0.224007096771,0.102880673203,1.18770003611,1.09573170732,0.00148648482554,5052.84032852,6.0,
47.0356430155,0.997535690045,0.00148949842307,0.225906464925,0.106454517598,1.20945803455,1.08697339246,0.00148949842307,5256.30281623,6.0,
64.2325665188,0.996482878719,0.00122783934199,0.220931978555,0.103718734237,1.25560824428,1.28323170732,0.00122783934199,5026.96519582,6.0,
88.7730321508,0.995031740141,0.00125022507879,0.219696329512,0.103138904607,1.29096208297,1.52591463415,0.00125022507879,4858.7084388,6.0,
74.6911031042,0.996017904404,0.00123044733679,0.216986590733,0.10288694785,1.25118930936,1.36804323725,0.00123044733679,5199.05582303,6.0,
71.665327051,0.996157425985,0.00130505211995,0.218420051074,0.103567609282,1.27440120779,1.39598115299,0.00130505211995,5080.1200669,6.0,
62.2674889135,0.996431735576,0.00115258390445,0.215659200209,0.102345395022,1.28525390106,1.35246674058,0.00115258390445,4804.56988514,6.0,
69.0307095344,0.996257164849,0.00138968251139,0.219472938146,0.101502487576,1.23743632965,1.32211751663,0.00138968251139,5103.90982255,6.0,
73.3781042129,0.996119759983,0.00137421967567,0.222306461825,0.104582704121,1.24426411819,1.33580931264,0.00137421967567,5205.98458837,6.0,
56.4919345898,0.996855908686,0.0011069605115,0.217644861917,0.102163625791,1.28539835785,1.28916297118,0.0011069605115,4964.38095575,6.0,
63.1402161863,0.996469912409,0.00140522984769,0.224013827721,0.105414452017,1.25825987646,1.26543791574,0.00140522984769,4868.44304825,6.0,
76.880210643,0.995916635946,0.00133396590971,0.217663064749,0.102154635361,1.23989730438,1.3993902439,0.00133396590971,5211.96267405,6.0,
51.9582317073,0.9971580765,0.00131031420077,0.220560429565,0.102874947296,1.2573477888,1.21715631929,0.00131031420077,4992.12709036,6.0,
65.0551274945,0.996485532228,0.00132854020506,0.224113651658,0.105207237882,1.27023074662,1.32691241685,0.00132854020506,5028.97773811,6.0,
46.4564855876,0.997516502438,0.00125510997979,0.218175738082,0.101775949826,1.23948808161,1.15637472284,0.00125510997979,5193.85050508,6.0,
56.3536585366,0.996940038791,0.000962699605705,0.214823570622,0.0988776484222,1.33117218663,1.34190687361,0.000962699605705,5013.51315744,6.0,
69.0075110865,0.996195472901,0.00121183570263,0.214053895627,0.0995261021112,1.25297907038,1.36798780488,0.00121183570263,5057.90209828,6.0,
64.2657150776,0.996528758758,0.00129659130855,0.225931615268,0.106423932807,1.28030010194,1.27691241685,0.00129659130855,5033.98150541,6.0,
70.2810144124,0.996349381044,0.00141840271803,0.223092129403,0.105832195141,1.25272518642,1.36510532151,0.00141840271803,5238.01568952,6.0,
57.3506929047,0.997050505303,0.00152209643758,0.222457555329,0.10392395316,1.18425799895,1.14769955654,0.00152209643758,5401.24256439,6.0,
57.7661031042,0.996923330563,0.00103517190181,0.213801216266,0.0996231253876,1.26865271355,1.29221175166,0.00103517190181,5239.40656674,6.0,
64.4706208426,0.996400329756,0.00164713423238,0.221765479513,0.103424386748,1.21512010684,1.32039911308,0.00164713423238,4922.89892644,6.0,
54.6573447894,0.996966333387,0.00121590939818,0.218501561901,0.103923198093,1.23926704095,1.18428492239,0.00121590939818,5022.59669059,6.0,
69.781097561,0.99630710783,0.00133579573109,0.218614976822,0.103325496776,1.22477493803,1.28054323725,0.00133579573109,5284.89467265,6.0,
59.033037694,0.996727916734,0.00107739299463,0.214604957933,0.100962944867,1.29592404912,1.31274944568,0.00107739299463,4960.6789553,6.0,
65.0943181818,0.996485352018,0.00114537907877,0.214954319272,0.10186651508,1.25098344205,1.27048226164,0.00114537907877,5153.9922166,6.0,
72.6083148559,0.995985301297,0.00100441215874,0.205759824088,0.0968677213974,1.28809196832,1.4788248337,0.00100441215874,5074.43982159,6.0,
67.6997505543,0.996118750416,0.000927374527411,0.201045274962,0.0945547358577,1.29496619992,1.4608924612,0.000927374527411,4901.89428385,6.0,
72.1799334812,0.996128732931,0.00141406937527,0.221474079508,0.103872376966,1.21904766601,1.29611973392,0.00141406937527,5188.04884195,6.0,
64.2803492239,0.996436072597,0.00104138576629,0.216051570142,0.100555883935,1.27462493131,1.28766629712,0.00104138576629,5011.64605604,6.0,
59.6592849224,0.996717576524,0.00111125928584,0.212203998231,0.0998686719132,1.23519358523,1.25146895787,0.00111125928584,5121.69434818,6.0,
59.2720066519,0.996774562228,0.00131594885227,0.224990708147,0.103981036481,1.26379184765,1.26341463415,0.00131594885227,5034.65177049,6.0,
62.7457317073,0.996623046983,0.00112492763679,0.22009769511,0.10437943457,1.2741740414,1.27305986696,0.00112492763679,5137.81199098,6.0,
48.1335643016,0.997266841162,0.00115970422958,0.221684516248,0.105035639508,1.30322344623,1.22458425721,0.00115970422958,4800.48154967,6.0,
50.460116408,0.997190535755,0.00109886151617,0.220983783772,0.10456756537,1.29440608486,1.20279933481,0.00109886151617,4911.00569573,6.0,
49.9049611973,0.997365674182,0.00117943434398,0.224692490431,0.106982189094,1.25328379299,1.1141075388,0.00117943434398,5229.16786569,6.0,
59.8786031042,0.99664355609,0.00108945429841,0.215629611135,0.101187016618,1.28234851413,1.2993902439,0.00108945429841,4944.73664464,6.0,
66.2356984479,0.996265324525,0.00120038741206,0.209110007987,0.0984989264055,1.28852330709,1.39162971175,0.00120038741206,4840.06596929,7.0,
42.5227272727,0.997719724749,0.00134779711629,0.229448712571,0.108671264465,1.29150517331,1.17527716186,0.00134779711629,4961.28135114,7.0,
72.6414356984,0.996047221726,0.00197888653448,0.23902675685,0.112168210891,1.24591204122,1.30878603104,0.00197888653448,4876.38056906,7.0,
58.5829268293,0.99677320189,0.00120379432132,0.221009635139,0.105161703797,1.32383329572,1.37599778271,0.00120379432132,4815.21941478,7.0,
74.7812084257,0.995871277596,0.00143915989843,0.23522988406,0.108392857145,1.30505112766,1.37322616408,0.00143915989843,4789.62787501,7.0,
53.4820676275,0.997030218608,0.00108365602308,0.216716874735,0.102080005797,1.32335333344,1.39542682927,0.00108365602308,4889.65659659,7.0,
50.388386918,0.997246588453,0.00137710114503,0.230159907403,0.107475447126,1.27440573761,1.16283259424,0.00137710114503,4919.85439107,7.0,
60.7189855876,0.996784270329,0.00139045223475,0.227576000606,0.105929742596,1.2953781943,1.33339800443,0.00139045223475,5018.28978674,7.0,
44.0275776053,0.997598036151,0.00146428268543,0.232743770404,0.109396415189,1.27315706295,1.1264135255,0.00146428268543,4915.93107997,7.0,
57.386613082,0.996899053902,0.00197387257806,0.241536388913,0.111908387513,1.22560152487,1.14997228381,0.00197387257806,4931.82829004,7.0,
46.3014966741,0.997520044428,0.00117581541512,0.22568767675,0.107105523437,1.312844577,1.22727272727,0.00117581541512,4998.93299878,7.0,
50.8724223947,0.997137901294,0.00142809186041,0.236031695626,0.111383572487,1.28867724288,1.14121396896,0.00142809186041,4742.59424481,7.0,
61.00922949,0.996771493859,0.0013008424553,0.233584068262,0.110098496225,1.28110227428,1.19803215078,0.0013008424553,5076.406376,7.0,
65.0190687361,0.996434249104,0.00130952373636,0.234380637011,0.11021687094,1.31322874885,1.30315964523,0.00130952373636,4816.84903636,7.0,
63.7567073171,0.996577822715,0.00127938852931,0.220271205457,0.105620198715,1.23191679673,1.23120842572,0.00127938852931,5159.64415483,7.0,
48.0735033259,0.997368786503,0.00117023991401,0.22404218775,0.104161971707,1.31269459294,1.24384700665,0.00117023991401,4909.1111795,7.0,
56.3494179601,0.996842129686,0.00127853430539,0.225817519315,0.105415745668,1.29732949062,1.26649113082,0.00127853430539,4805.62688177,7.0,
72.143902439,0.996139448185,0.00132706374969,0.226866434472,0.106105031763,1.28114771784,1.32355875831,0.00132706374969,5040.99032889,7.0,
47.7814301552,0.997371777226,0.00114193606472,0.226776465181,0.107487763624,1.33220743083,1.22455654102,0.00114193606472,4835.61550336,7.0,
65.5649390244,0.99641678949,0.00140199885325,0.228636793834,0.108157774081,1.30380369508,1.33639135255,0.00140199885325,4853.12265928,7.0,
65.8396064302,0.99634539934,0.00122673084818,0.22570646515,0.108133859967,1.34664645695,1.41227827051,0.00122673084818,4716.57232361,7.0,
53.3928769401,0.997091081397,0.0015585407643,0.233077563701,0.10670961283,1.28675930362,1.2292405765,0.0015585407643,4872.2501155,7.0,
50.0175443459,0.997283263233,0.00123423373041,0.230000447526,0.107509023174,1.26686746076,1.13422949002,0.00123423373041,4989.42878965,7.0,
57.9670731707,0.996692575266,0.00122111309679,0.229188162476,0.107125460012,1.34292405405,1.32937915743,0.00122111309679,4624.17289016,7.0,
43.1232261641,0.997657986217,0.00147214584737,0.230889170448,0.109850874142,1.24810104294,1.08841463415,0.00147214584737,4959.7596614,7.0,
38.9661031042,0.997772145929,0.00152189286803,0.254617565623,0.121919584946,1.43919032043,1.24564855876,0.00152189286803,4151.41652715,7.0,
70.9322616408,0.996158406983,0.00138413696958,0.230373194087,0.109377592234,1.28256754116,1.30454545455,0.00138413696958,4935.84083296,7.0,
63.025,0.996414889119,0.00135752927714,0.221627020566,0.105100016114,1.28920823845,1.34977827051,0.00135752927714,4715.66206919,7.0,
97.1802383592,0.994733803876,0.00112717842464,0.22528703736,0.106847573865,1.3488543166,1.56948447894,0.00112717842464,4881.0338125,7.0,
75.9578991131,0.995745948542,0.00160523040078,0.223165054772,0.104506507242,1.27054115225,1.47663525499,0.00160523040078,4764.50907628,7.0,
63.8084534368,0.996479506513,0.00133414643365,0.230986536916,0.108866097549,1.33862167637,1.35324279379,0.00133414643365,4777.519772,7.0,
68.5475886918,0.996074331495,0.00142096615798,0.220194779573,0.1051083298,1.27002905401,1.3586751663,0.00142096615798,4748.30414995,7.0,
59.7216740576,0.996755433822,0.00151161298986,0.224551059382,0.105339669667,1.3131930601,1.3905210643,0.00151161298986,4826.96773416,7.0,
63.6494456763,0.996706582684,0.00129946586423,0.225014990524,0.106276324711,1.29334709106,1.3328713969,0.00129946586423,5183.56054993,7.0,
46.8508592018,0.997390393914,0.00163146859529,0.222062827463,0.103248714862,1.27755832001,1.3207594235,0.00163146859529,4838.85469739,7.0,
39.1880820399,0.997907571956,0.00155222626732,0.236452407032,0.109656719116,1.26085177328,1.09645232816,0.00155222626732,5007.5918931,7.0,
67.4110587583,0.99630189524,0.00135586307958,0.228302860414,0.107419292476,1.31796384917,1.38156873614,0.00135586307958,4850.48881916,7.0,
57.9581485588,0.996811764441,0.00174285033014,0.227469073288,0.106434427442,1.25424150999,1.28575388027,0.00174285033014,4871.79361071,7.0,
63.6713691796,0.996598641879,0.00136819862611,0.227344459203,0.106817376947,1.29781127381,1.34708980044,0.00136819862611,4971.93519512,7.0,
48.6085365854,0.99731095236,0.00120234628886,0.222405598089,0.104207345891,1.30888025371,1.28442350333,0.00120234628886,4849.4835961,7.0,
77.0942904656,0.995799818128,0.00147776590331,0.241316155537,0.113502570588,1.32972885597,1.38819290466,0.00147776590331,4757.20744286,7.0,
60.4955931264,0.996738211347,0.00154548158564,0.237783484328,0.112983904741,1.29678800008,1.24581485588,0.00154548158564,4836.85469571,7.0,
59.8807926829,0.99672373724,0.00141840502259,0.235932328005,0.111662073856,1.31945753669,1.29010532151,0.00141840502259,4765.57100863,7.0,
72.8579268293,0.996048193302,0.00134496634726,0.231874364925,0.107530624806,1.29062596925,1.32810421286,0.00134496634726,4912.11569974,7.0,
67.7743070953,0.996017946121,0.00142914581295,0.246648176234,0.11418539014,1.49094253723,1.59914079823,0.00142914581295,4025.43199825,7.0,
57.8794345898,0.996863798532,0.00163849212885,0.242396705206,0.113359376708,1.27515172072,1.17494456763,0.00163849212885,4900.96692898,7.0,
58.5907150776,0.996761439593,0.0018565734989,0.236543602533,0.108291400485,1.22256952957,1.18827605322,0.0018565734989,4899.30116613,7.0,
61.926191796,0.996584344322,0.00199180743949,0.246033756973,0.113345518265,1.2728712213,1.26100332594,0.00199180743949,4724.93382967,7.0,
60.4488359202,0.996712581978,0.00197227090821,0.243633071496,0.113656700733,1.2521976277,1.22572062084,0.00197227090821,4826.63498118,7.0,
59.4268015521,0.996863861186,0.00170618092463,0.23784379152,0.111094300057,1.25194933301,1.21615853659,0.00170618092463,5047.81503124,7.0,
