49.3507801699,0.997290159933,0.00124120459067,0.206615507754,0.100387534351,1.30171104331,1.51273948252,0.00124120459067,4824.88986568,1.0,
58.8506814142,0.996817292571,0.00154439603169,0.212308659408,0.0997085973222,1.20678770055,1.32233853447,0.00154439603169,5064.37306997,1.0,
83.6016195931,0.995675619696,0.00138811902285,0.215602840138,0.105083022972,1.26184885023,1.45151096188,0.00138811902285,5178.99943775,1.0,
35.2239778787,0.99808958851,0.0014582993371,0.216264688527,0.102165301592,1.20215501758,1.10349595102,0.0014582993371,5075.54990296,1.0,
49.2547896504,0.997419998096,0.00143957418377,0.213322027465,0.103398764131,1.23027724215,1.3203634209,0.00143957418377,5154.70540739,1.0,
24.5552044243,0.998677370363,0.00162709879223,0.219737594881,0.103307500951,1.22062517017,1.11534663243,0.00162709879223,5009.98775396,1.0,
67.7845151096,0.996319207716,0.00147819481252,0.214146865954,0.096898761304,1.20027003962,1.33655935216,0.00147819481252,5070.13957547,1.0,
62.6039897294,0.99666728409,0.00180050151422,0.222882839236,0.101059480189,1.17458630441,1.21666995852,0.00180050151422,5145.68271597,1.0,
42.6276910922,0.997701821208,0.000820941930608,0.183987959962,0.0872737399272,1.3084515782,1.53584831128,0.000820941930608,5086.23496394,1.0,
41.0029626704,0.997647919633,0.00114106403109,0.19721019037,0.0903051027056,1.27555214142,1.47975508592,0.00114106403109,4739.25869972,1.0,
75.4876555402,0.995841933351,0.00123823977473,0.191697886609,0.0941963482255,1.26086424693,1.6081374679,0.00123823977473,4946.83165697,1.0,
57.4449930871,0.996894789805,0.000986347451696,0.202418028066,0.0965023480386,1.31159505339,1.41615642899,0.000986347451696,4980.96366499,1.0,
29.4815326881,0.998289867817,0.00117956762763,0.196078673921,0.0944746483258,1.26300877733,1.30535255777,0.00117956762763,4675.43018036,1.0,
22.9932846139,0.998688699327,0.00108839953735,0.197996126096,0.0911700780652,1.29769148708,1.33260912502,0.00108839953735,4728.94499032,1.0,
41.72052143,0.997661829848,0.000999142973138,0.201601775804,0.0933108606103,1.3449236002,1.45743630259,0.000999142973138,4715.25210254,1.0,
64.7064981236,0.996447248828,0.000995905082042,0.191765919313,0.0926484190657,1.29755174766,1.61860556982,0.000995905082042,4939.58490302,1.0,
36.3651984989,0.998037485085,0.00117106328716,0.208037520774,0.101312692635,1.28496402815,1.26703535453,0.00117106328716,4965.80211899,1.0,
52.1491210745,0.997215562743,0.000885738763279,0.190137509825,0.0918488322771,1.32012960992,1.52617025479,0.000885738763279,5074.32904681,1.0,
56.8435710053,0.996933153262,0.00115565404639,0.211501645931,0.0969593135712,1.3067117105,1.35315030614,0.00115565404639,4933.54363672,1.0,
73.438277701,0.996032721153,0.00114949035009,0.20636710976,0.099099492188,1.28388497964,1.49042069919,0.00114949035009,4957.89979035,1.0,
46.8068338929,0.997436038654,0.00124459852472,0.216230729677,0.102109850036,1.27946822309,1.2603199684,0.00124459852472,4848.60124018,1.0,
64.6968200672,0.99643887944,0.00138772891549,0.216847956811,0.101640556145,1.28064272382,1.38929488446,0.00138772891549,4822.69596229,1.0,
38.7947857002,0.997951780261,0.00109928353272,0.204097334653,0.0944840165915,1.26690823482,1.27355322931,0.00109928353272,5156.44989117,1.0,
23.6616630456,0.998680569572,0.00138051192931,0.213839817822,0.101661454393,1.27630183048,1.19119099348,0.00138051192931,4742.45066134,1.0,
75.7213114754,0.99585890088,0.00112144163083,0.202625603803,0.0954919423792,1.28770003485,1.58107841201,0.00112144163083,4929.41993604,1.0,
84.6353940352,0.995397770561,0.000951705918034,0.193470634457,0.0870379594906,1.30062473422,1.68891961288,0.000951705918034,5001.47492025,1.0,
47.9928895912,0.997396304996,0.00118233738989,0.206160247352,0.0970881655924,1.29370306819,1.36677858977,0.00118233738989,4927.1958874,1.0,
46.0549081572,0.997384355844,0.00108172870147,0.200882405747,0.0997320418661,1.29529991404,1.37981433932,0.00108172870147,4733.01214771,1.0,
69.9968398183,0.99598817426,0.000905478195749,0.200870308998,0.0920376954341,1.3513213295,1.63815919415,0.000905478195749,4655.35255007,1.0,
58.4366976101,0.996775346702,0.00107806169228,0.191468207735,0.09179031784,1.31256261291,1.71657120284,0.00107806169228,4836.08501022,1.0,
57.3734939759,0.996719627952,0.00102898618626,0.200806050433,0.0950642180385,1.30010790079,1.48094015406,0.00102898618626,4757.69480578,1.0,
76.712225953,0.995621760372,0.0013569494447,0.213544361516,0.100570093082,1.29855052304,1.47738494963,0.0013569494447,4619.72090032,1.0,
66.0817697018,0.996381762926,0.0012805664234,0.215756036801,0.104781658201,1.30955056902,1.49990124432,0.0012805664234,4794.37887087,1.0,
84.1435907565,0.995225564741,0.000988571063654,0.200901057191,0.0923129921296,1.29209975565,1.6008295477,0.000988571063654,4824.40997476,1.0,
57.974521035,0.996718239285,0.00129219162276,0.20125273899,0.0953320696289,1.24679174541,1.46217657515,0.00129219162276,4818.9847463,1.0,
34.4929883468,0.998056366018,0.00108126057264,0.199862664019,0.0945368396912,1.26235972556,1.25064191191,0.00108126057264,4867.11476943,1.0,
62.9573375469,0.996690638988,0.00105855632423,0.204513135155,0.100432770852,1.2792210264,1.38672723682,0.00105855632423,5188.88373463,1.0,
51.4519059846,0.997123751083,0.00108746327968,0.198755806153,0.0948796260175,1.30396687867,1.46020146158,0.00108746327968,4830.22282231,1.0,
50.6195931266,0.997181236786,0.000704533894068,0.190572154846,0.0863467628265,1.37268758781,1.59134900257,0.000704533894068,4874.92582909,1.0,
36.1520837448,0.997951234458,0.0010253581878,0.199252257649,0.0938906932113,1.31604802125,1.41892158799,0.0010253581878,4734.80135935,1.0,
42.7418526565,0.997669871715,0.0013208645138,0.199368321239,0.0976213232087,1.30900215991,1.49832115347,0.0013208645138,4808.80897026,1.0,
50.2229903219,0.997259456833,0.00143224016538,0.218203005713,0.0962935471515,1.2570784575,1.27730594509,0.00143224016538,4926.06869249,1.0,
63.7698992692,0.9964709039,0.00102855706816,0.200044164348,0.0945361288324,1.30513694866,1.55382184476,0.00102855706816,4889.06349382,1.0,
42.3624333399,0.997611585975,0.00102590433811,0.195588870733,0.089762968381,1.27798012219,1.39423266838,0.00102590433811,4884.58015991,1.0,
49.3412996247,0.997158012019,0.00107302930732,0.197615756952,0.0914683232274,1.2822235737,1.38317203239,0.00107302930732,4707.89529121,1.0,
50.1876357891,0.997070308015,0.00121319488215,0.206590867376,0.0953264376689,1.3119666491,1.45328856409,0.00121319488215,4541.19317553,1.0,
61.0069128975,0.996510754121,0.000953929529992,0.196899126005,0.0942121937446,1.30563730654,1.48054513135,0.000953929529992,4757.30363736,1.0,
28.6107051155,0.998427216011,0.00103589108655,0.201891686727,0.0912760736652,1.28749776905,1.25538218448,0.00103589108655,4947.33620404,1.0,
45.3102903417,0.997494585016,0.00111161092533,0.205061230625,0.0984623594415,1.29318116267,1.33241161367,0.00111161092533,4838.11616714,1.0,
52.0156033972,0.997185890265,0.00150850615447,0.215500205078,0.104925345522,1.24000067877,1.2859964448,0.00150850615447,4945.9264669,1.0,
29.5607347422,0.998451713893,0.00114644751267,0.214968682315,0.100058808054,1.33365038266,1.29014418329,0.00114644751267,4949.88216647,2.0,
58.888208572,0.996878895,0.0014906002266,0.224521665142,0.105038271189,1.29840433634,1.37013628284,0.0014906002266,4882.91225158,2.0,
41.6822042267,0.997677411369,0.00181392120744,0.221214720784,0.103244067058,1.27109606899,1.41240371321,0.00181392120744,4652.37979446,2.0,
50.4017380999,0.997304745718,0.00133256773463,0.217054484493,0.103184925963,1.31494354789,1.410626111,0.00133256773463,4871.72692495,2.0,
70.1665020739,0.99631412629,0.00177046324742,0.231507195195,0.109370198842,1.29429035969,1.40884850879,0.00177046324742,4868.04592018,2.0,
50.5056290737,0.997247440742,0.00144710325584,0.220825472718,0.10511747832,1.35931778404,1.49121074462,0.00144710325584,4611.08058642,2.0,
41.0805846336,0.997765316191,0.00124608093269,0.22143710297,0.101615185526,1.36414657494,1.44163539404,0.00124608093269,4685.70823231,2.0,
59.5554019356,0.996815564181,0.00183362162917,0.229327516525,0.109720702339,1.29864214739,1.39897294094,0.00183362162917,4754.70520578,2.0,
39.5236026072,0.997960418809,0.00129862839422,0.224760350438,0.106330622165,1.35960506465,1.34149713609,0.00129862839422,4910.15245821,2.0,
56.8593719139,0.996958970375,0.00139517996608,0.225339863738,0.107898905174,1.35698227032,1.45111593917,0.00139517996608,4747.05359524,2.0,
95.5520442425,0.994720318866,0.00140364529582,0.216554651237,0.102190986261,1.30338209689,1.65751530713,0.00140364529582,4767.6412079,2.0,
31.429982224,0.998259764504,0.00121787617048,0.218730716317,0.0999694680721,1.33420627056,1.32727631839,0.00121787617048,4697.35066429,2.0,
34.0396997827,0.998100425839,0.00153994880777,0.221671923317,0.105637687957,1.31446078955,1.32273355718,0.00153994880777,4577.41106689,2.0,
57.2275330832,0.996810692664,0.00141156447525,0.217205299123,0.100384826576,1.32276267928,1.4977286194,0.00141156447525,4668.67575108,2.0,
50.7667390875,0.997341698619,0.00144183680647,0.220202788303,0.105098077193,1.2756043947,1.30080979656,0.00144183680647,5035.96333929,2.0,
54.5844361051,0.997076858563,0.00157576066352,0.21946359227,0.104568057828,1.26002975125,1.34090460201,0.00157576066352,4911.88257964,2.0,
47.8109816314,0.997444084665,0.00158161227393,0.224130350959,0.10187669778,1.28854986258,1.32826387517,0.00158161227393,4860.54358945,2.0,
52.0681414181,0.997203395584,0.00169318297919,0.226196323046,0.105110778355,1.28303184075,1.33853446573,0.00169318297919,4836.89213637,2.0,
64.7017578511,0.996604248097,0.00161172856221,0.232074611895,0.104949545914,1.28697925066,1.38119691882,0.00161172856221,4934.60960692,2.0,
44.0963855422,0.997550186905,0.00175540510328,0.232112707075,0.106480048744,1.32474453548,1.39838040687,0.00175540510328,4544.68635725,2.0,
43.79913095,0.99752439799,0.00126425993571,0.216123613185,0.100398313296,1.39340672284,1.56211732175,0.00126425993571,4449.49255282,2.0,
43.1119889394,0.99768857249,0.00134899125453,0.220164874475,0.0995865889027,1.31426350831,1.3162156824,0.00134899125453,4898.95817065,2.0,
53.7367173612,0.997072415214,0.00160708628461,0.229194233679,0.104717481572,1.32617103396,1.38435710053,0.00160708628461,4645.17110818,2.0,
34.2636776615,0.998217473587,0.00226250566192,0.228879632723,0.108974891056,1.23752952676,1.24846928698,0.00226250566192,4945.78632129,2.0,
27.9462769109,0.998489908955,0.0019319676949,0.227448349146,0.103675357262,1.29645499011,1.24550661663,0.0019319676949,4700.51571727,2.0,
68.9010468102,0.996353964797,0.00162854218947,0.227730136161,0.103376048581,1.34577826838,1.51609717559,0.00162854218947,4798.84017862,2.0,
58.3817894529,0.996841916161,0.00147425472817,0.225975509245,0.105653868664,1.31827117322,1.37606162354,0.00147425472817,4763.68321659,2.0,
35.0671538613,0.998087159622,0.00131025359358,0.219039416836,0.106416524158,1.32326405613,1.2575548094,0.00131025359358,4720.64523872,2.0,
49.5317005728,0.997275510217,0.00152894778019,0.224891092687,0.105590530333,1.33732095514,1.43966028047,0.00152894778019,4619.60854308,2.0,
63.2504444006,0.996530643933,0.00149138044132,0.22931884192,0.105951669691,1.31784458188,1.40094805451,0.00149138044132,4688.5930419,2.0,
77.2759233656,0.995978756692,0.00152465659922,0.226269402111,0.10617020327,1.31903854294,1.49713608532,0.00152465659922,4885.32654056,2.0,
14.918625321,0.999211102316,0.00137060320234,0.227545934167,0.106677099952,1.34408492105,1.16077424452,0.00137060320234,4818.03389701,2.0,
45.9826190006,0.997487354464,0.00174635461251,0.221902509617,0.104730609382,1.27521601359,1.38020936204,0.00174635461251,4760.90099048,2.0,
58.9012443215,0.99687948851,0.00145209663006,0.225528924059,0.103552303241,1.33617617878,1.45190598459,0.00145209663006,4821.41656103,2.0,
61.5763381394,0.996715924408,0.00161812632293,0.228252678495,0.107134222298,1.29432119558,1.3405095793,0.00161812632293,4851.1533785,2.0,
59.8649022319,0.996661825996,0.00170441807119,0.225435351409,0.103208393211,1.28891676028,1.42603199684,0.00170441807119,4614.93961181,2.0,
63.8913687537,0.996546678697,0.0018654153791,0.232288182288,0.106085959613,1.30845305784,1.49121074462,0.0018654153791,4673.54964931,2.0,
41.5587596287,0.997720441027,0.00215452394438,0.222238347098,0.107254892023,1.2486826066,1.29567450128,0.00215452394438,4678.12575812,2.0,
46.5806833893,0.99754655887,0.00194195444334,0.231918771325,0.112098056708,1.22632775541,1.15662650602,0.00194195444334,4970.04557242,2.0,
34.3853446573,0.998132555048,0.0015787644902,0.223813217767,0.10451255453,1.30219020963,1.24965435513,0.0015787644902,4727.50951122,2.0,
57.991704523,0.996770188896,0.00190091514896,0.220546098775,0.106061351778,1.26085234252,1.40825597472,0.00190091514896,4683.73997908,2.0,
49.8593719139,0.997375737325,0.00157771120032,0.220069579963,0.104413172417,1.27296203749,1.30989531898,0.00157771120032,4991.84999314,2.0,
48.6496148529,0.997297535728,0.00171506800215,0.2262799866,0.106771003204,1.30124822855,1.35552044243,0.00171506800215,4627.72126953,2.0,
37.8370531306,0.997886922052,0.00158765893803,0.221865210311,0.100007202599,1.35342047214,1.45230100731,0.00158765893803,4467.74814136,2.0,
65.9899269208,0.996317215479,0.00225310407452,0.228594023007,0.109684156309,1.26654542312,1.42109421292,0.00225310407452,4568.16155338,2.0,
53.1412206202,0.997196628156,0.00182702881477,0.234587532447,0.112373483655,1.31166154195,1.35887813549,0.00182702881477,4756.00965666,2.0,
25.2607149911,0.998688850761,0.00124553478238,0.21596537902,0.105926608672,1.29504929493,1.17222990322,0.00124553478238,5092.31337968,2.0,
73.3752715781,0.995945419317,0.00168323524149,0.22740284689,0.108146411902,1.31645961812,1.51155441438,0.00168323524149,4611.23794915,2.0,
33.064191191,0.998214043121,0.00141433423751,0.223585927925,0.101570073988,1.33614894115,1.32925143196,0.00141433423751,4705.9520179,2.0,
67.1293699388,0.996323787033,0.00143828682948,0.209975693531,0.105331811857,1.31602609808,1.58009085522,0.00143828682948,4739.48282304,2.0,
56.7793798143,0.997084647396,0.00142634954423,0.219184876896,0.101106202167,1.26743096324,1.39522022516,0.00142634954423,5196.610486,3.0,
58.734939759,0.996843322581,0.00187415378399,0.226375685243,0.10091388519,1.25795672507,1.4605964843,0.00187415378399,4876.22374403,3.0,
64.8066363816,0.996499007364,0.00148147171435,0.213834551064,0.0979966328737,1.23163080961,1.37586411219,0.00148147171435,5000.87414636,3.0,
66.1329251432,0.996396994321,0.0017861065526,0.219026717654,0.0993103727611,1.22687847444,1.39818289552,0.0017861065526,4906.10215611,3.0,
39.3314240569,0.997921715108,0.00151911707469,0.217565584717,0.104162633109,1.25497797225,1.26111001383,0.00151911707469,5029.79271827,3.0,
26.5350582659,0.998581299886,0.00164793052531,0.216417901167,0.104536379819,1.22773221594,1.18131542564,0.00164793052531,4980.2960836,3.0,
35.6770689315,0.9980934831,0.00165783925228,0.221084670366,0.0985425558948,1.20522979694,1.14813351768,0.00165783925228,5084.20675369,3.0,
37.8589768912,0.997982736751,0.00158399192883,0.217180222238,0.100580937909,1.2690236403,1.3162156824,0.00158399192883,4947.76800981,3.0,
68.7311870433,0.996404732788,0.00241534972598,0.224672894649,0.105612686082,1.17222576998,1.32490618211,0.00241534972598,5091.6312153,3.0,
53.9822239779,0.997218110518,0.00192763750319,0.2229265739,0.107388980457,1.20824889989,1.22259529923,0.00192763750319,5141.59367934,3.0,
59.6162354335,0.99690787885,0.00147097782634,0.212777528172,0.0959920668953,1.21602354666,1.39660280466,0.00147097782634,5277.72708275,3.0,
45.1771676871,0.997655845472,0.0017003219439,0.223485057585,0.105237569965,1.24915506516,1.29804463757,0.0017003219439,5071.98533908,3.0,
66.2996247284,0.996419400244,0.00158414797178,0.216655157284,0.102463879362,1.26616668772,1.44756073474,0.00158414797178,4896.42874327,3.0,
23.2869840016,0.998747477923,0.00169084233503,0.216665637419,0.100542760197,1.25589682867,1.23523602607,0.00169084233503,4881.37247235,3.0,
82.9962472842,0.995745702706,0.00163361358516,0.21716155805,0.10135218061,1.2111034172,1.38652972546,0.00163361358516,5245.58719017,3.0,
47.516887221,0.997451145304,0.00141468533414,0.209458848833,0.0993308999082,1.23078943831,1.24037132135,0.00141468533414,5027.96982036,3.0,
69.0175785108,0.996359636037,0.00147452780332,0.209231043876,0.0982265092084,1.2565596428,1.47857001778,0.00147452780332,5055.5522089,3.0,
22.1530713016,0.998801605124,0.0012678099127,0.206468969385,0.0972298412644,1.26256150583,1.21647244717,0.0012678099127,4962.79219098,3.0,
51.5812759234,0.997327685283,0.00130377781139,0.209818444813,0.0989620024763,1.24994027473,1.35097768122,0.00130377781139,5264.86151867,3.0,
64.0483902824,0.996648288677,0.0013823454339,0.208983086536,0.0966802500682,1.27274306572,1.46494173415,0.0013823454339,5102.78801406,3.0,
47.2642701955,0.997499462812,0.00150148422197,0.214402622749,0.0950089379016,1.24695797572,1.36776614655,0.00150148422197,5089.04444444,3.0,
64.6434920008,0.996430531081,0.00108266495914,0.199629048624,0.0954345256405,1.32426934371,1.57021528738,0.00108266495914,4832.29119996,3.0,
56.6547501481,0.996888546718,0.00147593218982,0.218572079756,0.0986964668878,1.27457991785,1.41832905392,0.00147593218982,4822.24385778,3.0,
83.2322733557,0.995393133293,0.00131559806443,0.203086339014,0.0941433462921,1.27706697262,1.62848113767,0.00131559806443,4855.60139836,3.0,
76.648034762,0.995881396992,0.00150050895357,0.214632240071,0.0991920750238,1.27763030742,1.5380209362,0.00150050895357,4897.72971041,3.0,
41.927513332,0.997750760599,0.00167473090102,0.220397699783,0.103225109107,1.19592445339,1.1773651985,0.00167473090102,5063.92256125,3.0,
41.7665415761,0.997788871514,0.00185929069353,0.225159664701,0.103374070428,1.23662326373,1.27236816117,0.00185929069353,4965.78554809,3.0,
45.9938771479,0.997531822048,0.00167094685961,0.218382724254,0.100986404775,1.2054494769,1.25320955955,0.00167094685961,5045.7838357,3.0,
43.1111988939,0.997679848986,0.00126589838663,0.210573404921,0.0995000505265,1.26655604574,1.27987359273,0.00126589838663,5003.40271509,3.0,
86.8988741853,0.995416397021,0.0019714075491,0.225860900157,0.105597305043,1.19673332892,1.40292316808,0.0019714075491,5081.77888381,3.0,
36.9881493186,0.99792878755,0.0014291193065,0.21107607002,0.10005335981,1.28269114817,1.3606557377,0.0014291193065,4720.39898363,3.0,
44.0477977484,0.997590736964,0.00140469858569,0.211356271051,0.103177770717,1.2548998625,1.32016590954,0.00140469858569,4926.55263818,3.0,
42.3600632036,0.997787149065,0.00132066946012,0.219603890422,0.101325423949,1.2804417464,1.24925933241,0.00132066946012,5083.7641055,3.0,
30.8253999605,0.998356209609,0.00123476781922,0.205956343858,0.0954645090114,1.3048248149,1.41042859964,0.00123476781922,4977.18014155,3.0,
66.5022713806,0.996462958435,0.00119540598649,0.213761971468,0.102130425728,1.31666665398,1.51668970966,0.00119540598649,4969.75078848,3.0,
40.296069524,0.997788094876,0.00135944613181,0.207792217405,0.0978982069706,1.24275425792,1.30377246692,0.00135944613181,4938.58745367,3.0,
95.3900849299,0.99462994783,0.00122411788826,0.199564443458,0.095996158464,1.28314881496,1.73691487261,0.00122411788826,4811.93173798,3.0,
45.9443017974,0.997556288342,0.00156768544114,0.206963471237,0.096118211047,1.24401556881,1.38336954375,0.00156768544114,5084.93377,3.0,
65.3484100336,0.996602910983,0.00135987524991,0.203683121986,0.100714539118,1.23852971312,1.48034761999,0.00135987524991,5230.84227839,3.0,
41.3971953387,0.997815365891,0.00112136360936,0.209651309281,0.0976743557215,1.30441074764,1.38297452103,0.00112136360936,5057.78665557,3.0,
31.770886826,0.998241752429,0.00121417015055,0.216676988036,0.100291493062,1.31692199642,1.25143195734,0.00121417015055,4747.7073078,3.0,
51.1319375864,0.997240990125,0.00162202739654,0.214814105447,0.102956053347,1.26336855142,1.38277700968,0.00162202739654,4890.91010769,3.0,
39.2942919218,0.997844386932,0.00137735205968,0.214389383709,0.0983367903279,1.26747840268,1.32391862532,0.00137735205968,4878.4990657,3.0,
69.1878333004,0.996156813332,0.00143305939084,0.212018559142,0.0990225830278,1.24988358199,1.46632431365,0.00143305939084,4831.55046186,3.0,
79.829547699,0.9958535121,0.00106354969845,0.20090977578,0.0958960735681,1.30424070072,1.64349200079,0.00106354969845,5179.8046324,3.0,
60.78747778,0.996782938577,0.00171721359264,0.220824210685,0.104763304793,1.25951365633,1.37053130555,0.00171721359264,4952.46953441,3.0,
42.5625123445,0.997677040878,0.00142580339393,0.205035481902,0.100247084575,1.2431304934,1.33083152281,0.00142580339393,4961.85815016,3.0,
31.5923365594,0.998337867231,0.00130900525003,0.210783591092,0.0976380800687,1.29519793445,1.31700572783,0.00130900525003,4990.98619153,3.0,
50.6107051155,0.997267596305,0.00107973915393,0.199858258777,0.0908806288981,1.28220520509,1.49476594904,0.00107973915393,5077.07531102,3.0,
68.6472447166,0.996313538621,0.00133104631593,0.210879853503,0.0964800131053,1.26878786179,1.49259332412,0.00133104631593,4994.21712136,3.0,
74.7055105669,0.996011158382,0.00123761560295,0.211575744404,0.10214186862,1.39199279127,1.69938771479,0.00123761560295,4695.06202515,4.0,
69.0268615445,0.996157074596,0.00166181834737,0.230997666199,0.107048670524,1.36401068997,1.59648429785,0.00166181834737,4439.73811552,4.0,
61.1390479953,0.996642989425,0.0019718366672,0.225487629389,0.103815543557,1.27235551085,1.42780959905,0.0019718366672,4654.64833038,4.0,
99.7181512937,0.994456464647,0.00152886975872,0.223410203322,0.104155866379,1.35419078496,1.6980051353,0.00152886975872,4545.86591606,4.0,
10.8483112779,0.999428104141,0.00196692131445,0.229820106784,0.1082991188,1.28745603461,1.15958917638,0.00196692131445,4776.48720696,4.0,
38.3738889986,0.997916041252,0.00148607498121,0.219369934196,0.100837602012,1.34041775485,1.41437882678,0.00148607498121,4660.49686427,4.0,
89.3073276713,0.995129156043,0.00177370113852,0.231514637574,0.106723850965,1.34105177673,1.66442820462,0.00177370113852,4596.5634458,4.0,
51.0302192376,0.997168508628,0.001895882764,0.220071671686,0.105494576273,1.29778515256,1.43077226941,0.001895882764,4574.40889346,4.0,
36.1736124827,0.99812452905,0.00231083996396,0.235090918511,0.105689994928,1.25490188288,1.27770096781,0.00231083996396,4903.93654855,4.0,
68.2597274343,0.996267132783,0.00175630235021,0.229615065065,0.106625495503,1.3584195958,1.65020738692,0.00175630235021,4506.11205053,4.0,
53.2763183883,0.997202718583,0.00200023648308,0.22819936069,0.106883976054,1.23124082898,1.38455461189,0.00200023648308,4950.58396744,4.0,
43.2626901047,0.99761831788,0.0012504111244,0.208427145447,0.0996264353534,1.3918002151,1.55421686747,0.0012504111244,4542.88495553,4.0,
37.3894923958,0.997854626332,0.00134696269626,0.208597745968,0.0994763937148,1.35978288301,1.51273948252,0.00134696269626,4437.26716561,4.0,
32.9990124432,0.998112437904,0.00125934458296,0.208684586393,0.0998027934082,1.38503902835,1.53821844756,0.00125934458296,4428.74405406,4.0,
69.3697412601,0.996155218788,0.00143302038011,0.210679575518,0.0985116526515,1.36931362696,1.72486667983,0.00143302038011,4540.55044922,4.0,
101.996839818,0.994531488125,0.00112034933022,0.206975981576,0.0986679538326,1.39418990363,1.90874975311,0.00112034933022,4758.2876877,4.0,
70.6359865692,0.996097548396,0.00107693038093,0.204907116541,0.0946137803057,1.4190781496,1.7969583251,0.00107693038093,4550.99169469,4.0,
76.1459608928,0.995762852389,0.000970743157254,0.204417112338,0.0950793585262,1.40683064258,1.71499111199,0.000970743157254,4604.69365446,4.0,
51.890973731,0.997039372771,0.00135105882355,0.212013898772,0.0970258207178,1.3864731555,1.6223582856,0.00135105882355,4366.56843375,4.0,
61.4193166107,0.996366716134,0.00118994448343,0.209376223772,0.0964757859435,1.41966952719,1.74205016788,0.00118994448343,4197.63065166,4.0,
39.6229508197,0.997762272291,0.00115865787307,0.204680151202,0.0960425434296,1.31889644554,1.41516887221,0.00115865787307,4660.53440522,4.0,
28.4392652578,0.998440457149,0.00147409868523,0.228487697294,0.105303586453,1.35355185316,1.30989531898,0.00147409868523,4576.2705235,4.0,
65.6039897294,0.996374601627,0.00127370053385,0.212987276469,0.103503079601,1.38341939952,1.62492593324,0.00127370053385,4536.25919638,4.0,
35.0,0.99797120742,0.00116782539606,0.208995834731,0.0914618537214,1.37781411008,1.52498518665,0.00116782539606,4407.70926318,4.0,
47.0855224175,0.997265645226,0.00131126787272,0.209672453482,0.101421606669,1.40608296478,1.63420896702,0.00131126787272,4290.4303866,4.0,
54.8431759826,0.997007888046,0.0026974753695,0.234953746523,0.109593479782,1.27532577448,1.52459016393,0.0026974753695,4506.7333816,4.0,
67.9891368754,0.996428727361,0.00188636414439,0.240173865127,0.112928020534,1.31980698379,1.41832905392,0.00188636414439,4735.70843618,4.0,
59.4722496544,0.996712363706,0.00205953280196,0.237740237538,0.106350081061,1.34385775724,1.54730396998,0.00205953280196,4453.80340872,4.0,
53.6547501481,0.997085821617,0.00209877760249,0.238524188631,0.109658446402,1.31475540396,1.42445190598,0.00209877760249,4586.81527827,4.0,
41.7740470077,0.997814197106,0.00210373196597,0.234491415021,0.108898000754,1.26924321167,1.34900256765,0.00210373196597,4855.73277939,4.0,
79.9650404898,0.99578124286,0.00221366422032,0.240748212236,0.11110151133,1.29118189734,1.47323721114,0.00221366422032,4699.26247829,4.0,
34.2105471065,0.998227144151,0.00190083712749,0.232301658542,0.107581490929,1.26489799365,1.24550661663,0.00190083712749,4920.55431506,4.0,
48.2994272171,0.997337898873,0.00167917812493,0.228212333763,0.107091457136,1.32499090718,1.44341299625,0.00167917812493,4569.54858503,4.0,
70.1663045625,0.99629476879,0.00191211123022,0.234457922587,0.11141660897,1.31110745665,1.55757456054,0.00191211123022,4731.97313678,4.0,
20.4870630061,0.998944151337,0.00170051699758,0.225126445529,0.103057644793,1.27774121816,1.24827177563,0.00170051699758,5007.69350766,4.0,
71.3721113964,0.996144176853,0.00165331400689,0.229348960639,0.111348635682,1.33006912464,1.54592139048,0.00165331400689,4674.49221592,4.0,
64.198696425,0.996463617295,0.00182769199729,0.23413634288,0.108157230571,1.32300822459,1.46474422279,0.00182769199729,4565.53969973,4.0,
64.206991902,0.996596639799,0.00156862169881,0.22781954955,0.108272186411,1.30603505129,1.46039897294,0.00156862169881,4840.0865429,4.0,
70.0888801106,0.996146348836,0.00156596896875,0.222889662468,0.102999307345,1.38789344792,1.70333794193,0.00156596896875,4501.26313423,4.0,
67.4546711436,0.996441923003,0.00227299954993,0.238132037108,0.10762922317,1.25397157698,1.38277700968,0.00227299954993,4843.06296731,4.0,
78.8088090065,0.995868563102,0.00192997814736,0.233383951849,0.109176557687,1.30016147502,1.59924945684,0.00192997814736,4790.12578184,4.0,
47.9707683192,0.997505812205,0.00197062733438,0.24119139617,0.109136490204,1.32064904992,1.34070709066,0.00197062733438,4785.42841314,4.0,
69.0458226348,0.996354481126,0.0021332630932,0.242659677247,0.113977848783,1.28925535234,1.41240371321,0.0021332630932,4732.56629246,4.0,
35.189808414,0.99806965513,0.00225778536285,0.235332231329,0.103303939565,1.26488982917,1.34268220423,0.00225778536285,4649.15718211,4.0,
52.4206991902,0.997293604106,0.00179769274122,0.230418332779,0.111049640711,1.28923791968,1.36164329449,0.00179769274122,4933.95359722,4.0,
47.9324511159,0.997448721663,0.00204361642163,0.241444114495,0.109740432277,1.28279544845,1.27434327474,0.00204361642163,4714.76468623,4.0,
50.237408651,0.997331848207,0.00185472643741,0.231393939761,0.105652009786,1.2813415464,1.35018763579,0.00185472643741,4841.10889329,4.0,
53.9069721509,0.99707188251,0.00186112419813,0.227560313525,0.110780732923,1.30358615538,1.42425439463,0.00186112419813,4634.0447764,4.0,
58.9160576733,0.996805838846,0.00175154304041,0.234701690893,0.107358511201,1.35639772013,1.56112976496,0.00175154304041,4575.28895585,4.0,
61.1746000395,0.996738643007,0.00195221426694,0.241257534707,0.111457909632,1.2926156208,1.29034169465,0.00195221426694,4713.96573639,4.0,
46.2044242544,0.997452520269,0.00128138564886,0.225748823652,0.108437119344,1.43100610757,1.50602409639,0.00128138564886,4411.15278861,5.0,
67.8319178353,0.996216505804,0.00216997219588,0.248094030175,0.112037815997,1.3703449003,1.52814536836,0.00216997219588,4277.78028816,5.0,
78.8872210152,0.995821070406,0.00217262492593,0.238212120598,0.112676768366,1.32289391737,1.55243926526,0.00217262492593,4619.15179128,5.0,
65.7594311673,0.996286764331,0.00170192138408,0.236698504889,0.108619503924,1.41838799407,1.64645467114,0.00170192138408,4221.83757118,5.0,
70.8769504246,0.996193246023,0.00200760951221,0.248846237914,0.115492213629,1.35612542079,1.51333201659,0.00200760951221,4483.61306466,5.0,
93.4218842583,0.994691746894,0.00151041768054,0.220561774085,0.101844648077,1.43793964107,1.9555599447,0.00151041768054,4262.19851674,5.0,
59.9225755481,0.996635326495,0.00127272526545,0.21500420796,0.101520467425,1.42114911763,1.72269405491,0.00127272526545,4372.31575234,5.0,
64.6944499309,0.996496494637,0.0013705641916,0.220096319174,0.100274996011,1.40291443017,1.78431759826,0.0013705641916,4593.65715519,5.0,
60.6936598854,0.996471068428,0.00115167495131,0.202886442263,0.0936947053836,1.44880194258,1.89531898084,0.00115167495131,4213.37582404,5.0,
56.4971360853,0.99698508538,0.00157537055616,0.228684983213,0.105796938756,1.37563474036,1.48508789255,0.00157537055616,4640.11416387,5.0,
73.0823622358,0.995937192349,0.00148030139227,0.220707199209,0.105056998074,1.42043082344,1.82974521035,0.00148030139227,4360.97653942,5.0,
51.9893343867,0.997270822676,0.00161734610821,0.219709831172,0.106257573506,1.35161081013,1.51767726644,0.00161734610821,4725.91646244,5.0,
56.2688129567,0.996829636112,0.00123336343272,0.219888922988,0.10015625678,1.43084049909,1.67588386332,0.00123336343272,4359.99210526,5.0,
32.1904009481,0.998204535859,0.0015432257096,0.224935036836,0.106107823979,1.39662212744,1.49555599447,0.0015432257096,4367.74881316,5.0,
58.4408453486,0.996680939412,0.00127705545716,0.208997925279,0.098745428853,1.42763626933,1.81275923366,0.00127705545716,4322.35944615,5.0,
39.0468101916,0.997802108502,0.0010441613626,0.206279479837,0.0972290299238,1.45267758015,1.7140035552,0.0010441613626,4382.91008899,5.0,
58.7082757259,0.996718292804,0.00131501290339,0.224154765444,0.098440860904,1.46461320189,1.82500493778,0.00131501290339,4278.5713975,5.0,
56.2121271973,0.996939369313,0.00142162924516,0.223238504251,0.103849964848,1.40638964196,1.59628678649,0.00142162924516,4467.45738347,5.0,
44.1208769504,0.99753982237,0.00117917752027,0.214053983825,0.102137262541,1.45730505577,1.66502073869,0.00117917752027,4362.25535717,5.0,
84.8913687537,0.995427242998,0.00141012107801,0.229036182912,0.106662369191,1.40448822917,1.67114359076,0.00141012107801,4585.97633131,5.0,
64.3373493976,0.996438411389,0.001262738517,0.223489841102,0.104733216104,1.43790772479,1.65870037527,0.001262738517,4388.04909912,5.0,
37.4321548489,0.997870698891,0.00147109485854,0.22164208476,0.104100477405,1.41146229646,1.53525577721,0.00147109485854,4294.26414397,5.0,
52.3981828955,0.997192482853,0.00161730709747,0.219328057087,0.105399926512,1.38794360388,1.63262887616,0.00161730709747,4584.37641243,5.0,
45.0025676476,0.997450010252,0.0013110338083,0.22485543474,0.10270969282,1.45442783213,1.67331621568,0.0013110338083,4268.40977156,5.0,
65.7400750543,0.996368854141,0.00132125462116,0.225303773572,0.106918165998,1.45325636053,1.73375469089,0.00132125462116,4356.16403753,5.0,
60.4752123247,0.996530219465,0.000993291362723,0.210407528731,0.0971060641469,1.51031347779,1.87596286786,0.000993291362723,4196.4270993,5.0,
65.628678649,0.996120673812,0.0013410720751,0.20815589343,0.100405547012,1.43358035087,1.83172032392,0.0013410720751,4138.50265356,5.0,
71.916452696,0.996139838943,0.000992550158737,0.197670702927,0.0948110226606,1.3488791533,1.71894133913,0.000992550158737,4919.40321739,5.0,
64.4175390085,0.996305811569,0.0012613341305,0.216805249693,0.102069698819,1.45434272391,1.78115741655,0.0012613341305,4240.96822676,5.0,
54.1805253802,0.996895764817,0.00137965369311,0.215553516811,0.105862264769,1.41883605467,1.69188228323,0.00137965369311,4280.30982578,5.0,
51.0440450326,0.997220875903,0.00114672058783,0.21214528311,0.0987951739813,1.3835909137,1.54295872013,0.00114672058783,4669.2739356,5.0,
59.6018171045,0.996570593022,0.00126691266577,0.220624144727,0.102067948492,1.47511835394,1.81868457436,0.00126691266577,4180.62787434,5.0,
36.8860359471,0.997730829249,0.00110224834867,0.20958850594,0.0970980063979,1.48544091433,1.75706103101,0.00110224834867,3909.15512464,5.0,
29.9464744223,0.998273323571,0.00162690373855,0.230346383945,0.104559477835,1.39046034665,1.39107248667,0.00162690373855,4226.71425548,5.0,
105.314833103,0.993713982061,0.0014901711085,0.214388548629,0.0991536484761,1.48276013016,2.19296859569,0.0014901711085,4001.88653154,5.0,
79.2358285601,0.995631453444,0.00166244251914,0.238258300464,0.109719519686,1.43870253418,1.69682006715,0.00166244251914,4274.49532028,5.0,
54.2591349003,0.996950027802,0.00128992900007,0.214597923755,0.0978806336319,1.32956258564,1.52913292514,0.00128992900007,4587.61568636,5.0,
79.5340707091,0.995594167097,0.0011772659942,0.215573413374,0.101523832634,1.4273893997,1.7868852459,0.0011772659942,4509.94891901,5.0,
42.1892158799,0.997554659294,0.00151119789526,0.223222582292,0.108789513727,1.43013064705,1.59589176378,0.00151119789526,4115.6460688,5.0,
40.8623345842,0.997768335468,0.00156987004236,0.219437403116,0.103649987286,1.35307264242,1.4734347225,0.00156987004236,4597.58168717,5.0,
41.215287379,0.997704179809,0.00163220919866,0.218052506255,0.100123380848,1.27935251352,1.34999012443,0.00163220919866,4651.92082372,5.0,
38.6454671144,0.997829132207,0.00128189278843,0.214502084983,0.0979019717962,1.39160817438,1.54453881098,0.00128189278843,4464.53503655,5.0,
35.2237803674,0.99802454868,0.00152574889983,0.226254608907,0.103884466947,1.38176661046,1.50582658503,0.00152574889983,4407.27187839,5.0,
36.9674106261,0.997970786013,0.000839628073202,0.194186424079,0.090593526507,1.49069479602,1.75469089473,0.000839628073202,4475.40139574,5.0,
47.7584436105,0.997253329062,0.00114906123199,0.209252216009,0.0986482409393,1.43537879128,1.78293501876,0.00114906123199,4309.67502805,5.0,
63.1210744618,0.996445594175,0.00118682362454,0.20862233726,0.102361488699,1.41927575458,1.71795378234,0.00118682362454,4399.26387967,5.0,
66.436105076,0.996268275159,0.00193454240348,0.23453297106,0.112311806862,1.38482476462,1.62788860359,0.00193454240348,4283.39032114,5.0,
76.6831917835,0.995947665762,0.00200464469626,0.235730344657,0.11326625132,1.3544787299,1.64507209165,0.00200464469626,4601.31888818,5.0,
44.365791033,0.99759927307,0.00167878801757,0.224344369418,0.105762905573,1.32491759582,1.44973335967,0.00167878801757,4654.10879042,5.0,
43.262887616,0.997475519569,0.00149875347044,0.225437171392,0.101106740737,1.42724867044,1.61603792218,0.00149875347044,4115.18184015,5.0,
45.6067548884,0.997294621797,0.000347234562077,0.149168636823,0.0660851363762,1.43887177716,1.99229705708,0.000347234562077,4714.67033093,6.0,
55.8145368359,0.996990769208,0.000906882582249,0.187654930759,0.0847874873667,1.2470397673,1.45467114359,0.000906882582249,5217.83454126,6.0,
72.6500098756,0.996103800512,0.000954202605145,0.188853267559,0.0863394450964,1.23053253801,1.46691684772,0.000954202605145,5276.4591589,6.0,
44.7329646455,0.997569096583,0.000828275948996,0.170437960235,0.0812226703831,1.27836933508,1.56132727632,0.000828275948996,5143.50602633,6.0,
47.9990124432,0.997308124778,0.000885153602238,0.177403085447,0.0827577412609,1.24423027972,1.54868654948,0.000885153602238,5071.27812301,6.0,
77.0462176575,0.995766519054,0.000837209407564,0.1783918914,0.0825383028511,1.27261726676,1.71183093028,0.000837209407564,5106.69560757,6.0,
45.7211139641,0.997513444911,0.0010436152123,0.1851753241,0.08712392159,1.21464545339,1.43156231483,0.0010436152123,5198.15226191,6.0,
52.8666798341,0.997253367251,0.00100109350994,0.180772593058,0.0805431349663,1.20385339168,1.41655145171,0.00100109350994,5474.30593191,6.0,
61.714991112,0.996608877596,0.00106834801899,0.178076408616,0.0844289612593,1.18512626781,1.51905984594,0.00106834801899,5220.91908178,6.0,
40.5557969583,0.997816378225,0.00103585207581,0.181845969159,0.0857898950556,1.2032868478,1.42445190598,0.00103585207581,5310.39247746,6.0,
70.3973928501,0.996095418563,0.0011101675281,0.190088694851,0.0881947130664,1.20130361618,1.52281256172,0.0011101675281,5111.32229566,6.0,
62.4301797353,0.996620733834,0.00114106403109,0.192158416691,0.0880414065566,1.25696568488,1.56942524195,0.00114106403109,5106.51763494,6.0,
84.8255974719,0.995231476805,0.00106452496685,0.187783649813,0.0882346270108,1.26402513878,1.74205016788,0.00106452496685,4934.4058452,6.0,
25.96069524,0.99856108493,0.00116973692213,0.190807835228,0.0891122323463,1.18227836112,1.17183488051,0.00116973692213,5117.68585889,6.0,
65.5895714004,0.9965626317,0.00121112731314,0.191403461274,0.0916661514796,1.20967567822,1.43985779182,0.00121112731314,5317.65096549,6.0,
50.4270195536,0.997239460291,0.000976204660308,0.188752055779,0.0888473174472,1.24519415728,1.40825597472,0.000976204660308,5108.59351925,6.0,
106.574165515,0.994028150318,0.00106117004355,0.188943340006,0.0886240369886,1.26311144895,1.88682599249,0.00106117004355,4949.30309206,6.0,
50.162156824,0.99732223321,0.000952213057603,0.177148064595,0.0880970746568,1.23128798105,1.49535848311,0.000952213057603,5293.75235346,6.0,
50.6612680229,0.997279794926,0.00102446094087,0.183627001705,0.0863260622779,1.26178659387,1.57219040095,0.00102446094087,5153.37700559,6.0,
51.3235236026,0.997057995549,0.000976555756933,0.189470361172,0.0885477059993,1.25300301173,1.4807426427,0.000976555756933,4896.81956062,6.0,
106.511554414,0.994219184454,0.00111133785018,0.184100078089,0.086357356919,1.22615714708,1.81275923366,0.00111133785018,5189.32174114,6.0,
77.2929093423,0.99591188082,0.00113314485166,0.190867901537,0.0893886907074,1.22082286926,1.50898676674,0.00113314485166,5302.2736742,6.0,
56.8250049378,0.996834934848,0.000936803816842,0.185363267896,0.0906895359404,1.26580082109,1.58779379814,0.000936803816842,5021.33405779,6.0,
65.0857199289,0.996359928427,0.00109780112475,0.192013810312,0.0889134174138,1.25649737164,1.55066166305,0.00109780112475,4954.10577109,6.0,
57.5557969583,0.996939029856,0.00104634596383,0.182442622656,0.0893961825209,1.2216916823,1.592139048,0.00104634596383,5310.42949686,6.0,
53.3087102508,0.99708177877,0.0011247575434,0.194124599247,0.0863400195881,1.24694277149,1.50187635789,0.0011247575434,5061.05666821,6.0,
70.6152478768,0.996186487296,0.00108477153889,0.194720780253,0.0890770682098,1.25398595951,1.57278293502,0.00108477153889,5108.10099177,6.0,
85.795773257,0.995414489538,0.00102754278902,0.185798032554,0.0860710112621,1.23017607658,1.65238001185,0.00102754278902,5267.89257452,6.0,
80.8702350385,0.9956072774,0.000814583180623,0.184880555565,0.0864167014659,1.31847263091,1.76851668971,0.000814583180623,5083.47474924,6.0,
57.8891961288,0.996804301835,0.00101381100991,0.180028214262,0.0919982864953,1.22401466231,1.51431957338,0.00101381100991,5149.83895891,6.0,
72.3770491803,0.996094648913,0.00104236686874,0.193866015138,0.0912787134195,1.27202746813,1.56804266245,0.00104236686874,5101.32159607,6.0,
78.5180722892,0.995920184655,0.0011721945985,0.191902573636,0.0896538312918,1.23365791614,1.58581868457,0.0011721945985,5344.44070262,6.0,
84.7438277701,0.995630169404,0.00122064593275,0.190880201264,0.0932228906467,1.18053049288,1.52636776615,0.00122064593275,5480.59942996,6.0,
21.2936993877,0.998864284065,0.000817821071719,0.178321023025,0.0812544579486,1.24707186727,1.36914872605,0.000817821071719,5336.36702174,6.0,
33.7179537823,0.998116810986,0.00125197155384,0.191915746942,0.0869001162548,1.21055891358,1.3964052933,0.00125197155384,4998.37276938,6.0,
48.9830140233,0.997276590511,0.000930640120537,0.180375663247,0.0877915470335,1.23001193973,1.42109421292,0.000930640120537,5104.58772885,6.0,
48.2486667983,0.997445272991,0.00105426514326,0.187290787676,0.0876461797934,1.21262369311,1.37606162354,0.00105426514326,5357.86765188,6.0,
50.3312265455,0.997210271415,0.000842670910619,0.177958338397,0.0836793387776,1.28128379327,1.56764763974,0.000842670910619,5046.24054907,6.0,
29.6709460794,0.998394540581,0.000923462145093,0.186540096419,0.0872107666944,1.23636836825,1.29448943314,0.000923462145093,5225.150864,6.0,
52.6361840806,0.997089920827,0.000812359568665,0.174532061344,0.0803803461507,1.25026136101,1.58344854829,0.000812359568665,5166.74944243,6.0,
47.6693659885,0.997262574861,0.000726301884815,0.167401450799,0.0794123568612,1.27302770414,1.68477187438,0.000726301884815,4970.61775839,6.0,
71.9557574561,0.996137619921,0.00112428941457,0.188660167873,0.0888979920401,1.21373399715,1.49871617618,0.00112428941457,5254.36805659,6.0,
70.5465139246,0.996084678843,0.000852462605381,0.187747231869,0.0856853595185,1.25285383525,1.51826980051,0.000852462605381,5086.84506153,6.0,
78.0740667588,0.995695040407,0.000916908341428,0.181212837037,0.0861682889246,1.21109652493,1.59134900257,0.000916908341428,5208.65410648,6.0,
85.3742840213,0.995350896802,0.0010249290697,0.187108272492,0.088915057842,1.2517538799,1.67845151096,0.0010249290697,5121.79275468,6.0,
67.1078412009,0.996388291618,0.000933487904273,0.186725053935,0.0900392351156,1.25358600922,1.48429784713,0.000933487904273,5230.26303682,6.0,
44.256764764,0.997487130932,0.000971874468601,0.193855485271,0.087958822953,1.28032981113,1.45249851866,0.000971874468601,4873.8538137,6.0,
52.3859371914,0.997082355782,0.000907896861387,0.19462360038,0.0877608246259,1.28298018886,1.4848903812,0.000907896861387,4979.732922,6.0,
22.552834288,0.998809046667,0.000953617444103,0.191966027373,0.0931264120334,1.24426000829,1.17776022121,0.000953617444103,5299.12176215,6.0,
63.3914675094,0.996444643457,0.000921511608288,0.188976982167,0.0836325620836,1.25039968394,1.49338336954,0.000921511608288,5031.55945432,6.0,
46.1287774047,0.997399092394,0.000995905082042,0.175515535651,0.084820391114,1.26338554416,1.55283428797,0.000995905082042,4926.05594735,7.0,
102.569425242,0.994506500778,0.00108243089472,0.193883040668,0.0953391522298,1.28663951559,1.70353545329,0.00108243089472,5043.66682913,7.0,
136.106853644,0.992590931522,0.00156823159145,0.207163064881,0.0943856958508,1.24570355197,1.90144183291,0.00156823159145,4967.17989921,7.0,
54.5103693462,0.996998608386,0.00100261492865,0.196080624826,0.0886587385552,1.31347889735,1.60892751333,0.00100261492865,4872.72914669,7.0,
96.6053723089,0.994672442662,0.0011862384635,0.205246966767,0.096498526998,1.28776573216,1.7209164527,0.0011862384635,4872.12854399,7.0,
65.2302982421,0.996380819034,0.000905946324582,0.187775166451,0.086744697021,1.29348193146,1.6952399763,0.000905946324582,4977.81774102,7.0,
32.9764961485,0.998197702618,0.00112803444523,0.198088954011,0.0919441254723,1.27088943642,1.3304365001,0.00112803444523,4976.32420306,7.0,
57.6875370334,0.996945653541,0.00119318237453,0.200341014797,0.0937750445791,1.26123072294,1.44222792811,0.00119318237453,5116.15744338,7.0,
69.5157021529,0.996206784342,0.00122154317968,0.204415435609,0.0962400890464,1.26203146253,1.51254197116,0.00122154317968,4985.5220514,7.0,
55.4102310883,0.997007340216,0.00157618978161,0.211452229009,0.0988120784474,1.22174412797,1.36954374877,0.00157618978161,5005.32202474,7.0,
54.92139048,0.997058925413,0.000961107505435,0.197162331709,0.0929909838884,1.30469477196,1.52222002765,0.000961107505435,5070.43983697,7.0,
44.7130159984,0.99748665302,0.00115393757401,0.203495496756,0.0950968525354,1.27860206248,1.33596681809,0.00115393757401,4827.14887818,7.0,
77.6000395023,0.995894542041,0.0010351888933,0.202527472765,0.0938678750597,1.27727061361,1.50444400553,0.0010351888933,5152.744388,7.0,
59.2954769899,0.996750179717,0.00106764582574,0.202439992828,0.0982717051083,1.29273197278,1.45585621173,0.00106764582574,4920.54040918,7.0,
40.5761406281,0.997820093022,0.00106873812635,0.191980592988,0.0910328773022,1.20652614699,1.23503851471,0.00106873812635,5257.07718265,7.0,
73.4205016788,0.995985825526,0.000945425189521,0.190704840553,0.0880598603999,1.29902395661,1.59707683192,0.000945425189521,5008.39649375,7.0,
33.072486668,0.998146658818,0.00109705992076,0.201088330422,0.0925156391045,1.27291002106,1.296069524,0.00109705992076,4890.89936387,7.0,
67.6464546711,0.996378156565,0.00105590359417,0.193254991113,0.0885263683732,1.26660437994,1.58167094608,0.00105590359417,5133.62761389,7.0,
63.5619198104,0.996506471011,0.000931069238634,0.194327039388,0.0946055659347,1.31752626526,1.56033971953,0.000931069238634,4934.59999717,7.0,
106.603397195,0.994179605958,0.00112986794983,0.192720332486,0.0936958635656,1.28828841778,1.84337349398,0.00112986794983,4960.96032296,7.0,
55.1862532096,0.99693997988,0.0010248120375,0.19572899905,0.0944148115861,1.32623374875,1.56666008295,0.0010248120375,4798.88844765,7.0,
44.6897096583,0.997567343936,0.00119021755858,0.200055010348,0.0897417982088,1.28083559518,1.41852656528,0.00119021755858,4954.82477427,7.0,
34.4047007703,0.998131185076,0.000992121040639,0.200598193432,0.0945141487734,1.25906453288,1.28086114952,0.000992121040639,5070.21324352,7.0,
46.6760813747,0.997339035431,0.000968792620448,0.194684701319,0.0924316513013,1.33252132852,1.55342682204,0.000968792620448,4691.24758075,7.0,
77.9731384555,0.995774278755,0.00120948886222,0.199566006029,0.0951006087743,1.24718112247,1.49674106261,0.00120948886222,5032.98445007,7.0,
34.8214497334,0.998015138333,0.00118974942975,0.213526759232,0.102639172388,1.44553305704,1.55737704918,0.00118974942975,4223.27347993,7.0,
76.5407860952,0.995855888782,0.0011121180649,0.197674671064,0.0935929946723,1.26976130912,1.57179537823,0.0011121180649,5029.61023408,7.0,
85.4661268023,0.99513781064,0.00113579758172,0.19406329325,0.0927949248698,1.2648703742,1.64191190993,0.00113579758172,4805.49018777,7.0,
87.4131937586,0.995270033515,0.000907896861387,0.190272539151,0.0911347977362,1.31904606747,1.73039699783,0.000907896861387,4999.5165448,7.0,
68.0928303377,0.996189830566,0.00138999153818,0.197256857797,0.0948728814159,1.2488006859,1.62946869445,0.00138999153818,4840.58382304,7.0,
61.634208967,0.996599955832,0.00109019403121,0.201116003227,0.0934605622568,1.30818405581,1.54256369741,0.00109019403121,4887.60359631,7.0,
61.489235631,0.996478100605,0.00119029558006,0.192884397583,0.0906790874755,1.2316022092,1.44933833695,0.00119029558006,4854.53551954,7.0,
110.466521825,0.994007509112,0.00131255522701,0.19979362141,0.0945076677903,1.28688001396,1.85226150504,0.00131255522701,4918.85231953,7.0,
68.9411416156,0.99643424011,0.00108360121681,0.193794876073,0.0924192432383,1.27441181459,1.55026664033,0.00108360121681,5267.04903112,7.0,
58.648034762,0.996733869185,0.00127436371636,0.193511958462,0.0900076904169,1.26623894758,1.66363815919,0.00127436371636,4911.83042622,7.0,
26.8609520047,0.99856619377,0.0012988234479,0.20611195465,0.0999555812963,1.24144225056,1.16235433537,0.0012988234479,5096.74194187,7.0,
67.3193758641,0.996313038845,0.0011407519452,0.200289911833,0.0914437505277,1.29193560036,1.59628678649,0.0011407519452,4941.40738949,7.0,
57.3162156824,0.996848893173,0.00136463455971,0.195505264949,0.0920489321024,1.24651484632,1.53308315228,0.00136463455971,4954.63319876,7.0,
102.203436698,0.994545269257,0.00114859310316,0.196684208179,0.093104334865,1.29029967102,1.78352755283,0.00114859310316,5058.1640299,7.0,
72.4641516887,0.995991671191,0.00100230284276,0.192907749675,0.089183919882,1.28811313772,1.61485285404,0.00100230284276,4936.08539503,7.0,
66.4319573375,0.99639156435,0.00116275400037,0.205814481941,0.093613875506,1.30939274999,1.5320955955,0.00116275400037,4878.72122053,7.0,
32.5064191191,0.998248950149,0.0012744027271,0.208668503674,0.0993152265978,1.29225794069,1.35453288564,0.0012744027271,4905.02310358,7.0,
60.9095397985,0.996672179946,0.00113891844061,0.205243435657,0.0956601775187,1.30857998243,1.50562907367,0.00113891844061,4862.74914114,7.0,
95.7558759629,0.99480842538,0.0010516124132,0.195392871061,0.0950451375339,1.28151193869,1.71163341892,0.0010516124132,5012.2806394,7.0,
81.3493975904,0.995247121881,0.00119950211378,0.214938825927,0.10397176161,1.46084844486,1.89215879913,0.00119950211378,4152.83769752,7.0,
40.153861347,0.997826356919,0.0014300945749,0.218649404546,0.104016294903,1.24970203887,1.19395615248,0.0014300945749,4982.76965901,7.0,
44.7596286786,0.997524922409,0.0014362582712,0.202263314411,0.0966370864649,1.20847447405,1.26960300217,0.0014362582712,4987.77051605,7.0,
50.9658305353,0.997192041016,0.00167313146084,0.219936285495,0.100467130105,1.24889661137,1.33478174995,0.00167313146084,4824.56725027,7.0,
31.7539008493,0.998273613976,0.00155528002706,0.207064700375,0.102288008665,1.23797893775,1.27552834288,0.00155528002706,4916.7348021,7.0,
49.2852063994,0.997400936438,0.00145435925276,0.212504097394,0.0997883612478,1.22704781261,1.29350187636,0.00145435925276,5136.44185677,7.0,
