56.756006006,0.996881912147,0.00129796964131,0.206552132728,0.0990285681821,1.28287043301,1.5528028028,0.00129796964131,4839.60965317,1.0,
64.9827327327,0.996474560371,0.00174173172171,0.218604568142,0.0977531135148,1.1813787189,1.34109109109,0.00174173172171,5078.385069,1.0,
78.4674674675,0.995939206596,0.00143211279347,0.216181630473,0.0993580810584,1.24657671472,1.43493493493,0.00143211279347,5195.36928812,1.0,
54.463963964,0.997048131001,0.00153613323033,0.216941091971,0.0975877331629,1.19265952421,1.2017017017,0.00153613323033,5085.75435236,1.0,
90.4964964965,0.995259476005,0.0015378241104,0.217363220201,0.102085236941,1.21692713566,1.46896896897,0.0015378241104,5169.19176987,1.0,
55.6624124124,0.996997837757,0.00171192213234,0.221933068915,0.101843830208,1.20012873006,1.27352352352,0.00171192213234,5031.40716709,1.0,
78.5072572573,0.995732483593,0.00159719278838,0.21988386226,0.0988158267975,1.18836045252,1.43768768769,0.00159719278838,5065.89923832,1.0,
44.3701201201,0.997635309461,0.00194238282326,0.22165663413,0.107716758167,1.16731042935,1.1514014014,0.00194238282326,5137.68729886,1.0,
78.1343843844,0.995789263753,0.000889152415679,0.185724388962,0.0889298025913,1.28682989086,1.6463963964,0.000889152415679,5108.31612829,1.0,
52.6576576577,0.996976664595,0.00123296469643,0.191176807774,0.0949652211408,1.2542873483,1.52952952953,0.00123296469643,4763.58911814,1.0,
106.397897898,0.994128314415,0.00136209783357,0.199463009512,0.0921963340753,1.23610618969,1.75675675676,0.00136209783357,4970.40382809,1.0,
30.3718718719,0.998356203623,0.00107101596091,0.202714873265,0.0995814975045,1.28969306374,1.28278278278,0.00107101596091,4967.74301429,1.0,
40.9967467467,0.997616531041,0.00115073782491,0.197747115384,0.0918972627127,1.25485115239,1.36161161161,0.00115073782491,4693.17913475,1.0,
76.2112112112,0.995648521512,0.00113414215016,0.193332915806,0.0942934639956,1.28117416372,1.67067067067,0.00113414215016,4745.15056002,1.0,
56.768018018,0.996820569924,0.001063375688,0.199547645858,0.0939582579274,1.32569268774,1.52777777778,0.001063375688,4729.47741061,1.0,
65.009009009,0.99642712187,0.00102517432347,0.192102109124,0.0912859463612,1.28706843939,1.6026026026,0.00102517432347,4945.26376387,1.0,
42.795045045,0.997689605145,0.0012561360159,0.210968113187,0.101123161646,1.25918718546,1.23998998999,0.0012561360159,4996.8608013,1.0,
60.6589089089,0.996759275261,0.000955221988756,0.195747961833,0.0914430243767,1.29228118215,1.51126126126,0.000955221988756,5109.87658594,1.0,
43.5412912913,0.99764744681,0.00123440507575,0.209311511246,0.101700380703,1.29491710154,1.3516016016,0.00123440507575,4920.14177339,1.0,
77.5182682683,0.995805834245,0.0012607076546,0.20604027694,0.100540424028,1.26350943107,1.51926926927,0.0012607076546,4976.48343028,1.0,
25.8368368368,0.99858229745,0.00133754875997,0.222560537306,0.10407046367,1.26966351556,1.12512512513,0.00133754875997,4830.61503819,1.0,
39.1871871872,0.99784039935,0.0014667445223,0.219306222329,0.106026937989,1.26340630895,1.25825825826,0.0014667445223,4814.24204369,1.0,
53.984984985,0.997148422427,0.0011308856404,0.200817133523,0.0957480323915,1.26352185877,1.36286286286,0.0011308856404,5141.19368129,1.0,
20.3691191191,0.998862997236,0.00148402907412,0.215377845508,0.101237553825,1.2634835661,1.21796796797,0.00148402907412,4751.51618968,1.0,
52.9244244244,0.997099487722,0.00118480592705,0.202273157195,0.0971787894286,1.27417249761,1.5005005005,0.00118480592705,4909.98287124,1.0,
80.3360860861,0.995621508437,0.00100043737431,0.19595229978,0.093092977345,1.29014071692,1.71396396396,0.00100043737431,4994.32949988,1.0,
77.3893893894,0.995806698575,0.00122125378632,0.204282452959,0.0988761549293,1.28720640511,1.58358358358,0.00122125378632,4942.39314523,1.0,
45.048048048,0.997435415938,0.00113821278736,0.204386825183,0.0998062210327,1.29061237789,1.37787787788,0.00113821278736,4724.63249246,1.0,
80.4236736737,0.995384891785,0.000922594265938,0.198549886085,0.0914120626221,1.34222778125,1.76501501502,0.000922594265938,4654.86930522,1.0,
56.7932932933,0.996863316104,0.00109688016345,0.190975538965,0.0907561993255,1.2991775549,1.67717717718,0.00109688016345,4855.31505399,1.0,
32.2825325325,0.998151389745,0.00101471591712,0.197202323042,0.0926465589767,1.30074481686,1.41566566567,0.00101471591712,4743.97401606,1.0,
27.1446446446,0.998448581424,0.00142854315777,0.212590751465,0.105067221982,1.28287228274,1.24774774775,0.00142854315777,4615.30827577,1.0,
90.1601601602,0.995068780322,0.00134437490544,0.211227898494,0.105279371442,1.28530617247,1.6031031031,0.00134437490544,4824.66449847,1.0,
73.3931431431,0.995828426839,0.00105272940608,0.200572180137,0.095659051836,1.27707509192,1.57682682683,0.00105272940608,4822.43619269,1.0,
44.2705205205,0.997496342019,0.00131018155292,0.199951895581,0.0948478924015,1.23359382256,1.37162162162,0.00131018155292,4839.3714574,1.0,
46.4309309309,0.997377951071,0.00115017419822,0.203339203405,0.0930352166215,1.24937475412,1.34534534535,0.00115017419822,4875.12057945,1.0,
71.7662662663,0.996224756545,0.00116476586697,0.214265667532,0.0990967061794,1.24814140342,1.35835835836,0.00116476586697,5219.19055733,1.0,
61.7687687688,0.996546808069,0.00115086307529,0.202450913837,0.0962261162914,1.28795829899,1.51851851852,0.00115086307529,4838.95586605,1.0,
77.8398398398,0.995662015978,0.000722068414761,0.183090623413,0.0882669171353,1.3566206235,1.73373373373,0.000722068414761,4884.41612021,1.0,
86.6729229229,0.995089101659,0.00107395934473,0.205209763012,0.0940052900056,1.29630641822,1.64389389389,0.00107395934473,4765.84853392,1.0,
57.4737237237,0.996863971051,0.00133116099082,0.203418200624,0.0938816245197,1.30436644507,1.56981981982,0.00133116099082,4801.80940528,1.0,
57.9456956957,0.996836317187,0.00147219291363,0.21319258294,0.102836946092,1.24908990637,1.33608608609,0.00147219291363,4920.59060209,1.0,
51.0317817818,0.997171210324,0.00109230852474,0.196713799872,0.0955865109387,1.29044277539,1.54229229229,0.00109230852474,4892.13947996,1.0,
29.5968468468,0.998330328623,0.00108548237928,0.198970904384,0.0908950768504,1.26356944328,1.37512512513,0.00108548237928,4887.24656637,1.0,
53.967967968,0.996891492122,0.00109512665819,0.198380963717,0.0888379499255,1.28065448204,1.45345345345,0.00109512665819,4696.87211086,1.0,
64.7927927928,0.996215376008,0.00124104334565,0.207308999044,0.0988886732527,1.29649343181,1.53053053053,0.00124104334565,4561.10030939,1.0,
49.4471971972,0.99716792899,0.000996366737107,0.199246882058,0.0917512647394,1.28295645164,1.37712712713,0.000996366737107,4779.74272309,1.0,
52.2735235235,0.997123577237,0.00107176746316,0.196145223726,0.0892161590387,1.27209168078,1.41466466466,0.00107176746316,4968.36220805,1.0,
47.3465965966,0.997378895491,0.00117115363612,0.208911212003,0.0960641448592,1.27513700843,1.34159159159,0.00117115363612,4863.57416067,1.0,
46.7232232232,0.99746995496,0.00160151392634,0.222992769637,0.102815962686,1.21714703545,1.19369369369,0.00160151392634,4975.17760325,1.0,
29.7112112112,0.998441808251,0.0012540693847,0.216068888242,0.100300336994,1.31939191037,1.35985985986,0.0012540693847,4939.95133437,2.0,
37.8666166166,0.997989338203,0.00172062703344,0.231955712565,0.10936928952,1.26919818582,1.23898898899,0.00172062703344,4898.40597021,2.0,
86.975975976,0.995151019799,0.00193918893869,0.228189429764,0.105167538755,1.24701345434,1.52602602603,0.00193918893869,4666.82515849,2.0,
76.545045045,0.995903535887,0.00139322255188,0.219564164825,0.106760454292,1.30603649933,1.51801801802,0.00139322255188,4871.47248863,2.0,
71.5980980981,0.996231692043,0.00185671156642,0.235808630989,0.112727177705,1.2835683036,1.45595595596,0.00185671156642,4843.95130242,2.0,
41.3866366366,0.997744633065,0.00165505846187,0.229712000714,0.107897179192,1.33544388965,1.3531031031,0.00165505846187,4625.10915615,2.0,
48.9331831832,0.997336617014,0.00137092798504,0.224697171302,0.102903329067,1.34535764709,1.4522022022,0.00137092798504,4691.90515993,2.0,
72.7307307307,0.996108104362,0.00204621538455,0.240062843041,0.107859556674,1.27823364847,1.42842842843,0.00204621538455,4767.72665443,2.0,
78.1611611612,0.995958291254,0.00145603561519,0.226907834759,0.1062329824,1.34319554554,1.58508508509,0.00145603561519,4915.49689614,2.0,
78.1131131131,0.995824386244,0.00150143887631,0.234622402755,0.104095789616,1.33680090712,1.54654654655,0.00150143887631,4763.12316116,2.0,
50.5267767768,0.997207204075,0.0015301212123,0.223746829916,0.102696112794,1.27561352642,1.3546046046,0.0015301212123,4779.69313833,2.0,
34.9419419419,0.998064738835,0.00135232830428,0.222470259044,0.103698564685,1.32023696067,1.28528528529,0.00135232830428,4695.2196475,2.0,
37.3723723724,0.997911767744,0.00188101013927,0.228978412169,0.107270670877,1.28441163989,1.31181181181,0.00188101013927,4583.11308396,2.0,
90.4692192192,0.99495344282,0.00150951752553,0.218565978078,0.100356396899,1.30320468374,1.65840840841,0.00150951752553,4700.48720206,2.0,
70.508008008,0.996301837541,0.0014698131565,0.219150090355,0.100780437933,1.26762798099,1.45995995996,0.0014698131565,5067.28520311,2.0,
65.6536536537,0.996484341601,0.00165317970623,0.222652389079,0.101654612198,1.24046143779,1.35385385385,0.00165317970623,4932.8454533,2.0,
59.4512012012,0.996817847716,0.00176076977879,0.229435383961,0.104442892689,1.27131321002,1.37462462462,0.00176076977879,4860.07799566,2.0,
36.1096096096,0.998059633761,0.00179195712229,0.227326800077,0.108704211992,1.25626549996,1.18918918919,0.00179195712229,4856.71965519,2.0,
67.5227727728,0.996451711616,0.00173791158526,0.234179276162,0.107098933806,1.26154010388,1.36711711712,0.00173791158526,4961.43561665,2.0,
99.6771771772,0.994456558087,0.00182452221992,0.227734930885,0.110841341242,1.30936095991,1.68368368368,0.00182452221992,4568.73834998,2.0,
101.63038038,0.994252147451,0.00131970058146,0.217851751718,0.101525520516,1.38221951104,1.92767767768,0.00131970058146,4469.71309349,2.0,
45.3218218218,0.997567766429,0.0013000988977,0.216869018319,0.0992969098089,1.30659261119,1.36236236236,0.0013000988977,4899.49230165,2.0,
65.736986987,0.996412572135,0.00169019119219,0.229065391912,0.106565785969,1.31514812313,1.48873873874,0.00169019119219,4647.86054316,2.0,
27.8438438438,0.998552196621,0.00230153827501,0.233668489159,0.10659838539,1.22632136534,1.14014014014,0.00230153827501,4969.73701877,2.0,
58.3305805806,0.996848183253,0.00210289117947,0.227503289789,0.106474898895,1.279769958,1.41316316316,0.00210289117947,4734.85579272,2.0,
64.6719219219,0.996581654844,0.00164867069271,0.229614963124,0.106928439863,1.31641663709,1.4481981982,0.00164867069271,4837.13681414,2.0,
57.6493993994,0.996880595078,0.00152266881496,0.22395941139,0.107028228244,1.29422796941,1.32157157157,0.00152266881496,4804.29399801,2.0,
31.3901401401,0.99828492607,0.00139315992669,0.225625731702,0.10462874504,1.30983021467,1.20145145145,0.00139315992669,4718.22453392,2.0,
44.3290790791,0.997564381454,0.00165624834043,0.231734020739,0.104911164521,1.30861795109,1.29954954955,0.00165624834043,4645.73441737,2.0,
90.4061561562,0.995036644526,0.00152736570404,0.228930092027,0.105472820844,1.30288114779,1.56481481481,0.00152736570404,4702.0768654,2.0,
40.5808308308,0.997883518927,0.00173045918792,0.23422084437,0.108768765282,1.2785392696,1.20095095095,0.00173045918792,4934.60231911,2.0,
71.7735235235,0.996200541856,0.0014601062524,0.231017631481,0.104954454024,1.3335908982,1.49224224224,0.0014601062524,4824.66001367,2.0,
64.54004004,0.996475521074,0.001939627315,0.231658298885,0.106205702885,1.24424623863,1.35335335335,0.001939627315,4783.87000838,2.0,
85.5568068068,0.995459679466,0.00157107808509,0.230010117133,0.106154867374,1.32347149872,1.62737737738,0.00157107808509,4822.07271901,2.0,
59.8828828829,0.996804872401,0.0018005993982,0.234705363802,0.109971301467,1.27375881132,1.33783783784,0.0018005993982,4857.49183477,2.0,
63.9056556557,0.996430377872,0.0018471299127,0.233011265062,0.107019028221,1.25950177429,1.36461461461,0.0018471299127,4661.26872638,2.0,
55.3893893894,0.997002425814,0.00211698184671,0.238948353734,0.105385005609,1.29406509439,1.48898898899,0.00211698184671,4673.69805237,2.0,
98.5913413413,0.994586190656,0.00244144294445,0.228309529593,0.106631881727,1.22874172497,1.60085085085,0.00244144294445,4691.39697735,2.0,
45.4089089089,0.997606335986,0.00206556656757,0.239664313028,0.109625659601,1.2127219389,1.08458458458,0.00206556656757,4976.52504479,2.0,
43.3956456456,0.997643565588,0.00172626330034,0.227949002806,0.0990793024172,1.28452249761,1.32857857858,0.00172626330034,4744.42795972,2.0,
60.8696196196,0.996604351165,0.00207289371454,0.225830316883,0.104825158874,1.24399294009,1.4481981982,0.00207289371454,4683.88612039,2.0,
51.3060560561,0.997299159391,0.0016957648339,0.221295665515,0.106338406158,1.25330437806,1.26451451451,0.0016957648339,5007.88165419,2.0,
83.6368868869,0.995358724962,0.00198177406636,0.230451958792,0.10907066227,1.27408067406,1.50725725726,0.00198177406636,4662.62979876,2.0,
23.8938938939,0.998668260686,0.00176640604569,0.227274566165,0.108182357301,1.31321151167,1.25075075075,0.00176640604569,4523.63311135,2.0,
30.1994494494,0.998314901762,0.00241125760395,0.236204323158,0.110044675998,1.2413633033,1.16441441441,0.00241125760395,4586.04011606,2.0,
44.278028028,0.997665101092,0.00188457977497,0.235251256843,0.112910437405,1.29709730354,1.27652652653,0.00188457977497,4779.32830756,2.0,
52.9887387387,0.997246975544,0.00134437490544,0.224382780379,0.101179155876,1.28318129236,1.31906906907,0.00134437490544,5095.40018299,2.0,
75.7527527528,0.99581713637,0.00176772117463,0.225954620344,0.110538295428,1.29604679609,1.497997998,0.00176772117463,4634.75908721,2.0,
81.751001001,0.995578849215,0.00160978045112,0.225849735575,0.108355467053,1.31839840999,1.57882882883,0.00160978045112,4714.15184426,2.0,
73.2482482482,0.99598822476,0.00175093762431,0.221507116053,0.10720176082,1.28169610043,1.49049049049,0.00175093762431,4750.17639225,2.0,
61.6974474474,0.996829819484,0.00152035168301,0.220889994384,0.100709669065,1.24810166904,1.40565565566,0.00152035168301,5197.64405912,3.0,
124.70045045,0.993295609306,0.00210408105804,0.2267508334,0.104476523058,1.24408418447,1.79954954955,0.00210408105804,4879.63588627,3.0,
61.3986486486,0.99667661485,0.00163464265066,0.215442549848,0.0996621339636,1.21742161694,1.38063063063,0.00163464265066,4998.5760449,3.0,
93.0988488488,0.994917986262,0.00196536626717,0.222932620733,0.103675671625,1.20303867229,1.54379379379,0.00196536626717,4917.10815439,3.0,
148.965965966,0.992119624286,0.00174473773072,0.225193676043,0.102865229535,1.23667115946,1.7972972973,0.00174473773072,5058.54124747,3.0,
32.7722722723,0.998246712202,0.00176603029456,0.223138846748,0.101473739396,1.21669690167,1.23223223223,0.00176603029456,4996.01933499,3.0,
52.9964964965,0.99716556046,0.00177999571143,0.227090338847,0.101366344562,1.18368430515,1.23023023023,0.00177999571143,5096.55201547,3.0,
66.8480980981,0.996434681997,0.00167522377232,0.222014047917,0.0980963576572,1.26106204114,1.46721721722,0.00167522377232,4947.62736601,3.0,
58.3928928929,0.996942198269,0.00247670092515,0.22788845614,0.107355291777,1.16108713848,1.26076076076,0.00247670092515,5101.41065046,3.0,
28.5805805806,0.998525320818,0.00217591214838,0.226967220236,0.110863490574,1.20171159214,1.14264264264,0.00217591214838,5099.98289606,3.0,
82.9064064064,0.995698708886,0.00158817476135,0.217664108175,0.094899922664,1.19118313059,1.41191191191,0.00158817476135,5305.14428932,3.0,
87.7712712713,0.995440157751,0.00170027384742,0.223359801921,0.103265499064,1.24927120385,1.54454454454,0.00170027384742,5068.0817737,3.0,
60.246996997,0.996745420323,0.001751501251,0.221700563733,0.100750056975,1.24098912098,1.37862862863,0.001751501251,4921.70852847,3.0,
68.038038038,0.996334721911,0.00179477525574,0.21983212287,0.101720400474,1.23675912969,1.47747747748,0.00179477525574,4902.99351145,3.0,
40.8878878879,0.997899402603,0.00181431431431,0.219623141307,0.102574479116,1.18407257594,1.18568568569,0.00181431431431,5257.86605564,3.0,
76.6569069069,0.995880985457,0.00156425193963,0.215692372764,0.0985271341984,1.2098670368,1.41016016016,0.00156425193963,5046.96413836,3.0,
33.9399399399,0.998205838859,0.00164735556377,0.213283951788,0.0981205077005,1.23139040356,1.30630630631,0.00164735556377,5065.21756132,3.0,
71.5055055055,0.996133564919,0.00134700516332,0.207138369222,0.0968772820466,1.25135683649,1.44194194194,0.00134700516332,4960.18131473,3.0,
47.8563563564,0.99752171319,0.00138846303761,0.21154167094,0.0958128300042,1.23525212858,1.33633633634,0.00138846303761,5266.34212837,3.0,
67.8538538539,0.996442836681,0.00152154156158,0.214124223729,0.0973799950488,1.25378128331,1.48398398398,0.00152154156158,5094.71991401,3.0,
45.1308808809,0.997612581543,0.00172770367966,0.218164693678,0.0973956821595,1.22431928778,1.30005005005,0.00172770367966,5100.1407972,3.0,
73.6218718719,0.995934459273,0.0012346555765,0.203568663969,0.0942946140255,1.30483363801,1.61536536537,0.0012346555765,4835.31295456,3.0,
92.967967968,0.994892458816,0.00169501333165,0.2199847903,0.104486017413,1.24659991602,1.55205205205,0.00169501333165,4844.39559486,3.0,
87.3521021021,0.995161964471,0.00135007379752,0.205359706939,0.0924635991374,1.265294834,1.65940940941,0.00135007379752,4850.57976891,3.0,
51.2972972973,0.997240447825,0.00174749323898,0.222890780853,0.102592518159,1.25762835826,1.39039039039,0.00174749323898,4880.07848118,3.0,
83.5,0.995511519851,0.00172012603194,0.221677563002,0.0994371575465,1.17913524746,1.36286286286,0.00172012603194,5101.54829696,3.0,
49.5307807808,0.99737585367,0.0021226807388,0.231194021939,0.104137104132,1.21536453081,1.23298298298,0.0021226807388,4993.23333726,3.0,
34.4119119119,0.99814943509,0.00176064452841,0.220849297141,0.102790458445,1.18489607468,1.1971971972,0.00176064452841,5063.81311646,3.0,
59.4677177177,0.996793677646,0.00132389646904,0.206241409853,0.101726147383,1.25489037041,1.39864864865,0.00132389646904,5012.20160079,3.0,
53.8440940941,0.997158460254,0.00228995261528,0.233158086527,0.109050504587,1.18346511298,1.21796796797,0.00228995261528,5059.07411979,3.0,
63.6574074074,0.996434227941,0.0015045701357,0.214277235403,0.0984191672216,1.26921006533,1.47722722723,0.0015045701357,4737.49282792,3.0,
42.5543043043,0.997668940196,0.0015418947476,0.220774697804,0.0969272361942,1.24046217393,1.29804804805,0.0015418947476,4916.60362424,3.0,
82.5950950951,0.995681556973,0.00138157426696,0.2191503752,0.0999641007123,1.27637372155,1.52352352352,0.00138157426696,5094.32317438,3.0,
77.7735235235,0.995852742391,0.00132107833559,0.208565073396,0.0972996765417,1.28108951297,1.57732732733,0.00132107833559,5010.16084969,3.0,
101.398148148,0.99460968106,0.00139998607216,0.217855085104,0.107146703489,1.29017654648,1.65540540541,0.00139998607216,4994.90798257,3.0,
11.0177677678,0.999394249517,0.00148039681323,0.210770858136,0.0991808116518,1.21399585546,1.10235235235,0.00148039681323,4959.96867734,3.0,
69.8335835836,0.996072003324,0.00124649173698,0.198323932827,0.0960312805188,1.26554966774,1.53928928929,0.00124649173698,4825.85727543,3.0,
87.4236736737,0.995346075399,0.00166539161784,0.201956641634,0.0945233984975,1.2317026506,1.65540540541,0.00166539161784,5091.18498789,3.0,
60.8908908909,0.996831579975,0.00141802212623,0.202792312745,0.0974567041181,1.22037163831,1.43643643644,0.00141802212623,5249.53109126,3.0,
50.9662162162,0.997312049037,0.00119019169319,0.213006228007,0.102201137989,1.28364882964,1.37562562563,0.00119019169319,5075.48216409,3.0,
67.7037037037,0.996252364434,0.00127592557522,0.213679131611,0.101579390067,1.29626499563,1.44944944945,0.00127592557522,4773.74345432,3.0,
65.730980981,0.996451532814,0.00179371062754,0.219091921866,0.101744244328,1.23577267998,1.36811811812,0.00179371062754,4936.11494792,3.0,
27.5205205205,0.998492107957,0.00144275907539,0.211503257725,0.0975667388803,1.25079878678,1.26226226226,0.00144275907539,4895.23818017,3.0,
96.6804304304,0.994625551088,0.00151709517325,0.217808907502,0.100359054121,1.2406000017,1.63638638639,0.00151709517325,4857.29391685,3.0,
52.4792292292,0.997271722097,0.00110596081567,0.201580299926,0.0966268504992,1.28312400474,1.43618618619,0.00110596081567,5193.30761569,3.0,
109.138138138,0.994220887062,0.00185652369086,0.221723675064,0.107104305768,1.24523974407,1.6046046046,0.00185652369086,4965.04081743,3.0,
91.3258258258,0.99500873977,0.00161829747666,0.208666476464,0.102430708646,1.23950387584,1.65215215215,0.00161829747666,4945.24725319,3.0,
34.8873873874,0.99816516996,0.00136598059521,0.212885856621,0.0993464806267,1.28136682629,1.31231231231,0.00136598059521,5009.83984023,3.0,
57.0818318318,0.996915458425,0.00112193023855,0.195540735273,0.0942891083226,1.27314766326,1.61486486486,0.00112193023855,5064.53822194,3.0,
31.784034034,0.99829055965,0.00138163689215,0.20583033938,0.0985716048991,1.26116183322,1.36761761762,0.00138163689215,4986.86572086,3.0,
61.957957958,0.996689117613,0.00137919450983,0.215158389126,0.101172134737,1.36725028658,1.62262262262,0.00137919450983,4711.56858115,4.0,
71.4469469469,0.996023998626,0.00187030123216,0.239704367758,0.109677781388,1.35273060525,1.6026026026,0.00187030123216,4414.46320501,4.0,
79.8921421421,0.995611758826,0.00213539365191,0.229227820397,0.106518728872,1.2562100567,1.5492992993,0.00213539365191,4666.66971231,4.0,
76.3786286286,0.995750423208,0.00165061207353,0.229878474753,0.101958925719,1.32843637174,1.57432432432,0.00165061207353,4544.90165656,4.0,
41.2122122122,0.997827751061,0.0020234824414,0.23982957801,0.109492166841,1.27767035442,1.3038038038,0.0020234824414,4778.1017708,4.0,
59.265015015,0.996778386877,0.00159230802374,0.218444964087,0.107220241654,1.3224241567,1.54329329329,0.00159230802374,4677.15585951,4.0,
63.253003003,0.99655577628,0.00196668139611,0.229808210381,0.111596789397,1.30791052299,1.51526526527,0.00196668139611,4632.31089267,4.0,
32.3673673674,0.998200152511,0.00203644585526,0.225501695862,0.10460166365,1.28269791396,1.3953953954,0.00203644585526,4573.418062,4.0,
85.8288288288,0.99555055255,0.00266620474328,0.238959430547,0.109494815742,1.24307895008,1.51901901902,0.00266620474328,4885.65566976,4.0,
59.490990991,0.996749135568,0.00190919147376,0.233592860578,0.109362050835,1.32859574628,1.54554554555,0.00190919147376,4534.60053378,4.0,
53.2907907908,0.997201786307,0.00229934639344,0.234918190499,0.108091691799,1.20275973075,1.2972972973,0.00229934639344,4968.30655712,4.0,
89.9131631632,0.99505033849,0.0013195127059,0.216242051928,0.0992911759109,1.38119350484,1.81456456456,0.0013195127059,4566.45518835,4.0,
97.8921421421,0.994380790828,0.00140073757441,0.212990857889,0.0963933517677,1.34795890651,1.83258258258,0.00140073757441,4450.93472398,4.0,
48.0878378378,0.997250524855,0.00134017901786,0.208846506779,0.0984086639625,1.35620101972,1.60435435435,0.00134017901786,4453.140302,4.0,
78.0037537538,0.995671891129,0.00154007861716,0.210047507497,0.100369864202,1.34948282438,1.753003003,0.00154007861716,4547.24129154,4.0,
20.8738738739,0.998882539084,0.00119156944733,0.208485388894,0.0971381078969,1.36043681966,1.44844844845,0.00119156944733,4775.82840925,4.0,
50.8120620621,0.997194918179,0.00112687762838,0.208002030595,0.101451533601,1.39975361143,1.61786786787,0.00112687762838,4565.69743211,4.0,
83.0508008008,0.995376048601,0.00106550494438,0.208403752015,0.0956839642701,1.38733876612,1.77402402402,0.00106550494438,4612.08663617,4.0,
45.4967467467,0.99740642795,0.00148183719255,0.217893659481,0.103400123716,1.3578008199,1.49874874875,0.00148183719255,4405.84323334,4.0,
51.6338838839,0.996944290855,0.00121943765587,0.209221885195,0.0975516904568,1.40560114298,1.67492492492,0.00121943765587,4210.96148052,4.0,
42.0265265265,0.997625314313,0.00121818515212,0.205672816526,0.0953254966896,1.29509123828,1.37337337337,0.00121818515212,4690.87020732,4.0,
42.7537537538,0.997654639915,0.00149874599324,0.226292345642,0.106649165261,1.33859797448,1.36086086086,0.00149874599324,4598.75095726,4.0,
67.71996997,0.996252052909,0.00136284933582,0.2208890989,0.102265643299,1.36510034968,1.6468968969,0.00136284933582,4559.17391387,4.0,
25.9114114114,0.998496845525,0.00126170965761,0.207536183131,0.0963266722774,1.35804531905,1.48998998999,0.00126170965761,4402.89280825,4.0,
94.0850850851,0.994530478545,0.00142509877245,0.216128349618,0.102200034604,1.38509538321,1.8963963964,0.00142509877245,4304.34507822,4.0,
65.8440940941,0.996413093468,0.00295484423362,0.240938888292,0.112432700111,1.24974727032,1.42417417417,0.00295484423362,4541.69254063,4.0,
44.0690690691,0.997683722371,0.00207984511038,0.246467851707,0.111695089524,1.29353074201,1.26676676677,0.00207984511038,4744.13112057,4.0,
59.5973473473,0.996709604968,0.00213677140604,0.243797736931,0.109718746536,1.3170621567,1.47672672673,0.00213677140604,4498.93914136,4.0,
32.9814814815,0.99821154617,0.00241964937911,0.246593740785,0.112090240428,1.27273082129,1.23373373373,0.00241964937911,4609.27632279,4.0,
69.2287287287,0.996375568543,0.00229734238743,0.236296279906,0.11225230444,1.24843511429,1.48648648649,0.00229734238743,4885.1479846,4.0,
41.0743243243,0.997828997654,0.00221993765537,0.240288962145,0.11667995886,1.27828466664,1.27652652653,0.00221993765537,4704.90103361,4.0,
60.1441441441,0.996886522135,0.00215875284694,0.237874493275,0.105841951202,1.23971435683,1.27877877878,0.00215875284694,4967.72349027,4.0,
80.3803803804,0.995570182092,0.00191670649629,0.234897687388,0.107328566204,1.29935412457,1.53253253253,0.00191670649629,4601.08764633,4.0,
73.4902402402,0.99611648989,0.00205560916272,0.238705419073,0.108687710128,1.28751360666,1.51176176176,0.00205560916272,4766.94733367,4.0,
61.6446446446,0.996823325583,0.00181775869964,0.227556076489,0.105587631308,1.2597355616,1.42542542543,0.00181775869964,5032.20672667,4.0,
47.0725725726,0.99745657,0.00190681171662,0.242747114553,0.111959758474,1.29697287697,1.31931931932,0.00190681171662,4684.46495797,4.0,
48.9009009009,0.99730873147,0.00194983522061,0.23597795228,0.103968392808,1.30101186875,1.39189189189,0.00194983522061,4587.72444422,4.0,
17.1431431431,0.999091473922,0.00175469513558,0.238183853322,0.108156754895,1.28741504224,1.15015015015,0.00175469513558,4839.96053726,4.0,
50.8103103103,0.997209674455,0.00159462515569,0.226356754225,0.103702907871,1.36649691524,1.56356356356,0.00159462515569,4520.66251597,4.0,
80.4877377377,0.995753531038,0.0024636748861,0.244649307232,0.109735099278,1.23446824608,1.42417417417,0.0024636748861,4852.88296693,4.0,
47.6769269269,0.997501234006,0.00201064427791,0.237233202613,0.111624897087,1.28242144409,1.36311311311,0.00201064427791,4803.53932643,4.0,
95.287037037,0.995038269179,0.00216939912886,0.243412567917,0.111343024201,1.29970117083,1.62587587588,0.00216939912886,4791.12381228,4.0,
71.8791291291,0.996205398578,0.00240011032053,0.250166341174,0.114958053393,1.25981936154,1.38813813814,0.00240011032053,4766.31035027,4.0,
97.251001001,0.994665589944,0.00239140541943,0.235684794784,0.103158003037,1.2434300627,1.63938938939,0.00239140541943,4690.91588531,4.0,
49.4171671672,0.997448735882,0.00202486019553,0.236988921878,0.111648928356,1.2609585896,1.30655655656,0.00202486019553,4940.06839922,4.0,
72.6223723724,0.996135482227,0.00240299107917,0.252052234869,0.109147541361,1.26301805097,1.40615615616,0.00240299107917,4735.48655144,4.0,
107.321571572,0.994296285522,0.00209838216595,0.239296463323,0.106507778163,1.25966856975,1.67442442442,0.00209838216595,4863.4624573,4.0,
72.7527527528,0.996047705818,0.00193154866578,0.229267405221,0.107756271631,1.292900817,1.54254254254,0.00193154866578,4661.15090883,4.0,
69.495995996,0.996239093866,0.00206281105931,0.241526832461,0.108548405711,1.32900738847,1.56006006006,0.00206281105931,4597.75844929,4.0,
88.6854354354,0.995270103939,0.00199191934677,0.242726559557,0.112466382672,1.28392597398,1.4466966967,0.00199191934677,4729.97043221,4.0,
51.8093093093,0.997139797336,0.00132327021716,0.226112857973,0.108070317301,1.42120327217,1.54004004004,0.00132327021716,4421.30377111,5.0,
92.3643643644,0.994849300282,0.00238808628448,0.250992369258,0.112408959339,1.35290285963,1.7027027027,0.00238808628448,4305.4571436,5.0,
94.2637637638,0.995005279859,0.00230648566484,0.242973896068,0.117440727483,1.30583186689,1.63263263263,0.00230648566484,4623.78126664,5.0,
41.8400900901,0.997634353344,0.00180222765308,0.239419499844,0.112447541507,1.40100349328,1.51126126126,0.00180222765308,4210.26301389,5.0,
33.8966466466,0.998178391123,0.00217816665514,0.25506979327,0.112343096427,1.33990632755,1.28053053053,0.00217816665514,4487.80866572,5.0,
96.754004004,0.994503755927,0.00167848028208,0.227787995994,0.101799054495,1.41024290318,1.91666666667,0.00167848028208,4287.21224583,5.0,
30.3480980981,0.998297611599,0.0013103068033,0.215742478354,0.102141110364,1.40295836596,1.57882882883,0.0013103068033,4384.2046911,5.0,
112.08983984,0.993937089672,0.00144827009191,0.22033731188,0.101272798863,1.38711621586,2.03128128128,0.00144827009191,4634.19782097,5.0,
39.0885885886,0.997722822641,0.00113758653548,0.202025723073,0.091476144432,1.44878825215,1.82732732733,0.00113758653548,4193.42627328,5.0,
54.4214214214,0.997094311624,0.00176841005169,0.228517815398,0.106612583927,1.35729219872,1.498998999,0.00176841005169,4635.44646822,5.0,
59.5590590591,0.996684981269,0.00158917676435,0.221420627503,0.10232297856,1.40304165618,1.82482482482,0.00158917676435,4363.84753702,5.0,
37.46996997,0.998032613127,0.00159487565644,0.2189516503,0.0979193290945,1.3439111374,1.47897897898,0.00159487565644,4740.09697165,5.0,
39.45995996,0.997776830992,0.00131769657545,0.216828205292,0.102593278523,1.40763688947,1.5985985986,0.00131769657545,4382.14941871,5.0,
45.720970971,0.997450858699,0.00154364825286,0.217354209304,0.101678027417,1.39728931435,1.64039039039,0.00154364825286,4383.52556862,5.0,
55.0035035035,0.996877992777,0.00139860831803,0.212079859668,0.0981724825696,1.40423980621,1.7957957958,0.00139860831803,4323.89523273,5.0,
60.238988989,0.996605747907,0.00119695521347,0.215884417932,0.0950288712999,1.43214030828,1.83458458458,0.00119695521347,4391.59566372,5.0,
64.3393393393,0.996409771322,0.00143743593443,0.223821687302,0.103164214574,1.43685825965,1.76476476476,0.00143743593443,4322.7122459,5.0,
80.8410910911,0.995604896286,0.00152673945216,0.226883171811,0.105479670989,1.37701111015,1.64189189189,0.00152673945216,4529.81382687,5.0,
27.8115615616,0.998448402214,0.00127567507447,0.219494669649,0.0994983160183,1.43754028735,1.59384384384,0.00127567507447,4373.42956627,5.0,
32.772022022,0.998231239498,0.00152385869353,0.233551639969,0.112180478755,1.38821497659,1.39864864865,0.00152385869353,4564.28569923,5.0,
63.3746246246,0.996489861834,0.00132947011075,0.22882488742,0.108982799666,1.42983164393,1.66641641642,0.00132947011075,4384.99803697,5.0,
98.7877877878,0.994379929121,0.0014503993483,0.218310424973,0.104978046455,1.40084947743,1.88738738739,0.0014503993483,4325.85964721,5.0,
52.1146146146,0.99720503013,0.00178037146255,0.2185460738,0.104147640595,1.37044696781,1.68668668669,0.00178037146255,4592.98988297,5.0,
72.6021021021,0.995887067587,0.00140230320411,0.224028911455,0.101169503898,1.43330347535,1.81131131131,0.00140230320411,4296.0284569,5.0,
81.8235735736,0.995469939836,0.001452966981,0.235429654646,0.104051097196,1.43850987348,1.81556556557,0.001452966981,4333.16036277,5.0,
82.0695695696,0.995285294702,0.00101477854231,0.206591127673,0.0977490444662,1.5052306408,2.06006006006,0.00101477854231,4191.78239493,5.0,
28.6451451451,0.998306241665,0.00154652901149,0.21689501206,0.100080482842,1.40330321209,1.57757757758,0.00154652901149,4157.51086075,5.0,
11.8766266266,0.999362407869,0.00104627901174,0.203377427715,0.0960838481335,1.31515997149,1.30705705706,0.00104627901174,4951.83778481,5.0,
97.4246746747,0.994418925423,0.00131832282733,0.219204482619,0.101180173526,1.43738006702,1.96171171171,0.00131832282733,4264.18107374,5.0,
37.4316816817,0.997857316075,0.00140612334056,0.218370295101,0.102017826792,1.40001957723,1.60585585586,0.00140612334056,4300.8414934,5.0,
55.8796296296,0.996959165288,0.0012254496739,0.218546906789,0.101693191771,1.35661857909,1.51476476476,0.0012254496739,4717.95323694,5.0,
52.5980980981,0.99697834549,0.00143317742167,0.224456584432,0.0987137271442,1.44480149615,1.74674674675,0.00143317742167,4209.60345944,5.0,
67.0067567568,0.995885496062,0.00113577040504,0.210944941153,0.0961649255231,1.46379067482,1.90665665666,0.00113577040504,3958.74980972,5.0,
69.7072072072,0.995981845379,0.0018200132064,0.229300562364,0.101982814391,1.37499338618,1.65015015015,0.0018200132064,4247.09365641,5.0,
86.5315315315,0.994820128666,0.0016328891454,0.21672298833,0.0978403294263,1.46626976854,2.12362362362,0.0016328891454,3998.10326009,5.0,
85.8528528529,0.995266268854,0.00172244316388,0.240999718908,0.114873271164,1.42555474668,1.66516516517,0.00172244316388,4284.51034661,5.0,
50.8676176176,0.997137744848,0.00132702772843,0.211895198525,0.0996727294735,1.30379533674,1.49874874875,0.00132702772843,4624.54771156,5.0,
52.3856356356,0.997097683859,0.00126383891399,0.218319967955,0.101926151605,1.39798798183,1.56231231231,0.00126383891399,4531.23057086,5.0,
40.756006006,0.997639241742,0.00174993562131,0.231440335841,0.104847571841,1.40255059578,1.53378378378,0.00174993562131,4138.61809617,5.0,
73.0598098098,0.996005936329,0.00166739562385,0.215529056825,0.103971172094,1.34671045329,1.69594594595,0.00166739562385,4589.7035278,5.0,
28.4662162162,0.998410883877,0.00165086257429,0.215517166508,0.102537106959,1.26347987623,1.32907907908,0.00165086257429,4668.13002839,5.0,
52.0923423423,0.997077956008,0.00139228317406,0.217761049934,0.100937441589,1.36657663751,1.61586586587,0.00139228317406,4491.58788286,5.0,
93.7587587588,0.994746280361,0.00157815473131,0.225792742114,0.105914520146,1.37014336795,1.78328328328,0.00157815473131,4422.92905525,5.0,
87.1836836837,0.995206898977,0.000897606816025,0.202409001223,0.0905311601476,1.48285600205,2.02252252252,0.000897606816025,4476.77781702,5.0,
83.7307307307,0.995181358819,0.001250499749,0.211898169924,0.102268502831,1.4147575399,1.98498498498,0.001250499749,4336.6979639,5.0,
82.0212712713,0.995382725554,0.00131256131006,0.213578935742,0.103321533798,1.38943915155,1.73648648649,0.00131256131006,4429.09664825,5.0,
88.9954954955,0.9950019934,0.00191495299103,0.233853007509,0.107092110163,1.37294538549,1.77727727728,0.00191495299103,4313.17882498,5.0,
95.1358858859,0.994976049186,0.00219463707952,0.245007846462,0.114380273236,1.32463101336,1.63488488488,0.00219463707952,4636.41926852,5.0,
53.2842842843,0.997118381509,0.00192766590414,0.22743242523,0.105716693906,1.29527664458,1.43643643644,0.00192766590414,4681.32672497,5.0,
37.1188688689,0.997830050341,0.00160589768948,0.225166865538,0.105013723613,1.41850695519,1.62937937938,0.00160589768948,4088.44773212,5.0,
46.3676176176,0.997245749315,0.000367108850592,0.14670399307,0.0667684687993,1.41887517321,2.08483483483,0.000367108850592,4718.74565646,6.0,
59.5843343343,0.996784125608,0.000916081246412,0.186992920687,0.0864852899685,1.23724601055,1.5462962963,0.000916081246412,5224.39382494,6.0,
38.3506006006,0.99794271052,0.000936497057618,0.185151201468,0.0890644315399,1.23666837798,1.41716716717,0.000936497057618,5258.90291402,6.0,
70.8888888889,0.996148941739,0.00086491646802,0.175937283554,0.0823499379361,1.26131234127,1.68068068068,0.00086491646802,5173.08566518,6.0,
26.4016516517,0.99851988446,0.000907939972004,0.17640447939,0.0831010528983,1.23751759866,1.47172172172,0.000907939972004,5062.94245822,6.0,
50.713963964,0.997210792641,0.000909881352824,0.175110919194,0.0884377567566,1.25856254456,1.56281281281,0.000909881352824,5094.78688013,6.0,
73.3113113113,0.996016848731,0.00110621131642,0.182400065448,0.0883291533928,1.20704040822,1.55705705706,0.00110621131642,5197.38285073,6.0,
36.7992992993,0.9980847833,0.00106588069551,0.180522403429,0.0868986554519,1.18677379473,1.30630630631,0.00106588069551,5491.05238322,6.0,
94.3140640641,0.994814008255,0.00109124389655,0.182990934413,0.0834684352657,1.18201444417,1.71896896897,0.00109124389655,5226.78307214,6.0,
107.543543544,0.994203045555,0.00109155702249,0.184169847692,0.0885922747397,1.19280433305,1.78828828829,0.00109155702249,5333.00443371,6.0,
33.5840840841,0.998136368577,0.00113714815917,0.185335188436,0.0904415400624,1.18578838572,1.28478478478,0.00113714815917,5134.48462437,6.0,
106.44044044,0.994224760771,0.00114597831064,0.188855347129,0.0921353630591,1.24714186678,1.84934934935,0.00114597831064,5114.60662916,6.0,
35.3173173173,0.998015055887,0.00118129891653,0.19569100241,0.0861360613451,1.24596712917,1.4019019019,0.00118129891653,4925.15968207,6.0,
50.2597597598,0.997207359959,0.00126440254068,0.195324387196,0.0915915207991,1.17042838297,1.32232232232,0.00126440254068,5115.04903239,6.0,
87.787037037,0.995395689885,0.00123484345206,0.194798564853,0.0916017349381,1.20185214651,1.53378378378,0.00123484345206,5318.8150501,6.0,
65.4134134134,0.996408491302,0.00105135165195,0.189428538346,0.0913117353014,1.21959478706,1.47947947948,0.00105135165195,5120.31520676,6.0,
120.027277277,0.993272236594,0.00105348090834,0.184027676322,0.0902269309958,1.25355272318,1.90765765766,0.00105348090834,4964.08294592,6.0,
86.9021521522,0.995360301973,0.00101434016599,0.18207089034,0.0861941517485,1.21194862473,1.62037037037,0.00101434016599,5315.25241188,6.0,
114.210960961,0.993864267933,0.00106043230418,0.181390898335,0.0888252883126,1.24054369565,1.90315315315,0.00106043230418,5198.47133272,6.0,
102.506506507,0.994113515237,0.00102342081822,0.186328574524,0.0895423579508,1.23671114774,1.81431431431,0.00102342081822,4915.95215081,6.0,
90.4101601602,0.995083718904,0.00117747878008,0.186032721855,0.0858072857038,1.21473021015,1.72347347347,0.00117747878008,5190.06212747,6.0,
44.6634134134,0.997634570282,0.00119488858228,0.194615271708,0.0924660201421,1.20343910042,1.30255255255,0.00119488858228,5307.2709186,6.0,
70.7127127127,0.996056193002,0.000977829681533,0.187869005061,0.0872479577057,1.2536198011,1.60760760761,0.000977829681533,5037.0660804,6.0,
71.0132632633,0.996027853147,0.00123778683588,0.19487105237,0.0927731173262,1.23188704679,1.52627627628,0.00123778683588,4951.45251497,6.0,
93.0520520521,0.99504861866,0.00110383155929,0.187022882788,0.09174333968,1.21132600349,1.69069069069,0.00110383155929,5318.25707787,6.0,
34.8260760761,0.998093839623,0.00114716818921,0.192562735916,0.0859794658402,1.22871043567,1.43618618619,0.00114716818921,5082.44932853,6.0,
95.985985986,0.994809028458,0.00107896935975,0.189094695224,0.0904142899744,1.23570472106,1.7042042042,0.00107896935975,5143.36551705,6.0,
56.1103603604,0.996998420357,0.00108823788754,0.180643730645,0.0875285784394,1.22165725121,1.53228228228,0.00108823788754,5262.12801114,6.0,
121.615115115,0.993383878401,0.000816632448264,0.182163223643,0.0846716173511,1.30226345258,2.06806806807,0.000816632448264,5105.17567341,6.0,
48.6994494494,0.997306095017,0.00100269188107,0.178337334671,0.0857651666874,1.21870670859,1.5477977978,0.00100269188107,5141.07650214,6.0,
51.4426926927,0.997215838254,0.00107095333572,0.193081155764,0.090056613978,1.24479457101,1.46271271271,0.00107095333572,5146.63982233,6.0,
67.7885385385,0.996474953096,0.00120209047887,0.192218209756,0.0909133877021,1.22316332449,1.53678678679,0.00120209047887,5340.54078234,6.0,
54.7482482482,0.99717504346,0.00136522909296,0.197549145084,0.0920546739475,1.15440473785,1.28728728729,0.00136522909296,5504.52881123,6.0,
37.4101601602,0.998003554946,0.000852704556408,0.179398889962,0.0831174147916,1.23815957651,1.46071071071,0.000852704556408,5341.93385769,6.0,
118.2997998,0.993388913767,0.00136284933582,0.192137270055,0.0864487379894,1.19677619217,1.82882882883,0.00136284933582,5017.32786025,6.0,
69.5793293293,0.996137896124,0.00101872392913,0.186027910658,0.0874742012947,1.22615557863,1.54429429429,0.00101872392913,5098.75201866,6.0,
86.0435435435,0.995433896073,0.00115380645911,0.191213798681,0.0876364990866,1.18851427696,1.57307307307,0.00115380645911,5385.841446,6.0,
65.8756256256,0.996346478951,0.000866983099215,0.177243265574,0.0850462520191,1.26614701695,1.67842842843,0.000866983099215,5063.04234312,6.0,
103.560560561,0.994388667174,0.000921279136995,0.180965551324,0.0834192130892,1.22868808776,1.69269269269,0.000921279136995,5244.98920558,6.0,
96.6348848849,0.994645559379,0.00084681778876,0.172166358878,0.0814565857916,1.24491126662,1.91716716717,0.00084681778876,5163.60901981,6.0,
95.5788288288,0.994511468703,0.000785695605515,0.171531674964,0.0804722324817,1.25692712283,1.89014014014,0.000785695605515,4994.14129973,6.0,
71.5515515516,0.996157083123,0.00122250629007,0.189883227178,0.0926553272385,1.18688446428,1.46446446446,0.00122250629007,5274.65099873,6.0,
73.6366366366,0.995908713489,0.000904683462241,0.186918686469,0.0881323003347,1.23515765131,1.54754754755,0.000904683462241,5098.77994282,6.0,
95.0768268268,0.994759227783,0.000929169910651,0.186175078971,0.0880985743771,1.2086499348,1.68943943944,0.000929169910651,5213.99379707,6.0,
110.198448448,0.993991240702,0.00110251643034,0.188664405966,0.0886850405018,1.23747088707,1.80455455455,0.00110251643034,5131.20287064,6.0,
43.0888388388,0.997675800441,0.000966494522551,0.188743482017,0.0876119838959,1.23173617444,1.37312312312,0.000966494522551,5241.06422301,6.0,
76.3718718719,0.995661884325,0.00107007658309,0.196773511144,0.0898753518972,1.24721813849,1.50800800801,0.00107007658309,4910.38046598,6.0,
93.3478478478,0.994800141446,0.000968435903371,0.191942279494,0.0888345133063,1.27027290664,1.73973973974,0.000968435903371,4990.3915067,6.0,
63.1318818819,0.996667321635,0.00101759667575,0.197037915749,0.0935265614041,1.23368349531,1.37962962963,0.00101759667575,5295.50390875,6.0,
71.3368368368,0.995991819929,0.00095760174589,0.188314730478,0.0895328150192,1.24060203403,1.53703703704,0.00095760174589,5026.07425099,6.0,
84.515015015,0.995230427411,0.00102035218402,0.177281699647,0.0839689370858,1.25908237437,1.77127127127,0.00102035218402,4937.46267596,7.0,
54.6446446446,0.997070362985,0.00118349079811,0.200335111939,0.0959933313472,1.26245790442,1.44844844845,0.00118349079811,5045.50875598,7.0,
122.24974975,0.993345657838,0.00164409905401,0.210907132991,0.0958060703931,1.2178318421,1.74024024024,0.00164409905401,5000.02053619,7.0,
79.6461461461,0.99561494336,0.00104890926963,0.188275007452,0.0932554395905,1.29365057872,1.74474474474,0.00104890926963,4890.61454919,7.0,
95.758008008,0.994712068036,0.00128688498308,0.205470016384,0.0953003569454,1.27170649533,1.74099099099,0.00128688498308,4874.91257606,7.0,
47.2967967968,0.997371231142,0.000985532579627,0.187083003413,0.0947710762986,1.2745951733,1.58608608609,0.000985532579627,4971.99849303,7.0,
65.7767767768,0.99640287842,0.00114597831064,0.19775097583,0.0921248658658,1.26880178287,1.54704704705,0.00114597831064,4982.44752288,7.0,
92.4524524525,0.995101477875,0.00128149921693,0.203447894809,0.0994549223994,1.25556969025,1.63013013013,0.00128149921693,5106.89883836,7.0,
33.8380880881,0.99815617221,0.00133141149157,0.208873881615,0.0978660660738,1.23556424804,1.18693693694,0.00133141149157,5010.14488611,7.0,
60.5525525526,0.996724856265,0.00176158390623,0.214712457566,0.097501385105,1.19982644821,1.32132132132,0.00176158390623,5018.45374687,7.0,
56.9224224224,0.996953459206,0.0010516021527,0.196196950197,0.0948054009989,1.27842005851,1.49399399399,0.0010516021527,5097.91035332,7.0,
56.4321821822,0.996827647102,0.00119056744432,0.200976083899,0.100127657964,1.26182364037,1.37062062062,0.00119056744432,4842.09013226,7.0,
87.0455455455,0.995388426649,0.00116238610983,0.205845952677,0.100539358062,1.25119655609,1.46696696697,0.00116238610983,5172.84660412,7.0,
60.4074074074,0.996685164878,0.00113746128511,0.20767723307,0.0938357586617,1.27866292044,1.496996997,0.00113746128511,4915.12988466,7.0,
76.6156156156,0.995878390489,0.00106700794889,0.192622503314,0.0863707342073,1.21285361667,1.55305305305,0.00106700794889,5233.89434976,7.0,
48.6046046046,0.99734073746,0.000983528573619,0.194481877222,0.0901254660493,1.29054835321,1.48298298298,0.000983528573619,4992.27384709,7.0,
62.0618118118,0.996515159377,0.00107633910186,0.192523930544,0.0895030282379,1.27354122702,1.59184184184,0.00107633910186,4882.48544544,7.0,
85.7585085085,0.995402315788,0.00111466571677,0.197315586081,0.0880117670815,1.24560380626,1.6483983984,0.00111466571677,5162.83767169,7.0,
36.7662662663,0.997977128503,0.000993673854034,0.197753417662,0.090251488377,1.30279037923,1.43743743744,0.000993673854034,4931.65443454,7.0,
65.799049049,0.99640651886,0.0011687112538,0.195951118784,0.0923792813314,1.27270801276,1.58483483483,0.0011687112538,4965.84829121,7.0,
58.4867367367,0.996753642839,0.0010715795876,0.198379756744,0.091225450879,1.31357584158,1.63438438438,0.0010715795876,4808.15148256,7.0,
51.9246746747,0.997171760296,0.0012719801884,0.198794155823,0.0946638422985,1.25862396681,1.40965965966,0.0012719801884,4970.71117613,7.0,
48.3348348348,0.997372583441,0.00106062017974,0.200768020135,0.095624588874,1.24446118502,1.26076076076,0.00106062017974,5071.77126022,7.0,
72.4419419419,0.995867584028,0.0010567374181,0.202795477192,0.0907911312336,1.31077224478,1.66266266266,0.0010567374181,4713.60942891,7.0,
31.3543543544,0.99829531316,0.00117603840076,0.197167723514,0.0921135895908,1.23174530817,1.23623623624,0.00117603840076,5055.7275613,7.0,
49.5508008008,0.997180290613,0.00127742857973,0.222070679682,0.104963825059,1.42127406752,1.53378378378,0.00127742857973,4256.16598528,7.0,
57.9914914915,0.996860931562,0.00119939759579,0.198895718482,0.0939111557693,1.25682732273,1.4004004004,0.00119939759579,5032.36793264,7.0,
87.6493993994,0.99501159351,0.00115136407679,0.190644138673,0.0909196374991,1.24934886346,1.67842842843,0.00115136407679,4825.07562968,7.0,
78.993993994,0.995721112641,0.000947644341038,0.193469208948,0.0899986427822,1.30778389336,1.72172172172,0.000947644341038,4988.90026664,7.0,
75.8948948949,0.995746788446,0.00135145155165,0.192448555856,0.0929689211194,1.23683115781,1.68918918919,0.00135145155165,4849.96148839,7.0,
86.5578078078,0.995226034677,0.00110245380516,0.19957158629,0.0916251085733,1.29614623665,1.69644644645,0.00110245380516,4900.66349132,7.0,
65.5858358358,0.996238488552,0.00122332041751,0.197030442713,0.0928416676578,1.21817900309,1.45620620621,0.00122332041751,4859.69593024,7.0,
38.0175175175,0.997935083438,0.00137781675569,0.201929030085,0.0921486156373,1.26635125777,1.38238238238,0.00137781675569,4919.88744757,7.0,
25.4597097097,0.998681378097,0.00114503893283,0.19363260465,0.0964298092306,1.24716888596,1.31206206206,0.00114503893283,5295.46217964,7.0,
48.4834834835,0.997297575844,0.00148979059139,0.197227680365,0.0938237198683,1.24564293951,1.57557557558,0.00148979059139,4907.25130422,7.0,
39.3908908909,0.99789514207,0.00138921453987,0.215022519922,0.0992640029666,1.22436685321,1.24474474474,0.00138921453987,5097.4039188,7.0,
89.4404404404,0.995091761855,0.00121016912809,0.205263816333,0.0922399668716,1.2814732021,1.6976976977,0.00121016912809,4938.81720083,7.0,
103.073823824,0.994328779362,0.00145866587308,0.197102634181,0.0916284534157,1.22384680133,1.68893893894,0.00145866587308,4979.58345046,7.0,
64.9802302302,0.99652699637,0.00110088817546,0.196392727163,0.0898592559256,1.27994010412,1.64039039039,0.00110088817546,5066.24090652,7.0,
44.0277777778,0.997564675185,0.00102630157685,0.191550165377,0.0902988869955,1.2751575517,1.45770770771,0.00102630157685,4943.06752097,7.0,
91.9214214214,0.99500636202,0.00125431988545,0.211000439976,0.096405241772,1.29095651807,1.66166166166,0.00125431988545,4895.49197558,7.0,
34.7162162162,0.998128738692,0.00130435741046,0.207301664879,0.09639859009,1.26271064883,1.30930930931,0.00130435741046,4960.67016222,7.0,
94.6078578579,0.994824873458,0.00121987603219,0.208589507666,0.0988608670663,1.289746681,1.66691691692,0.00121987603219,4873.87992461,7.0,
78.6498998999,0.995726028295,0.00117152938725,0.202531726995,0.0918153654624,1.2690421868,1.62487487487,0.00117152938725,4979.40656697,7.0,
64.6096096096,0.996231061366,0.00126922468014,0.215963856825,0.103024680427,1.4299038528,1.76926926927,0.00126922468014,4179.37138365,7.0,
38.1191191191,0.997934881835,0.00143004616228,0.216761883603,0.103564363005,1.22701075756,1.11661661662,0.00143004616228,5027.00174397,7.0,
43.7124624625,0.997582146375,0.00163602040479,0.212649354598,0.0992537626165,1.18332770423,1.17842842843,0.00163602040479,4995.79613553,7.0,
96.9066566567,0.994656202134,0.00181381331281,0.222334944838,0.100268562866,1.24145218089,1.64339339339,0.00181381331281,4819.13128679,7.0,
91.5235235235,0.995024493593,0.00170121322524,0.217600524724,0.102662053169,1.22394846822,1.51551551552,0.00170121322524,4943.49406634,7.0,
51.9256756757,0.997262628962,0.00157020133246,0.215011444598,0.102522616522,1.21533786541,1.28603603604,0.00157020133246,5138.23812551,7.0,
