347.115384615,0.980901335312,0.00168018116736,0.161705272692,0.079304319085,1.12763658575,3.52991452991,0.00168018116736,5052.56422041,1.0,
6.16025641026,0.99966220448,0.00193129520053,0.169049053985,0.0872431691775,0.989431426376,1.11752136752,0.00193129520053,5364.16071129,1.0,
89.9786324786,0.995340930908,0.00173040397399,0.172878854019,0.0841018139581,1.09991267567,1.74358974359,0.00173040397399,5374.20315224,1.0,
147.85042735,0.991932843139,0.00189933523267,0.17521893505,0.0743339735718,1.07819970293,2.35897435897,0.00189933523267,5157.40716999,1.0,
7.90811965812,0.999583124833,0.0020271751041,0.182095344115,0.0868134984016,1.03394533132,1.20726495726,0.0020271751041,5400.37567657,1.0,
357.397435897,0.980739276839,0.00211392358828,0.164304478614,0.0786936163327,1.07390669415,3.21367521368,0.00211392358828,5260.85257675,1.0,
87.2841880342,0.995246889674,0.00191759807144,0.168795925087,0.0758723098306,1.02419480581,1.69871794872,0.00191759807144,5291.04698866,1.0,
84.5235042735,0.995470651543,0.00189476952297,0.169241269613,0.0788445619312,1.0499259931,1.76709401709,0.00189476952297,5303.98981668,1.0,
21.7329059829,0.998828888846,0.00137884432756,0.14572202733,0.0669411686381,1.10572246092,1.78418803419,0.00137884432756,5250.40702684,1.0,
14.9957264957,0.999136075205,0.00182628387757,0.17431696781,0.0900036113357,1.05865973281,1.39743589744,0.00182628387757,4941.60772515,1.0,
11.4722222222,0.999364917753,0.00186737526481,0.143557547314,0.0581334505887,1.05816857203,1.65170940171,0.00186737526481,5147.57974693,1.0,
11.7713675214,0.999361124508,0.00167561545767,0.16431014567,0.0683607753505,1.08455768979,1.50213675214,0.00167561545767,5177.19920639,1.0,
8.9188034188,0.999483452163,0.00154320987654,0.149711570635,0.0673097465238,1.1060578704,1.50854700855,0.00154320987654,4835.60221742,1.0,
148.459401709,0.991468080276,0.00171214113522,0.162494063703,0.067329116295,1.09560605057,2.48931623932,0.00171214113522,4910.12487337,1.0,
156.444444444,0.991232840009,0.00168018116736,0.158140060764,0.0859613074974,1.12772597203,2.25641025641,0.00168018116736,4929.82900469,1.0,
167.540598291,0.990752360255,0.00172127255461,0.146214593222,0.0786741939505,1.07406988942,2.32692307692,0.00172127255461,5168.92500901,1.0,
30.3012820513,0.998362327636,0.00159343268318,0.16478473164,0.0867696904576,1.1292534727,1.72008547009,0.00159343268318,5104.23377353,1.0,
102.670940171,0.994491087626,0.0014975527796,0.158837703932,0.0714983016691,1.09616749036,2.1452991453,0.0014975527796,5290.06831554,1.0,
8.1047008547,0.99956507075,0.00186737526481,0.178148386793,0.0812344820329,1.11887593088,1.37820512821,0.00186737526481,5081.05771794,1.0,
228.519230769,0.98763106467,0.00163908978012,0.163436076601,0.0729114061025,1.12484431403,2.70299145299,0.00163908978012,5117.12972561,1.0,
72.9017094017,0.996027408296,0.00165735261889,0.163910969229,0.0770928135234,1.14290067808,1.79487179487,0.00165735261889,4980.80087289,1.0,
102.177350427,0.994376055251,0.00186280955512,0.166276373896,0.0852327424851,1.13519200214,2.11324786325,0.00186280955512,4919.7516916,1.0,
85.3183760684,0.995498664223,0.00162995836073,0.152511217481,0.0766421276673,1.08698550797,1.82264957265,0.00162995836073,5311.40390888,1.0,
16.9358974359,0.999058566316,0.00199064942655,0.186106620156,0.0774781316254,1.11405548658,1.54700854701,0.00199064942655,4892.85781365,1.0,
162.025641026,0.991164493941,0.00173040397399,0.160760241348,0.082546921885,1.09788956947,2.33760683761,0.00173040397399,5083.90185867,1.0,
11.5726495726,0.999368932033,0.00167561545767,0.149687388229,0.0635108826365,1.07185992975,1.62820512821,0.00167561545767,5203.54174287,1.0,
10.297008547,0.999444232496,0.00165735261889,0.164432280368,0.0738479129032,1.12167984263,1.5235042735,0.00165735261889,5095.50645826,1.0,
83.1175213675,0.995275335846,0.0016482211995,0.158174392135,0.0773438945853,1.10456769069,1.8311965812,0.0016482211995,4924.23030351,1.0,
84.0769230769,0.99520164388,0.00144276426328,0.159197570396,0.0753992674439,1.12211281019,2.18376068376,0.00144276426328,4901.44444444,1.0,
166.72008547,0.990776578802,0.00182171816787,0.161760680112,0.0735995580633,1.09856198658,2.64743589744,0.00182171816787,5063.69357189,1.0,
21.5897435897,0.998763002552,0.0014975527796,0.162123632837,0.073180058483,1.1294945204,1.7905982906,0.0014975527796,4834.55264702,1.0,
7.22863247863,0.999589925925,0.00187194097451,0.176487694997,0.0703518934279,1.10888959091,1.35683760684,0.00187194097451,4824.84756868,1.0,
10.2628205128,0.999448996606,0.0017988896194,0.164175478486,0.0816195283479,1.13888112312,1.55769230769,0.0017988896194,4978.41641573,1.0,
13.735042735,0.999224736602,0.0014245014245,0.139420296979,0.0539703728298,1.10363511861,1.78632478632,0.0014245014245,4987.34478612,1.0,
31.1132478632,0.998234097944,0.00183084958726,0.16193033533,0.0807042134663,1.12322085343,1.91666666667,0.00183084958726,4815.83890016,1.0,
9.76495726496,0.999450667652,0.00153407845716,0.153708552937,0.0725010860702,1.06794797475,1.42307692308,0.00153407845716,5084.39657052,1.0,
97.0320512821,0.994914317518,0.00172127255461,0.171061888568,0.0706627491317,1.11799072165,2.05769230769,0.00172127255461,5275.56633202,1.0,
16.0641025641,0.999103711856,0.00162995836073,0.159784203865,0.0624157801939,1.06858866805,1.64102564103,0.00162995836073,5111.94762484,1.0,
74.8653846154,0.99585353712,0.00129209584338,0.137906671354,0.0574994797935,1.13876242083,2.1047008547,0.00129209584338,5066.45490394,1.0,
15.2927350427,0.999135352387,0.00152038132807,0.168198184769,0.0678253936716,1.13359839525,1.63888888889,0.00152038132807,4856.59927028,1.0,
13.2564102564,0.999275941499,0.00170300971583,0.14397914771,0.0736088650547,1.10689474028,1.64957264957,0.00170300971583,5053.04618595,1.0,
84.1730769231,0.995425375148,0.00181715245818,0.178054716821,0.076316278933,1.12441134647,1.72008547009,0.00181715245818,5017.94802725,1.0,
10.2713675214,0.999433338818,0.00169387829644,0.17000256775,0.0766283905866,1.11184784383,1.51068376068,0.00169387829644,5030.83629295,1.0,
14.1025641026,0.999203836344,0.00151581561838,0.149603780464,0.0658023122531,1.07967460752,1.63675213675,0.00151581561838,5049.53380961,1.0,
82.985042735,0.995202056009,0.00141537000511,0.15973226462,0.0659927202502,1.12677305844,1.90811965812,0.00141537000511,4836.14426324,1.0,
12.2820512821,0.999276645371,0.00151124990869,0.153232608201,0.0667530476817,1.07776407679,1.55982905983,0.00151124990869,4851.04920509,1.0,
76.1858974359,0.995647797263,0.00157060413471,0.152543324621,0.0788622672299,1.09798206116,1.80982905983,0.00157060413471,4923.82009203,1.0,
101.30982906,0.994424418273,0.00150668419899,0.165769784153,0.0784814807452,1.13175210064,2.12179487179,0.00150668419899,5052.17977182,1.0,
233.523504274,0.987084574636,0.00159343268318,0.153687833479,0.0732970481993,1.10111480875,2.8311965812,0.00159343268318,5103.55936527,1.0,
21.5,0.998836373718,0.00228742055665,0.180009578602,0.0955514714445,1.07930774618,1.49145299145,0.00228742055665,5086.7701544,1.0,
15.4316239316,0.999199550887,0.00173040397399,0.172639151565,0.0763832016037,1.14032777214,1.60256410256,0.00173040397399,5164.91448893,2.0,
170.762820513,0.990923186057,0.00177149536124,0.178618112885,0.0844411336097,1.10536723961,2.02777777778,0.00177149536124,5242.03087981,2.0,
22.0106837607,0.998775166936,0.00216414639492,0.180723063256,0.083886972552,1.08252134541,1.5235042735,0.00216414639492,4910.19145747,2.0,
153.448717949,0.991793377944,0.00208652933012,0.189525720842,0.0725241367222,1.14967182067,2.37606837607,0.00208652933012,5006.23269552,2.0,
74.3760683761,0.996113881008,0.00193586091022,0.190638138757,0.0874291716454,1.16181320731,1.66666666667,0.00193586091022,5047.75856176,2.0,
66.8675213675,0.996385154613,0.00206826649134,0.177349398275,0.0787729790811,1.14891348553,2.00854700855,0.00206826649134,4907.09274884,2.0,
97.6239316239,0.994713681735,0.00166648403828,0.171960507026,0.0769841398916,1.21539811732,2.29487179487,0.00166648403828,4788.67229126,2.0,
20.0769230769,0.998931344243,0.00239699758931,0.18065420211,0.0968339777732,1.15367813745,1.64957264957,0.00239699758931,4863.65464831,2.0,
164.754273504,0.991503340226,0.00177606107093,0.168748442273,0.0794355157722,1.19586338044,2.44658119658,0.00177606107093,5069.30937725,2.0,
228.816239316,0.987810433917,0.00189020381328,0.187083291177,0.0883298832659,1.15495614668,2.45299145299,0.00189020381328,5035.34294173,2.0,
80.2884615385,0.995576905139,0.00226915771788,0.185891643635,0.0805147882653,1.09816421108,1.83974358974,0.00226915771788,4966.57797248,2.0,
20.8012820513,0.998850565089,0.0016527869092,0.166149524593,0.0761165399781,1.17803144854,1.93803418803,0.0016527869092,4784.30336022,2.0,
144.288461538,0.992018772255,0.00227372342757,0.192550082128,0.0835812928415,1.13753230413,2.05341880342,0.00227372342757,4773.20603709,2.0,
131.457264957,0.992678334285,0.0021002264592,0.172226209955,0.0814947288168,1.10971056402,2.18376068376,0.0021002264592,4924.15930345,2.0,
14.4252136752,0.999251089427,0.00190846665206,0.173677190865,0.0801056083438,1.10796022934,1.48076923077,0.00190846665206,5211.22266585,2.0,
6.9594017094,0.999624774812,0.00181258674848,0.161415537217,0.0737657713126,1.08352579464,1.34829059829,0.00181258674848,5171.6555581,2.0,
14.9423076923,0.999202433079,0.00195868945869,0.169689063459,0.0841187793294,1.13541136791,1.48504273504,0.00195868945869,5036.21246788,2.0,
21.3675213675,0.998851259313,0.00191303236175,0.184124211723,0.0906174820489,1.11471786179,1.44444444444,0.00191303236175,5080.12820513,2.0,
14.7072649573,0.999231094215,0.00209109503981,0.189326894195,0.095886144634,1.14659647782,1.45512820513,0.00209109503981,5077.21514521,2.0,
9.61752136752,0.999471749762,0.00248374607349,0.195887880484,0.0939243826346,1.17914793553,1.4764957265,0.00248374607349,4592.52099116,2.0,
279.181623932,0.984218190924,0.0017988896194,0.16929681839,0.0638329861827,1.19064329054,3.34401709402,0.0017988896194,4706.29318455,2.0,
84.4081196581,0.995497162652,0.0016527869092,0.164560216508,0.0791293925723,1.15368790739,2.07905982906,0.0016527869092,5035.69477932,2.0,
11.4615384615,0.999376562436,0.00184454671634,0.17212504376,0.0758473862208,1.16235953882,1.64102564103,0.00184454671634,4881.35637296,2.0,
84.3675213675,0.995649950046,0.00249287749288,0.190331991482,0.100329881538,1.0924020464,1.61111111111,0.00249287749288,5171.45907464,2.0,
105.805555556,0.994283285989,0.00228285484696,0.180596184598,0.0813677179057,1.14024853285,2.36111111111,0.00228285484696,4893.66758913,2.0,
86.7222222222,0.995419704682,0.00195868945869,0.182228396106,0.0802967718054,1.14899940357,2.0,0.00195868945869,5064.26479899,2.0,
6.25213675214,0.999663299344,0.00181258674848,0.178253536587,0.0815185600836,1.13174392885,1.30341880342,0.00181258674848,5030.06650483,2.0,
9.0641025641,0.999505797233,0.00194042661991,0.183700220719,0.0847053245669,1.14089765567,1.40170940171,0.00194042661991,4925.6669968,2.0,
13.6538461538,0.999251184386,0.00197238658777,0.173674690457,0.0839532635072,1.14139326119,1.58974358974,0.00197238658777,4884.12230789,2.0,
82.8461538462,0.995480548136,0.00190846665206,0.186990874021,0.0915057379902,1.15373392983,1.81623931624,0.00190846665206,4884.32940991,2.0,
27.4230769231,0.998568750214,0.00189476952297,0.188327262708,0.0840315071459,1.14619202357,1.60256410256,0.00189476952297,5093.08064662,2.0,
18.6645299145,0.999016019257,0.00189933523267,0.17884970502,0.0799128667288,1.20420964427,1.70726495726,0.00189933523267,4860.51748477,2.0,
91.2713675214,0.995044264785,0.00221436920155,0.18399972006,0.089590991129,1.12520406402,1.87393162393,0.00221436920155,4922.4913947,2.0,
92.5021367521,0.995094720067,0.00185824384542,0.18883037562,0.0886836907154,1.12691344266,1.79700854701,0.00185824384542,5119.62031535,2.0,
8.61111111111,0.999539566455,0.00200434655563,0.173914169376,0.0908401929379,1.09493203532,1.3547008547,0.00200434655563,5141.12126068,2.0,
10.6944444444,0.999406372421,0.00236047191175,0.188884781138,0.0898862992702,1.12211867928,1.34829059829,0.00236047191175,4801.12188081,2.0,
89.8311965812,0.995150162415,0.00229198626635,0.185343665323,0.0888355180734,1.15715136091,2.09615384615,0.00229198626635,4804.64437586,2.0,
89.3952991453,0.995103465851,0.00313664255972,0.201345737223,0.0892959268063,1.12209886745,1.88675213675,0.00313664255972,4706.31632754,2.0,
13.4252136752,0.99929287547,0.00246548323471,0.194185930404,0.0880836297443,1.06359825776,1.24572649573,0.00246548323471,5190.92478349,2.0,
88.1987179487,0.995220662121,0.00211848929798,0.17169282716,0.0782281532805,1.12649709064,2.07051282051,0.00211848929798,4944.82775855,2.0,
21.75,0.998786772922,0.00203630652349,0.163780613338,0.0824834465256,1.09559343404,1.6688034188,0.00203630652349,4901.40055035,2.0,
93.9487179487,0.995054893569,0.00191303236175,0.180141274167,0.0796643657509,1.10066941267,1.8547008547,0.00191303236175,5235.94158532,2.0,
11.2542735043,0.999375683644,0.00223719775002,0.178526026443,0.0945421612737,1.10614308389,1.38675213675,0.00223719775002,4868.27496091,2.0,
11.75,0.999347176212,0.00212762071736,0.191769006533,0.0752487923959,1.17376924774,1.60897435897,0.00212762071736,4666.4283047,2.0,
21.8397435897,0.998790894515,0.00297684272043,0.190464477558,0.0868096993463,1.08857866751,1.43803418803,0.00297684272043,4796.08800985,2.0,
168.538461538,0.991106260331,0.00242895755716,0.19969349952,0.0937943928745,1.11662581787,2.2094017094,0.00242895755716,5054.9246725,2.0,
86.5128205128,0.995516872847,0.00183084958726,0.166791962145,0.0872011883842,1.10892131472,1.79487179487,0.00183084958726,5299.24505423,2.0,
24.2863247863,0.998660658897,0.00204543794287,0.189626674588,0.0993593438096,1.15556335117,1.59401709402,0.00204543794287,4770.01950776,2.0,
142.683760684,0.99233409829,0.00187194097451,0.182820448096,0.072812637647,1.19861656621,2.47435897436,0.00187194097451,4850.9393247,2.0,
88.7179487179,0.995142780051,0.0022508948791,0.185668021268,0.082635974567,1.11824368133,1.90598290598,0.0022508948791,4942.49171491,2.0,
85.4722222222,0.995607017644,0.00168474687705,0.164411654886,0.0865676490511,1.09736145165,1.71153846154,0.00168474687705,5447.50409437,3.0,
243.991452991,0.986826697126,0.00220523778216,0.182885105855,0.0889184403911,1.09012163291,2.78632478632,0.00220523778216,5110.86841906,3.0,
9.67948717949,0.999477126406,0.00182628387757,0.170182946895,0.085250089806,1.08760451934,1.38461538462,0.00182628387757,5125.7945664,3.0,
91.8974358974,0.994976260921,0.00205913507196,0.167395426155,0.0821365349932,1.03722316667,1.78205128205,0.00205913507196,5166.27387745,3.0,
134.91025641,0.992853137753,0.00184911242604,0.182122407761,0.0728997677982,1.10499771969,2.13675213675,0.00184911242604,5245.52913862,3.0,
9.67948717949,0.999481145913,0.00233764336328,0.195464358766,0.0764540918102,1.06494878001,1.22222222222,0.00233764336328,5190.00882907,3.0,
76.0982905983,0.995914147867,0.00199521513624,0.171977471628,0.0840815381417,1.04660613431,1.54700854701,0.00199521513624,5301.08469848,3.0,
78.641025641,0.995808301926,0.00218240923369,0.156052837809,0.0868838902765,1.06564366752,1.74358974359,0.00218240923369,5224.63907152,3.0,
88.4722222222,0.995351024635,0.00268920300972,0.171836149647,0.0872137334067,1.05090432988,1.74572649573,0.00268920300972,5236.20413187,3.0,
100.158119658,0.994827668057,0.00257049455767,0.192282184824,0.0845673408724,1.06881834766,1.79914529915,0.00257049455767,5299.67997594,3.0,
88.7670940171,0.995405105467,0.00189020381328,0.167469505363,0.0768388779577,1.04872696542,1.69444444444,0.00189020381328,5512.32389377,3.0,
83.9081196581,0.995637593467,0.00189020381328,0.169425576079,0.0730180068886,1.10374377901,1.82264957265,0.00189020381328,5279.34072269,3.0,
84.1132478632,0.995462170844,0.00203174081379,0.18356255719,0.0798964236164,1.0877882674,1.78418803419,0.00203174081379,5103.48253609,3.0,
80.9957264957,0.995667371553,0.00211848929798,0.174123031295,0.091184881782,1.11621053324,1.85042735043,0.00211848929798,5055.50038633,3.0,
16.5128205128,0.999144566428,0.00206826649134,0.174717597811,0.0721555685924,1.03365904968,1.24358974359,0.00206826649134,5512.74109897,3.0,
7.34615384615,0.999604524004,0.00186280955512,0.172437670354,0.0807867580831,1.04807969848,1.17948717949,0.00186280955512,5278.8635826,3.0,
173.027777778,0.990896303312,0.00201804368471,0.157751823134,0.079832868568,1.06607182642,2.26282051282,0.00201804368471,5350.91375827,3.0,
160.423076923,0.991321090405,0.001954123749,0.156995071859,0.0745060300077,1.09321244795,2.40598290598,0.001954123749,5141.50294541,3.0,
22.1217948718,0.998856384147,0.00171214113522,0.160423734938,0.0777695981595,1.09388165454,1.62606837607,0.00171214113522,5376.80514673,3.0,
94.0598290598,0.995074789615,0.00219154065308,0.181671910301,0.0825481491773,1.08824210722,1.84188034188,0.00219154065308,5243.30954653,3.0,
26.1260683761,0.998613440785,0.00179432390971,0.168030216078,0.0768867961246,1.07525380881,1.56623931624,0.00179432390971,5314.91180984,3.0,
82.7670940171,0.995418323828,0.00165735261889,0.158850506046,0.0695023361819,1.10484569543,1.93376068376,0.00165735261889,5067.81223482,3.0,
85.4700854701,0.995318698066,0.00213675213675,0.177945569469,0.0807208383192,1.10013550968,1.84615384615,0.00213675213675,5007.26096492,3.0,
11.4871794872,0.999361644939,0.00162082694134,0.157186895488,0.0735609560737,1.06447821954,1.44444444444,0.00162082694134,5128.05608974,3.0,
203.914529915,0.989077837536,0.00199978084593,0.18449157866,0.0835286660884,1.13596944456,2.47008547009,0.00199978084593,5057.34096176,3.0,
137.461538462,0.992569653932,0.00206826649134,0.177333017028,0.0926756238602,1.03648651345,1.92307692308,0.00206826649134,5281.28492022,3.0,
9.2905982906,0.999506555877,0.00274399152604,0.188184762752,0.0893894517654,1.04741065873,1.26923076923,0.00274399152604,5220.66877251,3.0,
24.7115384615,0.998667492523,0.00221893491124,0.185682547624,0.0775636091577,1.0504956189,1.53205128205,0.00221893491124,5207.23602042,3.0,
16.7670940171,0.999096567426,0.00160256410256,0.162275433921,0.0772507051154,1.07797686891,1.50641025641,0.00160256410256,5229.4910439,3.0,
8.02136752137,0.999580271159,0.00263441449339,0.184874999565,0.0804314070437,1.05010344054,1.28205128205,0.00263441449339,5229.39556789,3.0,
59.6495726496,0.99664824809,0.00203174081379,0.173648624891,0.0813473857062,1.06719808335,1.70085470085,0.00203174081379,4979.14719989,3.0,
20.4658119658,0.998878265262,0.00186737526481,0.168179935377,0.0919223983249,1.11710391427,1.70512820513,0.00186737526481,4988.61747474,3.0,
19.1837606838,0.998993154712,0.00185367813573,0.182684116566,0.082467652187,1.07783675665,1.34615384615,0.00185367813573,5350.27757632,3.0,
9.54273504274,0.999490967841,0.00185824384542,0.164465031893,0.0656975880445,1.0818988658,1.49145299145,0.00185824384542,5239.83446528,3.0,
82.3482905983,0.995651037284,0.00181715245818,0.165326831881,0.0730215136651,1.11310604123,2.04487179487,0.00181715245818,5206.22610383,3.0,
14.6431623932,0.999190686055,0.00189476952297,0.171701503076,0.0802877434827,1.02743532021,1.27136752137,0.00189476952297,5214.61532095,3.0,
165.745726496,0.990688988881,0.00173953539338,0.175617628546,0.0816895873742,1.10014714972,2.36111111111,0.00173953539338,4979.25115452,3.0,
95.1581196581,0.994930395422,0.00204543794287,0.168484510194,0.0708074316607,1.08351068637,2.18376068376,0.00204543794287,5242.35216739,3.0,
106.948717949,0.994424965748,0.00205000365257,0.179792748647,0.0849666777569,1.06098475968,1.93162393162,0.00205000365257,5388.77176571,3.0,
29.7713675214,0.99843279868,0.00172127255461,0.171858569843,0.0813969930783,1.13752039214,1.79273504274,0.00172127255461,5154.44264204,3.0,
14.8461538462,0.999180452282,0.00186737526481,0.187942398965,0.0829279434122,1.09195948378,1.42307692308,0.00186737526481,5027.79895315,3.0,
77.9764957265,0.995779164315,0.00186280955512,0.172034838381,0.0746869173898,1.0861729786,1.69444444444,0.00186280955512,5145.09228263,3.0,
87.8632478632,0.995187912269,0.00193586091022,0.164423734833,0.0913824153473,1.07435519456,1.80341880342,0.00193586091022,5135.84537494,3.0,
93.7713675214,0.994781759875,0.00192672949083,0.173791216234,0.0878281026939,1.1221789164,1.99786324786,0.00192672949083,4895.42142232,3.0,
159.950854701,0.991660506714,0.0015751698444,0.155741512732,0.0736624220557,1.13279750592,2.57478632479,0.0015751698444,5309.42774266,3.0,
6.40384615385,0.999662536187,0.00214131784645,0.192546222864,0.0862821874866,1.11550053745,1.25,0.00214131784645,5091.94715946,3.0,
14.1901709402,0.999227556569,0.00215958068522,0.168367012914,0.0656396068011,1.07913227501,1.54914529915,0.00215958068522,5089.75764794,3.0,
27.8675213675,0.998532811544,0.00204543794287,0.162662464135,0.0760710594244,1.13417227778,1.96581196581,0.00204543794287,5079.47083948,3.0,
38.5534188034,0.997908717831,0.00145189568266,0.160867448175,0.0717237717341,1.11706953187,1.99358974359,0.00145189568266,5161.42182783,3.0,
83.4188034188,0.995525100451,0.00185367813573,0.160294314047,0.0789946579429,1.12306065739,2.04273504274,0.00185367813573,5084.53474575,3.0,
17.3482905983,0.99907477254,0.00173496968369,0.166129405942,0.0824466974625,1.17168003533,1.6688034188,0.00173496968369,4983.09406247,4.0,
33.0641025641,0.99816608856,0.00215958068522,0.179059946956,0.086848708085,1.19835730483,1.94444444444,0.00215958068522,4570.6311292,4.0,
14.8995726496,0.999186053407,0.00245635181533,0.181549930263,0.0944537804398,1.13503927333,1.51923076923,0.00245635181533,4777.73924354,4.0,
157.942307692,0.991273291383,0.00205456936226,0.191991696246,0.0756500127384,1.16111910828,2.3141025641,0.00205456936226,4775.55152825,4.0,
91.485042735,0.995197635044,0.0024791803638,0.190131934708,0.0850337719205,1.14184897111,1.83974358974,0.0024791803638,4969.97944116,4.0,
11.8760683761,0.999356637994,0.00189476952297,0.178151602662,0.0830436922641,1.17513157686,1.59829059829,0.00189476952297,4839.58260001,4.0,
299.861111111,0.983780019658,0.0023285119439,0.184731696714,0.0799361288781,1.14930655747,3.22435897436,0.0023285119439,4911.18423552,4.0,
85.9893162393,0.995242486159,0.00280334575206,0.193351841536,0.0947745273448,1.13690067622,1.78846153846,0.00280334575206,4713.10383021,4.0,
144.80982906,0.992496135181,0.00296771130104,0.197216083462,0.0925664184213,1.09626167835,1.88675213675,0.00296771130104,5119.74894867,4.0,
185.482905983,0.989958995655,0.0023285119439,0.185062757211,0.0947407863759,1.17022868276,2.70512820513,0.0023285119439,4763.94686966,4.0,
87.8376068376,0.995390017657,0.00240612900869,0.184428599513,0.0819479193958,1.09054021894,1.78205128205,0.00240612900869,5146.93833307,4.0,
6.65170940171,0.999636859002,0.00196325516838,0.18346041423,0.0843800983966,1.1396854807,1.30555555556,0.00196325516838,4901.15671606,4.0,
82.2841880342,0.995314863252,0.0020271751041,0.186134513031,0.0813703118353,1.16805355232,2.01923076923,0.0020271751041,4617.94131022,4.0,
142.784188034,0.991857022525,0.00168931258675,0.154836457022,0.0623994022985,1.17094338211,2.65170940171,0.00168931258675,4685.21361577,4.0,
10.0705128205,0.999446458551,0.0020226093944,0.180775136544,0.0853340854816,1.16234789878,1.55769230769,0.0020226093944,4769.93563647,4.0,
167.920940171,0.991057762854,0.00181258674848,0.167748486856,0.0784987316573,1.15916255512,2.46794871795,0.00181258674848,5045.96461909,4.0,
94.0534188034,0.994840078571,0.00170757542552,0.169614880418,0.0715687246332,1.23405262048,2.63034188034,0.00170757542552,4686.23408321,4.0,
26.4487179487,0.99853493534,0.00168474687705,0.173165506046,0.0837307336827,1.17907685382,1.81196581197,0.00168474687705,4783.90001616,4.0,
130.053418803,0.992656729039,0.0019495580393,0.169101723675,0.087034018752,1.200910127,2.37393162393,0.0019495580393,4572.78983561,4.0,
10.2329059829,0.999400807545,0.00185824384542,0.172642095559,0.0777508122514,1.18960135351,1.64743589744,0.00185824384542,4444.45616921,4.0,
8.22222222222,0.99953668935,0.00196782087808,0.163062857133,0.0789364290018,1.07860939041,1.41452991453,0.00196782087808,4920.85964627,4.0,
16.3162393162,0.99911150243,0.00215501497553,0.190740582396,0.0793877672891,1.15831172828,1.52564102564,0.00215501497553,4779.16507624,4.0,
7.62179487179,0.999581956746,0.00192216378114,0.183306917442,0.0894022638955,1.15815313039,1.38247863248,0.00192216378114,4822.419936,4.0,
86.4444444444,0.995036192779,0.00183541529695,0.161409620324,0.0752108701867,1.14010333998,2.06837606838,0.00183541529695,4713.74835002,4.0,
22.9166666667,0.998686143175,0.00183541529695,0.173945738573,0.0825265739662,1.21211521558,1.85256410256,0.00183541529695,4473.54459232,4.0,
16.3888888889,0.999108987342,0.00325535101176,0.201267572448,0.0949079443057,1.12186786165,1.51282051282,0.00325535101176,4700.8642945,4.0,
84.9123931624,0.995557351026,0.00218240923369,0.191849010439,0.0863329537866,1.14133328181,1.80128205128,0.00218240923369,5079.66042354,4.0,
159.329059829,0.991230315723,0.00218240923369,0.191349473119,0.0931894229499,1.18187099563,2.26495726496,0.00218240923369,4725.60834652,4.0,
26.9038461538,0.998538175394,0.00259788881584,0.196660236266,0.102467349429,1.15595658996,1.67735042735,0.00259788881584,4707.2388196,4.0,
6.39316239316,0.999667122709,0.0024746146541,0.201420197839,0.0952636702896,1.08150953405,1.09401709402,0.0024746146541,5171.11294582,4.0,
86.6858974359,0.995451351118,0.00271659726788,0.213235045098,0.106983767212,1.12981758529,1.50641025641,0.00271659726788,4924.81125486,4.0,
6.9358974359,0.999641965102,0.00228285484696,0.197048979191,0.0904242572135,1.14131159988,1.28205128205,0.00228285484696,5052.24146563,4.0,
14.4423076923,0.999205930526,0.00175779823216,0.171134721068,0.0859392205165,1.15734877281,1.52777777778,0.00175779823216,4850.61766894,4.0,
16.8867521368,0.999112727706,0.00233764336328,0.201296697487,0.0833517602117,1.13110003926,1.4764957265,0.00233764336328,5013.91211625,4.0,
81.6837606838,0.995805754117,0.00228285484696,0.178724148945,0.0930509180096,1.09612946485,1.66239316239,0.00228285484696,5262.57656765,4.0,
5.54914529915,0.9997023378,0.00249287749288,0.199859476943,0.096211834765,1.11377935193,1.1688034188,0.00249287749288,4950.08573087,4.0,
17.4957264957,0.999042920222,0.00205456936226,0.181410199557,0.0893958235696,1.15090486791,1.54273504274,0.00205456936226,4818.43871536,4.0,
22.9188034188,0.998795309095,0.00185824384542,0.187537095522,0.093353555806,1.12260760605,1.51282051282,0.00185824384542,5143.87290952,4.0,
144.987179487,0.992046427681,0.00183084958726,0.158477569106,0.07824426843,1.21860514291,2.7264957265,0.00183084958726,4704.73323867,4.0,
9.94017094017,0.99947963365,0.00283074001023,0.19221349638,0.0925163776612,1.10738964126,1.36324786325,0.00283074001023,5019.91813407,4.0,
14.5598290598,0.999247945018,0.00228285484696,0.190588572971,0.0938583821917,1.15130798174,1.51282051282,0.00228285484696,4983.24610106,4.0,
14.7393162393,0.999234415195,0.00213675213675,0.19706052076,0.0890208878324,1.16990988882,1.52136752137,0.00213675213675,4992.05733447,4.0,
74.8162393162,0.996085879899,0.00296314559135,0.213432065132,0.0820475014495,1.1134113018,1.5811965812,0.00296314559135,5028.54736257,4.0,
99.3888888889,0.994562186496,0.00293118562349,0.196344135038,0.0838021778906,1.05196981893,1.85042735043,0.00293118562349,5013.86837955,4.0,
13.7264957265,0.999294392804,0.00205913507196,0.187922341081,0.0776025375231,1.10607057087,1.41025641026,0.00205913507196,5270.98628733,4.0,
5.08760683761,0.999731724273,0.00246548323471,0.185270901938,0.0995843686624,1.10696929024,1.18162393162,0.00246548323471,5020.74981931,4.0,
221.388888889,0.988246342782,0.00222806633063,0.190007157771,0.0828354453976,1.13413842507,2.49145299145,0.00222806633063,5066.35296694,4.0,
26.1153846154,0.998587123905,0.00215044926583,0.186090860078,0.0870463928661,1.15733402737,1.73076923077,0.00215044926583,4813.63495544,4.0,
17.2606837607,0.999079641093,0.00207739791073,0.192135209624,0.0892820005063,1.1789727221,1.61111111111,0.00207739791073,4824.07269276,4.0,
99.1474358974,0.994748568941,0.00228742055665,0.200040993551,0.100108645479,1.14431587524,1.82692307692,0.00228742055665,4927.35647237,4.0,
134.331196581,0.992623593889,0.00198608371685,0.183043690724,0.089366520826,1.23515543049,2.48931623932,0.00198608371685,4617.97052257,5.0,
79.5555555556,0.995615337102,0.00238786616992,0.194463595615,0.0923512128078,1.18069960987,1.87179487179,0.00238786616992,4622.69894498,5.0,
241.645299145,0.987275331388,0.00230111768573,0.182117895977,0.0869880025346,1.18206131735,2.80769230769,0.00230111768573,4878.9286793,5.0,
288.647435897,0.983847764985,0.00214131784645,0.191868744491,0.0852514782938,1.24712523878,3.24145299145,0.00214131784645,4452.787163,5.0,
154.912393162,0.991760380733,0.00250200891227,0.221698727459,0.100851839171,1.18062026548,2.01923076923,0.00250200891227,4778.48530983,5.0,
118.423076923,0.993323458913,0.00241069471839,0.183775805492,0.0811049304213,1.1952618782,2.71367521368,0.00241069471839,4560.66165576,5.0,
87.3311965812,0.995150151813,0.0017988896194,0.18076395099,0.0682698382727,1.2124947774,2.27564102564,0.0017988896194,4611.1894164,5.0,
27.3760683761,0.998531691333,0.00194499232961,0.172001472608,0.082278433688,1.16942592333,1.98290598291,0.00194499232961,4924.03447766,5.0,
17.202991453,0.999001734693,0.00184911242604,0.1630435228,0.0732506545073,1.26652456695,2.15598290598,0.00184911242604,4271.87805732,5.0,
72.9829059829,0.996137302764,0.00185824384542,0.174559933221,0.083320541245,1.18863022624,2.02136752137,0.00185824384542,4892.64499289,5.0,
84.0085470085,0.995369446504,0.00189476952297,0.170041410159,0.0758347503454,1.21892393686,2.4188034188,0.00189476952297,4635.5789806,5.0,
10.7606837607,0.999438198535,0.00198608371685,0.18035064897,0.0752352849987,1.20116121658,1.70512820513,0.00198608371685,4900.00041353,5.0,
16.7393162393,0.999062278537,0.00175323252246,0.171078535941,0.0760310922036,1.19273063285,1.89316239316,0.00175323252246,4652.23018888,5.0,
96.7008547009,0.99465462376,0.00213675213675,0.178607497717,0.0871874584724,1.20876052758,2.32478632479,0.00213675213675,4612.38520089,5.0,
14.0555555556,0.999205704124,0.0019495580393,0.173383672678,0.0729202485694,1.22773718781,1.86752136752,0.0019495580393,4459.86805556,5.0,
18.4594017094,0.998969368883,0.00174866681277,0.156520230733,0.0708198075315,1.22663918645,1.95512820513,0.00174866681277,4596.69585343,5.0,
89.3311965812,0.995072892322,0.00183541529695,0.177691891977,0.075133092084,1.22316943124,2.22435897436,0.00183541529695,4647.80582198,5.0,
290.128205128,0.984354260667,0.0020271751041,0.182136291999,0.0857221796568,1.21796285148,3.09829059829,0.0020271751041,4766.17211734,5.0,
11.1111111111,0.999391777844,0.00182171816787,0.184487037393,0.0773656075865,1.1828502947,1.60683760684,0.00182171816787,4790.76913507,5.0,
96.8504273504,0.994816159954,0.00184454671634,0.17817905108,0.082105285853,1.24432603058,2.15811965812,0.00184454671634,4704.70644313,5.0,
98.6965811966,0.994578469453,0.00173040397399,0.178038708809,0.0831238860356,1.23613338914,2.35042735043,0.00173040397399,4640.92675563,5.0,
12.8675213675,0.999274637715,0.00192216378114,0.172149601627,0.0771313509241,1.2056512269,1.76495726496,0.00192216378114,4546.48111498,5.0,
90.6004273504,0.995190823112,0.00213675213675,0.172373962569,0.0830118118034,1.19349162658,2.19017094017,0.00213675213675,4802.83646632,5.0,
25.6303418803,0.998562290986,0.00239699758931,0.181342654972,0.0719718347347,1.20270497633,2.06623931624,0.00239699758931,4539.41277385,5.0,
84.2628205128,0.995389795595,0.00182171816787,0.182761132652,0.0784399699726,1.2748607889,2.25427350427,0.00182171816787,4502.9426789,5.0,
156.44017094,0.991114542935,0.00173040397399,0.159151722119,0.0773869734379,1.24963203852,2.97863247863,0.00173040397399,4478.81752608,5.0,
87.1709401709,0.994885501863,0.00218240923369,0.177168122571,0.0783466717187,1.21730704991,2.29914529915,0.00218240923369,4332.50287772,5.0,
41.4893162393,0.997771909503,0.00145646139236,0.147272960608,0.0760163177482,1.14260356606,2.33547008547,0.00145646139236,5098.45750347,5.0,
247.551282051,0.985935841389,0.00170757542552,0.167342693976,0.0749373697919,1.24869263506,3.25641025641,0.00170757542552,4523.58262522,5.0,
17.4508547009,0.999006644702,0.00192672949083,0.180915224613,0.081805577258,1.1811525561,1.71581196581,0.00192672949083,4594.52807662,5.0,
10.2307692308,0.999446884127,0.00150668419899,0.163664109607,0.0706837301438,1.15457471477,1.56837606838,0.00150668419899,5020.99214316,5.0,
67.2179487179,0.996173910078,0.00188563810359,0.176531716546,0.0853473987581,1.22223349603,2.26923076923,0.00188563810359,4499.3977128,5.0,
207.786324786,0.987391905175,0.00185824384542,0.178885537836,0.0746337964602,1.22512172767,2.86752136752,0.00185824384542,4247.18763861,5.0,
96.0192307692,0.994518951707,0.00262071736431,0.187086131567,0.0779968925076,1.18205268399,2.23290598291,0.00262071736431,4447.77709345,5.0,
223.702991453,0.986766583375,0.00215044926583,0.172369346114,0.0729511806817,1.29084989442,3.42094017094,0.00215044926583,4121.46092169,5.0,
89.2307692308,0.995133203488,0.00231938052451,0.202727220567,0.0915849801856,1.24436522164,2.03846153846,0.00231938052451,4509.13562054,5.0,
7.71581196581,0.999568887446,0.00181258674848,0.169584659168,0.0790864403166,1.10119912864,1.37820512821,0.00181258674848,4910.90032158,5.0,
141.382478632,0.992242023286,0.00168474687705,0.172921770018,0.0846163721154,1.20986927537,2.46367521368,0.00168474687705,4811.93635666,5.0,
10.452991453,0.999401486916,0.00226459200818,0.179629113764,0.0785839283019,1.22230617589,1.71794871795,0.00226459200818,4342.12166528,5.0,
9.28418803419,0.999495494317,0.00248374607349,0.181361559356,0.0694182065431,1.15824372874,1.57478632479,0.00248374607349,4809.3786034,5.0,
197.784188034,0.988946049388,0.00213218642706,0.169608239749,0.0797586800808,1.08358843261,2.57905982906,0.00213218642706,4960.95720389,5.0,
70.391025641,0.996075469591,0.00199064942655,0.181549846758,0.0702739948564,1.17336960214,2.40811965812,0.00199064942655,4703.46207167,5.0,
11.1581196581,0.999379393803,0.00215958068522,0.196876765897,0.0824570887343,1.12824591806,1.41452991453,0.00215958068522,4795.18847534,5.0,
96.1987179487,0.994754594962,0.00158886697348,0.159252259886,0.0697179986237,1.25807736769,2.52777777778,0.00158886697348,4664.0305813,5.0,
13.9764957265,0.999202778193,0.00186280955512,0.175380679434,0.0829106383066,1.19690878571,1.71581196581,0.00186280955512,4551.70067871,5.0,
82.0128205128,0.99542795972,0.00173953539338,0.169076721603,0.0726669073998,1.20020830299,2.2094017094,0.00173953539338,4696.67266109,5.0,
76.7264957265,0.995744908175,0.00231938052451,0.199518969917,0.0840881268508,1.18716883178,1.99572649573,0.00231938052451,4564.3593866,5.0,
173.782051282,0.990947498311,0.00252483746073,0.201052921761,0.100233487148,1.1323330865,2.11538461538,0.00252483746073,5005.32602258,5.0,
159.982905983,0.991413881719,0.00233764336328,0.175867794815,0.094110847434,1.14860137034,2.20085470085,0.00233764336328,4873.46147298,5.0,
90.8717948718,0.994752532254,0.00215044926583,0.191861947227,0.0978024590741,1.22351835085,2.30769230769,0.00215044926583,4339.33097758,5.0,
85.8482905983,0.994926402365,0.00103641610052,0.0980219344891,0.0423474546323,1.13091336066,3.21581196581,0.00103641610052,4903.80637822,6.0,
113.271367521,0.993848135874,0.00164365548981,0.147850574809,0.0614884328889,1.05507997678,2.13034188034,0.00164365548981,5345.09174385,6.0,
9.87606837607,0.999467492589,0.0013514500694,0.149659083794,0.0620081268184,1.03774018217,1.4188034188,0.0013514500694,5465.95775641,6.0,
74.938034188,0.995900896707,0.00143363284389,0.13912509516,0.0535637581967,1.03788873818,1.97222222222,0.00143363284389,5371.26806164,6.0,
145.391025641,0.991818153074,0.00147928994083,0.14033709703,0.0618600161909,1.02790897186,2.35683760684,0.00147928994083,5297.70621344,6.0,
33.0170940171,0.998194138305,0.00129666155307,0.139760803406,0.0583712796984,1.10557390491,2.06837606838,0.00129666155307,5203.33881728,6.0,
77.6816239316,0.995771643479,0.00155690700562,0.150017333138,0.0691535768063,1.04896961127,1.86538461538,0.00155690700562,5344.07452527,6.0,
83.3183760684,0.995632666222,0.00143819855358,0.146568250036,0.0673181463757,1.01882952304,1.84829059829,0.00143819855358,5664.41702589,6.0,
89.9786324786,0.995032832553,0.00157973555409,0.143308309696,0.0636441239088,1.03097090968,1.96581196581,0.00157973555409,5345.41857872,6.0,
161.185897436,0.991277930168,0.00161626123165,0.157223125843,0.0727041468159,1.00569800696,2.08760683761,0.00161626123165,5519.39243808,6.0,
95.4700854701,0.994691423675,0.0016527869092,0.163844696759,0.0779967797906,1.04552500622,2.05982905983,0.0016527869092,5215.98518392,6.0,
97.2329059829,0.99466443386,0.00173953539338,0.153950126308,0.0754153535316,1.02180554282,1.8952991453,0.00173953539338,5330.9930606,6.0,
75.5811965812,0.995769465857,0.00149298706991,0.149216081847,0.067035599668,1.09046183683,1.88888888889,0.00149298706991,5084.53056874,6.0,
6.43162393162,0.999640504021,0.0015021184893,0.148586978074,0.0705988153145,1.01514040206,1.23076923077,0.0015021184893,5291.72004675,6.0,
20.4423076923,0.998923021074,0.00174410110308,0.150099835124,0.0769253147561,1.05603289037,1.57905982906,0.00174410110308,5408.95666711,6.0,
12.6923076923,0.999295866807,0.00147472423113,0.149905889143,0.0756012719418,1.01785839577,1.38461538462,0.00147472423113,5343.86376281,6.0,
94.7927350427,0.9946661052,0.00160256410256,0.154210449757,0.0660169101639,1.05742845057,2.13888888889,0.00160256410256,5127.94423415,6.0,
12.6752136752,0.999318843269,0.00144732997297,0.144086554844,0.0666605436685,1.06015151067,1.57692307692,0.00144732997297,5400.77701093,6.0,
12.0,0.999362373065,0.00167104974797,0.146258825144,0.0701250985671,1.062610243,1.55982905983,0.00167104974797,5327.1177357,6.0,
13.1196581197,0.999246205223,0.00147928994083,0.147592098631,0.074174160792,1.05010093458,1.55555555556,0.00147928994083,5071.34567796,6.0,
161.179487179,0.991171451613,0.00140167287603,0.135807155343,0.0561058257695,1.03604244357,2.47435897436,0.00140167287603,5412.44555898,6.0,
121.771367521,0.993538574884,0.00173040397399,0.164487258958,0.0714788035849,1.0318661608,2.06196581197,0.00173040397399,5475.14827735,6.0,
64.4209401709,0.996408794806,0.0014290671342,0.14787012582,0.0663617528393,1.07284927071,1.8311965812,0.0014290671342,5177.35645178,6.0,
66.1068376068,0.996305057346,0.00170757542552,0.159679149008,0.0751565360707,1.07910312584,1.83333333333,0.00170757542552,5089.56232533,6.0,
10.9444444444,0.999416204716,0.00157060413471,0.15089328291,0.0729439604013,0.993363193203,1.33333333333,0.00157060413471,5590.0637553,6.0,
14.5,0.999217527229,0.00152038132807,0.158670835254,0.0717763971045,1.06175675758,1.60683760684,0.00152038132807,5271.79260361,6.0,
29.2542735043,0.998399983716,0.00164365548981,0.150019529499,0.0770283357797,1.02242615234,1.65170940171,0.00164365548981,5352.04380155,6.0,
89.9978632479,0.995170501649,0.00152038132807,0.152033293544,0.0646387825225,1.04593282361,1.82264957265,0.00152038132807,5449.33417847,6.0,
96.155982906,0.994746693771,0.00122361019797,0.135379264887,0.0589740242158,1.10139575205,2.48931623932,0.00122361019797,5273.87795454,6.0,
109.181623932,0.99396133887,0.00151581561838,0.149533559503,0.0681558467413,1.04415423335,2.25427350427,0.00151581561838,5280.75155313,6.0,
88.8888888889,0.995195476384,0.00188107239389,0.15662331142,0.0728724340291,1.05676954359,2.08547008547,0.00188107239389,5298.83283542,6.0,
85.8888888889,0.995537216077,0.00169844400614,0.169678857163,0.0698267801131,1.07975892741,1.79914529915,0.00169844400614,5455.75020429,6.0,
90.4615384615,0.995273430873,0.00165735261889,0.158376531734,0.0910582653351,1.01199601443,1.75213675214,0.00165735261889,5641.039001,6.0,
34.3034188034,0.998148526479,0.00141537000511,0.147568026513,0.0637728468076,1.03176833077,1.81623931624,0.00141537000511,5478.54456882,6.0,
30.985042735,0.998255253104,0.00173496968369,0.147296432523,0.078317182866,1.03499890839,1.67307692308,0.00173496968369,5138.06355446,6.0,
9.69658119658,0.999457200117,0.00138797574695,0.135008247018,0.0671871666271,1.02166862685,1.50427350427,0.00138797574695,5316.20456719,6.0,
25.9722222222,0.998620479696,0.00158430126379,0.141557542379,0.0792738242396,1.01786186401,1.52777777778,0.00158430126379,5513.58454061,6.0,
98.561965812,0.994499807266,0.00147928994083,0.143249271049,0.0553431213164,1.07132177004,2.36965811966,0.00147928994083,5174.8437516,6.0,
105.641025641,0.99425032984,0.00157060413471,0.152814717292,0.061639304319,1.04086128972,1.92735042735,0.00157060413471,5366.04410035,6.0,
23.0128205128,0.998719181819,0.00138341003726,0.140769644334,0.0674225536937,1.01701495224,1.63247863248,0.00138341003726,5344.29977923,6.0,
25.9871794872,0.998482986471,0.00118251881072,0.129918647011,0.0601077362451,1.01452449609,1.91025641026,0.00118251881072,5201.58319864,6.0,
123.489316239,0.993358385903,0.00171214113522,0.153284172725,0.0591418474725,1.00959334642,2.07905982906,0.00171214113522,5485.88049138,6.0,
7.20726495726,0.999595771623,0.00139710716634,0.148052021078,0.0681599748887,1.04560745602,1.3311965812,0.00139710716634,5233.12589773,6.0,
92.3675213675,0.994835987505,0.00153864416685,0.161210288132,0.0593351742436,0.990796860904,1.90598290598,0.00153864416685,5397.85297958,6.0,
17.0491452991,0.999066278109,0.0017988896194,0.150388017472,0.0717953762983,1.02616050727,1.55769230769,0.0017988896194,5319.29844437,6.0,
8.86538461538,0.999518796374,0.00141993571481,0.14589071391,0.0710119055357,1.02536778972,1.34401709402,0.00141993571481,5465.59080061,6.0,
19.405982906,0.998892643831,0.00156147271532,0.150460131076,0.0711811434134,1.04029487443,1.65811965812,0.00156147271532,5113.5739954,6.0,
102.487179487,0.994274079459,0.00153407845716,0.143172407687,0.0666369697326,1.0731746383,2.23076923077,0.00153407845716,5161.74245675,6.0,
94.8632478632,0.994976217632,0.00136514719848,0.144870219499,0.0676814281984,1.09037751693,2.2264957265,0.00136514719848,5413.84907224,6.0,
24.702991453,0.998600707619,0.00139254145664,0.149015915526,0.0624995933095,1.03234985434,1.63461538462,0.00139254145664,5225.02058501,6.0,
146.495726496,0.991699608078,0.00145189568266,0.137079128307,0.0634287946497,1.07421000168,2.5811965812,0.00145189568266,5081.58148808,7.0,
16.6965811966,0.999106453361,0.00165735261889,0.169469443187,0.0807168720018,1.13277582399,1.61965811966,0.00165735261889,5095.73543597,7.0,
216.215811966,0.988189692525,0.00200434655563,0.155401764522,0.0823968360632,1.03701037455,2.49786324786,0.00200434655563,5236.55674108,7.0,
9.6858974359,0.999466043405,0.0016482211995,0.153445960497,0.0794343243667,1.10946764623,1.52777777778,0.0016482211995,5025.8126201,7.0,
79.0598290598,0.995638067842,0.00183998100665,0.185052315208,0.0742229831481,1.10235710938,1.7264957265,0.00183998100665,5052.50064033,7.0,
79.0363247863,0.995600007662,0.00152038132807,0.151025472335,0.0691684017738,1.08563135064,2.08333333333,0.00152038132807,5127.78675842,7.0,
153.747863248,0.991590366225,0.00154320987654,0.155653878931,0.0766316214034,1.10281254735,2.25641025641,0.00154320987654,5168.92645274,7.0,
82.0235042735,0.995663992257,0.00196325516838,0.169853858155,0.0750499499067,1.07749974902,1.88247863248,0.00196325516838,5301.0901337,7.0,
142.713675214,0.992219074963,0.00167104974797,0.175028047552,0.084764221738,1.07433687577,1.96153846154,0.00167104974797,5218.36506806,7.0,
21.1987179487,0.998851909235,0.00211848929798,0.17407039867,0.0859016245331,1.06651323772,1.53632478632,0.00211848929798,5126.69580553,7.0,
136.897435897,0.992659182227,0.00152951274746,0.147701083062,0.0732329511999,1.11560626732,2.31623931624,0.00152951274746,5261.00276998,7.0,
8.69017094017,0.999514125987,0.00183998100665,0.176244124268,0.0736222871885,1.07493848311,1.36111111111,0.00183998100665,5035.01257283,7.0,
17.1666666667,0.999083897012,0.00151581561838,0.15726332467,0.0720925828603,1.06997108095,1.46153846154,0.00151581561838,5377.88461538,7.0,
28.844017094,0.998414763009,0.00156147271532,0.147778726461,0.0748957006425,1.09926851413,1.82264957265,0.00156147271532,5106.14271534,7.0,
101.972222222,0.994520864823,0.00154320987654,0.154719912881,0.0631315320828,1.04489088657,2.0235042735,0.00154320987654,5438.71645937,7.0,
14.0790598291,0.999238839523,0.00154320987654,0.143794841688,0.0620746296734,1.12660628875,1.80555555556,0.00154320987654,5099.99392952,7.0,
9.31623931624,0.999478701573,0.00147472423113,0.157701642458,0.0701824554864,1.07734274927,1.45726495726,0.00147472423113,5095.85705196,7.0,
155.254273504,0.99161570637,0.00184454671634,0.16182515855,0.0791302802178,1.01698509852,2.11752136752,0.00184454671634,5429.85462403,7.0,
17.8162393162,0.999023080873,0.00143363284389,0.146079390337,0.0721362934579,1.10412068225,1.7735042735,0.00143363284389,5154.2272342,7.0,
21.6367521368,0.998811434132,0.00160256410256,0.16670665682,0.0706474042253,1.08295244287,1.71367521368,0.00160256410256,5171.62753443,7.0,
283.978632479,0.984285665349,0.00147928994083,0.154976056447,0.0812917482806,1.13206742634,3.0811965812,0.00147928994083,5074.61343728,7.0,
8.29914529915,0.999547520928,0.00186280955512,0.168818948541,0.0748606438111,1.06165919951,1.2905982906,0.00186280955512,5180.72995056,7.0,
21.9957264957,0.9987971436,0.0015751698444,0.163025548751,0.0738176805374,1.05610023189,1.65384615385,0.0015751698444,5273.02203816,7.0,
305.463675214,0.982612511704,0.00154320987654,0.161491006587,0.0710136619205,1.12643605082,3.22863247863,0.00154320987654,4934.73619837,7.0,
14.5982905983,0.999205516869,0.00177606107093,0.160437727616,0.0805447799142,1.08203872034,1.48290598291,0.00177606107093,5170.5735779,7.0,
10.594017094,0.999401472991,0.00189933523267,0.178572593717,0.0731721753884,1.24175312463,1.73076923077,0.00189933523267,4441.58019441,7.0,
12.2905982906,0.999334757453,0.0015021184893,0.153475737365,0.0675611375047,1.07525540696,1.5,0.0015021184893,5268.51243219,7.0,
91.5576923077,0.994715631829,0.00154320987654,0.140936995012,0.0661717338388,1.02847885539,2.08333333333,0.00154320987654,5092.23484126,7.0,
23.4401709402,0.998725850109,0.00132862152093,0.150721671585,0.0601604018446,1.12171973824,1.8547008547,0.00132862152093,5183.90249905,7.0,
233.702991453,0.98693420803,0.00189020381328,0.156895546915,0.0742316679865,1.06999542146,2.63888888889,0.00189020381328,5077.27753083,7.0,
15.7136752137,0.999135865048,0.00174866681277,0.163313437272,0.0755708733787,1.09308076521,1.60256410256,0.00174866681277,5077.49741932,7.0,
73.0982905983,0.995796406303,0.00181715245818,0.165537319445,0.0768831829672,1.05371107401,1.68376068376,0.00181715245818,4979.52385759,7.0,
22.688034188,0.998766311916,0.0019495580393,0.184534867902,0.0662424210606,1.10924010866,1.68376068376,0.0019495580393,5024.95297694,7.0,
17.641025641,0.999103102263,0.00156603842501,0.158865748042,0.0808234403135,1.0845151356,1.57692307692,0.00156603842501,5507.87757603,7.0,
41.4893162393,0.99769281611,0.00199064942655,0.1581974415,0.0698249830333,1.08536178964,2.09615384615,0.00199064942655,5019.69529722,7.0,
9.67094017094,0.999486333603,0.00166191832858,0.15957941631,0.0793638790231,1.09903750832,1.41025641026,0.00166191832858,5219.67874753,7.0,
95.5555555556,0.994772392159,0.00181258674848,0.157582599811,0.0818024609601,1.07145868601,2.04700854701,0.00181258674848,5167.34294665,7.0,
10.5705128205,0.999415136397,0.00199521513624,0.160993644295,0.0750315546001,1.03066481621,1.40384615385,0.00199521513624,5164.06453873,7.0,
12.9551282051,0.99931037161,0.00175323252246,0.166947416086,0.0758042226141,1.09705616783,1.51923076923,0.00175323252246,5216.79665141,7.0,
160.179487179,0.991105829835,0.00170757542552,0.154702926942,0.0840530643259,1.0646333492,2.32905982906,0.00170757542552,5167.40503246,7.0,
40.2457264957,0.997804898987,0.00162995836073,0.155944871407,0.0778370341209,1.12596052907,2.12606837607,0.00162995836073,5049.27526635,7.0,
82.5277777778,0.995570389742,0.00183084958726,0.174021615564,0.0865220290805,1.14241858269,1.9594017094,0.00183084958726,5023.34412222,7.0,
173.158119658,0.990510965972,0.0017988896194,0.158647855244,0.092528810322,1.15327004811,2.64957264957,0.0017988896194,4933.36375152,7.0,
22.4935897436,0.998776672247,0.00160712981226,0.163530858276,0.0744953540188,1.09405846612,1.65598290598,0.00160712981226,5163.85428787,7.0,
144.963675214,0.991598060132,0.0021002264592,0.204450922208,0.0853380169804,1.21500691547,2.30982905983,0.0021002264592,4444.30818023,7.0,
9.63034188034,0.99947307606,0.0017988896194,0.179238354238,0.0833523088849,1.03653645095,1.1688034188,0.0017988896194,5284.05658086,7.0,
67.9487179487,0.996258199769,0.00222806633063,0.178034424717,0.0810253426376,1.04014214563,1.50854700855,0.00222806633063,5140.44445393,7.0,
102.480769231,0.994340889464,0.00206370078165,0.188602750583,0.0790731801133,1.0968034801,1.94658119658,0.00206370078165,5017.96386214,7.0,
76.594017094,0.99582871096,0.0019495580393,0.183190061923,0.0825192053639,1.06110282611,1.5811965812,0.0019495580393,5183.04137661,7.0,
8.23076923077,0.999563958416,0.0021002264592,0.180941893552,0.0878113435074,1.04516978491,1.19230769231,0.0021002264592,5336.93872221,7.0,
