36.5208333333,0.99800399119,0.00477430555556,0.113052781862,0.0574901245044,0.813403430614,2.0625,0.00477430555556,5200.8357657,1.0,
7.44791666667,0.999596446674,0.00434027777778,0.14066730859,0.0830467025404,0.8259463471,1.32291666667,0.00434027777778,5381.41318766,1.0,
9.02083333333,0.999537776419,0.00466579861111,0.128707837302,0.0551176050512,0.840323547534,1.64583333333,0.00466579861111,5588.04740962,1.0,
5.10416666667,0.999722432802,0.00509982638889,0.132415674603,0.0792005523623,0.827780631048,1.29166666667,0.00509982638889,5267.18236513,1.0,
6.16666666667,0.99967269847,0.00455729166667,0.125892857143,0.0514338738639,0.772106113259,1.3125,0.00455729166667,5695.890625,1.0,
774.979166667,0.958663993713,0.00629340277778,0.144122157691,0.0704095064276,0.912209549707,5.75,0.00629340277778,5056.43618887,1.0,
7.44791666667,0.999589179531,0.00455729166667,0.14649132696,0.0731064588967,0.772106113259,1.28125,0.00455729166667,5478.82997131,1.0,
34.5833333333,0.99819269019,0.00618489583333,0.16328351178,0.0789515338153,0.891560891029,1.91666666667,0.00618489583333,5063.76159668,1.0,
357.677083333,0.980749226029,0.00466579861111,0.110889485336,0.0359543235958,0.887892323132,4.44791666667,0.00466579861111,5170.38407248,1.0,
14.8645833333,0.999131147885,0.00531684027778,0.127997841279,0.0584526381585,0.773940397207,1.73958333333,0.00531684027778,5049.10631392,1.0,
26.0208333333,0.998581922389,0.0048828125,0.128430047961,0.055430974242,0.834052089291,2.0625,0.0048828125,5125.44271851,1.0,
12.7708333333,0.999302064323,0.00509982638889,0.142878783458,0.0494596941714,0.827780631048,1.72916666667,0.00509982638889,5227.33912037,1.0,
10.09375,0.999441674377,0.00477430555556,0.130150838745,0.0546737029427,0.860972206212,1.73958333333,0.00477430555556,4824.68776957,1.0,
18.9375,0.998918615874,0.00618489583333,0.151136739418,0.0553937077496,0.808966256319,1.91666666667,0.00618489583333,5017.70576986,1.0,
14.8020833333,0.999169882096,0.00455729166667,0.114146790709,0.0646417952385,0.819674888857,1.88541666667,0.00455729166667,5210.92318839,1.0,
49.0,0.997303796053,0.00466579861111,0.128004383524,0.0485551778062,0.840323547534,2.60416666667,0.00466579861111,5190.33777421,1.0,
16.875,0.999085336227,0.00444878472222,0.122537806522,0.0565335768468,0.799026230179,1.95833333333,0.00444878472222,5392.69107056,1.0,
18.9895833333,0.998981092269,0.00455729166667,0.102433793059,0.0488280701915,0.867243664455,2.38541666667,0.00455729166667,5256.26794264,1.0,
15.0104166667,0.99921819976,0.00564236111111,0.168768716816,0.0619470515644,0.883455148838,1.92708333333,0.00564236111111,5130.49746252,1.0,
29.09375,0.998460784475,0.00466579861111,0.144973284817,0.0654465556212,0.840323547534,1.90625,0.00466579861111,5358.48389152,1.0,
45.7604166667,0.997557409068,0.00520833333333,0.129210112804,0.067225008147,0.895998065324,2.57291666667,0.00520833333333,5073.27118937,1.0,
41.34375,0.997768342324,0.005859375,0.150145751439,0.0532912709496,0.924752466193,2.65625,0.005859375,4836.10546818,1.0,
16.34375,0.999145833164,0.00509982638889,0.122945977633,0.0594513440624,0.875349406646,2.11458333333,0.00509982638889,5283.05637473,1.0,
43.3333333333,0.997581116752,0.00564236111111,0.145566878245,0.0531565168797,0.839790708759,2.1875,0.00564236111111,5057.71872287,1.0,
8.46875,0.999553186073,0.00434027777778,0.104733085202,0.0612034949344,0.778377571502,1.51041666667,0.00434027777778,5396.11256409,1.0,
27.15625,0.998524896937,0.00499131944444,0.127353958734,0.0428500261311,0.902269523567,2.57291666667,0.00499131944444,5001.45958455,1.0,
15.875,0.999159404946,0.00520833333333,0.13397825112,0.0519950372917,0.848429289726,2.02083333333,0.00520833333333,5276.99845378,1.0,
14.46875,0.9991746731,0.00444878472222,0.134602723665,0.0542920438355,0.846595005777,1.88541666667,0.00444878472222,5031.97772471,1.0,
22.6875,0.998682635553,0.00423177083333,0.124791243418,0.0535734809977,0.805297688422,1.85416666667,0.00423177083333,5114.4101732,1.0,
37.0,0.99794308698,0.00455729166667,0.123511509202,0.0430298406278,0.867243664455,2.60416666667,0.00455729166667,5059.32595486,1.0,
14.28125,0.999184014729,0.00444878472222,0.13910421176,0.0611915774316,0.846595005777,1.86458333333,0.00444878472222,4992.02435557,1.0,
9.28125,0.999490661763,0.00531684027778,0.132077095358,0.0794353630335,0.869077948403,1.65625,0.00531684027778,4907.91683706,1.0,
11.8645833333,0.999374233073,0.00520833333333,0.117294337607,0.0519053099948,0.848429289726,1.90625,0.00520833333333,5191.52183533,1.0,
18.1666666667,0.99898233829,0.00466579861111,0.096833311821,0.0521508144302,0.840323547534,2.22916666667,0.00466579861111,5109.77474976,1.0,
44.5208333333,0.997497273257,0.00520833333333,0.105495393901,0.0419561935564,0.848429289726,2.875,0.00520833333333,4912.41837565,1.0,
49.7395833333,0.997213538872,0.00455729166667,0.101211575737,0.0575745750021,0.867243664455,2.65625,0.00455729166667,5042.82033793,1.0,
8.95833333333,0.99954966397,0.0048828125,0.115600198413,0.0590092376893,0.834052089291,1.66666666667,0.0048828125,5515.99378346,1.0,
8.96875,0.999506008563,0.00553385416667,0.138005050505,0.0628407936696,0.819142050081,1.51041666667,0.00553385416667,5119.90527146,1.0,
55.2395833333,0.996992664796,0.00531684027778,0.101719891288,0.0363711074736,0.964215499599,3.67708333333,0.00531684027778,4704.642718,1.0,
15.9895833333,0.99910694934,0.00553385416667,0.136901340762,0.0502873319206,0.910375265758,2.17708333333,0.00553385416667,4744.49567922,1.0,
20.6875,0.998877648361,0.00531684027778,0.130025476464,0.0473739209875,0.869077948403,2.33333333333,0.00531684027778,5097.89396611,1.0,
27.1770833333,0.998533157638,0.00553385416667,0.148041502176,0.0568872188684,0.910375265758,2.48958333333,0.00553385416667,4938.4936854,1.0,
10.0625,0.999447312628,0.00531684027778,0.118822337963,0.0584538968753,0.777844732726,1.625,0.00531684027778,5303.26786296,1.0,
73.5833333333,0.995821779766,0.0048828125,0.104365412336,0.0533347463139,0.786483313693,2.5,0.0048828125,5246.72180515,1.0,
11.28125,0.999358292415,0.00520833333333,0.155886994949,0.0500182236026,0.895998065324,1.78125,0.00520833333333,4770.61589785,1.0,
13.9270833333,0.999193657528,0.00509982638889,0.134945927915,0.049497850845,0.875349406646,1.98958333333,0.00509982638889,4776.02999624,1.0,
12.6145833333,0.999277735371,0.00466579861111,0.101358262686,0.0489104097221,0.792754771936,1.88541666667,0.00466579861111,5139.34703657,1.0,
11.7083333333,0.99936476121,0.00423177083333,0.111991683085,0.0647968877208,0.805297688422,1.77083333333,0.00423177083333,5380.78758748,1.0,
16.8125,0.999094822677,0.0048828125,0.117771715168,0.0695410364831,0.834052089291,1.95833333333,0.0048828125,5130.33109086,1.0,
9.01041666667,0.999511150327,0.00499131944444,0.143026996152,0.0588873319708,0.854700747969,1.59375,0.00499131944444,5190.56313578,1.0,
33.3229166667,0.99827870723,0.00531684027778,0.134012370731,0.0697261712001,0.964215499599,2.65625,0.00531684027778,4891.30316134,2.0,
9.08333333333,0.999515232834,0.00509982638889,0.13059249778,0.0599832579209,0.78021185545,1.5,0.00509982638889,5569.20833333,2.0,
335.104166667,0.981219806535,0.00531684027778,0.187549926473,0.0758999806162,0.821509172805,2.91666666667,0.00531684027778,5094.21434756,2.0,
8.13541666667,0.999572900532,0.00553385416667,0.126529431217,0.0702357215261,0.86280649016,1.63541666667,0.00553385416667,5225.71077333,2.0,
9.09375,0.999519366565,0.00499131944444,0.145568783069,0.068282163024,0.807131972371,1.46875,0.00499131944444,5523.260862,2.0,
13.4270833333,0.999278283809,0.00575086805556,0.13811438318,0.0771374074091,0.860439367436,1.82291666667,0.00575086805556,5128.24510221,2.0,
20.7916666667,0.998882164237,0.00575086805556,0.160602603415,0.0647646549057,0.999241358711,2.39583333333,0.00575086805556,4520.05908316,2.0,
55.03125,0.99710544438,0.00553385416667,0.173698937515,0.0616545505611,0.910375265758,2.34375,0.00553385416667,4948.79586368,2.0,
13.1979166667,0.999322973061,0.00466579861111,0.158266935611,0.0804707895108,0.887892323132,1.69791666667,0.00466579861111,5381.99445117,2.0,
11.6979166667,0.9993887187,0.00509982638889,0.138958524115,0.0620728577081,0.922918182244,1.90625,0.00509982638889,5096.42229462,2.0,
12.4375,0.999323319201,0.00520833333333,0.129389620796,0.0643618183674,0.895998065324,1.9375,0.00520833333333,4988.01379395,2.0,
79.3541666667,0.9956365717,0.00542534722222,0.127523597768,0.0650801379229,0.937295382679,3.29166666667,0.00542534722222,4783.9475708,2.0,
8.80208333333,0.999510927528,0.00651041666667,0.176364838865,0.0591685334147,0.823343456754,1.46875,0.00651041666667,5066.0492062,2.0,
14.7916666667,0.999187105282,0.00509982638889,0.125366387085,0.084619588363,0.875349406646,1.89583333333,0.00509982638889,4992.48732277,2.0,
16.15625,0.999155508006,0.00553385416667,0.111049482924,0.0451674302788,0.819142050081,2.05208333333,0.00553385416667,5430.05208588,2.0,
12.09375,0.999351569034,0.00564236111111,0.154918981481,0.0524041287762,0.83588637324,1.69791666667,0.00564236111111,5253.77913242,2.0,
6.26041666667,0.999669520688,0.00564236111111,0.144295634921,0.0908430404386,0.883455148838,1.42708333333,0.00564236111111,5136.05092932,2.0,
8.46875,0.999567085726,0.00531684027778,0.163504464286,0.0697385916694,0.869077948403,1.42708333333,0.00531684027778,5157.57554881,2.0,
6.05208333333,0.999685873299,0.00553385416667,0.158283730159,0.0605061707635,0.866710825679,1.36458333333,0.00553385416667,5276.51242263,2.0,
14.0104166667,0.999243417887,0.00575086805556,0.136623417092,0.075496953514,0.951672583113,1.98958333333,0.00575086805556,4637.51458486,2.0,
12.2708333333,0.999316336799,0.00542534722222,0.142775222463,0.0657954479845,0.937295382679,1.95833333333,0.00542534722222,4684.00486247,2.0,
10.125,0.999474534607,0.00477430555556,0.144250541126,0.0721107220306,0.90854098181,1.75,0.00477430555556,5193.59575286,2.0,
12.7083333333,0.999322216851,0.00575086805556,0.133955347771,0.0766332863494,0.904103807515,1.85416666667,0.00575086805556,4915.85534668,2.0,
5.13541666667,0.999731805193,0.00575086805556,0.143568497475,0.0666199151024,0.808966256319,1.23958333333,0.00575086805556,5476.0843147,2.0,
9.48958333333,0.999490619305,0.00575086805556,0.157288284632,0.091121195483,0.856535031917,1.53125,0.00575086805556,5132.27527618,2.0,
14.1458333333,0.999264310444,0.00531684027778,0.173170194004,0.0684976437835,0.916646724001,1.66666666667,0.00531684027778,5108.93600464,2.0,
421.427083333,0.977427862845,0.00575086805556,0.128039279175,0.0610245426164,0.904103807515,4.36458333333,0.00575086805556,5048.6338289,2.0,
1106.6875,0.940354697891,0.00607638888889,0.167084805888,0.0741502077077,1.01361855915,7.8125,0.00607638888889,4717.82733154,2.0,
418.21875,0.97713259229,0.00455729166667,0.105586670274,0.0585392994864,0.867243664455,3.90625,0.00455729166667,5207.9208018,2.0,
8.45833333333,0.999538375051,0.00499131944444,0.142791005291,0.0690463643127,0.854700747969,1.52083333333,0.00499131944444,5150.55834961,2.0,
7.82291666667,0.999590465543,0.00499131944444,0.136693688256,0.064861390959,0.807131972371,1.42708333333,0.00499131944444,5576.17279053,2.0,
21.8333333333,0.998837705546,0.005859375,0.176863582774,0.047797394382,1.01989001739,2.47916666667,0.005859375,4518.64355469,2.0,
12.1041666667,0.999344885964,0.00477430555556,0.161899856966,0.0656786060295,0.860972206212,1.66666666667,0.00477430555556,5116.11989339,2.0,
18.4895833333,0.999029405746,0.00553385416667,0.167926756403,0.0717235653181,0.957944041356,1.92708333333,0.00553385416667,4866.65082437,2.0,
352.197916667,0.981289630944,0.00531684027778,0.170946371337,0.0557568976729,0.825413508324,3.36458333333,0.00531684027778,5444.08887199,2.0,
10.3958333333,0.999425765752,0.0078125,0.203136085558,0.0741769103792,0.88866092953,1.54166666667,0.0078125,4722.87765616,2.0,
358.072916667,0.980981229227,0.00520833333333,0.135088854382,0.0564583483356,0.895998065324,3.57291666667,0.00520833333333,5122.08567867,2.0,
11.0208333333,0.999403754544,0.00651041666667,0.164728385041,0.0682607046118,0.909842426983,1.75,0.00651041666667,4778.71166088,2.0,
6.54166666667,0.999657653794,0.00661892361111,0.160437710438,0.0851516950751,0.791689094385,1.27083333333,0.00661892361111,5443.43129702,2.0,
9.67708333333,0.999486607006,0.00520833333333,0.12982390873,0.0743266270411,0.895998065324,1.73958333333,0.00520833333333,5070.41746578,2.0,
11.5416666667,0.999367714912,0.00575086805556,0.151080246914,0.0677868797218,0.812870591838,1.41666666667,0.00575086805556,5153.32691447,2.0,
13.4479166667,0.999287213031,0.00455729166667,0.129065050894,0.0622145468072,0.819674888857,1.82291666667,0.00455729166667,5494.9148876,2.0,
10.09375,0.999443832738,0.00564236111111,0.155878091816,0.0465757848305,0.792221933161,1.55208333333,0.00564236111111,5255.0054909,2.0,
376.322916667,0.979404813511,0.00596788194444,0.145591794167,0.0400435847031,0.897832349272,4.07291666667,0.00596788194444,4909.50267792,2.0,
8.42708333333,0.999518885088,0.00455729166667,0.13719284188,0.0583888819648,0.772106113259,1.38541666667,0.00455729166667,5254.10063737,2.0,
6.45833333333,0.999663446667,0.00542534722222,0.15689484127,0.0976466060675,0.889726607081,1.375,0.00542534722222,5200.63850459,2.0,
16.375,0.999126258061,0.00477430555556,0.131224880444,0.0555693994549,0.765834655016,1.75,0.00477430555556,5668.39318396,2.0,
45.3958333333,0.997508397179,0.00499131944444,0.149398347701,0.0677896488931,0.902269523567,2.3125,0.00499131944444,4871.01302083,2.0,
28.75,0.998444545226,0.00509982638889,0.10916673026,0.0530886147221,0.875349406646,2.4375,0.00509982638889,5090.21178182,2.0,
29.4375,0.998458620573,0.00564236111111,0.130290065837,0.0599741649983,0.931023924436,2.39583333333,0.00564236111111,4875.80315936,2.0,
12.5729166667,0.999354013581,0.00455729166667,0.130579041907,0.064164479829,0.772106113259,1.59375,0.00455729166667,5753.03143706,3.0,
10.28125,0.999455820079,0.00499131944444,0.147661731991,0.0723596380968,0.902269523567,1.65625,0.00499131944444,5101.80524247,3.0,
376.166666667,0.980105612773,0.00520833333333,0.173930140076,0.074191875894,0.895998065324,3.35416666667,0.00520833333333,5141.25236907,3.0,
8.91666666667,0.999528569779,0.00596788194444,0.163587512025,0.0646302853376,0.802694798076,1.39583333333,0.00596788194444,5275.39580169,3.0,
9.9375,0.99947928361,0.00564236111111,0.131241472648,0.0769695653098,0.883455148838,1.75,0.00564236111111,5168.83898926,3.0,
9.09375,0.999517165595,0.0048828125,0.134891699735,0.047845022003,0.834052089291,1.59375,0.0048828125,5327.23167391,3.0,
11.6145833333,0.999386155587,0.00499131944444,0.14235355637,0.063252275351,0.807131972371,1.59375,0.00499131944444,5441.73708089,3.0,
19.3125,0.998971174595,0.00520833333333,0.113215449107,0.0490023360228,0.848429289726,2.27083333333,0.00520833333333,5289.75937907,3.0,
6.79166666667,0.99964661238,0.00629340277778,0.187103174603,0.0638888346663,0.868545109628,1.33333333333,0.00629340277778,5206.02193197,3.0,
401.364583333,0.979270777584,0.00499131944444,0.144365315571,0.0636132534307,0.807131972371,3.23958333333,0.00499131944444,5652.12658465,3.0,
9.63541666667,0.999506290985,0.00531684027778,0.141580236893,0.0687253620679,0.869077948403,1.67708333333,0.00531684027778,5392.21632074,3.0,
406.90625,0.979136616726,0.00607638888889,0.146229298438,0.0614763939488,0.831152127792,3.40625,0.00607638888889,5505.00352478,3.0,
8.60416666667,0.999540999075,0.00499131944444,0.170138252951,0.0806354626588,0.902269523567,1.47916666667,0.00499131944444,5079.87895598,3.0,
8.96875,0.999539644752,0.00607638888889,0.166619318182,0.0893090120664,0.823343456754,1.30208333333,0.00607638888889,5292.17967224,3.0,
21.0,0.998935683549,0.005859375,0.158176632395,0.0588975041346,0.833519250516,1.83333333333,0.005859375,5414.10171848,3.0,
409.520833333,0.977630206009,0.00455729166667,0.123364571523,0.0475223497348,0.772106113259,3.72916666667,0.00455729166667,5564.54125977,3.0,
6.73958333333,0.999644602601,0.00618489583333,0.195643187831,0.0481404645043,0.808966256319,1.23958333333,0.00618489583333,5416.98401133,3.0,
13.78125,0.999259782801,0.00542534722222,0.138030227874,0.0421260399021,0.889726607081,2.07291666667,0.00542534722222,5048.62975961,3.0,
14.0833333333,0.999282673314,0.00477430555556,0.114252009565,0.0590243371069,0.860972206212,1.97916666667,0.00477430555556,5492.32285563,3.0,
23.40625,0.998787405086,0.00705295138889,0.114145171958,0.0476142665784,0.783050513418,2.11458333333,0.00705295138889,5451.45516205,3.0,
6.82291666667,0.999652490651,0.00553385416667,0.125570436508,0.0570598668832,0.815237714562,1.46875,0.00553385416667,5457.65029144,3.0,
13.84375,0.99923483343,0.00477430555556,0.115120701058,0.0514322173161,0.813403430614,1.84375,0.00477430555556,5286.98431396,3.0,
68.9270833333,0.996235220072,0.00520833333333,0.11805645165,0.0740934166267,0.895998065324,2.88541666667,0.00520833333333,4967.56940262,3.0,
23.0416666667,0.99873500692,0.00618489583333,0.143200404919,0.0720502182109,0.899369562067,2.25,0.00618489583333,4788.44764201,3.0,
37.625,0.997979227119,0.00455729166667,0.133099371693,0.0487830143021,0.867243664455,2.3125,0.00455729166667,5150.14056396,3.0,
7.89583333333,0.999579763492,0.00499131944444,0.14465209695,0.0776421118086,0.807131972371,1.35416666667,0.00499131944444,5395.70447229,3.0,
12.0520833333,0.999363642965,0.00618489583333,0.175477700138,0.0768351677446,0.851800786469,1.48958333333,0.00618489583333,5233.39026642,3.0,
11.9895833333,0.999354328519,0.00477430555556,0.136735660173,0.0702021212781,0.813403430614,1.63541666667,0.00477430555556,5396.47841842,3.0,
378.489583333,0.979985158923,0.0048828125,0.118901690516,0.063091384937,0.881620864889,3.71875,0.0048828125,5221.85082867,3.0,
9.60416666667,0.999506102851,0.00509982638889,0.139773218679,0.0576422097289,0.922918182244,1.75,0.00509982638889,5106.15101115,3.0,
122.46875,0.993054381707,0.00466579861111,0.136922548189,0.0678263568101,0.840323547534,2.94791666667,0.00466579861111,5089.91393845,3.0,
53.8229166667,0.997083186346,0.00477430555556,0.124680300169,0.0622839815295,0.860972206212,2.44791666667,0.00477430555556,5150.49240282,3.0,
9.47916666667,0.999498364987,0.00423177083333,0.120242604618,0.0452607929712,0.805297688422,1.60416666667,0.00423177083333,5614.59175618,3.0,
72.875,0.996155107898,0.00542534722222,0.144335529781,0.0538093974312,0.889726607081,2.9375,0.00542534722222,5067.53137207,3.0,
19.3125,0.99900053488,0.00564236111111,0.166061470358,0.0572310042135,0.887359484357,2.08333333333,0.00564236111111,5194.4504485,3.0,
7.21875,0.99959939404,0.00509982638889,0.112727723665,0.0496694996997,0.736547415371,1.40625,0.00509982638889,5475.41171519,3.0,
415.84375,0.976715974767,0.00509982638889,0.109783689502,0.0568971574678,0.827780631048,4.28125,0.00509982638889,5198.59014017,3.0,
9.41666666667,0.999497274354,0.00553385416667,0.150603881073,0.0625223747638,0.815237714562,1.5625,0.00553385416667,5371.23474686,3.0,
9.36458333333,0.999519379886,0.00477430555556,0.141993220899,0.0447912139107,0.860972206212,1.65625,0.00477430555556,5485.47329203,3.0,
9.0625,0.999523968181,0.0048828125,0.150583213083,0.0619903119174,0.834052089291,1.54166666667,0.0048828125,5463.15187468,3.0,
10.1979166667,0.999438466599,0.00477430555556,0.131994423401,0.0671018870236,0.860972206212,1.65625,0.00477430555556,5101.20331319,3.0,
10.7291666667,0.999420814069,0.0048828125,0.145316373441,0.0697263690551,0.790387649212,1.45833333333,0.0048828125,5467.88655599,3.0,
30.3333333333,0.998348429463,0.00531684027778,0.15100710845,0.0663841750505,0.916646724001,2.27083333333,0.00531684027778,4848.07963053,3.0,
14.9791666667,0.999163874208,0.00509982638889,0.132604924011,0.0475603486934,0.875349406646,2.0625,0.00509982638889,4949.70526236,3.0,
785.916666667,0.958446694786,0.00455729166667,0.108067254792,0.0391088989165,0.819674888857,6.25,0.00455729166667,5683.84765625,3.0,
32.0520833333,0.998321660009,0.00553385416667,0.148460234788,0.0619048850335,0.910375265758,2.15625,0.00553385416667,5035.59331512,3.0,
403.083333333,0.978423655029,0.00509982638889,0.15016981068,0.0728534401539,0.922918182244,3.97916666667,0.00509982638889,5036.3518575,3.0,
356.15625,0.981454170423,0.005859375,0.137942687702,0.0467969829523,0.881088026114,4.11458333333,0.005859375,5276.86380909,3.0,
20.1979166667,0.998928384788,0.00466579861111,0.115202548411,0.0542927432621,0.840323547534,2.19791666667,0.00466579861111,5344.62720885,3.0,
23.1458333333,0.998776626839,0.00531684027778,0.130301217709,0.0381683824744,0.964215499599,2.625,0.00531684027778,4844.90605898,3.0,
18.0,0.999051569277,0.00499131944444,0.122167589355,0.070761708776,0.902269523567,2.25,0.00499131944444,5150.15532317,4.0,
7.08333333333,0.999611945344,0.00618489583333,0.1477754884,0.0766087967975,0.891560891029,1.47916666667,0.00618489583333,4852.375,4.0,
390.708333333,0.978724222436,0.00596788194444,0.172967913886,0.0640065189531,0.992969900468,3.8125,0.00596788194444,4577.23207036,4.0,
6.48958333333,0.99965023104,0.00553385416667,0.140071097884,0.0918665661716,0.819142050081,1.32291666667,0.00553385416667,5225.30909362,4.0,
7.23958333333,0.999623826905,0.00607638888889,0.159404310967,0.0813745361841,0.91848100795,1.51041666667,0.00607638888889,4998.71414693,4.0,
11.9270833333,0.999363185385,0.00575086805556,0.153457412005,0.082426339918,0.904103807515,1.78125,0.00575086805556,4968.76388804,4.0,
12.7708333333,0.999325656366,0.005859375,0.155478365589,0.0641217765519,0.881088026114,1.83333333333,0.005859375,5076.29963741,4.0,
10.1979166667,0.999441438989,0.00629340277778,0.184056712963,0.0658164741335,0.868545109628,1.57291666667,0.00629340277778,4935.02513179,4.0,
415.104166667,0.978528940783,0.00575086805556,0.131347178697,0.0662703074502,0.812870591838,3.41666666667,0.00575086805556,5593.10971974,4.0,
13.7708333333,0.999267477896,0.00661892361111,0.165026004089,0.0701375193949,0.93049108566,1.95833333333,0.00661892361111,4770.22177011,4.0,
46.0416666667,0.997626392175,0.00542534722222,0.162590678997,0.0700645613681,0.842157831483,1.85416666667,0.00542534722222,5291.09090169,4.0,
394.59375,0.97876490226,0.00542534722222,0.105962667974,0.0447093892021,0.8936309426,4.13541666667,0.00542534722222,5071.08898813,4.0,
13.4479166667,0.999234730534,0.00531684027778,0.152119220479,0.0618021710058,0.869077948403,1.84375,0.00531684027778,4855.19135058,4.0,
29.1770833333,0.998371400025,0.00542534722222,0.142727684557,0.0509539622176,0.889726607081,2.53125,0.00542534722222,4862.32865284,4.0,
21.0625,0.998842388902,0.00553385416667,0.115775991948,0.0537803221405,0.957944041356,2.52083333333,0.00553385416667,4651.24998192,4.0,
13.5416666667,0.999277235483,0.00520833333333,0.123914294617,0.0571734151988,0.800860514128,1.89583333333,0.00520833333333,5439.63541667,4.0,
12.4375,0.999327381092,0.00520833333333,0.145961474868,0.0710450490397,0.895998065324,1.75,0.00520833333333,5014.90861907,4.0,
39.4895833333,0.997862332185,0.00477430555556,0.12037290111,0.0563333998663,0.90854098181,2.67708333333,0.00477430555556,4925.06676229,4.0,
35.1770833333,0.998019798675,0.00596788194444,0.121701933887,0.0571191030531,0.94540112487,3.03125,0.00596788194444,4554.29687246,4.0,
26.0416666667,0.998511673809,0.00553385416667,0.123503545522,0.0717551246834,0.957944041356,2.75,0.00553385416667,4454.93410803,4.0,
371.447916667,0.979045651171,0.00466579861111,0.118838136945,0.0567964112727,0.840323547534,3.67708333333,0.00466579861111,5104.95854159,4.0,
7.22916666667,0.999605878423,0.00520833333333,0.141824119168,0.070961137166,0.800860514128,1.35416666667,0.00520833333333,5292.20833333,4.0,
14.1354166667,0.999229266345,0.00564236111111,0.174202114436,0.0730088385942,0.931023924436,1.86458333333,0.00564236111111,4784.76720683,4.0,
16.9895833333,0.999024675161,0.00564236111111,0.108741027491,0.0632865703382,0.883455148838,2.28125,0.00564236111111,4723.27165957,4.0,
40.59375,0.99769804395,0.00651041666667,0.130523158382,0.0703757572845,0.957411202581,2.73958333333,0.00651041666667,4408.59549967,4.0,
21.84375,0.998810724579,0.00737847222222,0.142454574537,0.0867985831883,0.932325369609,2.30208333333,0.00737847222222,4609.56381565,4.0,
385.385416667,0.980011238128,0.00640190972222,0.149558505776,0.0755428725462,0.885289432786,3.59375,0.00640190972222,5191.86829885,4.0,
11.4895833333,0.999376596096,0.00651041666667,0.162061954249,0.0594912985199,0.957411202581,1.90625,0.00651041666667,4613.9897054,4.0,
23.1145833333,0.998754377036,0.00694444444444,0.153451409701,0.0822488153351,1.04000583729,2.53125,0.00694444444444,4258.20350138,4.0,
23.125,0.998814310477,0.00629340277778,0.162259214724,0.0564793537504,0.868545109628,1.97916666667,0.00629340277778,5245.66573984,4.0,
4.65625,0.999754637711,0.00618489583333,0.18308531746,0.0850428023626,0.84789645095,1.13541666667,0.00618489583333,5237.20571645,4.0,
7.83333333333,0.999597368985,0.00716145833333,0.175603505291,0.0682188589649,0.891028052254,1.52083333333,0.00716145833333,5069.45395689,4.0,
710.927083333,0.961072736295,0.00672743055556,0.16127667014,0.0744142387525,0.947235408819,5.57291666667,0.00672743055556,4756.27779134,4.0,
388.041666667,0.979903278235,0.00575086805556,0.145052975815,0.0779210273105,0.904103807515,3.52083333333,0.00575086805556,5220.24853177,4.0,
505.5625,0.974380552891,0.00564236111111,0.151062204224,0.0744992529544,0.931023924436,5.5625,0.00564236111111,5106.75779215,4.0,
10.1770833333,0.999460648408,0.00564236111111,0.182411280849,0.070760540349,0.931023924436,1.65625,0.00564236111111,4919.72265568,4.0,
7.96875,0.999571133246,0.00531684027778,0.156481857263,0.0736085272031,0.869077948403,1.46875,0.00531684027778,5099.51896696,4.0,
819.447916667,0.956849195138,0.00575086805556,0.138747058309,0.0623207080025,0.908008143034,6.23958333333,0.00575086805556,5191.58053843,4.0,
47.75,0.997384236914,0.005859375,0.150429154824,0.0749035095385,1.01989001739,3.0,0.005859375,4379.90106201,4.0,
7.9375,0.999607121199,0.00509982638889,0.152571097884,0.0545198219885,0.875349406646,1.52083333333,0.00509982638889,5282.48721766,4.0,
397.21875,0.979450389318,0.00531684027778,0.139717912341,0.054757230238,0.916646724001,4.09375,0.00531684027778,5129.57707977,4.0,
24.7916666667,0.998712201094,0.00640190972222,0.159157407986,0.0523854955329,0.936762543903,2.41666666667,0.00640190972222,4931.35300926,4.0,
4.63541666667,0.999756123705,0.00575086805556,0.165405919312,0.0761497442012,0.812870591838,1.13541666667,0.00575086805556,5441.40955748,4.0,
10.6458333333,0.99941943811,0.005859375,0.158510442104,0.0920553137102,0.881088026114,1.625,0.005859375,4960.01773636,4.0,
9.45833333333,0.99951265906,0.00477430555556,0.141670800265,0.0592971255507,0.860972206212,1.64583333333,0.00477430555556,5439.10361735,4.0,
6.54166666667,0.999654931065,0.00726996527778,0.182374338624,0.0733001597779,0.825177740702,1.29166666667,0.00726996527778,5219.06790161,4.0,
9.15625,0.999520871927,0.00607638888889,0.152773008242,0.0632639990006,0.91848100795,1.71875,0.00607638888889,4974.78140767,4.0,
13.03125,0.999298002316,0.00542534722222,0.135919274591,0.0641859413911,0.937295382679,1.96875,0.00542534722222,4834.07986055,4.0,
13.1145833333,0.999311912421,0.00607638888889,0.143465533309,0.0613754394908,0.966049783548,2.09375,0.00607638888889,4732.87881131,4.0,
392.8125,0.97925156341,0.00596788194444,0.145331712566,0.0863136230959,0.854167909193,3.47916666667,0.00596788194444,5236.53332972,4.0,
390.239583333,0.979186394541,0.00564236111111,0.156796527402,0.0733890581794,0.931023924436,3.69791666667,0.00564236111111,4934.91072535,5.0,
10.1666666667,0.999466054935,0.00607638888889,0.150052464896,0.0972776662965,0.91848100795,1.6875,0.00607638888889,4711.56927942,5.0,
17.0208333333,0.999123327524,0.00553385416667,0.169278975269,0.074329774931,0.910375265758,1.72916666667,0.00553385416667,5018.62108019,5.0,
15.90625,0.999116391392,0.00629340277778,0.16377352393,0.0755272020542,1.0073471009,2.19791666667,0.00629340277778,4325.53375979,5.0,
7.82291666667,0.999585589767,0.00477430555556,0.159242724868,0.0911250044742,0.90854098181,1.48958333333,0.00477430555556,5088.53603674,5.0,
12.9479166667,0.99927629284,0.00596788194444,0.160780799062,0.05312261673,0.897832349272,1.82291666667,0.00596788194444,4758.21015676,5.0,
20.9270833333,0.998849578069,0.00575086805556,0.113367659996,0.0608454770401,0.951672583113,2.51041666667,0.00575086805556,4581.29749863,5.0,
17.4895833333,0.999099512055,0.00575086805556,0.150336367914,0.0452230991575,0.904103807515,2.21875,0.00575086805556,5046.21101125,5.0,
21.3333333333,0.998791438295,0.00629340277778,0.139069359916,0.0606640446201,0.963682660824,2.52083333333,0.00629340277778,4384.81385634,5.0,
32.09375,0.998374820454,0.00651041666667,0.122643702161,0.0550320211363,0.866177986904,2.34375,0.00651041666667,5021.00983231,5.0,
9.83333333333,0.99946547379,0.00596788194444,0.201860119048,0.0592317419981,0.94540112487,1.64583333333,0.00596788194444,4660.51420989,5.0,
13.5729166667,0.99929491873,0.00651041666667,0.127620701058,0.0558308156192,0.909842426983,2.09375,0.00651041666667,5007.49165344,5.0,
21.9375,0.998772979266,0.00531684027778,0.124326493127,0.0583740239543,0.869077948403,2.22916666667,0.00531684027778,4934.0625,5.0,
10.0104166667,0.99945683482,0.00596788194444,0.159390262515,0.075580681471,0.897832349272,1.65625,0.00596788194444,4830.62645721,5.0,
15.09375,0.99916038206,0.00564236111111,0.151778535326,0.0632049116941,0.978592700034,2.15625,0.00564236111111,4482.68523492,5.0,
19.6041666667,0.998895273406,0.00477430555556,0.10588147385,0.0517578365791,0.860972206212,2.33333333333,0.00477430555556,5005.73930528,5.0,
18.1770833333,0.998999319982,0.00499131944444,0.152607664326,0.0808658877375,0.854700747969,1.94791666667,0.00499131944444,5035.17621358,5.0,
10.5104166667,0.999437414294,0.00553385416667,0.143864049723,0.0693688424877,0.866710825679,1.65625,0.00553385416667,5130.75411733,5.0,
17.15625,0.999064123381,0.00509982638889,0.146610189579,0.0672407994105,0.875349406646,1.98958333333,0.00509982638889,5046.90593211,5.0,
15.03125,0.999207039073,0.00651041666667,0.146484032376,0.049814557526,0.870912232352,1.98958333333,0.00651041666667,5143.7357076,5.0,
13.0729166667,0.999298159947,0.00477430555556,0.136493116715,0.0756651930123,0.860972206212,1.73958333333,0.00477430555556,5121.70647346,5.0,
16.4270833333,0.999070717002,0.00618489583333,0.155832246457,0.0563959098814,0.990602777744,2.30208333333,0.00618489583333,4338.18219248,5.0,
11.2708333333,0.999403486287,0.00575086805556,0.140094627595,0.0718193470067,0.808966256319,1.64583333333,0.00575086805556,5386.72513383,5.0,
19.3541666667,0.998928518419,0.00564236111111,0.156100139648,0.0429885202851,0.883455148838,2.16666666667,0.00564236111111,4848.94058793,5.0,
23.34375,0.998738544235,0.00607638888889,0.1453458303,0.0850684462003,0.969954119067,2.46875,0.00607638888889,4638.69554308,5.0,
21.3333333333,0.998794792053,0.00531684027778,0.130964858263,0.0487260053321,0.916646724001,2.52083333333,0.00531684027778,4692.32291667,5.0,
17.4895833333,0.9989861958,0.00575086805556,0.171584520803,0.0546392950305,0.951672583113,2.09375,0.00575086805556,4418.19309461,5.0,
59.7708333333,0.996789285386,0.00542534722222,0.123084077381,0.0528941538813,0.842157831483,2.97916666667,0.00542534722222,5223.6440701,5.0,
17.4895833333,0.999018266859,0.005859375,0.142181415228,0.0516382834651,0.972321241791,2.36458333333,0.005859375,4473.00316026,5.0,
316.739583333,0.982215767782,0.00564236111111,0.135432270498,0.0602282269104,0.883455148838,3.82291666667,0.00564236111111,4906.72586964,5.0,
395.229166667,0.97902619713,0.00564236111111,0.112066315762,0.0596255920889,0.883455148838,4.54166666667,0.00564236111111,4988.40270544,5.0,
21.875,0.998794176356,0.00564236111111,0.145514598249,0.0625095019161,0.931023924436,2.375,0.00564236111111,4681.98828125,5.0,
42.5208333333,0.997416153216,0.00607638888889,0.137450179268,0.0446584293515,1.01361855915,3.22916666667,0.00607638888889,3973.7331543,5.0,
22.0416666667,0.998737798765,0.00596788194444,0.135839988919,0.0789912069416,0.992969900468,2.52083333333,0.00596788194444,4265.76709097,5.0,
316.302083333,0.98159970207,0.00596788194444,0.143957857576,0.045580517415,0.949305460389,4.30208333333,0.00596788194444,4534.23440184,5.0,
388.65625,0.979331660819,0.00629340277778,0.150658619929,0.0634877641763,0.963682660824,4.17708333333,0.00629340277778,4754.28397624,5.0,
16.4166666667,0.999094536458,0.00499131944444,0.129679608586,0.0485270930496,0.807131972371,1.89583333333,0.00499131944444,5093.80729167,5.0,
35.125,0.99808500217,0.00509982638889,0.121466756623,0.0540738905586,0.922918182244,2.625,0.00509982638889,4842.06765069,5.0,
17.6666666667,0.998996041884,0.00553385416667,0.151570767196,0.0674602726813,0.957944041356,2.20833333333,0.00553385416667,4475.88858032,5.0,
18.15625,0.99900867351,0.00705295138889,0.150928002151,0.050977438867,0.797647401565,1.88541666667,0.00705295138889,5253.94819274,5.0,
5.39583333333,0.999694956265,0.00499131944444,0.163484172078,0.0576935820952,0.759563196773,1.125,0.00499131944444,5298.30067952,5.0,
15.6979166667,0.999135595464,0.00509982638889,0.12777286371,0.0666957879961,0.875349406646,2.07291666667,0.00509982638889,4884.63652293,5.0,
20.1875,0.9988820509,0.00564236111111,0.150084926647,0.049603259985,0.931023924436,2.20833333333,0.00564236111111,4717.58333333,5.0,
47.0416666667,0.997424411949,0.00531684027778,0.120904624024,0.0496110566803,0.869077948403,2.83333333333,0.00531684027778,5075.06023944,5.0,
36.4375,0.997943993652,0.00531684027778,0.140474117278,0.0540375736156,0.964215499599,2.83333333333,0.00531684027778,4516.97525024,5.0,
360.78125,0.980112632193,0.00531684027778,0.123825551713,0.0559087400216,0.869077948403,3.71875,0.00531684027778,5001.92424718,5.0,
24.2291666667,0.998659084994,0.005859375,0.170012582053,0.0852845526526,0.877183690595,1.97916666667,0.005859375,4908.28299967,5.0,
6.23958333333,0.999676245187,0.00607638888889,0.143832671958,0.0765104612531,0.870912232352,1.44791666667,0.00607638888889,5224.06620167,5.0,
19.1458333333,0.998981756795,0.00607638888889,0.170772191452,0.0551789600797,0.870912232352,1.77083333333,0.00607638888889,5080.71272786,5.0,
12.5,0.999312758024,0.005859375,0.182903178997,0.0801749893197,0.972321241791,1.83333333333,0.005859375,4326.95486111,5.0,
55.65625,0.996707236272,0.00412326388889,0.0579811271788,0.0141915924032,0.784649029745,4.01041666667,0.00412326388889,5146.05996082,6.0,
12.8229166667,0.999312745993,0.00444878472222,0.11094445196,0.0384645789998,0.799026230179,1.88541666667,0.00444878472222,5434.09523265,6.0,
12.34375,0.999365389477,0.00542534722222,0.124789186508,0.0418226263789,0.798493391404,1.84375,0.00542534722222,5471.4538416,6.0,
21.46875,0.998854936117,0.00455729166667,0.106458991323,0.0575561172545,0.819674888857,2.26041666667,0.00455729166667,5392.4139653,6.0,
49.4375,0.99723592863,0.00477430555556,0.100530935228,0.0403763274659,0.765834655016,2.6875,0.00477430555556,5401.48432979,6.0,
18.375,0.998991107634,0.00444878472222,0.111722623441,0.0632222219894,0.799026230179,1.9375,0.00444878472222,5357.02974786,6.0,
9.875,0.999456285031,0.00455729166667,0.104902186933,0.0517002383457,0.772106113259,1.64583333333,0.00455729166667,5488.03920718,6.0,
9.15625,0.999510401494,0.00423177083333,0.110347522848,0.050078829721,0.757728912824,1.55208333333,0.00423177083333,5752.96045967,6.0,
19.625,0.998934383271,0.00618489583333,0.148231012248,0.0536092894592,0.796423339833,2.10416666667,0.00618489583333,5268.31094586,6.0,
39.0520833333,0.997925553174,0.00477430555556,0.115448455368,0.0583918118285,0.813403430614,2.48958333333,0.00477430555556,5325.19418448,6.0,
45.0104166667,0.99744577247,0.00390625,0.118306614048,0.0638684181917,0.74335171239,1.86458333333,0.00390625,5500.16019355,6.0,
13.1354166667,0.99928236956,0.0048828125,0.115960365323,0.0570694745018,0.738914538095,1.63541666667,0.0048828125,5509.83899971,6.0,
16.5520833333,0.999073577631,0.00412326388889,0.115357779708,0.0593123744196,0.784649029745,1.88541666667,0.00412326388889,5376.12092816,6.0,
10.8645833333,0.999396604618,0.00520833333333,0.146928476616,0.0672251216316,0.757196074049,1.53125,0.00520833333333,5325.86194921,6.0,
6.88541666667,0.999641210857,0.00542534722222,0.156026785714,0.0633339951391,0.846062167002,1.40625,0.00542534722222,5400.65387472,6.0,
37.2083333333,0.997848672122,0.00412326388889,0.11085997336,0.0345047003991,0.689511478549,1.97916666667,0.00412326388889,5574.78297029,6.0,
371.291666667,0.97915942803,0.00553385416667,0.148623412433,0.0668907738627,0.771573274483,3.41666666667,0.00553385416667,5190.97687785,6.0,
10.1875,0.999433989646,0.00466579861111,0.0842431006494,0.0442303679352,0.69761722074,1.66666666667,0.00466579861111,5723.32141113,6.0,
12.8645833333,0.999327739048,0.00466579861111,0.120905786921,0.0658038481104,0.792754771936,1.78125,0.00466579861111,5562.40370433,6.0,
53.6770833333,0.997036365935,0.0048828125,0.105006250722,0.0539990864522,0.834052089291,2.71875,0.0048828125,4919.84103535,6.0,
16.8333333333,0.999094997415,0.00455729166667,0.10856143278,0.0592214957842,0.819674888857,2.0625,0.00455729166667,5403.35416667,6.0,
9.34375,0.999492758209,0.00466579861111,0.111488020082,0.0499595674759,0.749090331857,1.53125,0.00466579861111,5671.18402467,6.0,
25.6770833333,0.998578319879,0.00477430555556,0.149220273817,0.0431910700631,0.813403430614,2.21875,0.00477430555556,5261.63389079,6.0,
34.0833333333,0.998113228506,0.005859375,0.138466741592,0.0595096409746,0.877183690595,2.5625,0.005859375,4918.223886,6.0,
38.0104166667,0.998053337602,0.00434027777778,0.109916344642,0.052930439449,0.778377571502,2.30208333333,0.00434027777778,5712.11329199,6.0,
9.85416666667,0.99948681932,0.00466579861111,0.153034436628,0.0564890335448,0.792754771936,1.47916666667,0.00466579861111,5455.06115723,6.0,
387.895833333,0.979301391648,0.005859375,0.106468645572,0.0400520961454,0.829614914997,4.08333333333,0.005859375,5308.16828749,6.0,
15.8958333333,0.999169891925,0.00520833333333,0.119235177438,0.0664474295525,0.848429289726,2.02083333333,0.00520833333333,5368.45333523,6.0,
362.395833333,0.980613044721,0.0048828125,0.131296870755,0.0421700346445,0.834052089291,4.04166666667,0.0048828125,5452.23100337,6.0,
18.4375,0.99902609009,0.00455729166667,0.125596986925,0.0533433957858,0.819674888857,1.91666666667,0.00455729166667,5362.36289243,6.0,
17.15625,0.999079519078,0.00477430555556,0.137068226912,0.0659687460163,0.813403430614,1.96875,0.00477430555556,5446.14642334,6.0,
10.625,0.999445207772,0.00509982638889,0.118957171301,0.0587274950621,0.78021185545,1.66666666667,0.00509982638889,5678.66478475,6.0,
4.85416666667,0.999751622491,0.00542534722222,0.156919642857,0.0833509131303,0.750924615806,1.02083333333,0.00542534722222,5800.7673159,6.0,
27.0,0.998555919342,0.00401475694444,0.115316328552,0.0590202384077,0.764000371067,1.95833333333,0.00401475694444,5622.30823771,6.0,
395.364583333,0.977923518256,0.00553385416667,0.136296700262,0.0613111041312,0.819142050081,3.88541666667,0.00553385416667,5129.94049327,6.0,
20.5729166667,0.998840522613,0.00499131944444,0.124700689935,0.0440072059658,0.807131972371,2.13541666667,0.00499131944444,5182.09222412,6.0,
11.9895833333,0.999389071704,0.00509982638889,0.106977889009,0.0394329361579,0.78021185545,1.80208333333,0.00509982638889,5661.50260162,6.0,
16.6666666667,0.999084772354,0.00455729166667,0.129640705552,0.0855179827541,0.819674888857,1.75,0.00455729166667,5245.96025029,6.0,
12.4791666667,0.999330917804,0.00455729166667,0.107779806999,0.0559129787948,0.772106113259,1.70833333333,0.00455729166667,5499.74689625,6.0,
439.71875,0.975372463123,0.00412326388889,0.101409792472,0.0660282697596,0.737080254147,3.94791666667,0.00412326388889,5666.57401191,6.0,
42.5729166667,0.997577674607,0.00520833333333,0.132098471044,0.0479453194557,0.800860514128,2.67708333333,0.00520833333333,5145.03753662,6.0,
5.46875,0.999703910781,0.00434027777778,0.129344787157,0.0483927739341,0.730808795904,1.17708333333,0.00434027777778,5598.95118205,6.0,
10.0833333333,0.999443616643,0.00401475694444,0.108587549603,0.0482481107172,0.764000371067,1.60416666667,0.00401475694444,5467.21507885,6.0,
19.6875,0.998933868446,0.00466579861111,0.115273384023,0.0688905762656,0.840323547534,2.1875,0.00466579861111,5299.4641848,6.0,
13.78125,0.999242543396,0.00444878472222,0.114580548128,0.0448011916413,0.799026230179,1.90625,0.00444878472222,5385.27743615,6.0,
15.9479166667,0.999121766429,0.00444878472222,0.119428444819,0.0466584758859,0.751457454581,1.92708333333,0.00444878472222,5575.94265775,6.0,
13.7708333333,0.999198328699,0.00401475694444,0.120751633987,0.0570263040283,0.764000371067,1.72916666667,0.00401475694444,5286.44988788,6.0,
15.8854166667,0.999130414868,0.0048828125,0.168641755114,0.0623526855416,0.881620864889,1.88541666667,0.0048828125,5045.89556065,6.0,
33.2916666667,0.998232206821,0.00466579861111,0.115105785418,0.0414993707418,0.840323547534,2.4375,0.00466579861111,5426.41154989,6.0,
13.9791666667,0.999215396677,0.00434027777778,0.112174158222,0.0424386671898,0.778377571502,1.875,0.00434027777778,5324.15998219,6.0,
14.28125,0.999197295331,0.00509982638889,0.126791654526,0.0494777194415,0.78021185545,1.86458333333,0.00509982638889,5277.18377431,7.0,
18.5416666667,0.99901341128,0.00477430555556,0.126907583158,0.0601882378624,0.90854098181,2.16666666667,0.00477430555556,5090.73225911,7.0,
10.125,0.999453167535,0.00542534722222,0.159885499339,0.0605248028083,0.842157831483,1.58333333333,0.00542534722222,5207.44818115,7.0,
13.1458333333,0.999274832803,0.00455729166667,0.130847518101,0.0710532731969,0.819674888857,1.625,0.00455729166667,5294.84466327,7.0,
7.34375,0.999595408331,0.00499131944444,0.158685440717,0.0738635053505,0.807131972371,1.32291666667,0.00499131944444,5290.77822311,7.0,
19.6666666667,0.998921780932,0.00477430555556,0.134328894485,0.0646897919798,0.860972206212,2.0625,0.00477430555556,5129.58159722,7.0,
13.4479166667,0.999279310075,0.00553385416667,0.140775533698,0.0707012267958,0.86280649016,1.86458333333,0.00553385416667,5144.85220083,7.0,
9.48958333333,0.999482936579,0.00434027777778,0.131919006919,0.0463585835344,0.730808795904,1.44791666667,0.00434027777778,5737.32650757,7.0,
14.9791666667,0.999184994179,0.00444878472222,0.123274827025,0.0530815209209,0.799026230179,1.77083333333,0.00444878472222,5439.93713379,7.0,
13.21875,0.999293258777,0.00499131944444,0.146726306101,0.0406549737118,0.854700747969,1.82291666667,0.00499131944444,5266.79101393,7.0,
24.96875,0.998693371054,0.00520833333333,0.148865475716,0.0736510237419,0.800860514128,2.23958333333,0.00520833333333,5486.51914469,7.0,
15.9583333333,0.999128827589,0.00531684027778,0.113733358655,0.0574211871169,0.869077948403,2.14583333333,0.00531684027778,5014.47820819,7.0,
6.89583333333,0.999636867897,0.00509982638889,0.152426421958,0.0731460193225,0.827780631048,1.35416666667,0.00509982638889,5431.81832773,7.0,
9.04166666667,0.999510112939,0.00444878472222,0.127223875661,0.0636900875172,0.846595005777,1.60416666667,0.00444878472222,5188.88584278,7.0,
76.8333333333,0.995859688656,0.00477430555556,0.13144646218,0.0744449516838,0.813403430614,2.5625,0.00477430555556,5449.29456019,7.0,
28.0833333333,0.998447113251,0.00444878472222,0.0974251443001,0.0479190068022,0.799026230179,2.375,0.00444878472222,5373.98610094,7.0,
12.34375,0.999306499792,0.00444878472222,0.133501119829,0.0429177123287,0.799026230179,1.71875,0.00444878472222,5250.74379222,7.0,
12.84375,0.999321613934,0.00423177083333,0.115647474632,0.0538679617344,0.805297688422,1.78125,0.00423177083333,5571.34456126,7.0,
75.0104166667,0.995928566016,0.0048828125,0.115810019058,0.0600213647195,0.881620864889,3.48958333333,0.0048828125,5102.85264616,7.0,
8.3125,0.99955564494,0.00499131944444,0.164996432965,0.0575211371885,0.807131972371,1.375,0.00499131944444,5335.19622577,7.0,
15.9375,0.999123151031,0.00499131944444,0.106667609011,0.0457575926235,0.807131972371,2.125,0.00499131944444,5288.2035319,7.0,
15.9166666667,0.99913030566,0.00455729166667,0.12006178139,0.0714425661881,0.819674888857,1.875,0.00455729166667,5343.29976852,7.0,
682.53125,0.962388430618,0.00444878472222,0.13101004835,0.0564459584291,0.846595005777,5.57291666667,0.00444878472222,5353.73376945,7.0,
353.90625,0.980230761522,0.00553385416667,0.153977289675,0.0526526761237,0.910375265758,3.94791666667,0.00553385416667,4826.69689857,7.0,
13.4166666667,0.999280304186,0.00520833333333,0.128422358891,0.0524718876575,0.895998065324,2.0625,0.00520833333333,5006.76997884,7.0,
30.65625,0.998326876523,0.00564236111111,0.134093153892,0.0707865465273,0.931023924436,2.51041666667,0.00564236111111,4571.15298971,7.0,
10.3958333333,0.99943513151,0.00499131944444,0.115204124579,0.0518484772029,0.807131972371,1.75,0.00499131944444,5372.15393519,7.0,
24.78125,0.99855800808,0.00444878472222,0.128762546685,0.0667756009107,0.751457454581,1.84375,0.00444878472222,5268.82342897,7.0,
18.8020833333,0.998986238043,0.00553385416667,0.150415166431,0.0659042158495,0.86280649016,2.13541666667,0.00553385416667,5133.31930288,7.0,
29.6354166667,0.998345606683,0.00542534722222,0.155523531963,0.091059303614,0.889726607081,2.17708333333,0.00542534722222,4795.4706613,7.0,
30.1458333333,0.998398753044,0.00531684027778,0.106953203047,0.0421581458083,0.869077948403,2.6875,0.00531684027778,5113.19614778,7.0,
8.45833333333,0.999541159765,0.00434027777778,0.121283259565,0.0660733896445,0.730808795904,1.35416666667,0.00434027777778,5393.97064887,7.0,
13.8958333333,0.999239193417,0.00520833333333,0.119923941799,0.045635115586,0.800860514128,1.875,0.00520833333333,5326.50170898,7.0,
7.4375,0.999624007802,0.00520833333333,0.160144224988,0.0773724578034,0.800860514128,1.33333333333,0.00520833333333,5675.33402959,7.0,
18.3125,0.999010403421,0.00564236111111,0.126914532227,0.0557896357561,0.839790708759,2.10416666667,0.00564236111111,5151.48868815,7.0,
7.48958333333,0.999600074602,0.00509982638889,0.147594997595,0.0677738127167,0.827780631048,1.42708333333,0.00509982638889,5371.76894379,7.0,
398.229166667,0.978313495311,0.00466579861111,0.121650471224,0.0577391180084,0.840323547534,3.64583333333,0.00466579861111,5313.15141353,7.0,
18.5520833333,0.998977339147,0.00466579861111,0.12977372743,0.0441562454323,0.792754771936,2.01041666667,0.00466579861111,5308.70116933,7.0,
363.3125,0.980791440844,0.00499131944444,0.134716221838,0.0770972016608,0.807131972371,3.22916666667,0.00499131944444,5520.22544126,7.0,
15.59375,0.999150631606,0.00466579861111,0.116805050152,0.0536320961056,0.840323547534,2.01041666667,0.00466579861111,5232.22353363,7.0,
6.34375,0.999653083322,0.00477430555556,0.13371400012,0.0654233169205,0.765834655016,1.28125,0.00477430555556,5528.0218342,7.0,
7.82291666667,0.999588165269,0.005859375,0.157828774235,0.0654033334091,0.833519250516,1.42708333333,0.005859375,5288.29570685,7.0,
11.6979166667,0.999376561411,0.00531684027778,0.139430130055,0.0746829230286,0.916646724001,1.86458333333,0.00531684027778,4927.10776689,7.0,
11.2916666667,0.999393545772,0.00531684027778,0.129541552198,0.0573019225636,0.821509172805,1.75,0.00531684027778,5322.86625163,7.0,
18.9375,0.998900285936,0.00564236111111,0.150851896946,0.0548704281687,0.931023924436,2.25,0.00564236111111,4503.11580404,7.0,
778.208333333,0.957650497094,0.00455729166667,0.131462686299,0.0660699738943,0.867243664455,5.9375,0.00455729166667,5372.83582899,7.0,
17.5104166667,0.999077180623,0.00651041666667,0.146369407502,0.0561313656849,0.775774681156,1.67708333333,0.00651041666667,5299.37354646,7.0,
6.13541666667,0.99965826174,0.00466579861111,0.125562169312,0.0603253778693,0.792754771936,1.32291666667,0.00466579861111,5311.88793691,7.0,
391.666666667,0.978400198181,0.00509982638889,0.11430699365,0.0745842278716,0.78021185545,3.39583333333,0.00509982638889,5421.19775391,7.0,
21.125,0.998867624664,0.00575086805556,0.155254178692,0.0621755538935,0.76530181624,1.72916666667,0.00575086805556,5540.98081123,7.0,
