58.9715430308,0.996758484197,0.00156946970985,0.235527198077,0.106704110716,1.30700686472,1.35364000553,0.00156946970985,4750.7815454,1.0,
65.5147119768,0.996453208106,0.00192347958308,0.241944738187,0.110598553373,1.21065968615,1.191923378,0.00192347958308,4989.94571393,1.0,
51.4006999125,0.997341285459,0.00177141060824,0.246221376767,0.116522319147,1.25870769043,1.12184003315,0.00177141060824,5093.72001203,1.0,
48.3954966156,0.997378943624,0.00187071342988,0.243238129915,0.113163567092,1.21049803585,1.07220150113,0.00187071342988,4985.31342918,1.0,
56.1910024405,0.997060053482,0.00186988014618,0.246095766442,0.111193797969,1.23054259687,1.16563061196,0.00186988014618,5083.5534868,1.0,
46.570566837,0.997489927054,0.00203727899676,0.246117941672,0.113691561677,1.22021453127,1.06529446977,0.00203727899676,4945.48036915,1.0,
50.5062393517,0.997260952201,0.00182247838932,0.240167696546,0.109688437079,1.20826391129,1.09932311093,0.00182247838932,4984.8816035,1.0,
55.8171018096,0.997030455956,0.00220441916894,0.249916208857,0.111709242677,1.18116806041,1.05171064143,0.00220441916894,5062.90828494,1.0,
45.7672330432,0.997534961476,0.00100869522214,0.214461588514,0.101596594245,1.31633698349,1.28401712944,0.00100869522214,5018.97072129,1.0,
43.8574849196,0.99748520535,0.00140165527758,0.223026486136,0.104471041965,1.28614895765,1.24193028503,0.00140165527758,4678.58873171,1.0,
58.4150204909,0.996781239825,0.00151934758916,0.222787833623,0.105045775327,1.2659886029,1.32076253626,0.00151934758916,4890.10339166,1.0,
55.6764746512,0.996987548692,0.00119345733032,0.231948826043,0.109244401511,1.31788509325,1.2190449878,0.00119345733032,4889.99619494,1.0,
51.3765713496,0.997016322682,0.00132190599869,0.22321216968,0.105874286719,1.2824566812,1.23308928489,0.00132190599869,4613.12446817,1.0,
46.9021043422,0.997321769479,0.00132221344433,0.224822152277,0.104937308026,1.31606786864,1.31146106737,0.00132221344433,4650.03525261,1.0,
61.2255836441,0.996566307927,0.00121981072251,0.230524272178,0.109365896139,1.35707094207,1.3409771147,0.00121981072251,4623.16432547,1.0,
61.0162085003,0.996649911685,0.00121648606896,0.221471074812,0.104583898891,1.31045150094,1.34433853663,0.00121648606896,4844.18171366,1.0,
57.2108946908,0.996911335262,0.00143756492841,0.238524771695,0.111134622833,1.29515148445,1.19247594051,0.00143756492841,4888.82158333,1.0,
48.6423539163,0.997403979894,0.00109232467704,0.223161853404,0.105124344441,1.31735494715,1.22880692545,0.00109232467704,5019.06221577,1.0,
60.2699267855,0.9967442093,0.00142745950825,0.241230588872,0.114603762652,1.32197089986,1.22926739421,0.00142745950825,4812.88353764,1.0,
53.817332044,0.997089082709,0.00144405945253,0.237218065211,0.110644379859,1.28689462074,1.21328912833,0.00144405945253,4872.28375713,1.0,
55.2103421283,0.996970981533,0.00145352877827,0.241661144712,0.113567301142,1.29800858484,1.18188515909,0.00145352877827,4758.71076474,1.0,
50.9186351706,0.997193619445,0.00163628082805,0.242434734141,0.113338822566,1.29024529862,1.18727264355,0.00163628082805,4740.12277465,1.0,
45.018879219,0.997623633903,0.00132372310844,0.231550416488,0.106771373432,1.27753716242,1.12966800203,0.00132372310844,5068.58324106,1.0,
60.3247686144,0.996635225378,0.00168193756585,0.239286886404,0.113195059954,1.29239231677,1.25952019156,0.00168193756585,4662.16940165,1.0,
64.6430906663,0.996457678263,0.00134584011174,0.227792517771,0.110228004613,1.3070316536,1.34816042732,0.00134584011174,4829.55927965,1.0,
63.3669015057,0.996551423247,0.00114574176688,0.218639920008,0.102263765866,1.31813391986,1.36045494313,0.00114574176688,4919.38304658,1.0,
51.7000046047,0.997189739315,0.00143594500793,0.237367477789,0.109725367372,1.31795248328,1.23557581618,0.00143594500793,4818.1946833,1.0,
47.5722245246,0.997292273143,0.0013085649782,0.230871966839,0.108528622404,1.3135900765,1.22364967537,0.0013085649782,4646.88597908,1.0,
53.7313625271,0.996917559369,0.00111277299262,0.228018836725,0.108354996683,1.368048225,1.33959570843,0.00111277299262,4563.41543976,1.0,
60.625040291,0.996652388366,0.00124499370096,0.217871083117,0.102030128634,1.33495290495,1.50904821108,0.00124499370096,4771.690318,1.0,
63.4584887415,0.99637349571,0.00123207674342,0.229868987616,0.10544222398,1.32725091832,1.33075470829,0.00123207674342,4660.36509738,1.0,
49.71952848,0.997158161736,0.0016321801393,0.238917104519,0.112604502087,1.31242519894,1.20748722199,0.0016321801393,4527.83785912,1.0,
61.8508081227,0.996608832897,0.00158975900182,0.245419219797,0.113822148254,1.31200138029,1.27964267624,0.00158975900182,4709.26334379,1.0,
48.1221163144,0.997268501772,0.00118550190932,0.22832209107,0.107856874276,1.30250357153,1.16121011189,0.00118550190932,4744.81957144,1.0,
43.0483492195,0.99756692419,0.00155070704451,0.228911063056,0.107736045684,1.25005440167,1.14873140857,0.00155070704451,4760.44262295,1.0,
48.454252429,0.997269898844,0.00131340777712,0.22787359195,0.105942188862,1.27706670885,1.17359672146,0.00131340777712,4790.81695346,1.0,
57.6627066354,0.996969316667,0.00129489106829,0.23682092532,0.110339752979,1.28870609498,1.16963669015,0.00129489106829,5102.41357367,1.0,
57.7660358245,0.996769760359,0.00123632161358,0.224503723788,0.105505596952,1.33345238256,1.34332550536,0.00123632161358,4741.68709494,1.0,
36.4075148501,0.997972636314,0.00082396067805,0.216672050765,0.101842614444,1.38155139155,1.23562186306,0.00082396067805,4814.87246349,1.0,
51.2300501911,0.997094852569,0.00121087359578,0.227825353407,0.105863577182,1.33026096784,1.28549062946,0.00121087359578,4671.37660285,1.0,
38.5510890086,0.997893834568,0.00149490672088,0.22889887015,0.107794629653,1.33126853526,1.26030298844,0.00149490672088,4701.75496454,1.0,
49.6284477598,0.997290294282,0.00160475174752,0.237356822044,0.111737221464,1.27329104848,1.15121793986,0.00160475174752,4846.5597626,1.0,
54.0446194226,0.997009971778,0.00123391081569,0.228799767884,0.10650268833,1.31708706804,1.28337247318,0.00123391081569,4809.43293165,1.0,
49.3503246305,0.997219903037,0.00121036047961,0.220140887834,0.103631123533,1.30007784347,1.25823087903,0.00121036047961,4805.18471196,1.0,
52.6285859004,0.996968542384,0.00130180753505,0.227237019366,0.10648355538,1.29943175513,1.23216834738,0.00130180753505,4619.55224401,1.0,
51.4443523507,0.996995400884,0.00133722103223,0.226296620716,0.105352945614,1.34993910934,1.35594234931,0.00133722103223,4458.75130233,1.0,
57.3285905051,0.996717297353,0.00116392982692,0.227543142256,0.10593215129,1.32639487655,1.26430906663,0.00116392982692,4669.58286098,1.0,
47.6112262283,0.997383825888,0.00124747446923,0.227335108579,0.107850720294,1.30145277211,1.17166275268,0.00124747446923,4868.94537799,1.0,
48.509831008,0.997313875944,0.00129759658993,0.231598271253,0.108526939342,1.31132846961,1.19869226873,0.00129759658993,4766.00714354,1.0,
52.4951881015,0.997158074611,0.00178809748543,0.244987350832,0.113625486045,1.24220106261,1.11626836119,0.00178809748543,4883.67667114,1.0,
51.4146521159,0.997301963859,0.0014655827677,0.246426582035,0.114488736963,1.33569087687,1.22125523783,0.0014655827677,4865.44470149,2.0,
53.3567711931,0.997165225272,0.00196848538425,0.259162364278,0.116842825158,1.29772517509,1.16254547129,0.00196848538425,4792.10983864,2.0,
50.5169222268,0.99718118925,0.00220079343069,0.248623265027,0.115546598392,1.27188344391,1.19694248745,0.00220079343069,4584.33952443,2.0,
59.5815259935,0.996807398521,0.00162363315048,0.25011585564,0.115430905237,1.33224270641,1.26831514482,0.00162363315048,4768.4612261,2.0,
57.1368513146,0.99698854385,0.00210064672378,0.261848574258,0.118816018754,1.30749304008,1.19201547175,0.00210064672378,4747.3669992,2.0,
65.7414928397,0.996407106297,0.00188500435138,0.257256769842,0.118473161671,1.36450342158,1.32062439563,0.00188500435138,4523.28396475,2.0,
47.8088594189,0.997394482745,0.00159679844684,0.254524964178,0.116466891184,1.3718541547,1.23953584749,0.00159679844684,4584.92560672,2.0,
55.3762950684,0.997031391823,0.00225830060771,0.261931881767,0.118542645633,1.30216172827,1.22443247226,0.00225830060771,4658.87872184,2.0,
64.2696965511,0.996672427454,0.00166577228609,0.255827277971,0.119528165077,1.36966244043,1.30879034857,0.00166577228609,4800.8010123,2.0,
66.6668048073,0.996423371396,0.00173893374701,0.25899948666,0.117755284989,1.37335672505,1.32453838007,0.00173893374701,4625.03536034,2.0,
59.7713772621,0.996695491905,0.00175588142291,0.247912377913,0.112529049181,1.30739157205,1.25417875397,0.00175588142291,4680.74286008,2.0,
54.1403969241,0.996998198345,0.00157314421534,0.248035131339,0.112222631727,1.35258277437,1.26946631671,0.00157314421534,4608.22355463,2.0,
43.415342819,0.997572041039,0.00197743311256,0.254196508812,0.1167635826,1.31271888238,1.14725790855,0.00197743311256,4500.22926236,2.0,
46.0867523139,0.997424812353,0.00172350421648,0.243421013917,0.113063968386,1.33577104474,1.24031864438,0.00172350421648,4574.8042737,2.0,
60.0100842658,0.996853967009,0.00169215748301,0.247708729158,0.11348645525,1.28856824851,1.1921075655,0.00169215748301,4954.58198625,2.0,
47.4106920845,0.997460402703,0.0020253797903,0.251119793527,0.114021034727,1.25852461649,1.11764976746,0.0020253797903,4824.10060765,2.0,
57.6881245108,0.996909883466,0.00203389285408,0.25707243532,0.115905496794,1.29338407921,1.19293640926,0.00203389285408,4761.72388084,2.0,
62.3024819266,0.996646635145,0.00203133575447,0.251147908591,0.114136254528,1.3021673521,1.28226734816,0.00203133575447,4745.61659013,2.0,
48.1647096744,0.997467061495,0.00196632902414,0.258962996093,0.117784628464,1.29708471915,1.13712759589,0.00196632902414,4834.86238989,2.0,
53.5945572593,0.997016254132,0.00211842344276,0.25927005522,0.117118909157,1.32974988904,1.24662706635,0.00211842344276,4466.18491013,2.0,
62.5485103836,0.996452908878,0.00158473385583,0.246320163204,0.113646136305,1.41170244795,1.47957821062,0.00158473385583,4349.02897396,2.0,
45.1313717364,0.997576469947,0.00160622960691,0.248407396242,0.114288375263,1.32898054912,1.16673573698,0.00160622960691,4793.37970625,2.0,
45.9445135148,0.997487171414,0.00199248734738,0.25934115429,0.117421221701,1.33533893192,1.16438734632,0.00199248734738,4537.35194089,2.0,
58.5319335083,0.99695289986,0.00274258262001,0.258967296121,0.121013972469,1.24591850165,1.17889211217,0.00274258262001,4857.51637824,2.0,
53.8371782475,0.99708353205,0.00243384570761,0.25741278572,0.116112519315,1.30155844444,1.24989639453,0.00243384570761,4614.92457963,2.0,
73.5170143206,0.996103531264,0.00196308282224,0.259977618061,0.11803409058,1.34473245644,1.31882856748,0.00196308282224,4722.41898675,2.0,
67.3713220058,0.996346033248,0.00175393497396,0.255697090909,0.117008994338,1.33027675891,1.26559837915,0.00175393497396,4681.79501332,2.0,
50.4468849289,0.99724013719,0.00163611120287,0.251510020942,0.116952366847,1.33616141277,1.20315881567,0.00163611120287,4624.32343141,2.0,
54.7230740894,0.996984753948,0.00193601276365,0.257801186336,0.118024920714,1.33487197938,1.22019615969,0.00193601276365,4537.48863926,2.0,
53.8069254501,0.997043569542,0.00193107030994,0.259430208291,0.119410505816,1.32333387491,1.17313625271,0.00193107030994,4586.37168474,2.0,
53.2178938159,0.997219050576,0.00201365020903,0.261290455383,0.119204226503,1.31574446328,1.20380347193,0.00201365020903,4798.18558937,2.0,
43.3103559423,0.997702110599,0.0017580907909,0.262549368007,0.11925576914,1.3546656928,1.12672100198,0.0017580907909,4711.21110557,2.0,
69.4294792098,0.996204504227,0.00222404480239,0.254847129841,0.117839308377,1.27556247384,1.27291983239,0.00222404480239,4684.89663101,2.0,
52.469447898,0.997211687341,0.00185773498321,0.258988442153,0.118051650235,1.34394486554,1.22673481604,0.00185773498321,4710.67035096,2.0,
51.5986093844,0.997242771271,0.00204034921253,0.262086319739,0.118748165205,1.301432422,1.13952203343,0.00204034921253,4738.9764094,2.0,
50.6123313533,0.997169612264,0.00219072193556,0.254697512193,0.117595891388,1.28641865873,1.15117189299,0.00219072193556,4539.73559244,2.0,
74.2433577382,0.995973766285,0.00236386259852,0.263884043967,0.119640738306,1.31994316258,1.40060781876,0.00236386259852,4569.75286915,2.0,
51.0906662983,0.997193029178,0.00288617457643,0.256444139474,0.118710526154,1.24890907396,1.184141456,0.00288617457643,4586.52590959,2.0,
56.9195561081,0.996997574547,0.00239047466912,0.260608635721,0.120298312706,1.22946272102,1.09223189207,0.00239047466912,4879.25658333,2.0,
56.7775935903,0.996910813132,0.00202392737469,0.254456444528,0.116447706429,1.30328546812,1.22341944099,0.00202392737469,4643.62466751,2.0,
50.7293364645,0.9971699696,0.00236059731379,0.251003623843,0.116478313602,1.26959336871,1.18170097159,0.00236059731379,4580.27190471,2.0,
51.6793756044,0.997276142777,0.00207892197871,0.252946135541,0.11720433764,1.27574870385,1.15775659621,0.00207892197871,4888.64943112,2.0,
51.4094488189,0.997140709625,0.00220245363715,0.257321390687,0.118112934128,1.30831360216,1.18971312796,0.00220245363715,4532.10804573,2.0,
54.4980890547,0.996953057558,0.00197754124861,0.250837125343,0.116456241269,1.35549707273,1.34037850532,0.00197754124861,4398.29620026,2.0,
72.4213749597,0.995947157169,0.0028551204464,0.262834806494,0.120776207781,1.27628551804,1.30584334853,0.0028551204464,4442.85165598,2.0,
62.2890822858,0.996706350731,0.00227724986075,0.267859189402,0.120506815713,1.32297285467,1.23092508173,0.00227724986075,4652.4012563,2.0,
38.5694156651,0.997993988835,0.0015542818952,0.247986545817,0.114904309681,1.30744035454,1.1261223926,0.0015542818952,4981.48941938,2.0,
58.0816411107,0.996783004914,0.00216472475625,0.260401188038,0.119114819128,1.32298359703,1.26780862918,0.00216472475625,4507.05840236,2.0,
58.698761339,0.996820983583,0.00186763049221,0.257959782797,0.117649336657,1.33321054826,1.24008841,0.00186763049221,4615.0125786,2.0,
64.5253027582,0.996461061409,0.00183818568109,0.244840046902,0.113644975282,1.32008337584,1.33766173965,0.00183818568109,4638.97124373,2.0,
58.4324722568,0.996999580274,0.00188049020125,0.251550797199,0.116552159124,1.26698408296,1.17170879956,0.00188049020125,5088.63523153,3.0,
81.1974490031,0.995626651014,0.00248181782913,0.258976462714,0.115532463756,1.27170182192,1.38734631855,0.00248181782913,4756.84879424,3.0,
57.7245936363,0.996879076952,0.00189893906001,0.246033631221,0.111221130591,1.22867922733,1.13289128333,0.00189893906001,4936.01718375,3.0,
69.5596537275,0.996206264897,0.00233519806323,0.251048616585,0.114049793536,1.24251288449,1.28420131694,0.00233519806323,4787.78358144,3.0,
47.4439379288,0.997490756949,0.00200561209576,0.2523374884,0.115538357961,1.26056853394,1.12409633006,0.00200561209576,4922.34492862,3.0,
68.4431551319,0.996340237567,0.00227229256483,0.252695961704,0.112594771944,1.221895423,1.21011189391,0.00227229256483,4903.80899254,3.0,
68.7441175116,0.996327942862,0.00214662362911,0.249912273414,0.113075452433,1.20629499146,1.17097204955,0.00214662362911,4989.81732852,3.0,
59.7602339181,0.996812523476,0.00204911459377,0.248010370893,0.114042653312,1.27068235322,1.22406409725,0.00204911459377,4858.54564599,3.0,
46.3873002717,0.997574556483,0.00318594043706,0.260993293713,0.117315728932,1.15976923106,1.01731362527,0.00318594043706,5007.31155967,3.0,
58.9876594373,0.996957850478,0.00265910582777,0.260953397832,0.119096110866,1.20059716927,1.09458028273,0.00265910582777,5038.88018877,3.0,
73.7179628862,0.996182990902,0.00192220739422,0.244271594746,0.109492982819,1.20574999651,1.23428650366,0.00192220739422,5206.80980653,3.0,
62.8717594511,0.996734644709,0.00213939335577,0.25394469767,0.11476750114,1.25491750247,1.21932126905,0.00213939335577,4969.82692739,3.0,
58.1665515495,0.996855183185,0.0020376436909,0.249589100956,0.112570220066,1.27094210779,1.22268269098,0.0020376436909,4806.62359849,3.0,
51.4869457107,0.997228956723,0.00231351784478,0.255655041834,0.113882511844,1.24668012114,1.14684348667,0.00231351784478,4798.92277103,3.0,
46.8437169038,0.99759879852,0.00211795061256,0.247994996215,0.11375250042,1.19505649649,1.02762812543,0.00211795061256,5174.75373322,3.0,
51.2700649261,0.997248269388,0.00186970203974,0.243159102414,0.111020236344,1.22705593631,1.11433439241,0.00186970203974,4950.52778764,3.0,
56.2467191601,0.997029297467,0.00192404994775,0.239838876494,0.111159551044,1.26233422344,1.25707970714,0.00192404994775,4954.87623301,3.0,
43.9819035778,0.997621550467,0.00164904300261,0.239238883909,0.109048164422,1.26000171324,1.12312934567,0.00164904300261,4883.27735884,3.0,
69.0475664226,0.996426276416,0.00171736590524,0.242615877824,0.111356985726,1.25446113663,1.2509094258,0.00171736590524,5170.7313426,3.0,
58.7105493392,0.996925064398,0.00186229578027,0.24479608183,0.112732407873,1.26968039162,1.20260625317,0.00186229578027,4995.6151543,3.0,
69.0001381406,0.996348547237,0.00193485083116,0.242555687684,0.110418087314,1.26175831793,1.29207533269,0.00193485083116,4987.98021127,3.0,
54.5477275867,0.996986133799,0.00142029284435,0.234771905816,0.10827791677,1.3318523382,1.28447759819,0.00142029284435,4729.84358869,3.0,
48.2006262375,0.997351987886,0.00196286655013,0.24898912545,0.112812835986,1.27250984664,1.143758346,0.00196286655013,4734.26080512,3.0,
48.0982640328,0.997336361158,0.00167128298417,0.234295220844,0.11127113682,1.27881232593,1.2226366441,0.00167128298417,4760.92641766,3.0,
38.2801952388,0.997940294403,0.00198996417281,0.247097964435,0.112363945968,1.27850016558,1.16761062762,0.00198996417281,4786.08276368,3.0,
51.1876410186,0.997251807796,0.00206437873975,0.246969970422,0.112486329229,1.1959874981,1.07906248561,0.00206437873975,5002.38709968,3.0,
52.1415941428,0.99723475446,0.0023965896569,0.254673489491,0.115029955923,1.23937695293,1.14338997099,0.0023965896569,4886.99512885,3.0,
61.686558917,0.996688247434,0.00210431062769,0.245554433135,0.10963612368,1.21015647152,1.19615969056,0.00210431062769,4964.16081738,3.0,
43.2673021136,0.997669612941,0.00163087190509,0.24255818805,0.111579415397,1.27038602116,1.11645254869,0.00163087190509,4925.82436547,3.0,
48.6730671824,0.997432263713,0.00250864193121,0.254159074354,0.117439980667,1.20757432213,1.06943868858,0.00250864193121,4964.89009946,3.0,
44.792144403,0.997488587994,0.00182031990889,0.24163253138,0.110866115074,1.2901009204,1.20104065939,0.00182031990889,4632.21118294,3.0,
50.5667909932,0.997233829723,0.00170990875821,0.241603939618,0.110617727329,1.26368921544,1.16190081503,0.00170990875821,4845.2212083,3.0,
51.7642860432,0.997292983251,0.00174017413115,0.251077126429,0.114116304176,1.28399145167,1.12699728323,0.00174017413115,4986.43500496,3.0,
54.8111157158,0.997078030828,0.00159734972868,0.241925977884,0.110620574664,1.30953317072,1.25859925404,0.00159734972868,4877.9335592,3.0,
58.7701800433,0.996873877429,0.00158115688483,0.245783686441,0.114361666162,1.31903240026,1.25855320716,0.00158115688483,4885.69233666,3.0,
55.5458857117,0.99695426933,0.00172417635626,0.238007265848,0.107599785591,1.250532959,1.17741861215,0.00172417635626,4860.05632102,3.0,
66.5564764931,0.996253778021,0.00152119650363,0.230386957454,0.10772747496,1.29480909362,1.36377031818,0.00152119650363,4723.60368871,3.0,
65.9771147028,0.996490077756,0.00200385435482,0.23715572367,0.107602452493,1.25272232731,1.31035594235,0.00200385435482,4986.12583083,3.0,
54.8270479348,0.997152468765,0.00173991333243,0.236139905435,0.11079908608,1.23653553997,1.20536906571,0.00173991333243,5151.61355407,3.0,
67.1374038771,0.996454840413,0.00139304891995,0.238908411434,0.109513300021,1.30800642526,1.3233411613,0.00139304891995,4989.0380942,3.0,
81.101164986,0.995506648303,0.00148868571736,0.244800925954,0.112333511156,1.33900197255,1.36860524013,0.00148868571736,4641.46649618,3.0,
68.1004742828,0.996322650912,0.00204672711934,0.245141720266,0.113243708359,1.26635104457,1.28885205139,0.00204672711934,4825.95280704,3.0,
66.8434406226,0.996333047064,0.00166187514756,0.237192379007,0.110006879139,1.28385270606,1.32766956762,0.00166187514756,4803.27453263,3.0,
74.0416724225,0.995883154404,0.00176740109303,0.239645488283,0.11170212133,1.26844187194,1.35364000553,0.00176740109303,4754.6137464,3.0,
57.0817792513,0.99703443749,0.00127529723956,0.228972577648,0.108645480021,1.31484274746,1.31606575494,0.00127529723956,5084.21394583,3.0,
55.9997237187,0.997034575632,0.00208275974843,0.249576545274,0.113666579448,1.25969111585,1.16876179951,0.00208275974843,4867.90303504,3.0,
71.789934153,0.996081308327,0.00183717429095,0.236709820003,0.109191686898,1.25572722648,1.31657227057,0.00183717429095,4875.54143716,3.0,
49.6789151356,0.997381702467,0.00165953432006,0.244540863284,0.110505743125,1.30103026208,1.21135515955,0.00165953432006,4895.77354377,3.0,
72.8351982318,0.996062738627,0.00136241249193,0.230088694899,0.10410958936,1.29806123664,1.39319427177,0.00136241249193,4974.21021614,3.0,
53.5430768522,0.997121606147,0.00161932467088,0.235464077267,0.110076644465,1.28934471377,1.28604319197,0.00161932467088,4893.60448726,3.0,
61.0986324078,0.996726112655,0.00151609926694,0.242459340799,0.11523148425,1.40839882682,1.43661647557,0.00151609926694,4583.6148804,4.0,
63.909609983,0.996426123097,0.00210079090518,0.263885816938,0.118912810924,1.38231045662,1.41046185016,0.00210079090518,4313.29121537,4.0,
47.0461850163,0.997413557417,0.00247759840275,0.252081595507,0.116285278151,1.27431756881,1.21628217525,0.00247759840275,4579.13898233,4.0,
55.0320946724,0.99693060212,0.00188806396559,0.252353960524,0.115945216066,1.36449869181,1.33075470829,0.00188806396559,4420.03112362,4.0,
47.6767969793,0.997480694127,0.0025012017467,0.265378322131,0.123663672698,1.28377974447,1.14357415849,0.0025012017467,4681.09494295,4.0,
54.437215085,0.997037218414,0.00193034940292,0.251849262241,0.115883111639,1.33909077434,1.28650366073,0.00193034940292,4578.7035958,4.0,
90.5054105079,0.995048593424,0.00212781431684,0.256421507771,0.120763154878,1.35715563333,1.52267808629,0.00212781431684,4494.5991237,4.0,
57.8155362159,0.996781451523,0.0023545247323,0.251548519997,0.115353582177,1.3143261359,1.32090067689,0.0023545247323,4462.08165526,4.0,
92.7401574803,0.995185470753,0.00299622103297,0.266166498474,0.119306695205,1.26682884782,1.41502049086,0.00299622103297,4784.18280602,4.0,
60.7278169176,0.996668108202,0.00219476537582,0.26177694324,0.121088354576,1.36236821974,1.36436892757,0.00219476537582,4403.05702085,4.0,
55.4075148501,0.997086415699,0.00256229861661,0.257420872481,0.116915960181,1.23258432636,1.20417184694,0.00256229861661,4861.20960623,4.0,
47.7623981213,0.997361498022,0.00155241177758,0.24332047382,0.115293041869,1.40144999679,1.34226642722,0.00155241177758,4440.76939423,4.0,
48.5020030391,0.997209568163,0.00163649285953,0.240712859022,0.114120293889,1.37431623622,1.35552792743,0.00163649285953,4338.60733333,4.0,
59.8698254823,0.996567120031,0.00158349983264,0.242493495072,0.110830915507,1.39654706841,1.43274853801,0.00158349983264,4348.53043977,4.0,
55.4142837408,0.996915924827,0.00172095559813,0.239822251117,0.112008757741,1.38854907773,1.44025417875,0.00172095559813,4419.05708046,4.0,
64.2821752544,0.996546022778,0.00133667399102,0.236386829587,0.110759762022,1.41580424457,1.4818805544,0.00133667399102,4648.98390941,4.0,
59.5130082424,0.996701647752,0.00134152951183,0.23795894118,0.113466274305,1.43583786786,1.46318552286,0.00134152951183,4438.8077975,4.0,
55.3835704747,0.996908321162,0.00123968867342,0.238165790686,0.11171888592,1.41368876487,1.35060091173,0.00123968867342,4498.39078719,4.0,
57.1469816273,0.996724762149,0.00165530429211,0.242429161863,0.114132977558,1.40465214932,1.46894138233,0.00165530429211,4254.14983181,4.0,
64.3717364277,0.99617859549,0.00140283205227,0.23502442375,0.111839622716,1.43791220304,1.55919325874,0.00140283205227,4103.14723633,4.0,
49.2564350509,0.997217255454,0.00137994537471,0.23137757561,0.107602940817,1.32264886143,1.24059492563,0.00137994537471,4594.05641276,4.0,
67.6838421513,0.996274666339,0.00172069479941,0.252176956103,0.119477349277,1.37582301509,1.38757655293,0.00172069479941,4468.52320655,4.0,
57.9685499839,0.996785044329,0.00157582641351,0.247930260939,0.115936673203,1.38594374248,1.34397016162,0.00157582641351,4449.79555719,4.0,
54.9313441083,0.996803127743,0.00135613423992,0.231855031591,0.108726308121,1.41328452361,1.46355389787,0.00135613423992,4294.09556705,4.0,
69.3746373809,0.995955307503,0.00155040595981,0.238686943351,0.113075311604,1.4291085123,1.57006032141,0.00155040595981,4186.24523916,4.0,
70.2817608325,0.996157933484,0.00333193258979,0.26369793295,0.12277162636,1.28255659734,1.37813694341,0.00333193258979,4419.13520946,4.0,
59.5564304462,0.996859655183,0.00242247657985,0.27243168906,0.1253843764,1.31999712572,1.23916747249,0.00242247657985,4615.39709774,4.0,
59.3231109269,0.996710947841,0.00244107598095,0.263122710523,0.121658879221,1.35443150283,1.36971036515,0.00244107598095,4366.88016926,4.0,
63.9886264217,0.996512791182,0.00252470755617,0.261638594011,0.122932784844,1.33160856102,1.34001013031,0.00252470755617,4475.94355329,4.0,
52.4000092094,0.997251603648,0.00276513004721,0.267962622406,0.118864984283,1.2696992141,1.18842381544,0.00276513004721,4766.86964891,4.0,
50.8333563568,0.997306140849,0.00262328310984,0.270249929004,0.124424509403,1.29670204408,1.15651333057,0.00262328310984,4586.90466414,4.0,
43.1525072524,0.997762348438,0.00252386155058,0.267111139239,0.121391044714,1.24913081981,1.02587834415,0.00252386155058,4852.226544,4.0,
51.7886908873,0.997139060215,0.00215033205963,0.259629852618,0.118562810248,1.32780647221,1.24874522264,0.00215033205963,4488.29328815,4.0,
62.5521941336,0.99669062708,0.00242503155914,0.265831463076,0.118887028624,1.3036004596,1.26969655109,0.00242503155914,4662.04590102,4.0,
55.1416401897,0.99715520106,0.00212808995776,0.258829753671,0.118501024913,1.27944611456,1.20260625317,0.00212808995776,4912.63938675,4.0,
71.9280747801,0.996105638967,0.0022321465251,0.269835369115,0.118944246734,1.32872510063,1.30331077036,0.0022321465251,4578.08516908,4.0,
45.8105171064,0.997469396293,0.00225849143603,0.263396549995,0.117572352965,1.32668215329,1.20279044067,0.00225849143603,4462.99634583,4.0,
50.269374223,0.997330588809,0.00200960888909,0.259770322717,0.115637566314,1.31526912888,1.20578348759,0.00200960888909,4732.88208842,4.0,
61.1244647051,0.996629473786,0.00196111729045,0.255895252427,0.118137647782,1.38918492393,1.38941842796,0.00196111729045,4398.73123497,4.0,
75.7861122623,0.995993002226,0.0027492022427,0.26625169267,0.121767164408,1.27306280795,1.33835244279,0.0027492022427,4717.52493284,4.0,
56.0394161256,0.997057521063,0.00251345716603,0.268686209112,0.121125225394,1.29406906539,1.23801630059,0.00251345716603,4697.11151718,4.0,
65.4521342727,0.996588255515,0.00255017677711,0.274978515218,0.122627501876,1.31503919769,1.23092508173,0.00255017677711,4693.56835768,4.0,
74.1686697058,0.996071402259,0.00274660485712,0.278450209877,0.122892760401,1.29251764131,1.28208316066,0.00274660485712,4621.49681426,4.0,
65.0774047981,0.996420248736,0.00264336461097,0.258983174246,0.113176125794,1.28217228106,1.33545148962,0.00264336461097,4545.07461641,4.0,
41.4492333195,0.997856187081,0.00223488173114,0.264277482475,0.119839115186,1.2929036749,1.1185246581,0.00223488173114,4835.51296517,4.0,
40.329741677,0.997849580285,0.00256301316269,0.272555337586,0.123135810913,1.2795056061,1.0513883133,0.00256301316269,4624.16148807,4.0,
63.4427867569,0.996625941332,0.00235295569938,0.262155334717,0.117748817647,1.27945696584,1.21494681586,0.00235295569938,4753.03370324,4.0,
49.222682691,0.997321010895,0.0023508184221,0.260920264351,0.118735924287,1.30762783421,1.20647419073,0.0023508184221,4537.60510594,4.0,
55.9246673113,0.996957209988,0.00232509476339,0.269283800519,0.12119567749,1.35922311033,1.32633420822,0.00232509476339,4462.79983901,4.0,
50.3687433808,0.997307610754,0.00241509788447,0.274698186451,0.123166044502,1.29113006577,1.09370539209,0.00241509788447,4615.55127614,4.0,
84.7128977299,0.995303073234,0.0016112992795,0.260164351375,0.120438684693,1.44860759171,1.52378321131,0.0016112992795,4296.07243745,5.0,
56.1210111894,0.996854563327,0.00264326495617,0.274975037595,0.125032728805,1.37482999286,1.3246765207,0.00264326495617,4176.82532492,5.0,
71.5504903992,0.996193631323,0.00281629112213,0.277795710618,0.126100446317,1.32356922567,1.29898236405,0.00281629112213,4485.92820552,5.0,
68.5246120551,0.996099372018,0.00208063943367,0.269011326259,0.120997212823,1.44573959848,1.52742091449,0.00208063943367,4060.19254149,5.0,
78.4995625547,0.995753922359,0.00254211958101,0.284147341607,0.12653378159,1.37344790712,1.40687019386,0.00254211958101,4329.98854361,5.0,
53.3961873187,0.996952318752,0.00193778958742,0.252530531238,0.115413263181,1.44915455293,1.4610213197,0.00193778958742,4142.13251686,5.0,
45.9202468113,0.997412622414,0.00154036626941,0.244861445496,0.115714473362,1.43423792494,1.40544274071,0.00154036626941,4261.79050906,5.0,
74.9490261086,0.995930355974,0.0017056130005,0.248339544068,0.115752798439,1.4242468289,1.57609246213,0.0017056130005,4493.35748724,5.0,
31.1192153612,0.998181794632,0.0013782342807,0.234127035261,0.110131994356,1.46636560766,1.42855827232,0.0013782342807,4098.91782909,5.0,
64.43832021,0.996548460646,0.00196774327409,0.255746596758,0.119009929531,1.38901467447,1.36192844316,0.00196774327409,4528.38150574,5.0,
56.4808214763,0.996844153455,0.0018053271632,0.247557475569,0.117048453915,1.43501705944,1.52074411751,0.0018053271632,4253.06997297,5.0,
60.4255652254,0.996818449644,0.00193187814986,0.249951310544,0.11842422229,1.35985680863,1.35755398996,0.00193187814986,4630.73403544,5.0,
60.3256435051,0.996587735091,0.0015156200758,0.247906879924,0.112214811276,1.4410088446,1.47230280425,0.0015156200758,4265.81682788,5.0,
63.5713035871,0.99643750956,0.0017924441307,0.248748887874,0.116437652547,1.4232535826,1.51227149238,0.0017924441307,4255.94452864,5.0,
82.2483768476,0.995309451675,0.00154967657153,0.240009367724,0.112913816344,1.44981727023,1.71727218308,0.00154967657153,4214.43871836,5.0,
62.1683934245,0.996483081555,0.00131349258971,0.243634278042,0.113839231963,1.46522832011,1.54897085233,0.00131349258971,4287.21997733,5.0,
51.9713588433,0.997081190824,0.00160237275435,0.25139708249,0.116242647653,1.47662772767,1.53124280518,0.00160237275435,4180.27042873,5.0,
58.0695768292,0.996827563652,0.00180642336593,0.255309640647,0.121434664045,1.40764415548,1.37242713082,0.00180642336593,4382.8387238,5.0,
55.2624211447,0.996901870947,0.00147771096814,0.250863439867,0.116566658911,1.47867507058,1.48823502325,0.00147771096814,4237.61766996,5.0,
66.8100105908,0.996382145484,0.00170657986403,0.255997552737,0.119603632706,1.42359913304,1.42961735046,0.00170657986403,4451.96963814,5.0,
52.8761799512,0.997058010476,0.00151257318349,0.254839291797,0.119405069768,1.45955118096,1.39006308422,0.00151257318349,4272.33446677,5.0,
77.9264631395,0.995547211994,0.0016736153304,0.248697651729,0.114634434584,1.43779148418,1.61242344707,0.0016736153304,4200.84956884,5.0,
60.5257171801,0.996743082971,0.00212840800498,0.255212086267,0.118696879756,1.39159726958,1.41469816273,0.00212840800498,4469.99875618,5.0,
73.6756458074,0.995803846893,0.00151164872625,0.25077223266,0.117015816838,1.48140078592,1.57848689966,0.00151164872625,4160.80609368,5.0,
59.9388037022,0.996670029528,0.00163126628363,0.261820888758,0.122235643154,1.46527282046,1.42132891283,0.00163126628363,4229.6262856,5.0,
48.9382971865,0.997176765022,0.00118274974076,0.240354641706,0.113904873666,1.52780438587,1.52824975825,0.00118274974076,4083.1504467,5.0,
71.2998112078,0.995763400483,0.0017137274451,0.240995990204,0.111814751908,1.44878596995,1.62416540038,0.0017137274451,4038.53815352,5.0,
45.6731132293,0.997546646534,0.00122503941872,0.23059748584,0.108736182201,1.35905347986,1.26771653543,0.00122503941872,4835.0408378,5.0,
70.3548372243,0.99594632144,0.00160026092085,0.252239983011,0.116044795271,1.46918933131,1.54975364921,0.00160026092085,4134.29513213,5.0,
64.5692314776,0.996285356324,0.00165526612644,0.245297226675,0.114423392388,1.43528133697,1.52820371138,0.00165526612644,4191.27058448,5.0,
42.0412580006,0.997706343781,0.00144406793379,0.243904707798,0.115019210705,1.38973074478,1.24888336326,0.00144406793379,4586.38664445,5.0,
56.7505180274,0.996719756316,0.00162056929565,0.252425858069,0.117465668586,1.48409477782,1.49528019524,0.00162056929565,4071.11549019,5.0,
64.3897407561,0.996021790057,0.00125921465208,0.235853327475,0.109566770135,1.51264461893,1.64414974444,0.00125921465208,3823.24719703,5.0,
58.6102592439,0.996602618365,0.00193309521054,0.252509781748,0.116704672546,1.41584232105,1.44554956946,0.00193309521054,4126.71306198,5.0,
70.1176037206,0.995783763892,0.00180886808886,0.244421190581,0.112085684305,1.50317075011,1.70962840171,0.00180886808886,3891.48395923,5.0,
52.2754984574,0.997102108714,0.00208092779648,0.27083071157,0.126690574885,1.44490624008,1.32103881752,0.00208092779648,4150.68017614,5.0,
47.7201270894,0.997306144294,0.00151708097267,0.236716553597,0.110352916889,1.34653776781,1.32274255192,0.00151708097267,4492.7538521,5.0,
60.9903301561,0.996609473878,0.00152971592835,0.250696787674,0.115442061394,1.43326274797,1.39941059999,0.00152971592835,4407.88898017,5.0,
64.4648432104,0.996250163806,0.00184997463118,0.253955934876,0.118757779502,1.44028098937,1.50099000783,0.00184997463118,4033.01538229,5.0,
53.2854445826,0.997080791099,0.00198772724073,0.2517020081,0.116122387183,1.36035984682,1.32200580191,0.00198772724073,4497.00880457,5.0,
62.6679559792,0.996500873294,0.00195161403968,0.244779032719,0.112377837187,1.29821876308,1.33876686467,0.00195161403968,4543.96886084,5.0,
42.470553023,0.997608209595,0.00162612452033,0.249029475554,0.11254962523,1.39619003948,1.29838375466,0.00162612452033,4369.43117823,5.0,
55.3781829903,0.996884023813,0.0017924738151,0.253724145203,0.115942726307,1.39818956544,1.39973292812,0.0017924738151,4302.47636183,5.0,
50.7480314961,0.997202046892,0.00101483141306,0.230553066972,0.108077831674,1.50749954964,1.51047566423,0.00101483141306,4371.15406721,5.0,
69.4565547728,0.995989967954,0.00137142170936,0.237488809052,0.115222734807,1.46075748004,1.61707418152,0.00137142170936,4216.69207083,5.0,
76.3266565364,0.995686411989,0.0014481474194,0.244519612472,0.114469672986,1.43085164221,1.5232306488,0.0014481474194,4307.00080966,5.0,
47.2852143482,0.997332071584,0.00224675973445,0.261116878544,0.118438198244,1.40344265332,1.3645070682,0.00224675973445,4177.73070637,5.0,
59.5010360547,0.99684641198,0.00250445855018,0.270492740996,0.121368694169,1.35951771609,1.31095455173,0.00250445855018,4510.85034189,5.0,
60.7609246213,0.996704930885,0.00215890661254,0.255538413416,0.119104895712,1.326236533,1.31634203619,0.00215890661254,4562.72739206,5.0,
56.3082838329,0.99668787542,0.00172098316222,0.248631548505,0.115811847221,1.46506817025,1.57107335267,0.00172098316222,3969.06991048,5.0,
53.8196343878,0.996803673464,0.00036497190056,0.173087606679,0.0806921970245,1.49652746976,1.7841782935,0.00036497190056,4626.26587328,6.0,
52.1729060183,0.997191095048,0.00105760240247,0.21135338846,0.0991147366022,1.26991275132,1.30943500483,0.00105760240247,5130.97690511,6.0,
79.4611594603,0.995747590618,0.00109737526681,0.212614420851,0.100083107247,1.26135172625,1.41630980338,0.00109737526681,5185.68943731,6.0,
61.5873739467,0.996659397999,0.000993992959567,0.202707236786,0.0970397863138,1.29612642369,1.41828981904,0.000993992959567,5063.35322983,6.0,
64.4272229129,0.996394747131,0.00100287919874,0.202947997418,0.0959147059578,1.27638693538,1.42432195976,0.00100287919874,4992.65915537,6.0,
34.2465349726,0.998120983415,0.00105383248282,0.206455571999,0.097961617621,1.29433602557,1.26407883225,0.00105383248282,5004.4621965,6.0,
59.3617903025,0.996782281818,0.00124995735782,0.209822012488,0.10028860525,1.23565869442,1.29815352028,0.00124995735782,5122.62307694,6.0,
53.1886540498,0.997242791401,0.00124843073119,0.207260216665,0.0979372427384,1.2112784048,1.20053414376,0.00124843073119,5411.64982766,6.0,
49.1161762674,0.997309030604,0.00126870518096,0.207062764784,0.0958695899433,1.20134387778,1.24289726942,0.00126870518096,5143.76487824,6.0,
74.3003637703,0.9960074651,0.00121554040858,0.205703545233,0.0978185447028,1.23472930813,1.43412994428,0.00121554040858,5234.64336226,6.0,
62.2346548787,0.996559175383,0.00137737767353,0.217260406148,0.103997020844,1.21992829891,1.2476861445,0.00137737767353,5028.72187359,6.0,
61.1549477368,0.996693390525,0.00139158590276,0.218348290298,0.101960638238,1.27848728077,1.37164433393,0.00139158590276,5016.85492028,6.0,
57.2254455035,0.996786266668,0.0012723309192,0.215851556762,0.10280890376,1.27903253499,1.32831422388,0.0012723309192,4848.48211368,6.0,
51.6292766036,0.997143685506,0.00143396887457,0.217252883281,0.103486327512,1.19376403374,1.16567665884,0.00143396887457,5046.40701524,6.0,
54.458304554,0.997148644719,0.00143259915124,0.219443375266,0.104706433994,1.21804664209,1.20085647189,0.00143259915124,5244.37541909,6.0,
69.9852649998,0.996168541146,0.00117081660927,0.214591132453,0.10246367274,1.26262623339,1.35635677119,0.00117081660927,5024.27971491,6.0,
100.408159506,0.994380464618,0.00122065036716,0.215283995521,0.0989105638654,1.28994243616,1.63917668186,0.00122065036716,4866.91119395,6.0,
74.6153244002,0.996023140447,0.00120448296709,0.212643123159,0.100275621442,1.24928274988,1.42031588157,0.00120448296709,5206.30088648,6.0,
70.7732191371,0.996207193348,0.00123496249181,0.212362422144,0.0985018074479,1.27731982913,1.43518902242,0.00123496249181,5078.57627428,6.0,
49.7029516047,0.997153211194,0.00115225325352,0.212401194941,0.100230322595,1.28516900319,1.35382419303,0.00115225325352,4800.42048598,6.0,
75.04038311,0.995933565439,0.00136031550063,0.214140436134,0.101423410702,1.23856195591,1.40037758438,0.00136031550063,5105.31717789,6.0,
68.0546576415,0.996402529125,0.00137215533827,0.218505772287,0.103654290244,1.2441083064,1.336050099,0.00137215533827,5207.20287539,6.0,
52.3688354745,0.997087564724,0.00106246428423,0.212785911514,0.0993493096407,1.29101373118,1.32697886448,0.00106246428423,4956.94000701,6.0,
66.1639729244,0.996302968487,0.00133244608338,0.216551310762,0.100983136627,1.26847103761,1.3806234747,0.00133244608338,4865.07995203,6.0,
76.2048625501,0.995955575443,0.00129028574462,0.212720226042,0.101244770272,1.2424431231,1.44205000691,0.00129028574462,5214.48525259,6.0,
54.2122760971,0.997036174856,0.00132287710285,0.217264831446,0.101526660825,1.26169694009,1.29189114519,0.00132287710285,4990.33417382,6.0,
57.5391168209,0.996895338854,0.00131484535053,0.22110839832,0.102334640252,1.26557604134,1.29166091081,0.00131484535053,5034.94794848,6.0,
49.7611088088,0.997341799884,0.00120307507808,0.211141785332,0.0993342429312,1.2444768305,1.23460883179,0.00120307507808,5193.73717396,6.0,
52.7078325736,0.997140149243,0.00093908952908,0.209466539514,0.0991791582806,1.33200034637,1.37210480269,0.00093908952908,5014.10563786,6.0,
64.8116682783,0.996427495999,0.00119902103626,0.20987514111,0.0970365421181,1.25768717958,1.41331675646,0.00119902103626,5050.65908213,6.0,
59.3166183174,0.996797857385,0.00124078275584,0.218325730216,0.104642627377,1.2876830348,1.34323341161,0.00124078275584,5025.10454815,6.0,
103.074734079,0.994648037837,0.00142965403403,0.22089771406,0.104578491931,1.25270425249,1.54662246167,0.00142965403403,5245.55262942,6.0,
49.5811115716,0.997450860795,0.001485301695,0.217046684771,0.102833126777,1.18307528469,1.13924575218,0.001485301695,5407.07526192,6.0,
74.170419487,0.996053102242,0.00100182328199,0.207644811075,0.0972748037307,1.27106372069,1.43698485058,0.00100182328199,5247.02268265,6.0,
55.8057742782,0.996886510819,0.00154076064795,0.215520846329,0.101227453329,1.22430872227,1.32578164572,0.00154076064795,4921.18498652,6.0,
63.75991159,0.996462267912,0.00113558545916,0.210606737016,0.100673102881,1.25373024747,1.31021780172,0.00113558545916,5013.77639028,6.0,
73.1335819865,0.996131578866,0.00129884969595,0.21567625903,0.100889749947,1.22624074589,1.33784592715,0.00129884969595,5285.45209908,6.0,
35.8431182944,0.998015163472,0.00104385640186,0.208179471009,0.100244290404,1.29389414915,1.21632822213,0.00104385640186,4967.20235264,6.0,
65.1874107842,0.996481428442,0.0010982212724,0.211047709781,0.0984339633674,1.25717468582,1.32684072386,0.0010982212724,5148.63040863,6.0,
84.3836625685,0.995338827633,0.000953543714823,0.198171014944,0.093283999055,1.29286032005,1.61366671271,0.000953543714823,5080.49643324,6.0,
62.2114012064,0.996435950215,0.000900830569487,0.197116259012,0.0928221821348,1.29290301303,1.46488925726,0.000900830569487,4903.8459248,6.0,
63.3900630842,0.996600866447,0.00134959306887,0.215896196233,0.101069198604,1.22677314734,1.29511442649,0.00134959306887,5178.47087804,6.0,
61.1792604872,0.996610287635,0.00100383758101,0.209306617467,0.099769074671,1.27482234467,1.31067827048,0.00100383758101,5016.71396409,6.0,
60.6414790256,0.996665449704,0.00108645776609,0.208729417814,0.0985570555688,1.23669876461,1.29377906709,0.00108645776609,5123.28248181,6.0,
65.4456416632,0.996440945127,0.00126575582312,0.219670269874,0.101946329144,1.26678805445,1.3394575678,0.00126575582312,5035.51672614,6.0,
71.2558364415,0.996168982665,0.00111719172859,0.217701742281,0.10234822002,1.2735638577,1.3328268177,0.00111719172859,5141.93064612,6.0,
49.7845466685,0.997176153885,0.00112610553185,0.216848460751,0.101894779359,1.30342231766,1.27158447299,0.00112610553185,4800.34143683,6.0,
49.3135792236,0.99725601554,0.00105771265884,0.215929672464,0.101319266682,1.30389321313,1.28328037943,0.00105771265884,4905.39736303,6.0,
44.4273610536,0.997656146661,0.00113288629847,0.218686911517,0.104160209725,1.25973922159,1.12073490814,0.00113288629847,5226.31470893,6.0,
65.8820279044,0.99630986099,0.00106369830742,0.211164249228,0.100841407088,1.28647200128,1.38757655293,0.00106369830742,4938.21464372,6.0,
57.7006492609,0.996747460629,0.00114810379752,0.204566452564,0.0959163543373,1.29390845609,1.42961735046,0.00114810379752,4831.79074003,7.0,
58.3832020997,0.99687206277,0.00131436403908,0.225529169106,0.106382442927,1.29420134779,1.30119261408,0.00131436403908,4957.88051199,7.0,
61.5299074458,0.996653508662,0.00193182302168,0.235354958757,0.111243205538,1.24673885468,1.27885987936,0.00193182302168,4873.06200113,7.0,
66.8750748262,0.996317200942,0.00116628761694,0.217782122074,0.101025756085,1.32716533617,1.46806649169,0.00116628761694,4814.64075419,7.0,
68.890684717,0.996198715715,0.00140003747741,0.227765300831,0.10844341614,1.30556962562,1.39112216236,0.00140003747741,4792.17988886,7.0,
66.2664272229,0.996324351717,0.00106892064268,0.21389330698,0.100186644294,1.32324741686,1.50462771101,0.00106892064268,4893.18758736,7.0,
36.2207947691,0.998022546709,0.00132905570007,0.225120255022,0.104978003735,1.27810417515,1.1314177833,0.00132905570007,4921.37091683,7.0,
63.1247870332,0.996658589917,0.00134964819706,0.223424651478,0.104666254045,1.29839213849,1.39425334991,0.00134964819706,5012.42026286,7.0,
54.6620619791,0.99702085127,0.00143446926886,0.229130229126,0.107856046669,1.27716247963,1.22162361284,0.00143446926886,4914.38035386,7.0,
61.4462863195,0.996682512126,0.00196536640124,0.241425663492,0.109153262687,1.22782527394,1.18934475296,0.00196536640124,4928.48360122,7.0,
68.541327071,0.996331518122,0.00113638481783,0.22074434213,0.104724812116,1.32019069457,1.38960261546,0.00113638481783,5001.97523468,7.0,
37.720633605,0.997879517432,0.00140419117403,0.230675681722,0.108502521648,1.28829871755,1.10001381406,0.00140419117403,4737.23249518,7.0,
71.1546714555,0.996236522225,0.00128289432736,0.231041499586,0.108742658093,1.28175282668,1.27862964498,0.00128289432736,5076.09522196,7.0,
76.6942487452,0.995795727319,0.00126507944271,0.227751991253,0.108586568468,1.31417064388,1.42003960031,0.00126507944271,4816.78760605,7.0,
79.4846894138,0.995734604345,0.00120771008616,0.215292446489,0.101643796556,1.24102696694,1.38624119354,0.00120771008616,5162.9202372,7.0,
63.2483768476,0.996540770456,0.00111531312971,0.215522685738,0.1035035808,1.32267182442,1.3999631625,0.00111531312971,4905.52545866,7.0,
47.863286826,0.997320476226,0.00126371820063,0.221708202608,0.103775025812,1.29666612044,1.23907537874,0.00126371820063,4808.98088416,7.0,
54.9023806235,0.997063199431,0.00125484044272,0.2169286823,0.105349758661,1.28596275947,1.28125431689,0.00125484044272,5042.93011788,7.0,
54.4630013354,0.997007012797,0.0011072834977,0.221364681402,0.105292583279,1.33702632425,1.30446194226,0.0011072834977,4836.43522875,7.0,
75.871437123,0.995857341365,0.00134124750996,0.223715027334,0.104918710945,1.30627923928,1.43546530368,0.00134124750996,4859.1531365,7.0,
66.1045264079,0.996332697828,0.00119062458979,0.221538439004,0.105807025372,1.35018309841,1.44881889764,0.00119062458979,4716.76945013,7.0,
52.3913063499,0.997147476988,0.00150190587991,0.226734375763,0.105194506355,1.29166756069,1.26822305107,0.00150190587991,4875.31499048,7.0,
63.5527466961,0.996549349801,0.00119531048542,0.225454996002,0.10604973193,1.2712556328,1.24717962886,0.00119531048542,4990.93452677,7.0,
40.7437491366,0.997677898953,0.00120578484035,0.226350241904,0.104711627251,1.3413934533,1.26849933232,0.00120578484035,4625.47112993,7.0,
56.7125754018,0.996920210941,0.00141868352544,0.225137408065,0.107408131914,1.25756837218,1.23778606622,0.00141868352544,4951.94614778,7.0,
44.023345766,0.997484504903,0.00148684316383,0.251041885173,0.118822298757,1.44289954512,1.31265828614,0.00148684316383,4150.02782542,7.0,
57.4371229912,0.996890879279,0.00133438617139,0.224431717982,0.106587661033,1.28389544083,1.2765114887,0.00133438617139,4935.58059848,7.0,
71.4392871944,0.995938719877,0.0013255126541,0.216702586917,0.103238049005,1.29078599265,1.43136713174,0.0013255126541,4718.81267063,7.0,
80.1402587834,0.995659325642,0.0011003182637,0.221778335239,0.104852841064,1.34775060649,1.52212552378,0.0011003182637,4888.03255009,7.0,
59.7453607773,0.996655271027,0.00156294338101,0.219849835202,0.103122090262,1.270834067,1.44209605378,0.00156294338101,4765.97386368,7.0,
62.0355942349,0.996578405356,0.00125387781982,0.224116849268,0.105016220053,1.34669416233,1.41202744394,0.00125387781982,4776.16919495,7.0,
58.1422387991,0.996673676029,0.00138771208769,0.215074169195,0.103324958243,1.26717992501,1.32242022379,0.00138771208769,4754.02186469,7.0,
61.5190403831,0.99666002197,0.00147901072109,0.21963167435,0.104932855383,1.3136657254,1.46461297601,0.00147901072109,4827.17036499,7.0,
74.9249435926,0.996127025711,0.00128945882186,0.221193556028,0.105154962491,1.29221626293,1.40908044389,0.00128945882186,5188.83494773,7.0,
47.9122346549,0.997333492928,0.00157762656075,0.21814476776,0.101260217908,1.28075133132,1.35534373993,0.00157762656075,4837.51538569,7.0,
70.5906893217,0.996231750774,0.0014819409961,0.230376098679,0.107252919354,1.26949141185,1.31684855183,0.0014819409961,5000.96000708,7.0,
55.4996546484,0.996957385039,0.00135058961681,0.225405022945,0.103782878898,1.31602265298,1.35442280241,0.00135058961681,4851.30586644,7.0,
57.4776442418,0.996839537994,0.00165651923247,0.222272402283,0.104163946172,1.25964502968,1.34539761477,0.00165651923247,4874.73136455,7.0,
83.4056269282,0.995547189983,0.00131123021386,0.220591203278,0.103814882542,1.30437297091,1.5105217111,0.00131123021386,4973.724446,7.0,
65.3495418336,0.996387568113,0.00117038194474,0.218592153716,0.102638987287,1.31016031708,1.42119077221,0.00117038194474,4853.22628148,7.0,
64.2399042225,0.996502391142,0.00143817345875,0.236417425576,0.112102911239,1.33484001673,1.35718561496,0.00143817345875,4747.43589978,7.0,
51.0356863287,0.997249696011,0.00153459901325,0.235447027382,0.1119780839,1.29925759412,1.24096330064,0.00153459901325,4831.58695807,7.0,
56.0605516416,0.996933845078,0.00137639172717,0.234438572255,0.10748063369,1.32374171457,1.30197541097,0.00137639172717,4768.09641962,7.0,
82.1361606115,0.995545360109,0.00131541147457,0.226764872376,0.105719476632,1.29534659718,1.4414974444,0.00131541147457,4910.73105002,7.0,
75.185983331,0.995584653531,0.00136394335919,0.240141998289,0.111642852236,1.49389506073,1.69461712023,0.00136394335919,4026.76217942,7.0,
61.0937974858,0.996690325513,0.00163209108608,0.240776359515,0.111149449893,1.27637586468,1.22355758162,0.00163209108608,4893.75758608,7.0,
62.8352442787,0.996530199099,0.00181669205033,0.232648705807,0.106287237671,1.22077823501,1.21319703458,0.00181669205033,4901.32727108,7.0,
70.1025924391,0.996135840457,0.00193429954932,0.242194541071,0.113166140313,1.27371298306,1.33020214578,0.00193429954932,4726.65194966,7.0,
57.1361606115,0.996893731085,0.00193422745862,0.239482620917,0.113161124597,1.25302323603,1.22632039416,0.00193422745862,4826.25463945,7.0,
55.866602201,0.997054311022,0.00171156472404,0.236774731668,0.111031186953,1.24655952365,1.18722659668,0.00171156472404,5049.39717319,7.0,
