63.8911480462,0.996482561262,0.262970752142,0.779493099341,0.120665760717,1.45011448339,1.16268548024,0.262970752142,9082.05555324,1.0,
66.5162164446,0.996394401818,0.280649544513,0.795236660754,0.118943874738,1.36528850117,1.09327322325,0.280649544513,9224.06278827,1.0,
56.2179483311,0.997087433531,0.268791436318,0.792701168183,0.12285488541,1.40613889583,1.02504486127,0.268791436318,9651.03312886,1.0,
52.7988565405,0.99713781865,0.283780631617,0.797843343578,0.118322070091,1.36292310283,0.987064664607,0.283780631617,9223.53444434,1.0,
57.6319555089,0.996981374356,0.274059698071,0.795113534159,0.12085624402,1.37443107624,1.0317639935,0.274059698071,9546.0731446,1.0,
48.8001239217,0.997365484321,0.276763002194,0.796488749802,0.120017865867,1.36911069461,0.95427368997,0.276763002194,9261.62469337,1.0,
61.2141321054,0.996676240941,0.281998380854,0.795836756986,0.118330535834,1.36329227216,1.06002055974,0.281998380854,9208.45399966,1.0,
54.2540958543,0.997110112798,0.282208868009,0.801021769742,0.119218725821,1.33555796263,0.984503749839,0.282208868009,9386.8881478,1.0,
58.5653335023,0.99684141194,0.281957285046,0.777846086378,0.115445920787,1.44873902203,1.12597869995,0.281957285046,9270.80848063,1.0,
59.7907442948,0.996566049293,0.27813657036,0.777019653985,0.116652835538,1.43257373415,1.13472161871,0.27813657036,8705.76063822,1.0,
58.9086660712,0.996748606353,0.280638602474,0.78345164198,0.117548502706,1.40738016278,1.10427328763,0.280638602474,9058.97432572,1.0,
65.7482980881,0.996436607992,0.269503819002,0.778970705486,0.120895227559,1.46287626838,1.14285398159,0.269503819002,9225.31367322,1.0,
48.5133356669,0.997180121754,0.278550149463,0.776394527067,0.116636740948,1.42385586995,1.0571347528,0.278550149463,8602.02665362,1.0,
56.1948286822,0.996785024416,0.272158090229,0.774540164162,0.117989809315,1.45800425834,1.12872771018,0.272158090229,8739.54206176,1.0,
57.4412739797,0.996771582468,0.258499697121,0.770556528495,0.122152902224,1.49596381829,1.12968528711,0.258499697121,8896.38679714,1.0,
60.0821574852,0.996695540496,0.273362725493,0.7788778897,0.119401451817,1.441461002,1.11684751996,0.273362725493,9091.0898991,1.0,
54.4895390756,0.99705277279,0.268934978681,0.781457123777,0.121897154899,1.44399208639,1.05569034054,0.268934978681,9244.02671954,1.0,
48.0401246862,0.997431745552,0.277080447983,0.782476204156,0.119299967186,1.44716604869,1.01614704036,0.277080447983,9352.30316128,1.0,
62.8505636829,0.996597897403,0.25973651704,0.776122684036,0.123936332017,1.47458269868,1.12784456676,0.25973651704,9237.01047781,1.0,
68.7454665975,0.996275164811,0.268431821628,0.780007764174,0.121488879598,1.43693322518,1.16537413899,0.268431821628,9227.92863074,1.0,
52.0523086456,0.997139422873,0.264810658623,0.77980400846,0.122897455738,1.44459762518,1.03539212373,0.264810658623,9098.19766413,1.0,
51.5342685802,0.99715574463,0.265097853125,0.778758437523,0.122536851455,1.43795883536,1.04158921559,0.265097853125,9058.81405701,1.0,
53.8112285953,0.997155175199,0.278251227076,0.784593196672,0.119532250227,1.41697636676,1.04196641239,0.278251227076,9457.74034734,1.0,
53.1023309756,0.997033147007,0.262070913505,0.776541277364,0.122949336582,1.43807656984,1.0667195748,0.262070913505,8949.25646184,1.0,
67.8966551194,0.996273288217,0.269373058179,0.777443393501,0.120109562205,1.45236296526,1.18381956515,0.269373058179,9109.43109312,1.0,
68.0077410841,0.996291515572,0.274654418364,0.77779747473,0.118434184002,1.45443541925,1.19807358053,0.274654418364,9169.03022589,1.0,
59.7422247168,0.996744950622,0.263236024177,0.776755481306,0.12258275853,1.47031690543,1.12271267864,0.263236024177,9176.85383126,1.0,
53.0249493048,0.996976568085,0.269637523135,0.775566433397,0.119602600229,1.46248642889,1.08706506695,0.269637523135,8769.00006363,1.0,
60.4057078425,0.996526525279,0.261925571368,0.769042212934,0.120261724712,1.51497788892,1.18240331692,0.261925571368,8695.27356954,1.0,
55.6742679365,0.996919750568,0.266941908965,0.773160041325,0.119632688415,1.46247484205,1.14479830533,0.266941908965,9037.27191204,1.0,
71.5756596418,0.995902550356,0.270754572023,0.773309363412,0.118144554556,1.48519620802,1.23341038207,0.270754572023,8734.16993185,1.0,
54.6295696134,0.996872140175,0.258299617199,0.771297758022,0.122678259917,1.46365611827,1.1011038287,0.258299617199,8732.80917686,1.0,
51.1642214256,0.997189371164,0.257936691201,0.775622831268,0.12452135772,1.46034823114,1.0482942658,0.257936691201,9101.96047516,1.0,
57.1862768765,0.996748059729,0.27839938396,0.780137733525,0.117335378281,1.4566974921,1.09861634157,0.27839938396,8792.72828709,1.0,
47.9832383803,0.997285309299,0.282021811188,0.784256355915,0.11785103797,1.38978995666,0.999941660229,0.282021811188,8837.66282883,1.0,
57.5416163738,0.996752857524,0.281044686201,0.782432093899,0.117236848389,1.42827925762,1.09155924102,0.281044686201,8860.23597223,1.0,
69.0703316113,0.996363958972,0.275626570504,0.783141774753,0.119857209547,1.44884198279,1.15998776877,0.275626570504,9498.04879278,1.0,
62.8259241824,0.996479784286,0.269641943196,0.775316656569,0.119112666359,1.47662029132,1.15725786983,0.269641943196,8923.74562645,1.0,
52.5130278743,0.997072218669,0.277178907065,0.776313854474,0.116946438103,1.50645076807,1.08211624501,0.277178907065,8968.05839318,1.0,
55.9983000998,0.996818796384,0.269463893792,0.773758218509,0.119014514745,1.47728553114,1.12481291039,0.269463893792,8801.2169904,1.0,
57.1319162804,0.996871911599,0.255557366646,0.771456431059,0.124078332666,1.45993512786,1.11724885735,0.255557366646,9131.86799201,1.0,
52.9624754571,0.997104235832,0.270564044339,0.781568328625,0.121279211564,1.42454158792,1.0529584299,0.270564044339,9144.78213482,1.0,
60.4284271598,0.996650716561,0.271606706532,0.778312948824,0.119457127286,1.46255730303,1.13127655465,0.271606706532,9021.09783404,1.0,
65.3916690807,0.996310642067,0.281330165367,0.780320841715,0.11620773299,1.44620003859,1.16917527681,0.281330165367,8862.11549025,1.0,
58.1598720951,0.996646875531,0.27371304308,0.77492275071,0.118037724883,1.44319314874,1.12507946279,0.27371304308,8672.46865016,1.0,
69.5007755166,0.995932284674,0.259287013934,0.764858460864,0.119985370884,1.50080397507,1.25240701848,0.259287013934,8542.98588951,1.0,
53.5988074546,0.996926364383,0.274682060108,0.776852853802,0.118213580942,1.47096218817,1.09266568495,0.274682060108,8719.11053768,1.0,
60.4144105269,0.996674201404,0.274942883488,0.78167222571,0.119579540321,1.44842945068,1.10665013036,0.274942883488,9082.77467118,1.0,
52.6727601551,0.997077908299,0.269341727782,0.778678645595,0.12075828778,1.45382301744,1.06285808549,0.269341727782,9012.85201611,1.0,
56.8401439986,0.996917904077,0.270342540714,0.783042176696,0.122089373441,1.40265979053,1.05793441,0.270342540714,9221.09515452,1.0,
46.8277739555,0.997538562053,0.254135372592,0.779865453449,0.125658145832,1.46459609375,1.00100082883,0.254135372592,9511.82836425,2.0,
51.9632429268,0.997232221901,0.249555547438,0.781126431982,0.126438231412,1.45566950898,1.0327436993,0.249555547438,9386.82804567,2.0,
60.0784539156,0.996638972481,0.253128897517,0.773274333839,0.123934483456,1.43218942548,1.12648364072,0.253128897517,8937.54055918,2.0,
52.5789125869,0.997176178352,0.252335444103,0.778817055618,0.124815504344,1.47188081308,1.05620031061,0.252335444103,9310.09321264,2.0,
56.3427018958,0.997024032861,0.242008358316,0.779236816832,0.129518752559,1.45431594351,1.05583719583,0.242008358316,9466.21846378,2.0,
59.8187131856,0.99672006532,0.234374956614,0.769036751249,0.128968843521,1.51718180927,1.13347435464,0.234374956614,9118.88739875,2.0,
62.4557040202,0.996586855527,0.240402012034,0.770537778956,0.127178000114,1.52176982545,1.15534472769,0.240402012034,9149.29100042,2.0,
77.3339640064,0.995844389378,0.240362720699,0.774815869731,0.128249170443,1.4613566264,1.23246487543,0.240362720699,9304.57257174,2.0,
75.4700032992,0.996080869839,0.236518235634,0.775649477737,0.130181761929,1.51558532942,1.20552497747,0.236518235634,9628.43375602,2.0,
75.5853088387,0.995928998027,0.234162316197,0.76843386635,0.129079416944,1.53426932815,1.25335353096,0.234162316197,9283.56751636,2.0,
64.0844085957,0.996449289319,0.256809936486,0.777725017272,0.122679993134,1.46490796376,1.14998048635,0.256809936486,9024.42724276,2.0,
61.9573234518,0.996556644237,0.250376081131,0.772736171194,0.12386029803,1.50772744875,1.15511740376,0.250376081131,8996.55256461,2.0,
50.9306259656,0.997143810907,0.245748534449,0.772310880241,0.125480166971,1.46362548789,1.05920480881,0.245748534449,8915.99033752,2.0,
64.2965028325,0.996397266327,0.249955990271,0.7722904522,0.123109636408,1.48849920166,1.1841665862,0.249955990271,8923.47350347,2.0,
57.0077320314,0.997004617849,0.259546070128,0.78366665837,0.124758279434,1.43602505503,1.04980908813,0.259546070128,9516.06661422,2.0,
49.195198838,0.997361182032,0.258304845727,0.784353200464,0.124678886672,1.40566301037,0.998201525686,0.258304845727,9320.21379133,2.0,
56.6448827974,0.996958864646,0.251732144875,0.781124009667,0.126145505538,1.44413569239,1.06381264484,0.251732144875,9313.01233205,2.0,
85.8915332899,0.995361967709,0.247983128855,0.77544188868,0.125437053727,1.46832030494,1.30392304783,0.247983128855,9259.57947367,2.0,
62.5587179735,0.996701800685,0.249035436985,0.781857004845,0.126864842084,1.45705230188,1.10820216943,0.249035436985,9483.75831566,2.0,
55.0207619174,0.996931334951,0.240075035622,0.769806537329,0.126875647718,1.48075833349,1.10265888535,0.240075035622,8964.16441087,2.0,
80.3450837679,0.995424964956,0.229846532506,0.755992016633,0.126289756649,1.57343207086,1.38391994979,0.229846532506,8780.82329617,2.0,
60.8556684128,0.99672481133,0.254566065096,0.779712597696,0.123724509368,1.48190028324,1.1245101471,0.254566065096,9290.52280778,2.0,
60.0908973864,0.996704405328,0.238184698758,0.771571287007,0.128571110354,1.48965309211,1.12413697374,0.238184698758,9116.85194513,2.0,
62.8295553302,0.996721190919,0.247361464815,0.781539012022,0.129005126684,1.40156526068,1.08616582979,0.247361464815,9581.36121941,2.0,
59.1422957303,0.996787434917,0.241928963332,0.775544234464,0.127400219093,1.45107772817,1.11094514452,0.241928963332,9204.85114921,2.0,
69.2621557954,0.996316228839,0.238983953388,0.775499275653,0.128931135295,1.50077104293,1.17329828924,0.238983953388,9401.16849464,2.0,
64.0857363284,0.996515016577,0.247161253012,0.77455954895,0.125720646466,1.49100193057,1.14851796865,0.247161253012,9194.8366862,2.0,
49.4001243241,0.997292769564,0.248123537367,0.773448465862,0.125483316208,1.48562798452,1.04910599331,0.248123537367,9123.46246006,2.0,
62.0432961568,0.996571499723,0.240783950171,0.774204469046,0.127518983845,1.48977877113,1.13765771855,0.240783950171,9048.11558161,2.0,
67.6482996974,0.996273114461,0.243911426735,0.775282131018,0.12702206068,1.48746741753,1.17120509849,0.243911426735,9075.71469392,2.0,
54.8471467829,0.997128122518,0.243640696963,0.781985799017,0.128011260181,1.46326720552,1.04608540138,0.243640696963,9548.90329265,2.0,
64.7646090833,0.996554524222,0.240701204862,0.778459005914,0.128558905991,1.50966025035,1.13059055942,0.240701204862,9398.50012765,2.0,
77.2102515048,0.9957693438,0.252451815322,0.779604107251,0.124751854349,1.4364030307,1.21298945056,0.252451815322,9125.01293956,2.0,
68.8545770568,0.996331169981,0.240945430276,0.778843344487,0.128385395828,1.49519871094,1.16275186687,0.240945430276,9383.72406229,2.0,
64.9513144554,0.996518297476,0.245079438101,0.781349211557,0.127494142868,1.46696831681,1.12042535728,0.245079438101,9327.54625933,2.0,
62.1075041039,0.996517454,0.248440514859,0.775271763744,0.125890683152,1.45054448841,1.12634181473,0.248440514859,8917.16831399,2.0,
76.6000557245,0.995831763803,0.234286120571,0.772273109117,0.129250727219,1.48469692728,1.25766564471,0.234286120571,9188.6878371,2.0,
61.2105824321,0.996628951192,0.247342613239,0.777688253969,0.126237130063,1.39996644741,1.11135452878,0.247342613239,9078.66880185,2.0,
54.8081536871,0.997102562887,0.256606056724,0.788184606,0.126051123086,1.38650204475,1.02025094148,0.256606056724,9457.97820845,2.0,
55.3453563554,0.996981712337,0.246510954003,0.778556571744,0.126892445875,1.44655602493,1.06114913255,0.246510954003,9168.63734341,2.0,
58.9703070684,0.996701197995,0.250446600533,0.775449963083,0.125016698883,1.43452266687,1.12129240698,0.250446600533,8937.83832852,2.0,
68.94399382,0.996355851271,0.253824987179,0.783974270341,0.125009156716,1.43935811172,1.15574304751,0.253824987179,9459.72586986,2.0,
65.2162323371,0.996361077998,0.243543927746,0.77231407097,0.126133519078,1.4784296829,1.17275110242,0.243543927746,8961.24278831,2.0,
60.0514566837,0.996629762117,0.232349639594,0.763164745824,0.128613048395,1.50102875014,1.17781861562,0.232349639594,8909.4465321,2.0,
68.7364178978,0.996139078758,0.236552656442,0.77039060635,0.128259324915,1.4509586253,1.20011446665,0.236552656442,8901.69441219,2.0,
70.3509841316,0.996266868378,0.231727812486,0.775385694525,0.131734656109,1.48033377653,1.16882926162,0.231727812486,9422.75990002,2.0,
61.5820015772,0.996790339067,0.257938242188,0.784810224405,0.124471565685,1.45812063357,1.09719204648,0.257938242188,9593.25091415,2.0,
69.7017308806,0.996125606688,0.238986667,0.771467486697,0.128039232207,1.48570442773,1.20402222544,0.238986667,8994.69563589,2.0,
55.8532754764,0.996966064099,0.241413266746,0.777241412217,0.128043578318,1.47441999682,1.069575206,0.241413266746,9204.75535638,2.0,
78.476002237,0.995683414277,0.247622683765,0.775699087278,0.125334854276,1.46736822289,1.24302537981,0.247622683765,9090.05488121,2.0,
66.4390993144,0.996582314437,0.262845276043,0.794827160722,0.123558714737,1.4103440793,1.08548586971,0.262845276043,9719.8964166,3.0,
85.8068812766,0.995363599984,0.249412697499,0.784459583699,0.124556100659,1.43727601559,1.28608415411,0.249412697499,9253.66189141,3.0,
66.1029888068,0.996419929306,0.274959444673,0.7946585353,0.119259785901,1.38378670347,1.09123837228,0.274959444673,9232.10485571,3.0,
89.4972469663,0.995107922367,0.259281834919,0.785657317017,0.121961876827,1.41053075694,1.31054159424,0.259281834919,9147.25548807,3.0,
62.0203032461,0.996713920172,0.2624345628,0.794210140749,0.12295451202,1.40359612189,1.05581204938,0.2624345628,9436.8859122,3.0,
72.4408937653,0.996118242518,0.265168999619,0.793895297657,0.12161594886,1.37725812301,1.13799568688,0.265168999619,9330.94018715,3.0,
64.3476386475,0.996557966183,0.274905789074,0.798322496494,0.120598720981,1.3574693469,1.05697783893,0.274905789074,9347.32807178,3.0,
53.3367753798,0.997151106207,0.261117738981,0.791594482531,0.123044668597,1.4008421338,1.00765860371,0.261117738981,9360.96240358,3.0,
76.1761680024,0.996012141825,0.267054422458,0.801571799439,0.123929072522,1.30775517155,1.10414051436,0.267054422458,9551.01211672,3.0,
59.5760147097,0.996922163021,0.26292603419,0.79966374989,0.124423012341,1.3478615423,1.00285060191,0.26292603419,9678.22777991,3.0,
70.1887472641,0.996361254221,0.280659122114,0.803384691999,0.118762361721,1.34825725426,1.08968432149,0.280659122114,9644.63465369,3.0,
69.3022694171,0.996393788083,0.257650160894,0.792877641416,0.124661666856,1.39448691897,1.10796378106,0.257650160894,9608.65286316,3.0,
58.8099229915,0.996814101724,0.261542329806,0.789223950543,0.122173573198,1.41444115285,1.06049431891,0.261542329806,9229.81659399,3.0,
64.5291055105,0.996518103659,0.257758579744,0.789012559814,0.1236086883,1.39974421825,1.08882934209,0.257758579744,9266.54122951,3.0,
33.7718673555,0.998266844958,0.275466033784,0.801288464148,0.122153913424,1.3257075222,0.81385187331,0.275466033784,9740.527953,3.0,
43.9177881985,0.997640178449,0.27372023402,0.792304772627,0.120359284227,1.37160036569,0.944029025042,0.27372023402,9304.3435607,3.0,
75.342410197,0.996013308245,0.26330526741,0.788142798802,0.123149506458,1.40173170047,1.17378411871,0.26330526741,9449.26587603,3.0,
67.5240862785,0.996341661373,0.269338014613,0.786924619895,0.120533937978,1.40364936188,1.12041932213,0.269338014613,9228.79114873,3.0,
81.4218307422,0.995780176,0.273558605325,0.794757558221,0.120654164298,1.4054743587,1.2039679091,0.273558605325,9647.53870556,3.0,
70.2762478676,0.996312550907,0.263562782867,0.790031857611,0.12353981667,1.41058210175,1.12825395101,0.263562782867,9529.26482525,3.0,
70.5789799794,0.996258318157,0.267612666526,0.78960816006,0.121505559417,1.40882411162,1.14915467684,0.267612666526,9431.45127452,3.0,
58.5047396035,0.99675997649,0.262696493213,0.778198035529,0.120714021715,1.47285468939,1.11893668727,0.262696493213,9028.44638333,3.0,
60.0547880858,0.996693927779,0.261699929074,0.783668686795,0.122346889463,1.42547034545,1.09805809032,0.261699929074,9082.60145259,3.0,
76.7299844293,0.995742396778,0.265923010498,0.780717801746,0.119849281377,1.43132973202,1.23568965656,0.265923010498,9010.9062978,3.0,
67.6602331981,0.996351022032,0.256247217958,0.78253642629,0.123956065542,1.4249758675,1.15158080662,0.256247217958,9271.12109008,3.0,
65.0158543357,0.996504796783,0.278814278841,0.796868012661,0.119072458618,1.35425825639,1.07326268186,0.278814278841,9300.78897504,3.0,
66.9956687749,0.996439263475,0.259663115794,0.789653606404,0.124025281461,1.39175622704,1.10133819364,0.259663115794,9407.55772075,3.0,
64.8419505198,0.996513006312,0.274991408493,0.793693741018,0.119511783689,1.36233270336,1.08620908169,0.274991408493,9297.69808485,3.0,
60.1864971595,0.996752553756,0.271785469381,0.791032668069,0.12000994643,1.42009564399,1.06583844309,0.271785469381,9266.5088227,3.0,
63.9168024575,0.996621696992,0.265417353252,0.793772223053,0.123370066823,1.36703535953,1.06786625306,0.265417353252,9459.86151581,3.0,
61.5318434563,0.996544473412,0.260198675809,0.77676698991,0.121424051525,1.44560330679,1.14533643942,0.260198675809,8903.39603693,3.0,
59.3643127575,0.996746602406,0.27122215227,0.786570379222,0.120025226303,1.41370307876,1.07675200367,0.27122215227,9123.44600655,3.0,
67.8334158137,0.996446627845,0.260879279279,0.787922954729,0.123470917186,1.44019908154,1.12586503798,0.260879279279,9544.93546747,3.0,
59.5215434692,0.996821208849,0.2611033012,0.784834482979,0.122581475595,1.44268383629,1.09328529355,0.2611033012,9362.29793622,3.0,
70.8232988928,0.996225100824,0.25818869627,0.783423338828,0.122865652721,1.47457982309,1.18053543839,0.25818869627,9380.88440783,3.0,
57.9352931473,0.996817746794,0.273238970193,0.786418104496,0.119471275941,1.39821218911,1.07079832947,0.273238970193,9102.5543178,3.0,
68.4709427707,0.996139381161,0.270535305929,0.777849319682,0.118273534485,1.44354899104,1.19494536179,0.270535305929,8867.87139919,3.0,
70.2377295368,0.996258100548,0.2710262558,0.788342637504,0.120743237071,1.38599188058,1.14933874887,0.2710262558,9385.28682908,3.0,
61.1046585313,0.996822976138,0.27650773549,0.790353665499,0.120631756218,1.37826120356,1.0751205018,0.27650773549,9616.76497781,3.0,
74.164686132,0.996076574944,0.264618054773,0.782108620705,0.122346571908,1.45732994913,1.20084673136,0.264618054773,9451.62082937,3.0,
60.5388542874,0.996636581691,0.253304066284,0.774210843605,0.123853434544,1.48850739563,1.13311325158,0.253304066284,8999.83241635,3.0,
63.9095864314,0.996542575198,0.261969736289,0.785190173153,0.122829041149,1.41316569789,1.11228897097,0.261969736289,9242.45909059,3.0,
69.1113665991,0.996199870927,0.266183522714,0.781192817644,0.119926398213,1.43799751178,1.19339030514,0.266183522714,9093.29200129,3.0,
74.6953034473,0.995838396203,0.267252399431,0.779510222463,0.118798839615,1.43261504998,1.23912265032,0.267252399431,8974.34103456,3.0,
58.5834127961,0.996952966264,0.269238779967,0.786102019873,0.121370318301,1.43942501154,1.07717848751,0.269238779967,9613.24900597,3.0,
56.0070430185,0.997028847702,0.258547276692,0.785249850834,0.124942519407,1.39919870496,1.04267051307,0.258547276692,9425.11817925,3.0,
61.6646690324,0.99662705975,0.273480464843,0.788556170348,0.118598928937,1.40057722495,1.11553487511,0.273480464843,9141.11758044,3.0,
56.552894055,0.99701308043,0.257233477629,0.783323590064,0.124455675273,1.4389649054,1.07216629651,0.257233477629,9466.48315111,3.0,
72.0227122763,0.996100787076,0.276258391541,0.787061272963,0.117912520958,1.4389961793,1.19439616325,0.276258391541,9235.5056262,3.0,
56.9062872168,0.996935545148,0.267979433028,0.784736223374,0.120423759154,1.42538455791,1.08766154081,0.267979433028,9284.88540747,3.0,
81.5962002704,0.995610807121,0.229114508833,0.762217312271,0.130332216045,1.55110357878,1.33143628492,0.229114508833,9295.43104261,4.0,
73.4097996733,0.99587942735,0.222143136061,0.759864351342,0.130654436763,1.54197479141,1.2867450029,0.222143136061,8907.82233044,4.0,
56.4916101374,0.99688861975,0.246507442411,0.775921122264,0.126412999301,1.41678399092,1.0884280047,0.246507442411,9078.32192564,4.0,
76.4166556022,0.995722407287,0.231180168658,0.764493446764,0.128858366106,1.52128608464,1.28486404822,0.231180168658,8932.34329261,4.0,
61.4762174907,0.99674355426,0.237861482549,0.781066036645,0.130577960784,1.43019716359,1.08592844728,0.237861482549,9438.78477731,4.0,
68.4526220709,0.996263924361,0.239190196037,0.772918703082,0.127447291151,1.48339333042,1.20200849749,0.239190196037,9161.04002239,4.0,
82.2151942916,0.995484028616,0.228473828939,0.765925066263,0.129238665086,1.52449711203,1.34015405723,0.228473828939,9102.88653495,4.0,
79.4240013841,0.995566269607,0.23640343804,0.767694313755,0.127520193156,1.47175089294,1.30146975988,0.23640343804,8956.79195077,4.0,
84.2057040202,0.99561202589,0.235170504004,0.779121784243,0.130846512913,1.42697286865,1.27801717201,0.235170504004,9595.35547045,4.0,
76.1743302997,0.995804463358,0.2233635352,0.76430023503,0.131192589094,1.51987351249,1.28574517993,0.2233635352,9078.03363845,4.0,
54.6748110998,0.997119367763,0.252550370797,0.787103299667,0.126559078835,1.38075497021,1.03239969583,0.252550370797,9489.59672837,4.0,
52.7728802546,0.997076151081,0.231831332967,0.757014623506,0.129523447549,1.54166698216,1.13141636893,0.231831332967,9024.75431137,4.0,
62.7189582126,0.996381643529,0.238460321497,0.755067989491,0.12505705905,1.52956069326,1.23737547477,0.238460321497,8666.96885285,4.0,
72.912892687,0.995804317394,0.235480689779,0.753191859827,0.125670513258,1.55637651468,1.31861762907,0.235480689779,8689.16909904,4.0,
74.4847552144,0.995842843928,0.231580778376,0.756577929403,0.128725989584,1.52739364395,1.2964163287,0.231580778376,8958.61905586,4.0,
73.8595681248,0.996015874155,0.235902351148,0.758350257485,0.127237609168,1.56014653527,1.30637030063,0.235902351148,9269.59334166,4.0,
74.2584934659,0.995869776671,0.22995702857,0.754921483128,0.128363320379,1.57766930697,1.3052517864,0.22995702857,8989.61830645,4.0,
59.3400192722,0.996677228711,0.240387245816,0.760021823609,0.126075104944,1.56115016716,1.18713286179,0.240387245816,8929.61815564,4.0,
82.8892278631,0.995230060492,0.224724660479,0.74557011331,0.127759422198,1.569780656,1.42076755021,0.224724660479,8689.11262854,4.0,
71.5285553061,0.995737322335,0.225539626539,0.740712339972,0.125766025589,1.589729624,1.3738663979,0.225539626539,8389.85519691,4.0,
39.3425479995,0.997771837633,0.259438543319,0.768464744998,0.12173726621,1.46385505416,1.01059269184,0.259438543319,8828.23020831,4.0,
66.3116882725,0.996336084567,0.231360674,0.759865739408,0.129428380034,1.53075341748,1.2298335506,0.231360674,9049.4040193,4.0,
61.4075908089,0.996582357563,0.233368455541,0.759976348207,0.129043833901,1.53594933618,1.19028723284,0.233368455541,8983.69390494,4.0,
65.9830462614,0.996146787763,0.237901297885,0.750970443193,0.12398504768,1.55744088647,1.28728615456,0.237901297885,8562.20186873,4.0,
82.0121145552,0.995196448059,0.224595522166,0.74311630584,0.126676549187,1.58930829775,1.4390490215,0.224595522166,8536.61161108,4.0,
74.6555710458,0.995903685102,0.2256908944,0.767636736392,0.131328992212,1.43771339243,1.25046973574,0.2256908944,9112.62168003,4.0,
74.8327559708,0.996039062673,0.227057541059,0.777889529863,0.132130095132,1.47994832192,1.20078738573,0.227057541059,9446.55134459,4.0,
76.4180869383,0.995746145147,0.223911965799,0.764232607617,0.129888476387,1.51767506114,1.29265844277,0.223911965799,8982.21647602,4.0,
88.2314580115,0.995175006628,0.227156070678,0.768739537757,0.129958002862,1.49590577124,1.34457681537,0.227156070678,9143.1688306,4.0,
66.8619731315,0.996482502493,0.241490710102,0.786272278439,0.128195850328,1.42499996681,1.12111839352,0.241490710102,9504.28535076,4.0,
77.2496057036,0.995892683282,0.227354871215,0.775755575363,0.132668067275,1.45376897541,1.21706418179,0.227354871215,9404.07248756,4.0,
41.2634000418,0.997855605661,0.247695943319,0.791447812751,0.128391321838,1.39050875675,0.89284794644,0.247695943319,9621.5219425,4.0,
73.9194287531,0.995903775469,0.235858416991,0.769833609509,0.126998099412,1.4884055471,1.24546760332,0.235858416991,9022.87316041,4.0,
69.8244636765,0.996292932877,0.233850193762,0.779494420404,0.129666856408,1.45725923621,1.17300357281,0.233850193762,9417.75011948,4.0,
71.1397549327,0.996319488014,0.247147656414,0.784929251097,0.127868720159,1.42698110842,1.15358145841,0.247147656414,9664.5008746,4.0,
68.5528920433,0.996275660563,0.236148068143,0.775613261435,0.128338378001,1.49199478047,1.17526474186,0.236148068143,9203.29472304,4.0,
48.6271957883,0.997305050702,0.234990734814,0.771340763276,0.128313196939,1.48011053388,1.04877104255,0.234990734814,9022.22139242,4.0,
62.4650072019,0.996674586641,0.243554232118,0.782090128695,0.126734542159,1.45970632715,1.10243759656,0.243554232118,9392.28148059,4.0,
54.6688664784,0.996975384341,0.226945281594,0.765772688566,0.129545353182,1.52275607671,1.11686160197,0.226945281594,9037.60677946,4.0,
105.586319726,0.994397193722,0.235646923798,0.780341060563,0.129186897718,1.44411962124,1.43022462823,0.235646923798,9422.63581083,4.0,
62.9021933742,0.99668710625,0.235664467146,0.781924170809,0.129575736297,1.44160529098,1.11147422589,0.235664467146,9493.24211153,4.0,
66.0830657751,0.996543679683,0.230810154362,0.783632627881,0.131306737087,1.46589445487,1.10791047058,0.230810154362,9559.74268993,4.0,
74.9516001191,0.996015863474,0.22959257636,0.780031850628,0.130817693986,1.46314905028,1.19803535792,0.22959257636,9406.55124566,4.0,
69.1749116857,0.996183293676,0.24104357052,0.772430811431,0.125995048686,1.43983029026,1.21200974475,0.24104357052,9062.34841471,4.0,
63.0579595565,0.99672825556,0.241233878187,0.784696730792,0.12908306813,1.44474127985,1.09286484486,0.241233878187,9636.9428102,4.0,
46.1131660792,0.997533334368,0.235206463065,0.782008566615,0.130538010057,1.43526815022,0.975258907879,0.235206463065,9346.87756338,4.0,
68.9492796044,0.99632112335,0.24536658114,0.78606675828,0.127038043572,1.43190241279,1.1308048072,0.24536658114,9370.6530605,4.0,
69.5620091412,0.996196952207,0.233370550429,0.773132035545,0.128695007385,1.46577608308,1.20893885992,0.233370550429,9145.81578923,4.0,
74.9853054188,0.99590360236,0.225008186851,0.769023017279,0.130072419856,1.52683217644,1.26857518186,0.225008186851,9152.59909793,4.0,
52.7484067207,0.997171830315,0.235267057745,0.781421865491,0.129959157832,1.44570253031,1.02288528389,0.235267057745,9325.80563196,4.0,
81.7257598252,0.99544602135,0.213553334134,0.755243994158,0.133944867751,1.60449548651,1.3494562331,0.213553334134,8973.35860389,5.0,
72.4414469873,0.995921320323,0.209890943765,0.761211516256,0.135376195449,1.53400031737,1.24451606154,0.209890943765,8880.76060828,5.0,
83.3528520101,0.99554441436,0.217509091405,0.776395169275,0.135620100894,1.47696323467,1.24586491728,0.217509091405,9353.60833419,5.0,
81.5154238284,0.995338109182,0.203703465323,0.751992866615,0.135954369259,1.59167964521,1.35679597979,0.203703465323,8742.74269925,5.0,
72.0748861369,0.996081840824,0.20933048386,0.768664105101,0.136091483546,1.53464108626,1.21866550792,0.20933048386,9198.01474758,5.0,
72.3403320941,0.995850937494,0.212690207329,0.743183093752,0.129981747311,1.60637490999,1.35432156882,0.212690207329,8717.4089034,5.0,
64.2917793228,0.996361611896,0.220194719843,0.747543281837,0.129550332315,1.58121967231,1.27754844213,0.220194719843,8835.41751962,5.0,
65.6800787788,0.996418998471,0.226347928695,0.758622843598,0.129631040803,1.56957158492,1.24003596949,0.226347928695,9170.98729767,5.0,
57.1311689278,0.9966487929,0.219851991932,0.73882027921,0.127064178003,1.59978118463,1.27179795127,0.219851991932,8524.28570729,5.0,
66.7793036645,0.996409672082,0.225108980869,0.761578539758,0.131371071517,1.53904267272,1.21360905916,0.225108980869,9300.17442922,5.0,
76.3577274044,0.995712004312,0.213765163228,0.747710500451,0.132373420276,1.58474664411,1.35589674263,0.213765163228,8903.56399272,5.0,
45.7903308871,0.99758209654,0.229810051506,0.763569699627,0.13152451132,1.4894444851,1.04628154371,0.229810051506,9469.33217163,5.0,
62.1902640981,0.996466892495,0.221729122413,0.749786390692,0.128954201698,1.58216673484,1.2362338258,0.221729122413,8801.42393745,5.0,
68.7670120783,0.996130714667,0.217292778556,0.750169846552,0.131047159977,1.56401406549,1.28887742211,0.217292778556,8886.49764035,5.0,
88.7193625676,0.994916883757,0.217817696356,0.741802445477,0.128498668582,1.59714180803,1.48314483552,0.217817696356,8727.01015274,5.0,
72.1302183919,0.995899429097,0.221980593128,0.747223065856,0.128040555586,1.61518628428,1.34002228982,0.221980593128,8795.5717161,5.0,
65.0208373568,0.996328031641,0.209540379489,0.74385624358,0.132004560007,1.62087834526,1.30105333462,0.209540379489,8854.20876747,5.0,
65.3557016062,0.996416320075,0.219829828587,0.754877030418,0.131955583757,1.55293001129,1.22310938908,0.219829828587,9118.66901932,5.0,
72.5232011233,0.995911633949,0.212578561001,0.745384654067,0.131812969818,1.63254732615,1.333576751,0.212578561001,8870.03534513,5.0,
79.3148637666,0.995688713309,0.221220541238,0.75688483366,0.131493247795,1.57613865996,1.3194021984,0.221220541238,9198.66260706,5.0,
63.9961958446,0.996421418948,0.214106708818,0.748846674846,0.132195747844,1.61503488283,1.25166972448,0.214106708818,8942.19661707,5.0,
81.8705108552,0.995297521544,0.217001692283,0.743815593991,0.12933319602,1.59895904959,1.42508268154,0.217001692283,8705.0121402,5.0,
69.4972218199,0.996243800164,0.220716398973,0.759124256066,0.132101280365,1.5407718736,1.24367717587,0.220716398973,9251.49156036,5.0,
82.8909187106,0.995250391472,0.210673807016,0.742152454561,0.131182906844,1.64275726329,1.43153324965,0.210673807016,8726.45536877,5.0,
75.7913005343,0.995768671492,0.20901756817,0.75122436062,0.1351345356,1.61732755159,1.31392831853,0.20901756817,8955.96978448,5.0,
60.559069018,0.99648760532,0.209687065183,0.738231853887,0.131713736919,1.66728500671,1.27461033057,0.209687065183,8621.22032758,5.0,
69.0820216943,0.995879252833,0.219391598201,0.742964388292,0.127342010018,1.59286130432,1.33558243208,0.219391598201,8382.2203711,5.0,
52.0392868064,0.997196139375,0.256627774965,0.773927195221,0.123718016246,1.49658706685,1.06275749968,0.256627774965,9278.29095214,5.0,
68.0672738026,0.996058317547,0.214436555899,0.745595519415,0.130777517609,1.62234710085,1.31131509914,0.214436555899,8634.29190575,5.0,
67.2805579696,0.996109995873,0.220021495486,0.74937617608,0.12938286517,1.58334896937,1.28460353096,0.220021495486,8648.29894551,5.0,
51.4756733214,0.997180097438,0.238934915045,0.766517971632,0.127829260597,1.5361227159,1.08458361497,0.238934915045,9127.1344046,5.0,
69.6197977018,0.995955723626,0.210160097658,0.744196206705,0.132205400092,1.62937398738,1.31737237672,0.210160097658,8607.11744854,5.0,
82.0611964079,0.994901482167,0.209003489046,0.723921853758,0.126811900862,1.66539889845,1.51726656045,0.209003489046,8047.55412286,5.0,
68.0932128718,0.996036210486,0.218750623993,0.747581976841,0.129400830775,1.57281474829,1.30521155208,0.218750623993,8588.9899754,5.0,
66.0483063361,0.996011499511,0.207925585139,0.735301493223,0.129562459146,1.6410045225,1.35914465849,0.207925585139,8279.69214211,5.0,
65.368987986,0.996359958728,0.202458707074,0.751776681674,0.136705694663,1.59773186876,1.23957025718,0.202458707074,8978.82052019,5.0,
44.8407646131,0.997462767278,0.246120347538,0.766158256752,0.123694833806,1.49091733433,1.07814511716,0.246120347538,8835.36559327,5.0,
60.4598280385,0.996626219452,0.229154962659,0.761355748103,0.129158782517,1.57313882579,1.18978329793,0.229154962659,8960.64962043,5.0,
66.6428228,0.996101980467,0.209240526164,0.741286890971,0.131657431639,1.59462423673,1.3227909344,0.209240526164,8548.48194537,5.0,
53.9867558662,0.997029710609,0.231688841653,0.767706718974,0.129466083944,1.50659887599,1.11567468939,0.231688841653,9088.22585518,5.0,
47.7375685995,0.997327960944,0.247662508684,0.770880360436,0.125050208389,1.44530155588,1.06574590415,0.247662508684,8930.94329763,5.0,
54.5659329938,0.99691366422,0.230593259443,0.760496308676,0.127811460223,1.54338143051,1.15734537949,0.230593259443,8839.73976406,5.0,
56.0505664993,0.996834193422,0.224968717669,0.758263219154,0.1299960356,1.53897355498,1.16210208253,0.224968717669,8852.72015955,5.0,
61.8817060561,0.996575627551,0.221314936245,0.745502074007,0.130023826431,1.62847974988,1.25733371154,0.221314936245,9035.55856785,5.0,
71.2152697309,0.995872115085,0.224529085963,0.747678873165,0.128410997195,1.60550971951,1.32952314278,0.224529085963,8626.05546516,5.0,
58.9465688168,0.99665556061,0.226254167505,0.752878973237,0.13035355266,1.57119731407,1.19607996974,0.226254167505,8812.90893945,5.0,
72.2923124276,0.99590383998,0.212709179961,0.753790233458,0.132563227144,1.55585578889,1.28997682503,0.212709179961,8824.26930905,5.0,
75.8990671672,0.995960069481,0.218487026466,0.766870134778,0.134345745821,1.51055418526,1.24467398127,0.218487026466,9393.56061234,5.0,
52.7919030433,0.997127432935,0.235521646783,0.773284268622,0.129529856024,1.46602737119,1.06808150669,0.235521646783,9189.23709228,5.0,
69.7739042182,0.995873725216,0.206965836217,0.737200600147,0.131326561526,1.61707997824,1.36380178158,0.206965836217,8455.36497472,5.0,
73.785822631,0.995609546834,0.282953790705,0.756461971287,0.106532121841,1.60910941606,1.39736223767,0.282953790705,8402.98482122,6.0,
65.289190244,0.99648155377,0.294320752468,0.786420819561,0.113723541711,1.40257352031,1.15174174392,0.294320752468,9278.12818176,6.0,
71.2920177111,0.996182568627,0.29502627363,0.788182232889,0.11408530578,1.39799467861,1.17820687685,0.29502627363,9337.64012519,6.0,
72.8124617774,0.996045985667,0.289273363441,0.778482247095,0.11290758017,1.42669564776,1.23899188876,0.289273363441,9207.40994463,6.0,
72.5809544789,0.995935177062,0.298108706129,0.782978339935,0.111085523791,1.41526044711,1.23599744914,0.298108706129,8927.94294439,6.0,
69.0628641206,0.996206936129,0.289116364096,0.781798842032,0.113929214278,1.42834251598,1.20516689198,0.289116364096,9103.83616867,6.0,
68.1573705259,0.996301834906,0.296307646029,0.788212936943,0.113222742033,1.37448942636,1.17161750032,0.296307646029,9215.04153369,6.0,
57.6004027456,0.997011040683,0.30654535856,0.79623746526,0.11315212738,1.32989771195,1.0219820233,0.30654535856,9635.57965675,6.0,
68.719345468,0.996234758948,0.306069323004,0.792213362185,0.111374433855,1.33569916665,1.14471884254,0.306069323004,9125.49084099,6.0,
88.12966517,0.995260545117,0.301245773239,0.789674844762,0.111836769264,1.38279048378,1.30572051629,0.301245773239,9297.44742172,6.0,
73.8179255987,0.995916595951,0.296400076771,0.788755658263,0.113833773278,1.3717174725,1.1952692481,0.296400076771,9038.77313052,6.0,
73.8100849347,0.996004172979,0.28158021866,0.781494364577,0.116641012237,1.42415485479,1.2336497763,0.28158021866,9235.91797864,6.0,
73.0284557261,0.995893423013,0.283471453703,0.779606633787,0.115250602074,1.42715515078,1.23485378846,0.283471453703,8891.64576124,6.0,
55.2046056231,0.996944330794,0.302663026294,0.793315459608,0.113150756512,1.33511787889,1.0428475441,0.302663026294,9033.15654952,6.0,
58.6619592507,0.99692678699,0.294224258599,0.79288256822,0.116241391902,1.34984319142,1.04637810609,0.294224258599,9544.07635459,6.0,
66.7834930636,0.996343088544,0.290591550946,0.784505694714,0.114652925361,1.40467751971,1.17212445281,0.290591550946,9131.14192825,6.0,
107.936389533,0.993954019704,0.277942947253,0.773682649058,0.114938664237,1.45727024634,1.52931271727,0.277942947253,8926.29352435,6.0,
79.1129397612,0.995782600707,0.293617212075,0.787185987749,0.114151757161,1.39580976054,1.24419016351,0.293617212075,9379.35138032,6.0,
71.9073001159,0.996141316419,0.283324572991,0.783166584865,0.116595751039,1.41195906831,1.20466999807,0.283324572991,9317.67475531,6.0,
81.491010646,0.995328443982,0.287904522694,0.77757549424,0.112726066643,1.44372111192,1.31905718907,0.287904522694,8722.04322626,6.0,
75.0274015868,0.995931129271,0.29281255771,0.786565940841,0.114126614363,1.38447025231,1.2245236256,0.29281255771,9219.63419668,6.0,
83.9936067658,0.995557736957,0.289385810092,0.78666559645,0.115418932629,1.39470916326,1.26719615038,0.289385810092,9453.93392245,6.0,
63.3436816016,0.996472479602,0.292623903859,0.783006481975,0.112375302378,1.43166084161,1.16022917471,0.292623903859,8978.49968913,6.0,
66.4101165186,0.996284584151,0.284449617659,0.781070445583,0.115563821039,1.40584467507,1.15933194927,0.284449617659,8937.14686321,6.0,
80.1748996154,0.995741307106,0.292612433613,0.787219127718,0.114151763652,1.3860896171,1.24514472287,0.292612433613,9413.07077518,6.0,
58.6147261652,0.996793508567,0.287698396083,0.784836822056,0.115440012665,1.39317826286,1.08977686044,0.287698396083,9140.00978887,6.0,
62.7552727083,0.996608148696,0.283602702542,0.783943583318,0.116826930472,1.41196981943,1.13218585039,0.283602702542,9250.93093028,6.0,
55.8693048313,0.99701289764,0.297895784607,0.791572162899,0.114189921708,1.37235046169,1.03795102678,0.297895784607,9351.77678773,6.0,
81.2043964047,0.995588206288,0.281564784355,0.777325497334,0.115118833773,1.47169667514,1.29262424359,0.281564784355,9203.07169545,6.0,
70.7939881872,0.996095327519,0.296984117332,0.785836286731,0.111829648146,1.40226899656,1.21152793872,0.296984117332,9065.29145909,6.0,
62.462972351,0.996624872203,0.283531245458,0.78394812967,0.116337397465,1.42552499289,1.1322120027,0.283531245458,9253.4232932,6.0,
90.1761136861,0.995313546429,0.282110333034,0.784342471545,0.117522180896,1.40173954947,1.33171591348,0.282110333034,9620.93991635,6.0,
54.2559395922,0.997211993774,0.299476177525,0.792718800167,0.114772800153,1.31895806697,1.01670629748,0.299476177525,9729.18375132,6.0,
67.9293263969,0.996382664722,0.298832133902,0.789050467551,0.112683615988,1.40572676546,1.1633996395,0.298832133902,9389.41529887,6.0,
73.4547544902,0.995898479348,0.290196123145,0.783375419363,0.114257958996,1.36944214836,1.23201123342,0.290196123145,8954.5757197,6.0,
63.6248692384,0.996468951678,0.298295119038,0.788532926442,0.112677385856,1.38806226545,1.12510058581,0.298295119038,9009.34575883,6.0,
71.2183919145,0.996230548381,0.299990232343,0.791668833236,0.113113461142,1.37176597882,1.16562057422,0.299990232343,9446.78419067,6.0,
62.4975577765,0.996534299245,0.289684148393,0.782371748937,0.114031105082,1.4299087881,1.14474499485,0.289684148393,9016.58311011,6.0,
66.1851633916,0.996428039515,0.29737330912,0.790268009929,0.114227816674,1.38342874387,1.12119886217,0.29737330912,9264.64778438,6.0,
88.6126862849,0.995101709133,0.298175642054,0.78425554869,0.11092998851,1.43040635724,1.35472592378,0.298175642054,9045.26585769,6.0,
69.984559072,0.995987250361,0.301049369305,0.782973475425,0.109524365416,1.42655111073,1.23111300212,0.301049369305,8720.28121515,6.0,
76.2941511362,0.995906580324,0.296351060553,0.790511387128,0.113703942173,1.36995175038,1.20876384061,0.296351060553,9319.1215617,6.0,
65.0870177916,0.996391826972,0.296201393574,0.78666698114,0.113125670419,1.41112400631,1.14431348172,0.296201393574,9019.38904215,6.0,
73.2416041023,0.995972759138,0.30413419455,0.790726228961,0.111551508195,1.37960135873,1.18836604384,0.30413419455,9093.31952987,6.0,
74.0397334074,0.995969073531,0.28664535053,0.784536040115,0.116128089076,1.41367870249,1.21124629844,0.28664535053,9183.9598146,6.0,
77.8127202829,0.995812832208,0.291688173349,0.786747142768,0.114695224774,1.42291503178,1.22784396324,0.291688173349,9291.80245859,6.0,
65.6385911549,0.99627103084,0.283826409128,0.779785622256,0.115304041231,1.45027647513,1.17020527552,0.283826409128,8801.17109217,6.0,
57.6300795835,0.99678883645,0.287039495759,0.78339966486,0.115460471792,1.4353968266,1.09411613235,0.287039495759,8973.39526547,6.0,
54.3307985709,0.997132159991,0.294541479925,0.791809405582,0.1154309997,1.39369583961,1.01887191,0.294541479925,9472.42496067,6.0,
71.4416199949,0.995994182025,0.292908559055,0.782206101287,0.112607564164,1.432207876,1.22684916956,0.292908559055,8917.23244136,6.0,
65.4831619351,0.996304711865,0.285192362601,0.776951495044,0.113430868837,1.41978504824,1.19510026394,0.285192362601,8860.35940024,7.0,
60.0749565469,0.996774735043,0.272431755716,0.777183532478,0.119314788557,1.43528646278,1.11892461697,0.272431755716,9313.18160505,7.0,
78.557615553,0.995720918242,0.269473177246,0.781564686238,0.120144199381,1.4052389495,1.23657380585,0.269473177246,9179.26087818,7.0,
63.1429585908,0.996518170173,0.270528635344,0.772699715194,0.118042120058,1.45402171867,1.17160140659,0.270528635344,9067.49648564,7.0,
80.9154817658,0.995527085481,0.266210643873,0.774229011229,0.120267319984,1.46048484681,1.27957625209,0.266210643873,9045.05120931,7.0,
62.4451244045,0.996531038181,0.283057847129,0.777049063352,0.114175758627,1.45599930132,1.19207061929,0.283057847129,9000.54939444,7.0,
53.5866174601,0.997069648586,0.27959090877,0.783124383555,0.118780496189,1.41284595486,1.04392884157,0.27959090877,9143.36901223,7.0,
69.9021541457,0.996294920098,0.271414889342,0.776354236193,0.119108350062,1.43463021434,1.20268845758,0.271414889342,9433.32304549,7.0,
57.4552503782,0.996861871797,0.276519528974,0.780163021025,0.119001871449,1.42603950261,1.09665793582,0.276519528974,9154.43854272,7.0,
61.753948999,0.996661288557,0.274601118204,0.786261928129,0.119706740345,1.37859971004,1.08158917536,0.274601118204,9248.19702698,7.0,
65.2594973123,0.996502294117,0.275283623291,0.776006586448,0.117419297262,1.45770752919,1.17074039204,0.275283623291,9328.90007027,7.0,
55.6149192899,0.996867764383,0.273987742877,0.779768138738,0.119297128427,1.44120199875,1.07198121862,0.273987742877,8877.83137856,7.0,
67.2294593714,0.996440077947,0.277211418214,0.78208765243,0.119257710537,1.43112818532,1.14834093762,0.277211418214,9442.63005885,7.0,
72.9046104513,0.995996966857,0.266238290338,0.775412248352,0.120172688045,1.46416608846,1.22780674649,0.266238290338,9106.17122644,7.0,
64.4858646759,0.996539868013,0.295560937838,0.790138746615,0.114813319227,1.37338302387,1.11198117838,0.295560937838,9318.43663628,7.0,
66.6080331853,0.996352035452,0.277117433336,0.77740689549,0.117191267476,1.45452837101,1.16999605704,0.277117433336,9129.47923502,7.0,
69.8494109695,0.996083546882,0.277781505807,0.777378233438,0.117034668192,1.44259266364,1.19750828827,0.277781505807,8917.48387674,7.0,
75.0519545835,0.995981598871,0.278594558922,0.781445497158,0.118521553363,1.42619167987,1.21396010364,0.278594558922,9338.53442895,7.0,
66.3423679509,0.996347745007,0.270814024859,0.774291637234,0.118890186976,1.47518485062,1.18229166667,0.270814024859,9082.38445492,7.0,
82.5265687363,0.995485140915,0.267925933972,0.774807026126,0.119873349729,1.45682585052,1.3031696601,0.267925933972,9139.55676683,7.0,
72.8333554622,0.995952001232,0.261261712793,0.767341278737,0.120187789918,1.49223406407,1.26853595339,0.261261712793,8996.21740891,7.0,
63.6510939713,0.996530286409,0.271764580113,0.780169921827,0.119144684888,1.42388088852,1.12871161645,0.271764580113,9172.41885024,7.0,
59.1722260445,0.996784865702,0.283020069296,0.785303514302,0.117761179767,1.41201456964,1.0776975103,0.283020069296,9202.15321365,7.0,
78.6392147869,0.995506103674,0.264213286465,0.766770559768,0.118447150147,1.50047914845,1.31727380263,0.264213286465,8749.55818739,7.0,
61.2258030771,0.996672437799,0.279880814365,0.78399370597,0.118420123936,1.39673437018,1.10093585039,0.279880814365,9199.79843868,7.0,
51.1443517043,0.997067392544,0.216428772127,0.745759886987,0.132292549635,1.58498304543,1.16056613718,0.216428772127,8720.1470271,7.0,
67.2990697824,0.996354384048,0.274366079451,0.781246939296,0.119610882235,1.42464702734,1.15520994271,0.274366079451,9230.13705666,7.0,
76.3780718907,0.995651925429,0.274160040646,0.772855291716,0.117248186082,1.4389071463,1.27638365843,0.274160040646,8782.97915272,7.0,
91.2192549408,0.995049347215,0.263853771116,0.771029299238,0.11997861909,1.49617517297,1.38851672139,0.263853771116,9212.85120435,7.0,
83.0874573516,0.995343150999,0.271911242668,0.771387841559,0.116908049894,1.41774515763,1.34430121025,0.271911242668,8921.05332265,7.0,
81.6508525653,0.99548954129,0.263734142955,0.770431910285,0.119935757779,1.49147971168,1.30389186623,0.263734142955,9051.28034774,7.0,
73.9534478805,0.995764506912,0.282547446511,0.776804379221,0.11453850497,1.42329129292,1.25675433726,0.282547446511,8730.20549819,7.0,
80.7676357104,0.995605273292,0.262647684747,0.769296700534,0.119184270861,1.45659283231,1.3297052031,0.262647684747,9189.12758848,7.0,
72.1480753911,0.996265015383,0.276000279385,0.780123451484,0.118825270448,1.42718870235,1.20298518572,0.276000279385,9658.46268046,7.0,
61.4556476922,0.99657540425,0.280400335593,0.779706737833,0.114925449354,1.41645254433,1.15387617484,0.280400335593,8972.68643822,7.0,
60.2141059531,0.996782832554,0.275793897323,0.784173476113,0.119337580748,1.40606252646,1.09129671205,0.275793897323,9358.25147698,7.0,
62.8622477308,0.996548199569,0.271398744116,0.77521375395,0.1174983882,1.46148713256,1.17637118579,0.271398744116,9105.73160519,7.0,
66.3016608729,0.9963502432,0.276405232427,0.779756355263,0.117458713641,1.40094193395,1.17390482168,0.276405232427,9083.05205735,7.0,
70.2861243884,0.9962418077,0.270080387246,0.776216890441,0.119735645697,1.43824794704,1.20876384061,0.270080387246,9351.18697536,7.0,
73.8268958414,0.995914754146,0.275461163453,0.776461253629,0.117260373006,1.45029892988,1.23298490408,0.275461163453,9035.79629832,7.0,
73.4888862737,0.995989025527,0.255860305744,0.769691633464,0.12309187724,1.48683864146,1.25218371797,0.255860305744,9160.98906194,7.0,
70.8223111401,0.996176440063,0.260765407112,0.775269588046,0.122615796386,1.44585162224,1.20111529548,0.260765407112,9261.30285706,7.0,
68.8844480253,0.996227083789,0.261264503191,0.772391306104,0.121906866619,1.46453186053,1.20298317401,0.261264503191,9128.80946902,7.0,
76.804063868,0.995831773278,0.271154508413,0.777807333212,0.119745396474,1.44058763015,1.24249529258,0.271154508413,9213.05143926,7.0,
94.7295780626,0.994405076537,0.208791950782,0.733660362511,0.129606146398,1.64789007364,1.56897873214,0.208791950782,8465.71461312,7.0,
70.9669686253,0.996149867803,0.269733233754,0.78229954083,0.120408259596,1.43484390951,1.17888281351,0.269733233754,9216.19383228,7.0,
71.8395696537,0.996028049495,0.282025092851,0.785759582927,0.116357643535,1.38126252791,1.18073057487,0.282025092851,9043.39047117,7.0,
78.6946144345,0.995652872008,0.25956288521,0.774369200373,0.121376106716,1.43825463255,1.27602657879,0.25956288521,9051.35385867,7.0,
77.1870453521,0.995797152725,0.264085863832,0.780253691769,0.121780145571,1.41128206349,1.22652327153,0.264085863832,9182.73091298,7.0,
65.5193134817,0.996539044832,0.273097708028,0.783063836141,0.120641907849,1.40352342209,1.13574155884,0.273097708028,9465.54974438,7.0,
