58.8473251029,0.996767743339,0.00140188656878,0.217673281383,0.100750632788,1.29199904462,1.51810699588,0.00140188656878,4803.38850965,1.0,
35.7024691358,0.998066420729,0.00172068959678,0.219864424376,0.10243846044,1.18751061903,1.14403292181,0.00172068959678,5051.3809005,1.0,
32.3333333333,0.998329374001,0.0014758929025,0.220694886525,0.102475216065,1.25531965712,1.23086419753,0.0014758929025,5156.54334432,1.0,
49.3232510288,0.997327022092,0.00166984199563,0.227222832729,0.103467774964,1.20213801215,1.17427983539,0.00166984199563,5031.88076378,1.0,
67.2195473251,0.996481470977,0.00158046706972,0.220572740635,0.103232697016,1.22446329924,1.39032921811,0.00158046706972,5150.80177787,1.0,
28.7625514403,0.998450287307,0.00173999559688,0.22779579872,0.102438369493,1.21225961119,1.09053497942,0.00173999559688,4993.6916443,1.0,
42.9432098765,0.997668336078,0.001509932429,0.217897046998,0.100991322044,1.19660637248,1.18600823045,0.001509932429,5051.31229845,1.0,
39.9209876543,0.99787315037,0.00199550373419,0.234356195705,0.1070619287,1.16493175422,1.08641975309,0.00199550373419,5124.54541481,1.0,
74.9783950617,0.995961250095,0.000930498399634,0.194613584998,0.0893849175361,1.30456100436,1.63888888889,0.000930498399634,5072.56486437,1.0,
60.353909465,0.996537885747,0.00124557570831,0.20324869967,0.0961171584602,1.27029432212,1.53086419753,0.00124557570831,4727.40987588,1.0,
50.3290123457,0.997226137513,0.00133169062982,0.205465665215,0.0941403423811,1.25456722179,1.44053497942,0.00133169062982,4930.97132649,1.0,
71.6222222222,0.996126210397,0.00102503852732,0.204619068788,0.0946839626154,1.3052286622,1.52139917695,0.00102503852732,4972.52215819,1.0,
45.6773662551,0.997346785182,0.00116996054125,0.205386463058,0.0944939170436,1.27429575865,1.3683127572,0.00116996054125,4655.93681117,1.0,
66.3407407407,0.996213613956,0.00123583803282,0.20310581243,0.0952617403302,1.2876519522,1.62551440329,0.00123583803282,4707.01381586,1.0,
54.1742798354,0.996965139408,0.00107093261529,0.208370290778,0.0962910375191,1.34253396864,1.50144032922,0.00107093261529,4700.67878313,1.0,
35.4701646091,0.998053143518,0.00108067029078,0.195459488444,0.094532121207,1.28456576655,1.35411522634,0.00108067029078,4929.29495314,1.0,
56.875308642,0.996929666043,0.0012926129147,0.217734100956,0.102322370731,1.27595600392,1.34320987654,0.0012926129147,4951.80364964,1.0,
28.2522633745,0.998492175984,0.000943072702332,0.199861150426,0.0936418624457,1.31406768212,1.36090534979,0.000943072702332,5055.00877594,1.0,
96.7430041152,0.994782210586,0.00123223932666,0.215892675413,0.0995356252355,1.31407648344,1.6121399177,0.00123223932666,4891.12075071,1.0,
72.3888888889,0.996087322429,0.00132686412979,0.218846522119,0.0989120845648,1.27364912889,1.4304526749,0.00132686412979,4926.99674695,1.0,
67.2820987654,0.996312987164,0.00131848126133,0.22242686748,0.102637429576,1.27803997477,1.33724279835,0.00131848126133,4827.92229892,1.0,
81.9763374486,0.995486784808,0.00156010262663,0.228316359175,0.102589504075,1.27453980219,1.46604938272,0.00156010262663,4795.94998411,1.0,
47.7520576132,0.997479856263,0.001142525699,0.204392636508,0.0972219863065,1.26927999474,1.29938271605,0.001142525699,5144.04458909,1.0,
22.3283950617,0.99875545323,0.00148973733679,0.219117696583,0.104283485329,1.26756768428,1.15843621399,0.00148973733679,4731.71396999,1.0,
52.5711934156,0.997120373615,0.00117491405443,0.20615807562,0.0989264162308,1.28323299006,1.43374485597,0.00117491405443,4910.57985867,1.0,
46.9300411523,0.997446089536,0.00100361564125,0.195240756021,0.0922459180538,1.30186683283,1.49958847737,0.00100361564125,4969.30984016,1.0,
29.1946502058,0.998415501441,0.00126890379177,0.214715005844,0.100711118288,1.29048876373,1.23868312757,0.00126890379177,4897.5745712,1.0,
38.9609053498,0.997784055736,0.00114832596657,0.211115185336,0.0993653911305,1.29018810473,1.2950617284,0.00114832596657,4712.71664944,1.0,
55.3553497942,0.996828238871,0.000960812206811,0.201444055257,0.0949346811739,1.34656388048,1.5524691358,0.000960812206811,4632.51733057,1.0,
92.1919753086,0.994914203796,0.00115306779116,0.198736432188,0.0882555775498,1.30924411316,1.85164609053,0.00115306779116,4827.98054608,1.0,
39.95,0.997718870057,0.00108333756711,0.203395697428,0.097689224994,1.3064244179,1.38497942387,0.00108333756711,4724.50729002,1.0,
77.7596707819,0.995559768898,0.0014813121306,0.22317706224,0.10115028935,1.29396328655,1.47119341564,0.0014813121306,4593.89753176,1.0,
35.9456790123,0.998032900475,0.0013776270555,0.219315776973,0.107098067083,1.29744952845,1.24897119342,0.0013776270555,4774.74838054,1.0,
81.5893004115,0.995369964803,0.00103680841335,0.204495415237,0.0961981693684,1.29340319953,1.6037037037,0.00103680841335,4805.59268836,1.0,
39.0674897119,0.99779262509,0.0013507426036,0.210009764863,0.0981595970082,1.24217953043,1.31152263374,0.0013507426036,4794.86215306,1.0,
76.9028806584,0.99566675412,0.00113156022964,0.205797365282,0.0963936867897,1.26212929736,1.44197530864,0.00113156022964,4860.69405786,1.0,
39.9448559671,0.997901341539,0.00115082389202,0.213034072792,0.104280821582,1.26900043363,1.21810699588,0.00115082389202,5174.40356044,1.0,
26.2148148148,0.998533925519,0.0011386306288,0.205051211665,0.0943133091627,1.29982999836,1.34732510288,0.0011386306288,4804.31376767,1.0,
56.296090535,0.996866494088,0.000719402530102,0.186278697593,0.0935652077344,1.35852859542,1.55534979424,0.000719402530102,4878.25219601,1.0,
43.6448559671,0.997527602853,0.00106153364155,0.204471048895,0.0964618748757,1.31043506816,1.41440329218,0.00106153364155,4723.81194831,1.0,
39.4139917695,0.997849697215,0.00134659350709,0.204064379485,0.100518712898,1.31251941087,1.46296296296,0.00134659350709,4782.8048987,1.0,
29.0047325103,0.998418813138,0.00151670646412,0.220343969565,0.100370653021,1.24473673913,1.1146090535,0.00151670646412,4925.29832736,1.0,
29.6405349794,0.998360766363,0.00114455790953,0.209315190951,0.0992280004804,1.29892740284,1.36728395062,0.00114455790953,4845.04899118,1.0,
52.8269547325,0.997023056961,0.00108134769429,0.198366783816,0.0932224168349,1.28070050064,1.45205761317,0.00108134769429,4870.3127724,1.0,
73.5195473251,0.995768669949,0.00114612440516,0.201793243703,0.097842873839,1.27982377108,1.51543209877,0.00114612440516,4688.60502474,1.0,
93.1934156379,0.994561101358,0.00121179020813,0.208136459534,0.0935898050724,1.32275463955,1.72510288066,0.00121179020813,4527.98479584,1.0,
54.9582304527,0.996856094833,0.00104620738709,0.208097506452,0.0937172350901,1.3010418987,1.40596707819,0.00104620738709,4737.13313055,1.0,
33.616255144,0.998152801224,0.0010694507951,0.201398418625,0.097766804033,1.28543136805,1.26152263374,0.0010694507951,4937.66625214,1.0,
52.9201646091,0.997072235243,0.00113507426036,0.20820062527,0.100217000159,1.30394128076,1.38724279835,0.00113507426036,4803.93694487,1.0,
85.9269547325,0.995349266629,0.00159270267066,0.220577111196,0.105707958613,1.23562732375,1.45288065844,0.00159270267066,4939.72085212,1.0,
89.8658436214,0.995290992166,0.00126670223035,0.216837043679,0.105115805638,1.33196476774,1.59259259259,0.00126670223035,4937.53952432,2.0,
27.7934156379,0.998525283654,0.00179003878135,0.240051994713,0.109746917152,1.27529582531,1.1378600823,0.00179003878135,4847.61322278,2.0,
37.5765432099,0.997905363083,0.00200121932632,0.227090475063,0.109876404726,1.25739193077,1.29300411523,0.00200121932632,4625.71093886,2.0,
71.8689300412,0.996155290128,0.00141496892411,0.224597038072,0.104376584421,1.3195198504,1.52242798354,0.00141496892411,4845.37995347,2.0,
72.2886831276,0.996197394131,0.00180430659283,0.234667738252,0.108299644818,1.29825002028,1.40967078189,0.00180430659283,4828.08000814,2.0,
71.1183127572,0.996123411605,0.00176658368474,0.231086462885,0.104943721147,1.35173468797,1.56687242798,0.00176658368474,4581.9802941,2.0,
30.9983539095,0.998315067583,0.0014129790513,0.226430151514,0.109382981839,1.35828453255,1.37325102881,0.0014129790513,4660.93334583,2.0,
57.2230452675,0.996940559639,0.00201121102813,0.240766072609,0.108607536829,1.28994700849,1.35432098765,0.00201121102813,4738.17919995,2.0,
37.6106995885,0.998056226438,0.00144646818744,0.234479687004,0.110552075183,1.35365671231,1.29588477366,0.00144646818744,4870.48170945,2.0,
44.9390946502,0.997596406009,0.00151353113516,0.234704179972,0.111106024799,1.34377931911,1.32551440329,0.00151353113516,4733.22178566,2.0,
41.3016460905,0.997718380311,0.00154037324934,0.228060773551,0.104046096517,1.2884268229,1.2975308642,0.00154037324934,4744.01813196,2.0,
66.0619341564,0.996345160392,0.00134663584481,0.221664126446,0.105134056028,1.33508398876,1.50679012346,0.00134663584481,4674.19518695,2.0,
75.1627572016,0.995809278427,0.00171302646954,0.232267506335,0.106810346353,1.30114236509,1.47345679012,0.00171302646954,4573.88210726,2.0,
28.3152263374,0.998419201639,0.00158034005656,0.224020200659,0.103589880611,1.31529465819,1.36419753086,0.00158034005656,4615.76997086,2.0,
74.6911522634,0.996088856345,0.00151302308252,0.225749006436,0.104415150496,1.27280662643,1.44218106996,0.00151302308252,5026.83810182,2.0,
48.3987654321,0.997414441017,0.00166903757896,0.222822158786,0.104189122361,1.25974755904,1.27818930041,0.00166903757896,4893.17669952,2.0,
49.1316872428,0.997374036482,0.00164664092533,0.229194839279,0.106579800332,1.28716379195,1.30452674897,0.00164664092533,4834.98865823,2.0,
30.9975308642,0.998337113493,0.00169545631594,0.229691982437,0.10676548942,1.28586374198,1.21851851852,0.00169545631594,4807.71110685,2.0,
44.0705761317,0.997684179793,0.00179812528578,0.236435568861,0.107562849293,1.28544681839,1.30925925926,0.00179812528578,4901.81628877,2.0,
49.8962962963,0.997225999561,0.00193555352335,0.237806190021,0.107122763704,1.31731370455,1.39835390947,0.00193555352335,4520.74882226,2.0,
37.6467078189,0.997873697057,0.00129345966909,0.217077930443,0.0987996912398,1.4006198509,1.53436213992,0.00129345966909,4424.78592876,2.0,
55.8037037037,0.997009168135,0.00145074429711,0.224405543034,0.105588830704,1.31088485214,1.35761316872,0.00145074429711,4859.66089182,2.0,
46.1232510288,0.997480567886,0.00171217971515,0.234767112901,0.107309706025,1.32699394999,1.32366255144,0.00171217971515,4605.57076021,2.0,
53.2195473251,0.997230846025,0.00242328405223,0.237803681345,0.11081488971,1.2382714932,1.3121399177,0.00242328405223,4922.1271419,2.0,
44.9065843621,0.997571863381,0.00207039916002,0.230499297039,0.110683236771,1.2877012583,1.33950617284,0.00207039916002,4689.87093944,2.0,
51.016255144,0.997300131275,0.0018213686938,0.235471348207,0.107607819806,1.32984048742,1.40185185185,0.0018213686938,4778.54102258,2.0,
48.4158436214,0.997377299121,0.00153482700808,0.230857496159,0.106632013366,1.31853436405,1.32695473251,0.00153482700808,4742.46993823,2.0,
30.3374485597,0.998343620688,0.00147644329286,0.23015696404,0.111097538374,1.31595531122,1.20041152263,0.00147644329286,4682.0269873,2.0,
80.8977366255,0.995545287535,0.00168643838168,0.232448919527,0.108916484295,1.33114613019,1.57798353909,0.00168643838168,4600.81327283,2.0,
72.308436214,0.996035437838,0.00175138444343,0.238185910764,0.107592316574,1.3007838582,1.39526748971,0.00175138444343,4672.99983642,2.0,
38.9339506173,0.997968006447,0.00166624328947,0.236841757073,0.113156733158,1.30800205666,1.23641975309,0.00166624328947,4855.80886702,2.0,
80.6829218107,0.995728938068,0.00152144828871,0.239111241186,0.107774203385,1.34186208064,1.47798353909,0.00152144828871,4801.08455841,2.0,
115.67654321,0.993683461047,0.00198877203678,0.232718938596,0.111338965088,1.26120350442,1.63621399177,0.00198877203678,4754.87645117,2.0,
68.8088477366,0.996350729647,0.00163038324104,0.239295179074,0.107350580886,1.32248900811,1.45288065844,0.00163038324104,4804.56523291,2.0,
29.1790123457,0.998443201649,0.00179088553574,0.241136309589,0.110060062902,1.28385839127,1.13827160494,0.00179088553574,4813.25854626,2.0,
34.1804526749,0.99809190612,0.00187899033006,0.235006417668,0.105908895,1.27819218147,1.21090534979,0.00187899033006,4596.20280047,2.0,
56.599382716,0.996940615073,0.00197336110688,0.239892456132,0.107901241569,1.30001948376,1.38209876543,0.00197336110688,4658.84043575,2.0,
57.4895061728,0.996840369581,0.00251786651764,0.233800284192,0.106798742847,1.24863670717,1.43065843621,0.00251786651764,4627.17621045,2.0,
49.9185185185,0.997368247235,0.00224440718725,0.245609385343,0.113620060065,1.21208338049,1.12304526749,0.00224440718725,4937.81142035,2.0,
82.1779835391,0.995535468082,0.00180688919372,0.233251475795,0.106903709771,1.29103456649,1.48950617284,0.00180688919372,4714.351024,2.0,
53.3940329218,0.997022930527,0.00202298091416,0.230328045024,0.107802320656,1.26043722145,1.36522633745,0.00202298091416,4644.02175936,2.0,
57.9086419753,0.996948625403,0.00174863249166,0.229019987729,0.110698480777,1.2664277553,1.370781893,0.00174863249166,4962.99828864,2.0,
74.9681069959,0.995836490036,0.00198712086572,0.234897621539,0.106422942111,1.29406273214,1.4841563786,0.00198712086572,4609.56627648,2.0,
41.4378600823,0.997688446144,0.00173254415824,0.231678363848,0.108741169439,1.34298448668,1.37736625514,0.00173254415824,4462.33124621,2.0,
65.2670781893,0.996354482059,0.00250160883334,0.245429502617,0.113343456005,1.25746728999,1.3683127572,0.00250160883334,4529.58908339,2.0,
103.940740741,0.994511995618,0.00199495334383,0.245543238054,0.113993982296,1.3069882013,1.58395061728,0.00199495334383,4742.61883592,2.0,
38.5314814815,0.997997109882,0.00137407068706,0.230943061902,0.102487272782,1.29054043578,1.21995884774,0.00137407068706,5049.85528504,2.0,
64.237654321,0.996450258581,0.00182683025961,0.239753986934,0.107675912226,1.30226406941,1.39526748971,0.00182683025961,4594.56840959,2.0,
31.7382716049,0.998285297271,0.0016409253332,0.232142114102,0.1066349397,1.31856038099,1.26378600823,0.0016409253332,4691.83763836,2.0,
104.003497942,0.99429995781,0.00173923351793,0.224473624824,0.107417267504,1.30599537793,1.75740740741,0.00173923351793,4705.62279313,2.0,
33.970781893,0.998256046315,0.0016175125743,0.225287577432,0.105385359032,1.25145311032,1.22304526749,0.0016175125743,5179.14519137,3.0,
60.4771604938,0.996747711276,0.00215896966926,0.237291130468,0.107291359936,1.24920425067,1.48251028807,0.00215896966926,4832.36989255,3.0,
51.3722222222,0.997221597805,0.00160642009179,0.218834021377,0.105410730415,1.21786661557,1.26193415638,0.00160642009179,4993.50368469,3.0,
55.1057613169,0.996996232559,0.00209796101543,0.233268863193,0.104574245003,1.20873587218,1.2695473251,0.00209796101543,4889.0999594,3.0,
52.4111111111,0.99722996198,0.00180595776389,0.23074433154,0.106336657284,1.24660629539,1.31440329218,0.00180595776389,5000.45834823,3.0,
25.5195473251,0.998636600989,0.00189253840031,0.226404786787,0.108913592838,1.21923643197,1.12901234568,0.00189253840031,4956.01597811,3.0,
68.1586419753,0.996356795942,0.00180439126827,0.226711136462,0.105142152543,1.19533962129,1.26728395062,0.00180439126827,5064.10166202,3.0,
53.7092592593,0.997137318205,0.00165239885519,0.218989492102,0.102407225224,1.26681703331,1.38703703704,0.00165239885519,4930.72047758,3.0,
58.1053497942,0.996962415178,0.00270406780809,0.236757902093,0.107241106758,1.16267574021,1.21358024691,0.00270406780809,5073.55685451,3.0,
65.2609053498,0.996635067584,0.00217941878779,0.236965982991,0.106923026001,1.20923384668,1.31275720165,0.00217941878779,5099.0668654,3.0,
79.0703703704,0.995905939871,0.00157056004335,0.212846155772,0.104708273034,1.20164832771,1.45185185185,0.00157056004335,5274.91443276,3.0,
62.6907407407,0.996746349512,0.00178771020678,0.230597860063,0.107962399275,1.24916220105,1.32119341564,0.00178771020678,5036.20597892,3.0,
61.2209876543,0.996690571602,0.0016851682501,0.220518998421,0.101632409434,1.26463787032,1.43374485597,0.0016851682501,4885.7478128,3.0,
74.5082304527,0.995991623267,0.00189579840471,0.222445512088,0.105686878813,1.24442992533,1.49176954733,0.00189579840471,4880.04689854,3.0,
34.1399176955,0.998247542612,0.00176370471981,0.227172261386,0.10187531324,1.20393421859,1.10411522634,0.00176370471981,5221.6955861,3.0,
56.646090535,0.996959471794,0.00155874781961,0.215651871393,0.103258915561,1.22459050963,1.26872427984,0.00155874781961,5014.51350318,3.0,
72.4691358025,0.9961740134,0.00164304221917,0.2135773522,0.0978757397087,1.2482251418,1.45637860082,0.00164304221917,5051.67817509,3.0,
35.0403292181,0.998105409492,0.00139689071788,0.215666209436,0.0986458167874,1.2585832515,1.22263374486,0.00139689071788,4940.79752172,3.0,
78.0627572016,0.995960652459,0.00143918609968,0.219094219031,0.0959423105238,1.24279687843,1.49032921811,0.00143918609968,5236.89663834,3.0,
75.95781893,0.996022032966,0.00162708089891,0.222619936252,0.0983684391266,1.26055043848,1.49773662551,0.00162708089891,5071.60762658,3.0,
74.2748971193,0.996071591256,0.00166730173246,0.220098226821,0.105020975988,1.24139522932,1.47860082305,0.00166730173246,5067.4624721,3.0,
85.9985596708,0.995254523655,0.00116013819032,0.209286994869,0.0948906219609,1.32712925633,1.68703703704,0.00116013819032,4802.18252063,3.0,
23.1203703704,0.998730203168,0.00166162847804,0.224952092561,0.102469224977,1.26059879929,1.20308641975,0.00166162847804,4805.55547592,3.0,
91.9158436214,0.99490860411,0.00144765364358,0.212126889886,0.0941581113087,1.27122197475,1.64218106996,0.00144765364358,4831.33181191,3.0,
94.3551440329,0.994926557565,0.00171129062304,0.227677438146,0.0974455679593,1.27352303431,1.65473251029,0.00171129062304,4858.61861657,3.0,
89.8619341564,0.995174282645,0.0018456705448,0.225635508694,0.105295084046,1.19732948313,1.46316872428,0.0018456705448,5037.82783599,3.0,
76.8232510288,0.995932025562,0.00213056105946,0.23363070302,0.105395484064,1.22277633043,1.40226337449,0.00213056105946,4972.04904173,3.0,
62.2477366255,0.996659955674,0.00183051364121,0.222991263009,0.101564347154,1.20052850622,1.34773662551,0.00183051364121,5022.14005487,3.0,
45.6580246914,0.997542958528,0.00137944757744,0.218074460623,0.101385778079,1.25513997857,1.24115226337,0.00137944757744,4998.91940402,3.0,
86.3275720165,0.995446558365,0.00223217158631,0.231199042513,0.112582787903,1.19024513149,1.35925925926,0.00223217158631,5053.70439682,3.0,
39.7304526749,0.997774868809,0.00151602906061,0.215156150914,0.102758019031,1.28606094382,1.37201646091,0.00151602906061,4685.84497829,3.0,
76.9411522634,0.995788993505,0.00148863655608,0.219238012227,0.098570918128,1.26016600046,1.52098765432,0.00148863655608,4890.90145142,3.0,
89.6205761317,0.995313765207,0.00148474148588,0.22746624703,0.107126097627,1.28195817055,1.51563786008,0.00148474148588,5054.63662456,3.0,
54.491563786,0.997097127521,0.00130158851124,0.214121811964,0.101776738688,1.30231888861,1.47263374486,0.00130158851124,4952.03453844,3.0,
59.8899176955,0.996820510177,0.00135772832732,0.222030353295,0.103231832595,1.30603434936,1.39897119342,0.00135772832732,4953.88343074,3.0,
93.0434156379,0.994894972268,0.00152788362208,0.218604386452,0.100172534414,1.23547473163,1.48004115226,0.00152788362208,4939.65317117,3.0,
49.8106995885,0.997199082436,0.00129053836644,0.204710501806,0.0968487789303,1.28474434856,1.45349794239,0.00129053836644,4777.13028231,3.0,
89.762962963,0.995228072447,0.00176755745229,0.213644235407,0.100652848053,1.22851594215,1.53868312757,0.00176755745229,5076.66885665,3.0,
78.6925925926,0.995909941153,0.00151823062203,0.212681028316,0.10394265157,1.22288893647,1.43868312757,0.00151823062203,5222.57847977,3.0,
68.5911522634,0.996382663064,0.00121187488357,0.215147461952,0.100519847252,1.29381597989,1.46604938272,0.00121187488357,5065.35299937,3.0,
24.0730452675,0.998667486079,0.00130048773053,0.2212236256,0.0989459327906,1.31673536381,1.20473251029,0.00130048773053,4721.59580541,3.0,
40.8390946502,0.99779620311,0.00189918542228,0.224510422781,0.105127563513,1.24834845326,1.2366255144,0.00189918542228,4887.19438566,3.0,
83.7049382716,0.995409628615,0.00146107470067,0.214771393684,0.100664500459,1.27204107878,1.57572016461,0.00146107470067,4859.79469351,3.0,
70.0967078189,0.99610163556,0.00160434554353,0.221247725048,0.104146037654,1.25349818652,1.47119341564,0.00160434554353,4799.32711096,3.0,
92.0271604938,0.995217780345,0.00110264356721,0.208999588104,0.0937088605471,1.30662297312,1.67818930041,0.00110264356721,5149.55878283,3.0,
29.6559670782,0.998431316267,0.00184808379481,0.229133013827,0.109644864876,1.24509658033,1.13580246914,0.00184808379481,4935.83151812,3.0,
88.1462962963,0.995184291655,0.00156641094684,0.212971919669,0.0969448355845,1.2456167044,1.6133744856,0.00156641094684,4947.83964406,3.0,
65.2137860082,0.996568572056,0.00137805043269,0.216448102587,0.101957486254,1.29828805054,1.4853909465,0.00137805043269,4973.44661759,3.0,
47.7135802469,0.997422425234,0.00119980863351,0.201892414412,0.0945537877978,1.27382720851,1.4975308642,0.00119980863351,5050.25539393,3.0,
62.3796296296,0.996648408621,0.00133719453335,0.21042434564,0.0973902011148,1.28275824299,1.50226337449,0.00133719453335,4965.39205971,3.0,
81.150617284,0.995662795637,0.0013169147657,0.221402722237,0.104031595503,1.3845472705,1.68518518519,0.0013169147657,4686.04324056,4.0,
50.6510288066,0.997177061666,0.00183931988687,0.243915361813,0.110135592386,1.36261208156,1.46090534979,0.00183931988687,4396.62821416,4.0,
87.9345679012,0.995175360632,0.00210054361632,0.229266370111,0.107488186132,1.26877998214,1.5341563786,0.00210054361632,4661.72745128,4.0,
68.0277777778,0.996211683435,0.00165565885959,0.233447175592,0.105369437118,1.35482381302,1.5878600823,0.00165565885959,4493.24326552,4.0,
29.2172839506,0.998459099301,0.00219567647208,0.240198993533,0.111151706773,1.27262309805,1.14897119342,0.00219567647208,4756.41705741,4.0,
42.4372427984,0.997693647491,0.00171035919321,0.226850697415,0.105102726808,1.32696755042,1.44218106996,0.00171035919321,4633.91748366,4.0,
46.8316872428,0.997443895347,0.00193182780403,0.233677894137,0.109616789682,1.33558660433,1.44732510288,0.00193182780403,4562.94547694,4.0,
77.8794238683,0.995675594646,0.00208377787939,0.229607957329,0.105880861323,1.29721975152,1.5658436214,0.00208377787939,4544.11790558,4.0,
62.0602880658,0.996782652297,0.00263556537791,0.246000998649,0.110598270028,1.23958247986,1.32942386831,0.00263556537791,4888.42823125,4.0,
97.0728395062,0.99468968508,0.00207797761181,0.237813481754,0.110177158773,1.33696582475,1.69176954733,0.00207797761181,4503.87552865,4.0,
49.7067901235,0.99739006681,0.00220511778354,0.236553196562,0.107777011147,1.22510745793,1.29691358025,0.00220511778354,4923.52133138,4.0,
64.3804526749,0.996454823676,0.00139252993277,0.22328781423,0.10396465147,1.38500899788,1.59403292181,0.00139252993277,4510.94514398,4.0,
39.7555555556,0.997715790283,0.00144854273569,0.21642367827,0.103539981199,1.35766041557,1.53209876543,0.00144854273569,4405.60309342,4.0,
53.696090535,0.996929441974,0.00139189486697,0.217661804634,0.103844343804,1.3724050237,1.52942386831,0.00139189486697,4412.77016169,4.0,
64.4004115226,0.996426465624,0.00161662348219,0.222142251165,0.102961582451,1.35787373895,1.62551440329,0.00161662348219,4507.59180131,4.0,
56.2298353909,0.996988422757,0.00119561719928,0.210419597577,0.0947910996882,1.3804694716,1.61666666667,0.00119561719928,4767.09719882,4.0,
52.6590534979,0.997090207316,0.00120378837914,0.215398060498,0.102115831857,1.41627037818,1.60802469136,0.00120378837914,4506.68216387,4.0,
71.2335390947,0.996031155971,0.00103765516774,0.208557540779,0.100266184148,1.40974275754,1.70144032922,0.00103765516774,4568.83840193,4.0,
71.1152263374,0.995937538802,0.00146717133228,0.221027480192,0.0987385177774,1.38484168607,1.72057613169,0.00146717133228,4339.97461363,4.0,
43.9037037037,0.997402714501,0.00126382326542,0.21063689352,0.101786591328,1.41794059785,1.65020576132,0.00126382326542,4179.44378158,4.0,
41.7082304527,0.997643709575,0.00124320479602,0.21092409834,0.100686517978,1.31231969729,1.35432098765,0.00124320479602,4640.74206022,4.0,
39.512345679,0.997830618874,0.00152805297295,0.229106027663,0.112618300903,1.35378685491,1.39917695473,0.00152805297295,4552.04384781,4.0,
72.146090535,0.996009132198,0.0013221223052,0.218348066308,0.107521333787,1.38398121969,1.60576131687,0.0013221223052,4519.65023852,4.0,
39.5432098765,0.997707924862,0.00127906484445,0.215360059302,0.102430629644,1.36655987686,1.48024691358,0.00127906484445,4387.47391812,4.0,
64.7845679012,0.996236571157,0.00144968585412,0.216937161522,0.106624229178,1.39067462188,1.66934156379,0.00144968585412,4272.17565046,4.0,
28.2465020576,0.998459159448,0.00304183813443,0.245978581251,0.113375747083,1.26454078771,1.28395061728,0.00304183813443,4481.12679442,4.0,
48.766872428,0.997436174522,0.00215693745872,0.248093761565,0.114958113097,1.29839391938,1.28580246914,0.00215693745872,4715.61062541,4.0,
70.2393004115,0.996117043134,0.00212145844976,0.240418578936,0.112546398335,1.33888401868,1.52160493827,0.00212145844976,4449.06780251,4.0,
67.7681069959,0.996322645373,0.00242819522769,0.245339059231,0.111450504498,1.2886400922,1.38127572016,0.00242819522769,4592.45025729,4.0,
59.3055555556,0.996896678273,0.00248420803062,0.248224265025,0.109152987,1.24706332726,1.33683127572,0.00248420803062,4850.17615783,4.0,
71.0971193416,0.996241214288,0.00228890413047,0.244551486442,0.115761142558,1.2908138079,1.42551440329,0.00228890413047,4666.42641132,4.0,
21.1094650206,0.998906716688,0.00211934156379,0.241319412233,0.114268534567,1.25716876371,1.10658436214,0.00211934156379,4876.91538225,4.0,
80.4847736626,0.995562192196,0.00176798082948,0.237568213199,0.106121899021,1.32463870509,1.55802469136,0.00176798082948,4566.25510166,4.0,
30.2631687243,0.998401377436,0.00220257752036,0.250934975562,0.110837092646,1.29111618269,1.23230452675,0.00220257752036,4707.65900018,4.0,
49.6619341564,0.997442647625,0.0018868651459,0.234804672732,0.106492133552,1.27226276578,1.29403292181,0.0018868651459,4998.50623856,4.0,
97.3098765432,0.994745636974,0.00202226117292,0.246995180171,0.113304039395,1.30055351369,1.56008230453,0.00202226117292,4664.99868928,4.0,
91.9864197531,0.994925564336,0.00199372554997,0.239001990058,0.1117496675,1.32130133476,1.64403292181,0.00199372554997,4520.99612556,4.0,
75.8812757202,0.995982932454,0.00180159697878,0.239400202679,0.109166670567,1.30048087774,1.43230452675,0.00180159697878,4804.60377785,4.0,
67.15781893,0.996304464929,0.00171133296076,0.231279306862,0.104061872137,1.38107796019,1.64547325103,0.00171133296076,4463.83611331,4.0,
30.1658436214,0.998408937648,0.00243336042947,0.246715779602,0.112898702495,1.24528410943,1.1378600823,0.00243336042947,4809.4857352,4.0,
41.3417695473,0.997832742671,0.00217387254653,0.243742433889,0.111736409349,1.28683355754,1.32448559671,0.00217387254653,4753.16582424,4.0,
56.2034979424,0.997072913025,0.00214681874376,0.249699289808,0.115301074296,1.31741960033,1.3841563786,0.00214681874376,4736.30338901,4.0,
54.2405349794,0.997134644172,0.00233572964826,0.254656037936,0.115664915444,1.27307590051,1.27880658436,0.00233572964826,4726.83464665,4.0,
88.812962963,0.995123056324,0.00246782333316,0.236415214338,0.107650035361,1.26117574607,1.63353909465,0.00246782333316,4623.92797987,4.0,
52.8687242798,0.997272286668,0.00192928754086,0.241945383301,0.112392384467,1.28907824158,1.34320987654,0.00192928754086,4883.62433844,4.0,
58.2368312757,0.996895998283,0.00227332384968,0.250379470386,0.112080682313,1.27834691746,1.30967078189,0.00227332384968,4682.80591629,4.0,
77.3722222222,0.995890548268,0.00203818015546,0.23855161507,0.113979146718,1.27608279877,1.46810699588,0.00203818015546,4801.2084392,4.0,
88.9154320988,0.995171049784,0.00198864502362,0.232839097943,0.109737533901,1.30329545225,1.62613168724,0.00198864502362,4619.71850437,4.0,
73.1890946502,0.99603042169,0.00200316686142,0.240376302405,0.113201427071,1.34570250228,1.63930041152,0.00200316686142,4533.97433001,4.0,
73.912345679,0.99605626137,0.00211870649799,0.252007346698,0.116423574231,1.28432089775,1.34650205761,0.00211870649799,4683.53129856,4.0,
125.082716049,0.99309410701,0.00136407898525,0.232310477382,0.108477600404,1.43461439796,1.91687242798,0.00136407898525,4389.56513808,5.0,
88.2242798354,0.995079520251,0.00240423207844,0.255408133195,0.119619491466,1.35930233717,1.60452674897,0.00240423207844,4255.52379268,5.0,
81.6016460905,0.995671443924,0.00240215753019,0.251321645826,0.111911140538,1.32264964691,1.54485596708,0.00240215753019,4568.12152472,5.0,
95.5565843621,0.994587743039,0.00190024386526,0.245016311108,0.110469893749,1.42024258099,1.87716049383,0.00190024386526,4176.13984718,5.0,
88.8695473251,0.995214652345,0.00222268793714,0.261601923078,0.117178889094,1.35475450072,1.60781893004,0.00222268793714,4437.00922329,5.0,
74.0703703704,0.995787115258,0.0017446104083,0.231736102785,0.106756778658,1.42414532544,1.77119341564,0.0017446104083,4221.66079218,5.0,
95.241563786,0.994645000069,0.00132055580958,0.219873918823,0.102052832415,1.42947913602,1.9329218107,0.00132055580958,4336.63514493,5.0,
86.037037037,0.995334393876,0.00150815424478,0.224995954045,0.101957675185,1.40657268875,1.94362139918,0.00150815424478,4552.5108969,5.0,
69.6997942387,0.995941283658,0.00117707327812,0.207746427302,0.0980379363543,1.46002008921,1.95864197531,0.00117707327812,4173.85604808,5.0,
88.7810699588,0.995258303955,0.00176920862335,0.235343745115,0.109780645845,1.37422044153,1.65061728395,0.00176920862335,4607.6207933,5.0,
54.3660493827,0.99697556005,0.00167382174127,0.228205872005,0.106161042132,1.40890762728,1.67716049383,0.00167382174127,4339.07390244,5.0,
23.8845679012,0.998745462795,0.00163834273231,0.225466989855,0.107462464846,1.35181567868,1.32736625514,0.00163834273231,4693.61125342,5.0,
82.391563786,0.995348818923,0.00136323223086,0.227252164835,0.100841687905,1.43382469941,1.83888888889,0.00136323223086,4316.55666603,5.0,
53.8436213992,0.996992300823,0.00159752917069,0.222725084479,0.10317062405,1.40803712014,1.70082304527,0.00159752917069,4337.3802702,5.0,
78.062962963,0.995570509739,0.0013242815289,0.214778099892,0.0955191109986,1.4258723639,1.89423868313,0.0013242815289,4311.04689506,5.0,
82.8259259259,0.995326770808,0.00115539636573,0.217625753238,0.100815618046,1.45002917792,1.9329218107,0.00115539636573,4358.18193983,5.0,
52.7446502058,0.997044061054,0.00143622245931,0.225776613253,0.10285555169,1.46412938526,1.81419753086,0.00143622245931,4233.96697678,5.0,
55.2897119342,0.996989212724,0.00161526867517,0.237956568036,0.108559296213,1.39043223933,1.49547325103,0.00161526867517,4456.09441099,5.0,
76.6991769547,0.995714153768,0.0013026046165,0.224999969943,0.104782390244,1.46269974216,1.86378600823,0.0013026046165,4314.4974562,5.0,
72.0913580247,0.996110048264,0.00160413385493,0.237280692853,0.10900902893,1.39979332517,1.62798353909,0.00160413385493,4540.47501426,5.0,
62.1703703704,0.996556380272,0.00135476468695,0.236442891131,0.10641885184,1.44010909558,1.58477366255,0.00135476468695,4364.37748286,5.0,
89.6065843621,0.99490042684,0.00148575759115,0.227341672859,0.10689757585,1.41184681795,1.82427983539,0.00148575759115,4300.9358986,5.0,
55.45781893,0.997022365515,0.00185887991329,0.23136258281,0.103945649655,1.38227372822,1.60761316872,0.00185887991329,4534.5370379,5.0,
57.8572016461,0.996716571878,0.00138736473099,0.227483431069,0.105060955802,1.45241670809,1.76872427984,0.00138736473099,4248.64816811,5.0,
27.8808641975,0.9984588594,0.0014624295077,0.235446090371,0.114204812699,1.44680177157,1.45041152263,0.0014624295077,4306.11366859,5.0,
68.720781893,0.99605277839,0.0010629307863,0.219745667834,0.101594326981,1.51100844313,1.87716049383,0.0010629307863,4158.14127275,5.0,
54.3265432099,0.996788655525,0.001573481346,0.218977661983,0.0997241962009,1.42208802224,1.72448559671,0.001573481346,4118.60394304,5.0,
26.0477366255,0.998601931384,0.00108037392674,0.20445844215,0.0975836637146,1.34282445119,1.40576131687,0.00108037392674,4892.25647575,5.0,
53.6771604938,0.996921949382,0.00141120086708,0.225467609637,0.103652121181,1.43947475871,1.66111111111,0.00141120086708,4233.27311121,5.0,
91.0551440329,0.994780437368,0.00143025284086,0.223874704935,0.10438225793,1.42041347021,1.88683127572,0.00143025284086,4273.85873141,5.0,
43.5600823045,0.997626435299,0.00121560060289,0.215691649427,0.102709614916,1.39031673668,1.4962962963,0.00121560060289,4627.49186338,5.0,
41.9220164609,0.997588090881,0.00138939694152,0.226240321289,0.101195241084,1.46649808227,1.67962962963,0.00138939694152,4160.34166126,5.0,
63.2489711934,0.996118164679,0.00118329692289,0.213058667787,0.104272120834,1.47450152639,1.81769547325,0.00118329692289,3924.21513151,5.0,
88.0310699588,0.994923582444,0.00173711663195,0.229560541984,0.10767909393,1.39836220905,1.80102880658,0.00173711663195,4203.60753679,5.0,
44.054526749,0.997364007575,0.00163059492963,0.216782049747,0.101908019038,1.47737735526,1.86975308642,0.00163059492963,3966.52906138,5.0,
72.2932098765,0.996011760239,0.00174753171095,0.243812204505,0.115372588291,1.44156179628,1.59979423868,0.00174753171095,4246.02029069,5.0,
53.7818930041,0.996975202957,0.00139007434504,0.222841500965,0.100078764673,1.32772876964,1.46090534979,0.00139007434504,4551.58762201,5.0,
73.8621399177,0.995904841089,0.00135679689749,0.223464734609,0.100766158939,1.41832027019,1.75679012346,0.00135679689749,4467.15757778,5.0,
51.0804526749,0.997037031767,0.00173013090823,0.234226594209,0.112249469229,1.41868396215,1.59444444444,0.00173013090823,4084.38085114,5.0,
69.7748971193,0.996182970219,0.00167140849125,0.224235059219,0.107203467513,1.35700408654,1.63374485597,0.00167140849125,4554.80583534,5.0,
61.8053497942,0.996552777311,0.00174533014954,0.222915526842,0.105663008383,1.29122303072,1.47860082305,0.00174533014954,4599.28900437,5.0,
43.112345679,0.997580103811,0.00142572270487,0.224492654427,0.102226061225,1.38274107014,1.52016460905,0.00142572270487,4438.43516991,5.0,
53.387037037,0.997005025935,0.00158131382411,0.228968889007,0.107734998413,1.38310999694,1.59074074074,0.00158131382411,4388.74223755,5.0,
42.3606995885,0.997672144293,0.000880031837965,0.199980107144,0.0959495941579,1.49168714196,1.7146090535,0.000880031837965,4453.03575949,5.0,
32.0705761317,0.998155302191,0.00120908059408,0.216828607874,0.102150849851,1.43172404839,1.62860082305,0.00120908059408,4292.96859501,5.0,
48.274691358,0.997281496774,0.00133423089299,0.219956123661,0.105515439689,1.40678086858,1.55288065844,0.00133423089299,4381.46959162,5.0,
91.5113168724,0.994854975761,0.00210625920845,0.243247096552,0.106800705852,1.37801047291,1.76316872428,0.00210625920845,4266.87382449,5.0,
87.0226337449,0.995401420094,0.0022488526478,0.247244681583,0.116143047888,1.34200618625,1.6316872428,0.0022488526478,4588.77298734,5.0,
71.9849794239,0.996101494792,0.00199668919033,0.23504333409,0.108123095179,1.31413092719,1.58251028807,0.00199668919033,4613.77414908,5.0,
87.437037037,0.99488329604,0.00161145828041,0.229007228299,0.108657024506,1.43537975824,1.86790123457,0.00161145828041,4064.93914609,5.0,
86.2868312757,0.994880170194,0.000364527765076,0.150608227822,0.0687696296929,1.44268185698,2.24238683128,0.000364527765076,4690.67609978,6.0,
73.0985596708,0.996057922921,0.00092465579434,0.187581214159,0.090761062342,1.25732989566,1.59650205761,0.00092465579434,5181.85395831,6.0,
102.735185185,0.994494355449,0.000960388829616,0.191125102495,0.0893517388226,1.24396367594,1.70802469136,0.000960388829616,5248.8652562,6.0,
102.399176955,0.994440742474,0.000880836254636,0.182238023553,0.0820807424701,1.27594171821,1.82181069959,0.000880836254636,5139.01548168,6.0,
75.0104938272,0.995794755407,0.000930456061915,0.185474881114,0.0826212009203,1.24041382425,1.6537037037,0.000930456061915,5064.58923599,6.0,
69.3131687243,0.996192188035,0.000899422513506,0.179412914103,0.0839865294263,1.27699800335,1.7353909465,0.000899422513506,5070.36418385,6.0,
63.7353909465,0.996541364383,0.00112182255415,0.188690211949,0.0914539455238,1.2124769914,1.47160493827,0.00112182255415,5189.67711235,6.0,
53.4738683128,0.997222517987,0.00109104303206,0.181296998351,0.0895262504015,1.19190027678,1.32242798354,0.00109104303206,5473.76305729,6.0,
62.1977366255,0.996583916753,0.00112978204542,0.183101225227,0.0876025935795,1.17467050426,1.43065843621,0.00112978204542,5227.0900107,6.0,
64.3248971193,0.996535878549,0.00108083964165,0.188025857906,0.0869873256212,1.20684381753,1.54670781893,0.00108083964165,5294.41956559,6.0,
90.6399176955,0.994979204596,0.00121619333096,0.194325030274,0.0943927673923,1.19396581129,1.56543209877,0.00121619333096,5110.07649416,6.0,
89.008436214,0.99518384659,0.00123668478721,0.197749253779,0.0929119734474,1.2539323583,1.70925925926,0.00123668478721,5091.31969444,6.0,
49.3053497942,0.997224829685,0.00112520957171,0.195802875342,0.0884873053717,1.25824098339,1.53909465021,0.00112520957171,4917.47138428,6.0,
56.2827160494,0.996884054607,0.00126873444089,0.193873496648,0.0930155841748,1.17857389504,1.32386831276,0.00126873444089,5107.42911261,6.0,
57.7205761317,0.996972257838,0.00127567782689,0.200895161618,0.0930627899147,1.20036924402,1.36378600823,0.00127567782689,5311.67914563,6.0,
68.3827160494,0.996254793504,0.00106233805822,0.195872080048,0.0922513272137,1.23842108663,1.48353909465,0.00106233805822,5088.96097055,6.0,
88.0230452675,0.995068634943,0.00110395603651,0.195012569575,0.0899469817291,1.26236217819,1.70699588477,0.00110395603651,4940.22565753,6.0,
72.5320987654,0.996134558858,0.0010572998696,0.18955296444,0.09002433954,1.22555223627,1.52592592593,0.0010572998696,5272.1741361,6.0,
101.540534979,0.994555332608,0.00105569103626,0.189686177676,0.0851475974602,1.27285518535,1.8537037037,0.00105569103626,5138.4787049,6.0,
56.5656378601,0.996758723415,0.000996968619282,0.188045109813,0.0897876600628,1.25687298049,1.57222222222,0.000996968619282,4874.35718309,6.0,
55.1446502058,0.997008351168,0.00118681095361,0.189281353714,0.0872591105975,1.21815930681,1.50226337449,0.00118681095361,5171.21342382,6.0,
49.8444444444,0.997361159053,0.00124955545395,0.197899482955,0.0976058889067,1.21555076354,1.36296296296,0.00124955545395,5270.54359861,6.0,
29.116872428,0.998380486956,0.000965638706837,0.188654328233,0.0917408754522,1.25476941674,1.33497942387,0.000965638706837,5032.10260342,6.0,
112.268518519,0.993730195054,0.00122118918187,0.197681703994,0.0930183031234,1.24704409485,1.72901234568,0.00122118918187,4941.73512725,6.0,
55.4082304527,0.997055311687,0.00114244102356,0.188732040657,0.0900888337777,1.21460351113,1.44938271605,0.00114244102356,5289.82739293,6.0,
61.5390946502,0.996634102276,0.00112406645328,0.195771119849,0.0912473894411,1.24607725397,1.4950617284,0.00112406645328,5058.11688136,6.0,
76.7368312757,0.995859042993,0.00123571101966,0.202595961835,0.0940923805692,1.23895522308,1.5512345679,0.00123571101966,5101.83022958,6.0,
47.4775720165,0.997463245277,0.00105666480381,0.186699591557,0.0863045261888,1.23073643669,1.47222222222,0.00105666480381,5242.34681311,6.0,
99.8810699588,0.994580458846,0.000809497197243,0.186260062308,0.0834857807669,1.3199109638,1.90329218107,0.000809497197243,5077.21873762,6.0,
104.853292181,0.994215959801,0.00105835831259,0.191524343607,0.0859373280081,1.22995765966,1.80267489712,0.00105835831259,5121.73977325,6.0,
105.370576132,0.994313875958,0.00107901911971,0.196205956424,0.0917824429344,1.27770502419,1.73353909465,0.00107901911971,5082.07593309,6.0,
79.2679012346,0.995881455558,0.00123308608105,0.196951244901,0.0921081467169,1.23183251577,1.58106995885,0.00123308608105,5327.62979343,6.0,
65.6580246914,0.996616670686,0.00131204592796,0.20089623135,0.089348454938,1.18172749909,1.39835390947,0.00131204592796,5460.35082894,6.0,
34.112962963,0.998181280744,0.000889515487138,0.18348266884,0.0878732236914,1.23583334766,1.38950617284,0.000889515487138,5329.54069339,6.0,
54.9765432099,0.996927801165,0.00133016647191,0.19233970483,0.0898629073533,1.2106345116,1.50658436214,0.00133016647191,4972.44191298,6.0,
51.2703703704,0.997151176857,0.000986638215719,0.188436090198,0.0889218610942,1.23406699674,1.40534979424,0.000986638215719,5087.88388186,6.0,
99.128600823,0.994750810388,0.0010837609443,0.189811538705,0.0921485999202,1.21715825913,1.62983539095,0.0010837609443,5348.02418668,6.0,
65.7467078189,0.996358593745,0.000908906162678,0.182839832154,0.0836185818695,1.27902734135,1.62901234568,0.000908906162678,5031.30745328,6.0,
60.5956790123,0.99672335237,0.00103803620722,0.195644161418,0.0893564417567,1.23030002233,1.40925925926,0.00103803620722,5204.06212645,6.0,
73.1997942387,0.995947474985,0.000860683500144,0.179143633426,0.0833386808292,1.25677011431,1.720781893,0.000860683500144,5139.66140706,6.0,
59.2615226337,0.996597781964,0.000809666548121,0.178817613035,0.079855185239,1.26917141204,1.71666666667,0.000809666548121,4961.07323207,6.0,
86.1631687243,0.995378882864,0.00110183915054,0.190280845156,0.0894840770022,1.22502409096,1.60761316872,0.00110183915054,5226.74798049,6.0,
56.5362139918,0.99686679913,0.000886848210808,0.188898541185,0.0918613233702,1.25684124381,1.40905349794,0.000886848210808,5058.54926747,6.0,
63.224691358,0.996517003691,0.000962082338397,0.187830902674,0.0882447400735,1.21883837976,1.53086419753,0.000962082338397,5183.22143711,6.0,
88.9600823045,0.995157336692,0.00109426069874,0.194442781187,0.0922246644996,1.24267142509,1.67366255144,0.00109426069874,5121.01129547,6.0,
67.7098765432,0.996354731056,0.000969110399837,0.193264886974,0.0902878313213,1.24921277457,1.4683127572,0.000969110399837,5226.27040553,6.0,
61.9874485597,0.996484838393,0.00100234550966,0.194647594244,0.0940900634757,1.28591991022,1.53765432099,0.00100234550966,4860.5881434,6.0,
61.1166666667,0.996598811448,0.000958483632238,0.197381123643,0.0926171706925,1.27854211772,1.49115226337,0.000958483632238,4966.42091301,6.0,
40.4018518519,0.997866390458,0.00101851851852,0.200243852584,0.0930087067824,1.23636433544,1.23806584362,0.00101851851852,5292.30666266,6.0,
43.6228395062,0.997554531985,0.000976985215668,0.195268399063,0.0883486492235,1.24817276073,1.38333333333,0.000976985215668,5018.25487799,6.0,
69.1111111111,0.99610366759,0.00100293823773,0.179476665488,0.084115695327,1.2771753782,1.74279835391,0.00100293823773,4896.59630712,7.0,
29.3660493827,0.99842596826,0.00116953716405,0.202944038728,0.0962879095585,1.28340345203,1.3512345679,0.00116953716405,5001.92287256,7.0,
75.1637860082,0.995907378362,0.00171044386865,0.21556066195,0.102922017456,1.2297112696,1.52386831276,0.00171044386865,4938.25052033,7.0,
96.8308641975,0.994668134426,0.00106280377314,0.196559740613,0.0958846768975,1.31572774811,1.78765432099,0.00106280377314,4860.72572801,7.0,
45.0615226337,0.997514479734,0.00129997967789,0.212677150224,0.0979957721579,1.27816607135,1.39814814815,0.00129997967789,4853.62630961,7.0,
53.8477366255,0.997015895933,0.000969533777033,0.196297537894,0.0939136406275,1.29631736154,1.54650205761,0.000969533777033,4937.13181555,7.0,
55.6565843621,0.99695941426,0.00120531253705,0.204378292753,0.0935835935169,1.27897712605,1.45288065844,0.00120531253705,4945.50424092,7.0,
48.8508230453,0.997418519921,0.00129134278311,0.20980342045,0.0979801276968,1.2622043056,1.34423868313,0.00129134278311,5098.12292736,7.0,
37.0456790123,0.99798057482,0.00132487425697,0.211042182438,0.101598890977,1.24236900143,1.2353909465,0.00132487425697,4994.01478585,7.0,
63.3592592593,0.996578511584,0.00174520313638,0.220347751603,0.0997496337647,1.21342681367,1.35720164609,0.00174520313638,4983.51702748,7.0,
94.6174897119,0.994941605612,0.00105801961083,0.203553527448,0.0934357466872,1.29528445045,1.66893004115,0.00105801961083,5069.61706694,7.0,
35.1388888889,0.998023554603,0.00123812426967,0.210236394294,0.097920022473,1.26722483865,1.22160493827,0.00123812426967,4809.37603219,7.0,
69.7166666667,0.996310666135,0.00117156937459,0.210817723784,0.102500359604,1.26729916299,1.37057613169,0.00117156937459,5126.52183391,7.0,
80.6919753086,0.99557971699,0.00111242358042,0.205285177087,0.0994574136877,1.29055050375,1.55041152263,0.00111242358042,4911.18899559,7.0,
66.7413580247,0.996411547432,0.00105518298362,0.190638670699,0.0961354896957,1.21804905936,1.43312757202,0.00105518298362,5231.90631913,7.0,
92.5683127572,0.994943091566,0.000980753272706,0.192844304196,0.0929094140351,1.30781293195,1.7049382716,0.000980753272706,4970.30564842,7.0,
40.3364197531,0.997740492859,0.00108973056275,0.198724793915,0.093504729678,1.28292777193,1.35329218107,0.00108973056275,4866.65800398,7.0,
93.6427983539,0.994991961141,0.00108934952328,0.194507325968,0.0935594186782,1.27251282617,1.64814814815,0.00108934952328,5118.1457756,7.0,
79.0528806584,0.995656640799,0.000965172991922,0.199150779359,0.0944921019893,1.32018803996,1.65946502058,0.000965172991922,4912.0778411,7.0,
65.9032921811,0.996404945947,0.00119722603262,0.202095778153,0.0933014047645,1.28720114898,1.5670781893,0.00119722603262,4934.69179812,7.0,
51.4868312757,0.997144765792,0.00111297397077,0.206070626392,0.095091387468,1.3220097006,1.52510288066,0.00111297397077,4776.02547257,7.0,
50.8362139918,0.997229834881,0.00131069112093,0.208883579052,0.0926744337969,1.27548522481,1.42551440329,0.00131069112093,4933.01963871,7.0,
89.8423868313,0.99511894705,0.00106885806703,0.203996818187,0.0984767281314,1.25453183672,1.50534979424,0.00106885806703,5056.05371703,7.0,
37.875308642,0.997840730288,0.00110281291808,0.206382982383,0.0959502952324,1.31254354777,1.39382716049,0.00110281291808,4687.72263215,7.0,
62.7907407407,0.996594116462,0.00125323883554,0.203796610578,0.0978672433644,1.2475836411,1.38991769547,0.00125323883554,5011.49925196,7.0,
55.3594650206,0.996844410363,0.00132830361225,0.227162923293,0.106962931864,1.43616466304,1.57633744856,0.00132830361225,4217.7588203,7.0,
44.9600823045,0.997566349267,0.00115205168589,0.204252384509,0.0943894384979,1.26926106796,1.36378600823,0.00115205168589,5015.10475304,7.0,
54.8600823045,0.996882797015,0.00119616758963,0.198726162988,0.0938352353626,1.25763756935,1.40041152263,0.00119616758963,4802.89569743,7.0,
54.9216049383,0.997025488002,0.000964029873495,0.196087087903,0.0956176056944,1.31795464525,1.53148148148,0.000964029873495,4955.23522879,7.0,
59.954526749,0.996643244341,0.00137165743704,0.197904862397,0.0926955915073,1.25288332046,1.59526748971,0.00137165743704,4826.95871162,7.0,
58.0843621399,0.996795356305,0.00116729326492,0.205100587847,0.0933130669703,1.31079750715,1.51604938272,0.00116729326492,4856.38712506,7.0,
60.3788065844,0.996541405404,0.00123482192755,0.197711741436,0.0938762248407,1.23201486493,1.43230452675,0.00123482192755,4836.43190458,7.0,
59.1697530864,0.996787368321,0.00135235143694,0.20473263057,0.0922094226865,1.29118824302,1.62242798354,0.00135235143694,4881.66761498,7.0,
63.3290123457,0.996723890305,0.00117508340531,0.200589012851,0.0933634466805,1.26129900422,1.45864197531,0.00117508340531,5268.49096319,7.0,
47.6592592593,0.997347061355,0.00153245609578,0.203613472277,0.0916925243749,1.24854526814,1.52757201646,0.00153245609578,4891.47646169,7.0,
73.0440329218,0.996100309235,0.00127525444969,0.207108477696,0.100472383533,1.25801434969,1.48148148148,0.00127525444969,5063.23176799,7.0,
62.353909465,0.996583353588,0.00126411962946,0.210079300371,0.100274550112,1.2842388011,1.52674897119,0.00126411962946,4921.71074356,7.0,
96.1002057613,0.994719481794,0.00149253162628,0.202977587994,0.0976216324822,1.24086144139,1.68868312757,0.00149253162628,4936.80814696,7.0,
77.1041152263,0.995885984271,0.00117089197107,0.199628726005,0.0943764432529,1.28415124842,1.64979423868,0.00117089197107,5037.9348134,7.0,
78.5094650206,0.995657648923,0.00104324374672,0.195894334708,0.093170762924,1.28667338067,1.670781893,0.00104324374672,4928.86018776,7.0,
49.371399177,0.997317927738,0.0013086589104,0.212622102465,0.100424401713,1.3052618681,1.42283950617,0.0013086589104,4839.89097443,7.0,
73.8983539095,0.996021004597,0.00140429981879,0.217961497194,0.102719814907,1.28109465842,1.4962962963,0.00140429981879,4903.28546881,7.0,
58.0808641975,0.996824067837,0.0011759301597,0.205714964066,0.0988799789442,1.30775361834,1.50020576132,0.0011759301597,4836.24472368,7.0,
125.403909465,0.993197183102,0.00115387220783,0.20475265964,0.0976861104781,1.28366821363,1.80514403292,0.00115387220783,4982.45296499,7.0,
86.2450617284,0.994952635535,0.0013186506122,0.222873249796,0.104203522066,1.4585094135,1.90020576132,0.0013186506122,4110.12981742,7.0,
66.8952674897,0.996376080128,0.00154066961337,0.219765164622,0.106755588453,1.24268770703,1.3450617284,0.00154066961337,4984.05503579,7.0,
63.4296296296,0.996496208558,0.00164871547359,0.210648937894,0.102674635506,1.2058565102,1.34814814815,0.00164871547359,4948.89904753,7.0,
86.1166666667,0.995253743133,0.00170803061864,0.220154553382,0.101715184558,1.25239256966,1.52448559671,0.00170803061864,4806.7467623,7.0,
59.00781893,0.996792904577,0.00166810614913,0.22009836848,0.100725749625,1.24225663564,1.38189300412,0.00166810614913,4897.82601806,7.0,
68.7699588477,0.996374854022,0.00155231248624,0.218807683412,0.101347106328,1.22168228114,1.32304526749,0.00155231248624,5136.75730627,7.0,
