65.8884259259,0.996377603081,0.00142800497257,0.224373491006,0.10112579881,1.28929977832,1.45185185185,0.00142800497257,4824.85099456,1.0,
47.2833333333,0.997435719951,0.00169383359053,0.224001742526,0.105596112113,1.19590115126,1.14351851852,0.00169383359053,5061.71481341,1.0,
75.0200231481,0.99611456925,0.00162404085219,0.234015491442,0.107189206967,1.24839214427,1.3306712963,0.00162404085219,5162.1260103,1.0,
39.7460648148,0.997844181025,0.00164349172668,0.230120291908,0.104549497103,1.19600380114,1.04560185185,0.00164349172668,5056.16512757,1.0,
37.4741898148,0.99803680546,0.00173562885802,0.231979537542,0.105198685862,1.21166492988,1.08206018519,0.00173562885802,5149.47745123,1.0,
50.5052083333,0.997273304355,0.00182548868313,0.233957288093,0.10688633579,1.20681584263,1.16076388889,0.00182548868313,5012.01031272,1.0,
44.30625,0.997591835056,0.0016647242584,0.228265999746,0.105292136968,1.19578854535,1.12037037037,0.0016647242584,5049.16017842,1.0,
43.2512731481,0.997693258066,0.00199062017747,0.235896859044,0.107335769093,1.16812150814,1.03368055556,0.00199062017747,5129.38898821,1.0,
53.7642361111,0.99710125251,0.000903126071674,0.200454734631,0.092991561707,1.30023464071,1.40613425926,0.000903126071674,5092.99430423,1.0,
68.6800925926,0.996052686707,0.00126193576389,0.206253158237,0.098012227439,1.27079825879,1.50324074074,0.00126193576389,4743.58669013,1.0,
38.4918981481,0.99787511934,0.00135727451989,0.20884504651,0.0995566677855,1.24681362029,1.28888888889,0.00135727451989,4945.60775621,1.0,
40.1934027778,0.997824556549,0.00108991876715,0.215941004269,0.103248150637,1.30313273985,1.23136574074,0.00108991876715,4957.58035097,1.0,
48.341087963,0.997186805263,0.0012207701046,0.207797618828,0.0991021932326,1.26768252118,1.321875,0.0012207701046,4664.52816857,1.0,
32.3818287037,0.998149779025,0.00122492283951,0.210904436169,0.0985481118522,1.28760028991,1.29988425926,0.00122492283951,4726.24811775,1.0,
50.1099537037,0.997190511432,0.00110245734739,0.213272286047,0.101786221027,1.33988880955,1.36226851852,0.00110245734739,4709.62101256,1.0,
48.8972222222,0.997312266456,0.00106954357425,0.204023809742,0.0963397982644,1.29580060377,1.39074074074,0.00106954357425,4925.02267354,1.0,
60.568287037,0.996726939369,0.00132835273062,0.226108242581,0.103666378134,1.28079382071,1.28148148148,0.00132835273062,4963.20481772,1.0,
57.6063657407,0.996920626943,0.000977245691872,0.205252848952,0.0992287785352,1.30821926371,1.3931712963,0.000977245691872,5085.7622637,1.0,
59.908912037,0.996764507366,0.00128714688357,0.226338210653,0.105770437713,1.30932547919,1.31585648148,0.00128714688357,4886.66089322,1.0,
76.4100694444,0.995862226521,0.00134335615998,0.223151496064,0.105821710013,1.26951548434,1.37719907407,0.00134335615998,4949.37983767,1.0,
52.7162037037,0.997103794975,0.00131789051783,0.226638177307,0.10827218351,1.28609919792,1.27060185185,0.00131789051783,4815.03107774,1.0,
38.3462962963,0.997885895462,0.00151736914866,0.230033061209,0.105675323476,1.27057369732,1.16967592593,0.00151736914866,4812.14579146,1.0,
35.8130787037,0.998106775957,0.00121397837363,0.217026594957,0.0996672570361,1.26588524823,1.16747685185,0.00121397837363,5133.47224929,1.0,
56.5984953704,0.996840098118,0.00155984760802,0.224930261685,0.1068830088,1.27217882593,1.32395833333,0.00155984760802,4733.84146102,1.0,
52.9753472222,0.997093942404,0.00124679837534,0.217451157282,0.101348791218,1.284881311,1.35891203704,0.00124679837534,4906.69675098,1.0,
73.5619212963,0.995988004698,0.00102655606996,0.203339040229,0.0955607741348,1.29886731005,1.53599537037,0.00102655606996,4987.99788047,1.0,
61.943287037,0.996630915929,0.00130267275377,0.22358149456,0.103130499812,1.30083010283,1.39282407407,0.00130267275377,4899.14205399,1.0,
53.5289351852,0.996950925533,0.00122860671725,0.218440116828,0.10303993686,1.29384577211,1.34189814815,0.00122860671725,4708.77731854,1.0,
76.0319444444,0.995637981153,0.00103153935185,0.213388784188,0.101103225654,1.34429999952,1.54398148148,0.00103153935185,4648.69501247,1.0,
51.7787037037,0.997140127607,0.001171875,0.210315598185,0.0944488054964,1.30628658366,1.48009259259,0.001171875,4846.53002182,1.0,
57.8184027778,0.996691887913,0.00110390410665,0.211899826783,0.100718472702,1.30590795909,1.40729166667,0.00110390410665,4737.0615144,1.0,
41.5053240741,0.997627965938,0.00154930501972,0.228483523713,0.1085397106,1.28631719605,1.19305555556,0.00154930501972,4604.79620428,1.0,
34.241087963,0.998123169697,0.00141734182099,0.229439854882,0.107214722269,1.29516597811,1.20474537037,0.00141734182099,4782.99180428,1.0,
34.7175925926,0.998027190108,0.00106730645576,0.212273978458,0.0984981747995,1.28864646824,1.18425925926,0.00106730645576,4806.15623355,1.0,
52.9099537037,0.997008074852,0.0014030885631,0.214898429369,0.100679196915,1.23776845498,1.27037037037,0.0014030885631,4824.06096625,1.0,
80.3091435185,0.995468758193,0.00118781614369,0.210921028624,0.101480647575,1.26227193063,1.40520833333,0.00118781614369,4859.81286424,1.0,
56.2019675926,0.997040123105,0.00118172100051,0.221148551,0.103606432988,1.27088444319,1.24548611111,0.00118172100051,5175.57711326,1.0,
34.0564814815,0.998094224834,0.00115021379887,0.211848717695,0.0996825660486,1.30714340616,1.26967592593,0.00115021379887,4813.01860932,1.0,
29.4204861111,0.998359452911,0.000745871377743,0.200679724067,0.0938981070932,1.36210143016,1.31215277778,0.000745871377743,4877.50371684,1.0,
89.8039351852,0.994904883848,0.00108839163237,0.212449671917,0.100538238993,1.31018800961,1.56435185185,0.00108839163237,4743.41114477,1.0,
39.2284722222,0.99785820621,0.00134094489455,0.210531257034,0.100749376269,1.31210278006,1.3599537037,0.00134094489455,4791.63913579,1.0,
58.0166666667,0.996831050549,0.00145158179012,0.218538734497,0.105972192996,1.26093512267,1.28240740741,0.00145158179012,4914.45958809,1.0,
48.4197916667,0.997317673733,0.00113747427984,0.213486490681,0.0998742739813,1.29495634202,1.35127314815,0.00113747427984,4875.32927041,1.0,
37.975462963,0.997856537219,0.00109433942044,0.204741839955,0.0976981746833,1.28534442647,1.33078703704,0.00109433942044,4861.21152462,1.0,
42.9079861111,0.997526549774,0.00117408532665,0.209534247194,0.0975125929024,1.28264649711,1.28553240741,0.00117408532665,4685.76601696,1.0,
41.4273148148,0.997579658736,0.00126990633573,0.212532534209,0.102186613667,1.3182783736,1.36643518519,0.00126990633573,4532.61297696,1.0,
39.802662037,0.997720342512,0.00103575906636,0.209872521121,0.101847435843,1.30118635592,1.2443287037,0.00103575906636,4743.38341076,1.0,
44.80625,0.997533894856,0.00111862622171,0.208393501954,0.10066978392,1.2890660708,1.27847222222,0.00111862622171,4932.9220601,1.0,
34.3074074074,0.998098646366,0.00120999978567,0.217195445658,0.103872844066,1.29061170858,1.20324074074,0.00120999978567,4832.04697823,1.0,
69.9021990741,0.996212244726,0.00162595646862,0.229494505222,0.107400677027,1.23461320583,1.28043981481,0.00162595646862,4941.36435424,1.0,
57.1719907407,0.997000795314,0.00131683224023,0.22799225265,0.107385827771,1.32535009591,1.36643518519,0.00131683224023,4940.46830654,2.0,
40.2394675926,0.997862385663,0.00180305051869,0.246221428633,0.112140953503,1.28402601009,1.14780092593,0.00180305051869,4853.81545924,2.0,
47.2173611111,0.997364712394,0.00203411672668,0.239331572775,0.106479893909,1.25959293598,1.25416666667,0.00203411672668,4645.26941564,2.0,
64.6627314815,0.996534981227,0.00145452889232,0.23233718596,0.107820984101,1.31932879694,1.40300925926,0.00145452889232,4844.23192041,2.0,
67.2747685185,0.99645962929,0.00192531507202,0.247799959581,0.11081545679,1.29348681843,1.31875,0.00192531507202,4830.39510486,2.0,
87.1945601852,0.995238828288,0.00169778538666,0.24120851456,0.111450286271,1.35384087132,1.55543981481,0.00169778538666,4599.07621816,2.0,
47.6546296296,0.997404190715,0.00139664512603,0.233534768366,0.108595057809,1.3591852744,1.37152777778,0.00139664512603,4666.7345921,2.0,
75.8518518519,0.995938512218,0.00207242905521,0.248592633054,0.11648232183,1.28159269412,1.35972222222,0.00207242905521,4754.33896019,2.0,
61.7886574074,0.996804906814,0.00149949899263,0.239679351551,0.115224024416,1.34761596537,1.30023148148,0.00149949899263,4893.00663827,2.0,
67.5953703704,0.996378819054,0.00158884977281,0.243884865821,0.112346565655,1.35710615111,1.39930555556,0.00158884977281,4714.46513986,2.0,
68.7021990741,0.996200969145,0.00159912444273,0.232819116023,0.106137693505,1.29003429733,1.37881944444,0.00159912444273,4755.63963816,2.0,
47.2641203704,0.997380667475,0.00140172217936,0.231399485293,0.108532783067,1.33064234587,1.28217592593,0.00140172217936,4695.03873431,2.0,
27.3165509259,0.998471421347,0.00181741094393,0.240088567717,0.111395869,1.2956054404,1.16006944444,0.00181741094393,4560.46576409,2.0,
62.694212963,0.996499075296,0.00159423493227,0.229503349878,0.10521506272,1.3139811639,1.41736111111,0.00159423493227,4657.86061435,2.0,
37.9577546296,0.998008765841,0.00158330386231,0.234263725637,0.108312822232,1.27599889796,1.17303240741,0.00158330386231,5006.20356714,2.0,
54.8733796296,0.997059582551,0.00177115483539,0.232177105516,0.109368312279,1.2533347681,1.21388888889,0.00177115483539,4891.17315388,2.0,
53.7237268519,0.997124117649,0.0018284223894,0.240902118417,0.11039046682,1.27573850344,1.22326388889,0.0018284223894,4847.22061387,2.0,
55.3394675926,0.997020433678,0.00184595764746,0.238247822479,0.109829499508,1.27800386381,1.28136574074,0.00184595764746,4820.58048151,2.0,
68.8362268519,0.996382167622,0.00185017736197,0.246236207708,0.11286523162,1.27593441045,1.28043981481,0.00185017736197,4926.06411045,2.0,
52.9309027778,0.997057208344,0.00196078746571,0.243006534644,0.112410682541,1.30893631563,1.30104166667,0.00196078746571,4549.78715433,2.0,
66.3082175926,0.996245185435,0.00138307506001,0.230142092722,0.105888750456,1.39747044942,1.61793981481,0.00138307506001,4426.49006033,2.0,
71.1171296296,0.996181585144,0.00145911029664,0.235640927885,0.107135874171,1.31468391668,1.35,0.00145911029664,4868.29084359,2.0,
69.8577546296,0.996180680551,0.00180871699246,0.240969083812,0.109800343472,1.32780917422,1.44363425926,0.00180871699246,4613.2805808,2.0,
62.2804398148,0.996758805193,0.00251774959276,0.244911998043,0.115619024487,1.23525597375,1.25590277778,0.00251774959276,4936.10168982,2.0,
50.034375,0.997291065476,0.00223638170868,0.242454257002,0.108365496278,1.28988271708,1.30844907407,0.00223638170868,4694.65105158,2.0,
76.5576388889,0.995943819726,0.00177645961934,0.239176794948,0.112058699975,1.33422511906,1.45138888889,0.00177645961934,4796.7427629,2.0,
59.8248842593,0.996756607278,0.00158927844222,0.241084606909,0.110130781401,1.31342194284,1.27534722222,0.00158927844222,4751.250348,2.0,
53.8386574074,0.997056584462,0.00152046360597,0.2380013491,0.111104766708,1.31627421311,1.26458333333,0.00152046360597,4700.83381905,2.0,
42.6333333333,0.997651732697,0.00172946673525,0.24161990089,0.109755729631,1.32692961998,1.25347222222,0.00172946673525,4611.160295,2.0,
55.2362268519,0.996966585655,0.00174274209105,0.244971626534,0.114868881888,1.30571518602,1.25451388889,0.00174274209105,4667.29821874,2.0,
46.7827546296,0.997558544008,0.00176702889232,0.243454729241,0.114900340662,1.29712462876,1.20243055556,0.00176702889232,4886.73500309,2.0,
20.8350694444,0.998896518467,0.00159560131602,0.244960546286,0.11335518136,1.3312982116,1.07997685185,0.00159560131602,4812.55358323,2.0,
60.3114583333,0.996702737069,0.00205362118484,0.241971448124,0.112209984447,1.25924493616,1.30081018519,0.00205362118484,4749.98334114,2.0,
56.1763888889,0.997016979566,0.0016690109525,0.241566360699,0.116893538626,1.32371972399,1.32523148148,0.0016690109525,4804.99159393,2.0,
75.4296296296,0.9959701179,0.00184041173697,0.242767322933,0.112961334757,1.29515041091,1.37222222222,0.00184041173697,4819.2893242,2.0,
37.5612268519,0.997901478956,0.00200582454561,0.240950276709,0.111353601589,1.27747196721,1.15266203704,0.00200582454561,4606.45009614,2.0,
65.565162037,0.996448820401,0.00207281753687,0.245585751081,0.112383924287,1.30295860219,1.409375,0.00207281753687,4657.94223677,2.0,
81.9510416667,0.995492609691,0.0025042866941,0.24079141462,0.110618989403,1.24676292864,1.46076388889,0.0025042866941,4653.24706347,2.0,
64.5409722222,0.996592750296,0.00223928862311,0.249466022096,0.113693518927,1.21322512258,1.13171296296,0.00223928862311,4958.73084056,2.0,
37.6336805556,0.997955685121,0.0019221402392,0.240310219226,0.110605818033,1.28340089838,1.16076388889,0.0019221402392,4716.96533736,2.0,
76.309375,0.995742305153,0.00213656871571,0.237102366798,0.108324782714,1.26527202963,1.42974537037,0.00213656871571,4635.99605868,2.0,
86.0381944444,0.995462308891,0.00189512067044,0.237293155418,0.109892405641,1.26734938651,1.425,0.00189512067044,4956.70136997,2.0,
55.9770833333,0.996887367932,0.00200299800669,0.241089238254,0.108305364297,1.2953733791,1.30601851852,0.00200299800669,4613.4327142,2.0,
89.6011574074,0.994995396016,0.00177181123543,0.237339680864,0.110573621491,1.3408875382,1.59675925926,0.00177181123543,4484.39455624,2.0,
62.9569444444,0.996479067963,0.0025235366298,0.24813483563,0.115819928065,1.26505187914,1.30393518519,0.0025235366298,4521.17239523,2.0,
62.2416666667,0.996711053749,0.00209584512174,0.251895153878,0.114955092543,1.30777013328,1.31481481481,0.00209584512174,4735.69134252,2.0,
53.8121527778,0.997201475653,0.00140069069359,0.230470321107,0.112707178604,1.2867068916,1.24270833333,0.00140069069359,5064.14828877,2.0,
79.2283564815,0.995615069642,0.00199174543467,0.246188730567,0.111751056791,1.30594206709,1.45960648148,0.00199174543467,4588.95625547,2.0,
39.6600694444,0.997854381452,0.00171901791838,0.243930799211,0.11068556429,1.31761181211,1.19201388889,0.00171901791838,4688.4340642,2.0,
70.9252314815,0.996110077251,0.00169860253772,0.232323802043,0.106046534355,1.30434017502,1.47037037037,0.00169860253772,4718.86704173,2.0,
45.1354166667,0.997678789714,0.00160665294925,0.231594510495,0.10544643164,1.25870823737,1.24166666667,0.00160665294925,5173.22117731,3.0,
50.7828703704,0.997266913945,0.00219533661265,0.240216844378,0.106622544258,1.25129582132,1.30486111111,0.00219533661265,4858.93984576,3.0,
61.6450231481,0.996660514595,0.001662473744,0.2268932982,0.106425791159,1.22005877234,1.25034722222,0.001662473744,5001.65926138,3.0,
77.5163194444,0.995768998341,0.00215397001457,0.235377565781,0.108595922221,1.2210017037,1.37604166667,0.00215397001457,4869.78491891,3.0,
52.9982638889,0.9971949689,0.00181574984997,0.238166366917,0.107418439201,1.24906883871,1.21770833333,0.00181574984997,5001.29650799,3.0,
40.4112268519,0.997836639716,0.00194306466478,0.232917459596,0.10819538794,1.22037563347,1.17465277778,0.00194306466478,4969.31926221,3.0,
58.6458333333,0.996861638923,0.00196741844564,0.233023207299,0.106761595941,1.18999237619,1.18726851852,0.00196741844564,5069.40353571,3.0,
54.7358796296,0.997080247991,0.00177471814986,0.230194442604,0.104662402409,1.26106472066,1.2849537037,0.00177471814986,4947.3533724,3.0,
49.5841435185,0.997404872986,0.00279215159894,0.243146359522,0.109649084705,1.15199644985,1.09502314815,0.00279215159894,5095.15549685,3.0,
53.5216435185,0.99723842526,0.00233371645662,0.244284503751,0.111056219726,1.19161961393,1.12951388889,0.00233371645662,5117.35868076,3.0,
75.5011574074,0.996082833263,0.00163502550583,0.225972816239,0.103572041094,1.19925015694,1.32476851852,0.00163502550583,5275.87536004,3.0,
63.8553240741,0.996682878032,0.00185617873371,0.237849794727,0.107284729873,1.24611637251,1.2900462963,0.00185617873371,5060.03483958,3.0,
34.9893518519,0.998107394224,0.00178223326046,0.230928259769,0.107561799166,1.25319956566,1.15532407407,0.00178223326046,4887.84258262,3.0,
79.1609953704,0.995735779504,0.00212463295182,0.238601742839,0.108457585166,1.23401744259,1.37511574074,0.00212463295182,4877.54201012,3.0,
53.1207175926,0.997270421396,0.00185901866855,0.229147005859,0.106428040443,1.19842417425,1.17094907407,0.00185901866855,5223.87983602,3.0,
51.4052083333,0.997238096727,0.00160504543896,0.223718765461,0.10527603031,1.22170938192,1.17905092593,0.00160504543896,5016.65025988,3.0,
73.5505787037,0.996108238995,0.00173012313529,0.223755589414,0.105005265722,1.25249026302,1.44826388889,0.00173012313529,5027.40248831,3.0,
63.8324074074,0.996544160136,0.00142744234396,0.219521756536,0.101469086669,1.25435261755,1.34074074074,0.00142744234396,4959.84308419,3.0,
71.3054398148,0.996305525458,0.00146086516204,0.224515740728,0.102441261817,1.24200338723,1.35081018519,0.00146086516204,5247.37456765,3.0,
64.9953703704,0.996591735964,0.00161175679441,0.228805052623,0.106280954956,1.26428105443,1.32152777778,0.00161175679441,5061.7951716,3.0,
87.2483796296,0.995379385766,0.00169983496228,0.226659114249,0.103511043027,1.25053669724,1.51736111111,0.00169983496228,5065.42153533,3.0,
47.4269675926,0.997377529425,0.00123085723165,0.21580372988,0.10028047419,1.32125850612,1.35104166667,0.00123085723165,4795.71133775,3.0,
55.5712962963,0.996943742435,0.00171757115912,0.229247708946,0.106313172003,1.26746504929,1.33472222222,0.00171757115912,4800.0686229,3.0,
66.3319444444,0.996323428599,0.0014855672368,0.219535318835,0.101985946172,1.27616536376,1.43865740741,0.0014855672368,4815.60886037,3.0,
47.434375,0.997446453662,0.00168759109225,0.228134825679,0.104641405867,1.26839701956,1.29386574074,0.00168759109225,4876.79621532,3.0,
60.3539351852,0.996755047279,0.00185636627658,0.232539222932,0.109937258027,1.17940055185,1.13865740741,0.00185636627658,5077.38548269,3.0,
67.3501157407,0.99642641659,0.00211088873885,0.23658026297,0.109844652457,1.23251888678,1.3193287037,0.00211088873885,4970.84829022,3.0,
48.975462963,0.997366892517,0.00185069980281,0.227097217002,0.107351346867,1.19687023332,1.18310185185,0.00185069980281,5033.16863784,3.0,
49.777662037,0.99731841673,0.00142767007459,0.225402556676,0.10278873138,1.25530428546,1.18761574074,0.00142767007459,5004.54007973,3.0,
46.3756944444,0.997551154184,0.00236720625429,0.245584693445,0.10845689134,1.19148987767,1.10671296296,0.00236720625429,5040.45096649,3.0,
40.6484953704,0.997720931085,0.00169450338649,0.230007135338,0.101285311516,1.26609524662,1.21863425926,0.00169450338649,4717.27449967,3.0,
34.2238425926,0.998125440527,0.00155482413837,0.223311403785,0.106462821506,1.24879321061,1.1599537037,0.00155482413837,4910.42951128,3.0,
73.8490740741,0.996137851541,0.00164165648577,0.240120945213,0.108257502388,1.26489379056,1.25856481481,0.00164165648577,5066.61942215,3.0,
109.290625,0.994174615433,0.00139734171382,0.225274885815,0.103980606887,1.30026433153,1.64016203704,0.00139734171382,4969.0032764,3.0,
31.5677083333,0.99831941482,0.00141245231053,0.228678591644,0.10696651009,1.30164277039,1.21655092593,0.00141245231053,4961.79374867,3.0,
39.3900462963,0.99783596067,0.00149344403721,0.220521049457,0.100625939033,1.24321371716,1.20208333333,0.00149344403721,4914.4939918,3.0,
52.5652777778,0.997039390197,0.00136918349194,0.215228080341,0.100369739779,1.27668315674,1.37592592593,0.00136918349194,4787.69793461,3.0,
92.9893518519,0.995049532524,0.0018563796725,0.221711891547,0.101449546139,1.23449450824,1.48726851852,0.0018563796725,5072.38332427,3.0,
74.0260416667,0.996149777108,0.00153518572102,0.220154955719,0.101325211814,1.23294292875,1.39409722222,0.00153518572102,5217.93130615,3.0,
77.2199074074,0.995919335761,0.00123634955847,0.224694370801,0.104718435753,1.2974251283,1.47592592593,0.00123634955847,5052.09834057,3.0,
82.9545138889,0.995402183304,0.00135562682184,0.227207289342,0.10811436969,1.32135720333,1.45011574074,0.00135562682184,4723.55703289,3.0,
83.1487268519,0.995511667011,0.00188720368227,0.23312948189,0.107130850256,1.24624153328,1.37696759259,0.00188720368227,4911.78336446,3.0,
72.780787037,0.996002737662,0.00154657225223,0.226556824695,0.103732000083,1.26184235626,1.3900462963,0.00154657225223,4875.02140429,3.0,
69.1641203704,0.99615348191,0.00164205836334,0.229142690015,0.107481906392,1.2388856808,1.33935185185,0.00164205836334,4837.04398987,3.0,
70.596875,0.996330141126,0.00112825788752,0.213135740677,0.0990357071312,1.3045375316,1.44456018519,0.00112825788752,5154.87321534,3.0,
80.3704861111,0.995742827662,0.00186429666067,0.233769917439,0.107823166739,1.25234228639,1.38599537037,0.00186429666067,4938.8034702,3.0,
43.784837963,0.997605961948,0.00173735693158,0.225989261694,0.10027243687,1.23080431854,1.22581018519,0.00173735693158,4948.08566723,3.0,
44.9716435185,0.997629992867,0.00150366512346,0.228387998687,0.105791743395,1.2911884666,1.29571759259,0.00150366512346,4967.76399602,3.0,
59.1613425926,0.996798683605,0.00120358314043,0.209660642494,0.099784805898,1.28050319636,1.46296296296,0.00120358314043,5046.43688295,3.0,
35.3430555556,0.998098614918,0.00144047657322,0.217613773845,0.100546088407,1.27231670269,1.25324074074,0.00144047657322,4972.13689999,3.0,
40.091087963,0.997857668028,0.00137957872514,0.228899868469,0.103435743927,1.38381725332,1.36076388889,0.00137957872514,4690.90443509,4.0,
58.4243055556,0.996741961912,0.00199608571245,0.249535417361,0.113496520339,1.35692802003,1.4349537037,0.00199608571245,4411.10305735,4.0,
57.9296296296,0.996816674541,0.00224484792953,0.238863673747,0.112204863254,1.25945443938,1.30092592593,0.00224484792953,4658.79387663,4.0,
55.8756944444,0.996889184762,0.00174631880144,0.237908339342,0.109890127044,1.34262929961,1.38958333333,0.00174631880144,4515.07320567,4.0,
47.7641203704,0.997479186165,0.00222578553669,0.248916773489,0.115011767223,1.27250899607,1.20509259259,0.00222578553669,4777.49393482,4.0,
36.0398148148,0.998040061082,0.00179498617541,0.236110613308,0.109118345946,1.32189799731,1.2900462963,0.00179498617541,4655.62743309,4.0,
69.4887731481,0.996205681804,0.00198745874057,0.242095661136,0.112656059539,1.3326114658,1.47997685185,0.00198745874057,4594.23590165,4.0,
41.7355324074,0.997679171435,0.0020757244513,0.233650629117,0.108307667416,1.29750137267,1.29988425926,0.0020757244513,4549.03350804,4.0,
98.5501157407,0.99488485502,0.0026427603095,0.245473220091,0.117721347925,1.25893564523,1.53784722222,0.0026427603095,4864.16728565,4.0,
101.744097222,0.994427755528,0.00201356738683,0.249382794079,0.1147945447,1.34820694336,1.64594907407,0.00201356738683,4500.44968767,4.0,
47.909375,0.997479993146,0.00229470754029,0.239369571368,0.113133115359,1.22664563026,1.27951388889,0.00229470754029,4925.44851434,4.0,
40.1197916667,0.99778604978,0.00144010148748,0.230170420234,0.1089072837,1.38189583441,1.37905092593,0.00144010148748,4519.08426524,4.0,
77.5099537037,0.995546387003,0.00154078521519,0.225419229297,0.107976956744,1.35791524577,1.60717592593,0.00154078521519,4413.17248497,4.0,
45.1412037037,0.997414803599,0.00141052329818,0.224907698039,0.101865697213,1.37895913259,1.44467592593,0.00141052329818,4421.88455195,4.0,
50.4414351852,0.997198505284,0.00158325027864,0.226024523505,0.103401701556,1.36284200484,1.4849537037,0.00158325027864,4518.26662072,4.0,
82.0854166667,0.995594728066,0.00120149337706,0.219865056022,0.102724897314,1.39743697321,1.70810185185,0.00120149337706,4737.61772463,4.0,
65.7017361111,0.99636476365,0.00121380422668,0.222174721364,0.103907457797,1.41864454541,1.60405092593,0.00121380422668,4522.40587054,4.0,
53.8696759259,0.996995873639,0.00111001264575,0.220894005573,0.104378684306,1.40255813945,1.47546296296,0.00111001264575,4574.54284359,4.0,
75.0915509259,0.995704151461,0.00145893614969,0.22435741184,0.107210564136,1.39037352461,1.66886574074,0.00145893614969,4344.96557775,4.0,
51.2920138889,0.996960700143,0.00129952471279,0.223500712504,0.104317513614,1.41327321212,1.56793981481,0.00129952471279,4180.60672981,4.0,
57.4680555556,0.996749773424,0.00123208965621,0.214463947468,0.102261136076,1.32054519469,1.40694444444,0.00123208965621,4641.17518484,4.0,
63.2467592593,0.996523029835,0.00159771787123,0.238174911321,0.111537010251,1.3522371488,1.4650462963,0.00159771787123,4567.58408909,4.0,
39.7541666667,0.997798496486,0.00139272012174,0.228841849598,0.108832136618,1.37360222208,1.33680555556,0.00139272012174,4532.16593191,4.0,
33.5087962963,0.998053050878,0.00125712662894,0.216872154717,0.104396337379,1.38420014813,1.3912037037,0.00125712662894,4374.25717777,4.0,
51.1525462963,0.997024923777,0.00146199041924,0.229321538712,0.104046796714,1.39791952453,1.51018518519,0.00146199041924,4281.10859786,4.0,
72.2606481481,0.996054220125,0.00304436996313,0.249588389616,0.113312745769,1.26915385723,1.48101851852,0.00304436996313,4504.86236291,4.0,
51.5274305556,0.99728862872,0.00217871227709,0.25781125902,0.115468686133,1.30262255364,1.21238425926,0.00217871227709,4722.06104107,4.0,
68.0287037037,0.996234269835,0.00226437917953,0.249473757004,0.114176302931,1.33653087965,1.48912037037,0.00226437917953,4456.33683919,4.0,
53.5278935185,0.997087601262,0.0024164630487,0.251941032571,0.116458889535,1.30200677653,1.29988425926,0.0024164630487,4573.92743139,4.0,
79.4853009259,0.995833566796,0.0026068592464,0.253597716887,0.11570616836,1.25353034338,1.38368055556,0.0026068592464,4851.63237187,4.0,
41.6634259259,0.997796703649,0.00241118505658,0.256295871196,0.118920462445,1.2775240175,1.1662037037,0.00241118505658,4682.87010925,4.0,
41.1149305556,0.99786773363,0.00226364240398,0.253180152997,0.113267635201,1.24843461842,1.11631944444,0.00226364240398,4907.69721538,4.0,
43.087037037,0.997622561987,0.00191135652435,0.246243910176,0.110732990495,1.30542796545,1.22685185185,0.00191135652435,4588.98591314,4.0,
78.3898148148,0.995855258658,0.00226775495113,0.253506026835,0.116555634025,1.28698332541,1.42824074074,0.00226775495113,4743.68278581,4.0,
51.8287037037,0.997326302111,0.00192451131687,0.240709150813,0.109275426992,1.26847710731,1.27893518519,0.00192451131687,4999.0094802,4.0,
65.3476851852,0.99646812894,0.0018928433642,0.250024148255,0.114665474074,1.30897597729,1.33148148148,0.0018928433642,4687.00268768,4.0,
75.5234953704,0.995833125708,0.00208206072102,0.250629415163,0.110512131313,1.31672453647,1.43414351852,0.00208206072102,4540.74364282,4.0,
64.9465277778,0.996554732953,0.00176200542267,0.244598087884,0.110250130854,1.30494901121,1.33518518519,0.00176200542267,4814.23268142,4.0,
47.8436342593,0.997365525408,0.00173390078447,0.238003947031,0.110132626281,1.37943329947,1.42025462963,0.00173390078447,4480.22832418,4.0,
52.3142361111,0.997238421968,0.00254399219822,0.253679328035,0.115193652175,1.24567135005,1.24664351852,0.00254399219822,4818.24302958,4.0,
67.6226851852,0.996450640147,0.00217841756687,0.25175149117,0.113654760526,1.29283830421,1.40231481481,0.00217841756687,4766.90958701,4.0,
71.315625,0.996286603518,0.00234963080847,0.25873610763,0.11503251628,1.29985680664,1.35127314815,0.00234963080847,4784.89249738,4.0,
55.6350694444,0.997059721655,0.00248625578704,0.25958821865,0.119072415193,1.27490471212,1.23229166667,0.00248625578704,4719.09403418,4.0,
65.7365740741,0.99638798882,0.00246917599023,0.246284794847,0.108502341185,1.26311222391,1.39212962963,0.00246917599023,4634.93159563,4.0,
38.9112268519,0.997989576472,0.00209568437071,0.246949300485,0.112584939857,1.27420205819,1.18738425926,0.00209568437071,4921.18554233,4.0,
48.6133101852,0.99740958325,0.00239477505573,0.257440057088,0.118522086764,1.27106261652,1.1556712963,0.00239477505573,4685.39660876,4.0,
39.9927083333,0.997873363329,0.00215931498628,0.246325362398,0.110196214676,1.2692297521,1.20821759259,0.00215931498628,4824.32288836,4.0,
84.1136574074,0.995425072273,0.00207642103909,0.24344255642,0.111474490982,1.30152386157,1.51458333333,0.00207642103909,4624.46679988,4.0,
94.9039351852,0.994848070365,0.00216988436643,0.256689186095,0.112427112539,1.34041263588,1.60416666667,0.00216988436643,4559.66710491,4.0,
39.8533564815,0.997871687379,0.00218926826132,0.257223576355,0.119460123204,1.28171250328,1.09594907407,0.00218926826132,4682.19118088,4.0,
62.1377314815,0.996565851035,0.00141991383745,0.241001126763,0.112768139234,1.43281762071,1.51805555556,0.00141991383745,4396.70981445,5.0,
67.7318287037,0.996214739439,0.00244222340106,0.260945488996,0.118233886775,1.36001232681,1.44571759259,0.00244222340106,4262.8270858,5.0,
83.0503472222,0.995589168095,0.00251294045782,0.256741436358,0.116877105299,1.31063380803,1.503125,0.00251294045782,4587.31257599,5.0,
50.8799768519,0.997118071708,0.00193201303155,0.251805816607,0.116788928265,1.41583656811,1.46446759259,0.00193201303155,4176.4013152,5.0,
66.478587963,0.996415523152,0.00237580643433,0.269434451742,0.120317172468,1.35099733571,1.4005787037,0.00237580643433,4427.99880438,5.0,
90.8586805556,0.994826414245,0.00169307002315,0.234034444529,0.109028231416,1.438217491,1.80844907407,0.00169307002315,4235.9932396,5.0,
63.6065972222,0.996422725007,0.00135150087877,0.22800290046,0.104212399019,1.42538737057,1.62997685185,0.00135150087877,4349.62562915,5.0,
79.5487268519,0.995687748242,0.00161664630487,0.234576547971,0.107931368002,1.39932551695,1.73043981481,0.00161664630487,4573.80580989,5.0,
45.862962963,0.99732839714,0.0012336971665,0.217011004748,0.0990583941119,1.44889309053,1.64606481481,0.0012336971665,4199.40215623,5.0,
53.0648148148,0.997162870388,0.00188380111883,0.24125476483,0.112122319213,1.37037254697,1.36921296296,0.00188380111883,4614.07875323,5.0,
85.0438657407,0.995262637023,0.00167700831619,0.234401425933,0.110212204745,1.41879415836,1.77719907407,0.00167700831619,4344.95700739,5.0,
42.3829861111,0.997771122826,0.00174469789523,0.236149977692,0.111216114945,1.3508408482,1.3556712963,0.00174469789523,4696.92780632,5.0,
86.3575231481,0.995121915074,0.00139475630144,0.231507500611,0.108133837131,1.43060627728,1.73576388889,0.00139475630144,4338.6084494,5.0,
85.4734953704,0.995223238361,0.00165452996399,0.234399416305,0.107470873572,1.40896684618,1.75405092593,0.00165452996399,4354.41980998,5.0,
57.9351851852,0.996708176884,0.00144369159379,0.225600782796,0.1042172827,1.42011869778,1.65185185185,0.00144369159379,4307.45140971,5.0,
73.990625,0.995820991389,0.00119723347479,0.227473716701,0.103368344102,1.44993164948,1.74733796296,0.00119723347479,4362.01938473,5.0,
61.3677083333,0.996562055299,0.00143158168296,0.233428368677,0.107353901975,1.46637709869,1.72395833333,0.00143158168296,4262.06468729,5.0,
62.2232638889,0.996607561052,0.00159085916067,0.236903289748,0.112155243159,1.39774374592,1.49386574074,0.00159085916067,4472.62497392,5.0,
70.9612268519,0.996032384069,0.00132425357939,0.232133574963,0.108049794745,1.46325301217,1.6994212963,0.00132425357939,4326.23622898,5.0,
54.5729166667,0.997052656888,0.00157052415552,0.242679309961,0.110552607423,1.40352159386,1.41944444444,0.00157052415552,4544.94155504,5.0,
57.484837963,0.996807829127,0.00137239851252,0.23868568259,0.113212873331,1.4464951231,1.5505787037,0.00137239851252,4353.18547478,5.0,
61.5638888889,0.996491670583,0.00156259377143,0.233463801666,0.108142217007,1.41218230803,1.61111111111,0.00156259377143,4296.70205014,5.0,
70.7305555556,0.99620294466,0.0018672035751,0.236412731534,0.109665403052,1.38344162801,1.60092592593,0.0018672035751,4562.0444137,5.0,
69.6658564815,0.99604354548,0.00141774369856,0.237804116993,0.110595660211,1.45598864975,1.67581018519,0.00141774369856,4257.13291096,5.0,
67.9530092593,0.996237237099,0.00150935838906,0.245893780496,0.113341703143,1.44612213398,1.59791666667,0.00150935838906,4331.06556272,5.0,
80.2685185185,0.995382206525,0.00109137892233,0.227837470708,0.103138060298,1.51376717747,1.83958333333,0.00109137892233,4173.31668975,5.0,
54.5246527778,0.99677088317,0.00155501168124,0.22636177162,0.103445614052,1.42843558523,1.64918981481,0.00155501168124,4131.89398292,5.0,
35.3236111111,0.998101747216,0.00111379029492,0.214929969758,0.104808580425,1.35128967837,1.34513888889,0.00111379029492,4875.81714339,5.0,
44.6787037037,0.997434295528,0.00146748274606,0.23497016518,0.109056309324,1.44472027177,1.51111111111,0.00146748274606,4228.19087205,5.0,
58.118287037,0.996663845297,0.00150716145833,0.22867705911,0.104572564609,1.42153511432,1.66365740741,0.00150716145833,4267.9515174,5.0,
72.0158564815,0.996070081091,0.00132316850995,0.230051339137,0.107916858101,1.38830736862,1.54293981481,0.00132316850995,4636.42576532,5.0,
72.0509259259,0.995842919999,0.00140993387774,0.230775502237,0.110293150053,1.4775162252,1.78541666667,0.00140993387774,4153.20583819,5.0,
50.1869212963,0.996907113351,0.00116058224023,0.220012310883,0.103139132722,1.49094817908,1.72465277778,0.00116058224023,3901.12207895,5.0,
50.4611111111,0.99708381846,0.00176702889232,0.23835494043,0.109934902306,1.39688765498,1.46481481481,0.00176702889232,4214.88337384,5.0,
39.8971064815,0.997610967067,0.00163166313014,0.228270920822,0.104575664139,1.47650647223,1.62905092593,0.00163166313014,3980.47812263,5.0,
67.3082175926,0.99628278484,0.00184499314129,0.253952539489,0.118548805862,1.4337447138,1.5306712963,0.00184499314129,4243.24387289,5.0,
41.7957175926,0.997641899112,0.00143095207476,0.226082484121,0.104515270996,1.33314745277,1.38020833333,0.00143095207476,4536.7367276,5.0,
60.6703703704,0.996633036171,0.00132574052641,0.23095261067,0.107533659583,1.41856546993,1.5275462963,0.00132574052641,4505.27741791,5.0,
80.4678240741,0.995327240979,0.00171582968964,0.240613958972,0.110882223033,1.42794074112,1.71296296296,0.00171582968964,4104.07996669,5.0,
49.3920138889,0.997294880943,0.00177083333333,0.233548233351,0.110072591686,1.35793612388,1.42048611111,0.00177083333333,4542.78997696,5.0,
65.4881944444,0.996341761087,0.00180013020833,0.23252314447,0.106139348084,1.28774595627,1.4412037037,0.00180013020833,4599.14377607,5.0,
55.777662037,0.996859581623,0.00143249260545,0.229801840599,0.106200770826,1.39385677069,1.52118055556,0.00143249260545,4428.39394957,5.0,
53.6859953704,0.996986321079,0.00165053798011,0.238336000478,0.107138715478,1.38503105059,1.47418981481,0.00165053798011,4387.50871249,5.0,
68.0380787037,0.996257108611,0.000917941958162,0.21210154652,0.100440399611,1.49050071741,1.74733796296,0.000917941958162,4465.05297603,5.0,
35.6641203704,0.997945276372,0.00121451421039,0.222096674109,0.102130314464,1.43956176739,1.58912037037,0.00121451421039,4296.1732385,5.0,
52.7092592593,0.997026277404,0.0013045213906,0.225483548265,0.106878826134,1.41693966164,1.50740740741,0.0013045213906,4384.62857163,5.0,
52.7394675926,0.997032724392,0.00205029899691,0.246592219475,0.111786015558,1.38251402892,1.49594907407,0.00205029899691,4275.58426516,5.0,
75.2407407407,0.996023745865,0.00234362943673,0.255520026961,0.114397765793,1.33829272048,1.45578703704,0.00234362943673,4604.80196901,5.0,
51.7024305556,0.997197292534,0.00197399584191,0.24312302872,0.11152099623,1.31653102412,1.35127314815,0.00197399584191,4621.23544077,5.0,
65.2638888889,0.996173837255,0.00160195098165,0.235635810842,0.111386054491,1.44471322574,1.69537037037,0.00160195098165,4057.57673363,5.0,
72.821412037,0.995667190136,0.000343886638374,0.15873867831,0.0714680204053,1.46330255681,2.06516203704,0.000343886638374,4693.84806223,6.0,
84.1086805556,0.995455905181,0.000937473208162,0.193202033333,0.0935530291974,1.25963004827,1.57881944444,0.000937473208162,5190.59170528,6.0,
36.0277777778,0.99806785813,0.000995825831619,0.199717997212,0.0929911378093,1.24331771217,1.26666666667,0.000995825831619,5235.19963357,6.0,
71.6119212963,0.996103337818,0.000884854038066,0.186397323718,0.0876092999847,1.281929828,1.62118055556,0.000884854038066,5134.68714701,6.0,
77.8634259259,0.995629181551,0.000913146219136,0.188279985796,0.0894251922745,1.25218193001,1.60486111111,0.000913146219136,5058.43895031,6.0,
74.0618055556,0.995926392624,0.000923072595165,0.188048704125,0.089215505886,1.27977704358,1.62060185185,0.000923072595165,5070.65027971,6.0,
65.0739583333,0.996462370361,0.00113987214935,0.195802801231,0.0929097078933,1.21415362707,1.4318287037,0.00113987214935,5193.1561527,6.0,
57.4354166667,0.997008967879,0.00114075628001,0.193044040379,0.09037808212,1.19614005622,1.30740740741,0.00114075628001,5470.8557274,6.0,
69.647337963,0.996172819415,0.00116269879544,0.193952348946,0.0941410838428,1.18411380614,1.4318287037,0.00116269879544,5203.54280458,6.0,
72.7550925926,0.996077414279,0.00111341520919,0.194468904514,0.0887371037271,1.20971916805,1.47430555556,0.00111341520919,5307.45785416,6.0,
70.4511574074,0.996094994049,0.0012359476809,0.20254260658,0.0947338817155,1.1974357785,1.36180555556,0.0012359476809,5106.19794192,6.0,
64.2392361111,0.99651819615,0.0012443067344,0.201279963016,0.096432374425,1.25944802117,1.47141203704,0.0012443067344,5084.02139534,6.0,
69.4216435185,0.996093708039,0.00113273212449,0.202534579411,0.0927625855608,1.26229602526,1.48553240741,0.00113273212449,4922.96370114,6.0,
72.4935185185,0.99597709112,0.00126957143776,0.202325921169,0.0949769398696,1.18486422321,1.36157407407,0.00126957143776,5109.38170785,6.0,
63.6605324074,0.996657614007,0.00128854005916,0.205545858053,0.0971897816487,1.20489449637,1.35960648148,0.00128854005916,5305.19932504,6.0,
67.5717592593,0.996292791145,0.00108343514232,0.20197925283,0.0963425790038,1.24317430086,1.39884259259,0.00108343514232,5086.91411004,6.0,
74.5038194444,0.9958201199,0.00107491533779,0.197055774582,0.092474181382,1.26201530806,1.55428240741,0.00107491533779,4947.70422829,6.0,
83.2049768519,0.995558252901,0.00109286586934,0.198079779861,0.0930267857129,1.2267710446,1.51099537037,0.00109286586934,5280.17198438,6.0,
60.6993055556,0.996740143306,0.00108322080761,0.195056505693,0.0919281114994,1.26204605498,1.52083333333,0.00108322080761,5153.56150958,6.0,
43.5965277778,0.997496889342,0.0010339640132,0.19920555912,0.0917678190643,1.26197626404,1.40671296296,0.0010339640132,4870.09882298,6.0,
76.8076388889,0.995825942681,0.00122307420267,0.198704083389,0.0932565751588,1.22163385756,1.51944444444,0.00122307420267,5169.73658871,6.0,
83.7368055556,0.99556345216,0.00126078371485,0.209164951644,0.0954381053432,1.22043342525,1.46018518519,0.00126078371485,5279.41651066,6.0,
57.8652777778,0.996774732671,0.000992878729424,0.197576458834,0.092447126182,1.26568348197,1.4337962963,0.000992878729424,5023.89160318,6.0,
58.0136574074,0.996754378624,0.00122020747599,0.201266044746,0.0951134936778,1.2461875593,1.37384259259,0.00122020747599,4944.64005313,6.0,
73.4835648148,0.996090392538,0.00113515678584,0.195023406458,0.0933011851686,1.22583225413,1.53587962963,0.00113515678584,5290.61508392,6.0,
75.349537037,0.995871235515,0.0011942863726,0.201827622222,0.0965191888961,1.24666252714,1.5099537037,0.0011942863726,5057.01621491,6.0,
52.2916666667,0.997172241337,0.00120095754029,0.204738224659,0.0959517138045,1.24829977219,1.37453703704,0.00120095754029,5099.57179306,6.0,
55.8594907407,0.997009459498,0.00111614797668,0.197590274516,0.092544459787,1.2243545683,1.36412037037,0.00111614797668,5255.45719971,6.0,
92.5549768519,0.99496725921,0.000831069423011,0.190710937155,0.0907763759473,1.32197052882,1.76099537037,0.000831069423011,5084.939095,6.0,
74.3197916667,0.995892373694,0.00107245048868,0.193094423827,0.0909457731075,1.23408311868,1.58206018519,0.00107245048868,5117.56595097,6.0,
55.4459490741,0.997001361012,0.00109829121656,0.202016298529,0.0956646818932,1.2684711422,1.39502314815,0.00109829121656,5099.1399901,6.0,
49.2704861111,0.997436851694,0.00133943115569,0.209730830763,0.0981426692103,1.21873299766,1.27650462963,0.00133943115569,5334.95574357,6.0,
47.8835648148,0.99753205542,0.00132548600394,0.203702838486,0.0966804889423,1.17992136927,1.22986111111,0.00132548600394,5455.94624541,6.0,
77.8813657407,0.995847098728,0.000898799189815,0.19321235939,0.0902387562098,1.24868163689,1.55266203704,0.000898799189815,5320.95296434,6.0,
55.083912037,0.996918780745,0.00141294795953,0.203378776281,0.0906057143374,1.20983432786,1.41886574074,0.00141294795953,4974.5122705,6.0,
55.2790509259,0.996923672767,0.00102338123714,0.196488090652,0.090764076832,1.23220810658,1.36377314815,0.00102338123714,5083.48656888,6.0,
94.2826388889,0.994999991556,0.00115708590535,0.200889417283,0.0938204174337,1.21066532037,1.52523148148,0.00115708590535,5350.44272884,6.0,
43.1709490741,0.997603700077,0.000941545567558,0.193250119135,0.0926607858868,1.27230481393,1.35729166667,0.000941545567558,5038.01315077,6.0,
54.1030092593,0.997070500615,0.00098762752915,0.19507061402,0.093262238079,1.23480092168,1.34212962963,0.00098762752915,5212.22616132,6.0,
67.318287037,0.996265488811,0.0008493280607,0.18052899562,0.0860810407074,1.26178842931,1.63148148148,0.0008493280607,5150.21050439,6.0,
44.2215277778,0.99745609742,0.000785282171639,0.181110757445,0.0841205117908,1.27517011459,1.5349537037,0.000785282171639,4956.46212044,6.0,
87.6679398148,0.995286521454,0.00122015389232,0.200665672069,0.0954332259937,1.20965437538,1.50219907407,0.00122015389232,5243.81840454,6.0,
73.5532407407,0.995914229277,0.000920192472565,0.197598948755,0.0929779077831,1.25292186931,1.42800925926,0.000920192472565,5075.54527756,6.0,
62.072337963,0.996575856525,0.000977620777606,0.195746703734,0.0912438753574,1.21910163963,1.38206018519,0.000977620777606,5183.97816817,6.0,
80.2804398148,0.995625156505,0.00112628868741,0.201432412328,0.0962119121151,1.24731915399,1.52881944444,0.00112628868741,5112.94060126,6.0,
72.2597222222,0.996104780171,0.000982081618656,0.201024128527,0.095809964018,1.25602097654,1.40972222222,0.000982081618656,5212.32869101,6.0,
48.5011574074,0.997242728304,0.00105703178584,0.202657160965,0.0969776476606,1.27276900338,1.35694444444,0.00105703178584,4876.78932913,6.0,
60.3885416667,0.996632790732,0.000957285772462,0.199167804414,0.0979023724989,1.28545779456,1.44571759259,0.000957285772462,4967.84532712,6.0,
33.8332175926,0.998211805416,0.00104092989112,0.203875395812,0.0981885538609,1.24059609533,1.16608796296,0.00104092989112,5291.17120068,6.0,
51.9261574074,0.997082858034,0.000995196223422,0.201641225042,0.0937580500049,1.25504835829,1.36458333333,0.000995196223422,5005.99359108,6.0,
78.6857638889,0.995559323258,0.00103519643776,0.187750408621,0.0885852053479,1.2700899555,1.61145833333,0.00103519643776,4916.78452358,7.0,
44.9194444444,0.997589674166,0.00120334201389,0.210834601706,0.0995823534777,1.27742692974,1.32939814815,0.00120334201389,5022.24422854,7.0,
72.7457175926,0.996037684967,0.00175331147119,0.222732505716,0.101906401263,1.23132816284,1.41631944444,0.00175331147119,4949.50270229,7.0,
47.8946759259,0.997360717644,0.00102845829047,0.199766934118,0.0935736714209,1.31840771162,1.48611111111,0.00102845829047,4870.34991919,7.0,
54.0295138889,0.997016261858,0.00127435378086,0.213457899323,0.0997134266375,1.2800625776,1.37858796296,0.00127435378086,4867.09433406,7.0,
70.7633101852,0.996066269493,0.000993347586591,0.200755079779,0.0945279270862,1.30614413364,1.65081018519,0.000993347586591,4951.24779843,7.0,
64.1310185185,0.996493838406,0.00124825853052,0.209880160633,0.101072418822,1.26214891577,1.35925925926,0.00124825853052,4990.14004776,7.0,
45.5362268519,0.99758641343,0.00124606159979,0.209789137312,0.0995134462661,1.27322726248,1.36145833333,0.00124606159979,5088.18444427,7.0,
72.3519675926,0.996049457417,0.00132192268947,0.215224675103,0.101790875876,1.25983077966,1.37627314815,0.00132192268947,4982.31203807,7.0,
38.4563657407,0.997920154697,0.00191303101423,0.229995837936,0.105246285143,1.20281124616,1.10914351852,0.00191303101423,4993.89033203,7.0,
40.8508101852,0.997811612917,0.00104086291152,0.206446164873,0.0965008152173,1.29662624875,1.33599537037,0.00104086291152,5077.87794736,7.0,
44.7423611111,0.997482536473,0.00130466874571,0.219366395089,0.100429671818,1.26941774981,1.19328703704,0.00130466874571,4808.79625105,7.0,
29.3420138889,0.998444888628,0.00119669763803,0.218276744258,0.101024513237,1.25924599521,1.11168981481,0.00119669763803,5142.20536078,7.0,
43.4283564815,0.997617994483,0.00115369673783,0.215145244292,0.100994644044,1.28959658499,1.26261574074,0.00115369673783,4904.81844824,7.0,
79.7760416667,0.995708235613,0.00109914855538,0.200413079359,0.0963034324324,1.21980880634,1.41331018519,0.00109914855538,5228.5578643,7.0,
32.1253472222,0.998239574423,0.000990052190501,0.199411118149,0.0942473095939,1.3066232883,1.35960648148,0.000990052190501,4959.99741868,7.0,
49.3909722222,0.997230676103,0.00112904824674,0.204309041332,0.0984648079352,1.27600378361,1.29444444444,0.00112904824674,4885.62268161,7.0,
52.8851851852,0.997165792308,0.0011888744213,0.205748507876,0.0978554568405,1.25692565224,1.32708333333,0.0011888744213,5118.84608822,7.0,
65.5434027778,0.996392766502,0.00097196769976,0.20531311959,0.0975417715473,1.32395208452,1.47280092593,0.00097196769976,4907.71721338,7.0,
81.1319444444,0.995562839947,0.00119972511574,0.204614925133,0.0975582080868,1.29411244924,1.60023148148,0.00119972511574,4927.52542597,7.0,
70.7454861111,0.99607052744,0.00108367626886,0.204996295479,0.0988993176407,1.32815293232,1.58229166667,0.00108367626886,4787.88658686,7.0,
39.7796296296,0.997831089307,0.00141423396776,0.215572014894,0.100837978926,1.26527212017,1.24652777778,0.00141423396776,4946.0662392,7.0,
71.337962963,0.996118261785,0.0011028860168,0.212613533176,0.102199330618,1.24797926719,1.32060185185,0.0011028860168,5059.60936607,7.0,
66.4555555556,0.996204603507,0.00106393068416,0.205489130254,0.0968605456844,1.33217429599,1.5849537037,0.00106393068416,4683.52473495,7.0,
52.1372685185,0.997165078365,0.00129478255744,0.212098051881,0.101239142112,1.23717225313,1.23472222222,0.00129478255744,5026.2696191,7.0,
29.1443287037,0.998338505742,0.00135004072359,0.23562742525,0.10962075499,1.43009689721,1.33761574074,0.00135004072359,4228.43490823,7.0,
76.1782407407,0.995870915694,0.00120914244684,0.207458406291,0.100837540273,1.26425425789,1.43148148148,0.00120914244684,5015.85336712,7.0,
53.265162037,0.996966869307,0.00120667759774,0.204822793249,0.0938464014036,1.26835080075,1.4181712963,0.00120667759774,4785.77425554,7.0,
76.4667824074,0.995853949572,0.000958558384774,0.201461718891,0.0962994351883,1.32295167432,1.56979166667,0.000958558384774,4971.02879039,7.0,
83.8931712963,0.995303969416,0.00146286115398,0.207479324736,0.0990878163122,1.2449878934,1.58020833333,0.00146286115398,4842.74735543,7.0,
29.9825231481,0.998345564166,0.00115818437071,0.20972038634,0.0977519899992,1.3135904698,1.28275462963,0.00115818437071,4858.56455598,7.0,
62.6670138889,0.996403726369,0.00127724729938,0.206597856198,0.0959570774761,1.23817231431,1.40914351852,0.00127724729938,4826.61915429,7.0,
90.1260416667,0.995103354193,0.00136382512431,0.210499483427,0.0946962556259,1.29341927821,1.67141203704,0.00136382512431,4909.27006416,7.0,
76.8681712963,0.996018312173,0.00115277241941,0.203842716551,0.0994645426973,1.27458772846,1.52835648148,0.00115277241941,5259.83080106,7.0,
52.5917824074,0.997068223096,0.00150567451132,0.206396472209,0.096122531491,1.25119376685,1.471875,0.00150567451132,4910.60488807,7.0,
50.04375,0.997325419836,0.0013749169453,0.218332217541,0.103260003761,1.24892214449,1.26967592593,0.0013749169453,5073.9015618,7.0,
52.1697916667,0.997136659339,0.00120560592421,0.210901197555,0.0963357224138,1.29968771534,1.42627314815,0.00120560592421,4923.22565641,7.0,
70.6229166667,0.996108008214,0.00150608978481,0.207973091132,0.0968134464736,1.24623225013,1.54097222222,0.00150608978481,4932.22847299,7.0,
113.982291667,0.993906071901,0.00117329496742,0.203914069891,0.0971202577288,1.29840267199,1.81053240741,0.00117329496742,5039.53707653,7.0,
74.0060185185,0.995900437274,0.00108599376286,0.204061398134,0.0980206699208,1.29180727479,1.57060185185,0.00108599376286,4910.68131233,7.0,
39.2300925926,0.997864596423,0.00131442097479,0.222247931813,0.100319187364,1.30781279393,1.29236111111,0.00131442097479,4845.13348545,7.0,
55.0662037037,0.997030824715,0.00140655810614,0.222709526965,0.104237002938,1.2746070934,1.28611111111,0.00140655810614,4917.26674243,7.0,
59.3511574074,0.996753670318,0.00124212319959,0.215198430708,0.100675952866,1.3037808613,1.41643518519,0.00124212319959,4845.81501447,7.0,
71.7130787037,0.996104352476,0.00115224997857,0.210498060996,0.100816952324,1.27477533997,1.44803240741,0.00115224997857,4990.79351191,7.0,
62.5512731481,0.99633826623,0.00130421328447,0.229277080799,0.107107320214,1.45647667005,1.66979166667,0.00130421328447,4129.53285991,7.0,
54.4208333333,0.997050250674,0.00148752304098,0.227173718999,0.106369431903,1.25562367588,1.24837962963,0.00148752304098,4972.33027199,7.0,
107.229398148,0.994067684418,0.00165215888632,0.220245786576,0.10427946261,1.20601075835,1.49583333333,0.00165215888632,4966.88130896,7.0,
59.9658564815,0.996691620252,0.00181094071502,0.230223854036,0.108220227987,1.25271578516,1.36956018519,0.00181094071502,4791.44970844,7.0,
86.1636574074,0.995313851418,0.0017468546382,0.226166370655,0.106241471415,1.23728874099,1.42731481481,0.0017468546382,4903.47296244,7.0,
46.9834490741,0.997519935899,0.00160690747171,0.225224402073,0.105629954905,1.22570717785,1.18877314815,0.00160690747171,5124.06847057,7.0,
