299.299338624,0.873147708235,0.237660978486,0.715166085144,0.106586673528,1.59380573164,3.44497354497,0.237660978486,1179.71592969,1.0,
314.014814815,0.862477629485,0.254349997201,0.72759360836,0.103727842856,1.51833120562,3.45145502646,0.254349997201,1141.68630762,1.0,
285.033465608,0.856041605621,0.242612915022,0.722653867733,0.110643514552,1.55979676008,3.20357142857,0.242612915022,989.985567834,1.0,
320.575595238,0.859701491263,0.257539341354,0.730663061773,0.104668275273,1.51425805552,3.28723544974,0.257539341354,1143.78970848,1.0,
270.627910053,0.866680294673,0.248731803421,0.732230621169,0.10918880186,1.51514575544,3.06759259259,0.248731803421,1016.27258201,1.0,
288.303373016,0.869501659605,0.250967839296,0.730181933367,0.108670695179,1.51584160233,3.25337301587,0.250967839296,1105.93435169,1.0,
339.55515873,0.851705317965,0.254016798592,0.725335843624,0.106217540617,1.51845460803,3.51137566138,0.254016798592,1144.86626921,1.0,
280.500462963,0.867008758106,0.25755446726,0.737381319063,0.109563130545,1.47567698563,3.14900793651,0.25755446726,1057.18140043,1.0,
356.961243386,0.845474994407,0.255086949903,0.709726873132,0.0982478806359,1.60651685702,3.83293650794,0.255086949903,1155.02744044,1.0,
304.742592593,0.883856172868,0.253522630246,0.71264329396,0.0983788444728,1.57488683225,3.5085978836,0.253522630246,1311.91902367,1.0,
318.956216931,0.868198844108,0.253421271801,0.709450786572,0.0981664316482,1.57077433966,3.73425925926,0.253421271801,1209.99021129,1.0,
253.512433862,0.887304016709,0.245451353895,0.714413267198,0.100532491766,1.6075142328,3.17751322751,0.245451353895,1124.76250909,1.0,
237.162301587,0.909618453907,0.25474271087,0.708949011534,0.0993781098747,1.56809991823,3.09761904762,0.25474271087,1312.00622162,1.0,
374.130952381,0.860620966941,0.245556815319,0.703667509936,0.101334663104,1.61248825309,3.98253968254,0.245556815319,1342.13498319,1.0,
298.243518519,0.880913767767,0.232655117088,0.694090226669,0.100217127963,1.66399054047,3.6044973545,0.232655117088,1252.21662037,1.0,
344.402777778,0.856897310148,0.24678680783,0.703492184947,0.100962014904,1.60307253588,3.70251322751,0.24678680783,1203.3413842,1.0,
288.368121693,0.872252876948,0.244841182358,0.713925159197,0.106363715829,1.5860497042,3.34100529101,0.244841182358,1128.66777272,1.0,
274.986111111,0.873332206861,0.253409479018,0.714417513973,0.0995457500359,1.59588522318,3.27116402116,0.253409479018,1085.46183799,1.0,
277.886375661,0.877976838417,0.234900942373,0.710153080044,0.109213119997,1.61786925997,3.22235449735,0.234900942373,1138.66241481,1.0,
320.823412698,0.859613779802,0.242566338778,0.71084012945,0.105613579681,1.58811983122,3.56865079365,0.242566338778,1142.64566795,1.0,
248.721296296,0.892588678779,0.24138127782,0.712420685926,0.105337759549,1.5900521728,3.03306878307,0.24138127782,1157.79832828,1.0,
246.502248677,0.894137500661,0.241642285,0.712001985223,0.105640174586,1.58326549383,3.09338624339,0.241642285,1164.25670194,1.0,
268.131481481,0.872384402657,0.25350329638,0.708162246091,0.099650194932,1.57954252089,3.2746031746,0.25350329638,1050.5435349,1.0,
261.018650794,0.891759296268,0.237829515551,0.709352516585,0.108259327514,1.58372472647,3.20251322751,0.237829515551,1205.73241763,1.0,
369.54510582,0.848471273463,0.243222010512,0.70280967735,0.100833678372,1.6139512965,3.89034391534,0.243222010512,1219.38959782,1.0,
358.052116402,0.847094777507,0.247913928431,0.70304853633,0.0993063189928,1.61432265786,3.90238095238,0.247913928431,1170.83023904,1.0,
284.802645503,0.877764270096,0.238232779737,0.713361703187,0.105286327848,1.61303372228,3.37314814815,0.238232779737,1164.97298182,1.0,
276.851058201,0.892239916314,0.245063583046,0.706580592439,0.0995088810532,1.61763027061,3.38187830688,0.245063583046,1284.57146993,1.0,
279.720634921,0.894455116079,0.236816316033,0.699016442976,0.101172458522,1.66670982648,3.52804232804,0.236816316033,1325.12645109,1.0,
325.463492063,0.866313082982,0.241579296842,0.700148816031,0.0980247540313,1.61678176838,3.7541005291,0.241579296842,1217.26007048,1.0,
371.541137566,0.863767019515,0.243565016027,0.707869726021,0.101570254116,1.63297555961,3.93108465608,0.243565016027,1363.6240514,1.0,
286.72473545,0.890858799127,0.232856854161,0.707382355262,0.106635180963,1.60758421069,3.37010582011,0.232856854161,1313.54948066,1.0,
318.337433862,0.866681037748,0.231954172616,0.703447906601,0.106321040026,1.62065834338,3.64312169312,0.231954172616,1193.8940586,1.0,
308.750925926,0.880990849459,0.250989710184,0.715173015207,0.0999746664079,1.61102531943,3.56785714286,0.250989710184,1297.1730515,1.0,
280.631481481,0.887417675813,0.256204368579,0.716939159707,0.101437008964,1.54250628608,3.36455026455,0.256204368579,1246.33899464,1.0,
314.53015873,0.87538578784,0.255659897189,0.715766212518,0.0992510420771,1.57425204633,3.54246031746,0.255659897189,1262.01559709,1.0,
314.551587302,0.852209321298,0.249085350704,0.716332132065,0.101618844592,1.5975829502,3.54669312169,0.249085350704,1064.17938555,1.0,
265.747222222,0.892397528569,0.244368211276,0.704398135424,0.0994792969249,1.62631523037,3.375,0.244368211276,1234.85649859,1.0,
241.504365079,0.901595367419,0.254251245766,0.706765104247,0.0967991445265,1.650825323,3.09510582011,0.254251245766,1227.09855596,1.0,
298.76005291,0.882832690157,0.244195387517,0.704297780887,0.09998243982,1.62594503033,3.62010582011,0.244195387517,1274.92921579,1.0,
306.364021164,0.870703282954,0.230716411565,0.690555288253,0.101092331654,1.63342170483,3.57142857143,0.230716411565,1184.73240529,1.0,
338.598809524,0.855297022941,0.244031565816,0.712218577654,0.103616141033,1.58125309386,3.71468253968,0.244031565816,1169.9787261,1.0,
305.841269841,0.874232212767,0.246806824067,0.711528319794,0.101730245108,1.60495358975,3.49695767196,0.246806824067,1215.89667978,1.0,
330.721164021,0.872113552263,0.255912453459,0.715610996577,0.0976986809997,1.59032759393,3.65277777778,0.255912453459,1293.02662586,1.0,
314.695634921,0.880592038655,0.248477427494,0.707719711971,0.100586084946,1.58983768738,3.56944444444,0.248477427494,1317.73305304,1.0,
343.930687831,0.877728277504,0.233325591039,0.697373365927,0.100559610468,1.64505261171,3.81137566138,0.233325591039,1406.41957441,1.0,
311.238359788,0.88334064577,0.249056297416,0.708547356368,0.101253593014,1.62053180663,3.57420634921,0.249056297416,1333.96229493,1.0,
290.684259259,0.877154191399,0.249174181504,0.714576754431,0.100658656368,1.59862016032,3.39682539683,0.249174181504,1183.12648421,1.0,
246.601190476,0.896195016559,0.244580358893,0.714263006923,0.103076392314,1.59616509655,3.1421957672,0.244580358893,1187.80997935,1.0,
292.019312169,0.870736464455,0.245056269421,0.717862368327,0.104722938622,1.54962156979,3.28148148148,0.245056269421,1129.55022829,1.0,
261.949338624,0.873148550647,0.229140299124,0.701657612604,0.107690830649,1.63747523392,3.32896825397,0.229140299124,1032.50431887,2.0,
290.842592593,0.867615855119,0.222737412866,0.704477282762,0.11001356729,1.62246635161,3.3544973545,0.222737412866,1098.4797041,2.0,
379.186111111,0.851629746178,0.225976788864,0.700846900216,0.106749717612,1.59080504394,3.91084656085,0.225976788864,1277.83737422,2.0,
304.773544974,0.862861171057,0.226774245192,0.70910177109,0.108351637706,1.62868367888,3.48637566138,0.226774245192,1111.18618747,2.0,
265.213888889,0.872821956742,0.218162915372,0.706964876656,0.115272756401,1.60546427925,3.13240740741,0.218162915372,1042.6874093,2.0,
316.343915344,0.867346986754,0.208785815767,0.686085625991,0.110351063751,1.69257097422,3.7414021164,0.208785815767,1192.37365064,2.0,
302.076719577,0.872126795057,0.215876856401,0.690180161266,0.109673809256,1.68707672788,3.54894179894,0.215876856401,1181.15722411,2.0,
434.215343915,0.812744946808,0.212483220655,0.703028601742,0.113026382623,1.62476048826,4.30158730159,0.212483220655,1159.42223324,2.0,
377.031481481,0.822164457559,0.209503697055,0.692485079764,0.110441269869,1.69503159601,3.98082010582,0.209503697055,1060.05660147,2.0,
397.091666667,0.831822720038,0.207405386537,0.694475607945,0.109475719566,1.70172560689,4.13968253968,0.207405386537,1180.57464943,2.0,
398.375529101,0.842527462977,0.22841239222,0.702818560287,0.105324700843,1.63061256761,4.09788359788,0.22841239222,1264.90477842,2.0,
267.532275132,0.891109386307,0.226385617004,0.70310533064,0.105071670416,1.65930098991,3.45264550265,0.226385617004,1228.44507006,2.0,
291.675,0.881831941774,0.221135037863,0.701761146497,0.110019532386,1.62063573642,3.37394179894,0.221135037863,1234.15330834,2.0,
341.88478836,0.864838367821,0.223888521458,0.696308836341,0.105169238787,1.65309279522,3.81507936508,0.223888521458,1264.72573188,2.0,
348.793386243,0.838809725933,0.232464464181,0.708014907814,0.109256381185,1.60358581266,3.66322751323,0.232464464181,1081.93061976,2.0,
326.46957672,0.853067066799,0.230190626662,0.707948716032,0.10930724427,1.57908720388,3.55793650794,0.230190626662,1110.94759224,2.0,
303.848412698,0.862029639262,0.226575062638,0.710668790315,0.110587522375,1.60062092759,3.48227513228,0.226575062638,1101.1365451,2.0,
359.467857143,0.846971362545,0.221025867137,0.700332289784,0.109458112097,1.62705449579,3.8332010582,0.221025867137,1174.51172251,2.0,
301.062566138,0.858516608805,0.224312781697,0.709250045831,0.112244401906,1.60345932526,3.46759259259,0.224312781697,1063.95020502,2.0,
296.698412698,0.877520082243,0.215957280031,0.697050830564,0.11068186239,1.63284475318,3.47195767196,0.215957280031,1211.21249153,2.0,
345.43968254,0.867686706002,0.204099846729,0.685996514769,0.1093774308,1.72632472588,3.99537037037,0.204099846729,1305.38539289,2.0,
309.137169312,0.864395120522,0.229698855365,0.704526884636,0.107394852397,1.64381904812,3.53611111111,0.229698855365,1139.84530093,2.0,
299.339550265,0.872788798691,0.213859931833,0.701242590288,0.113653886272,1.63943460667,3.41084656085,0.213859931833,1176.54556825,2.0,
373.078174603,0.825168427014,0.220051484071,0.70714526154,0.112569413958,1.56655835041,3.7462962963,0.220051484071,1066.96453115,2.0,
342.717195767,0.85216493733,0.215368454481,0.699376303011,0.111556534985,1.61854463766,3.77208994709,0.215368454481,1159.12013556,2.0,
375.304365079,0.834284620643,0.210779434716,0.699591880077,0.113569062315,1.66764006699,3.91574074074,0.210779434716,1132.37638696,2.0,
318.798544974,0.863358094716,0.22019287499,0.704441616329,0.112144852562,1.64842136302,3.58346560847,0.22019287499,1166.54749622,2.0,
293.466666667,0.874886103906,0.223344854917,0.701977301103,0.109756154001,1.63783261787,3.41587301587,0.223344854917,1172.79804973,2.0,
316.602116402,0.867513725469,0.215151906442,0.696694423782,0.110740931779,1.65506783966,3.66666666667,0.215151906442,1194.84874008,2.0,
349.042857143,0.857723298806,0.218690100011,0.70404042955,0.112236753824,1.64034225881,3.62142857143,0.218690100011,1226.63392605,2.0,
373.353306878,0.828814020618,0.216448412698,0.706830233997,0.112597965903,1.62541813169,3.68941798942,0.216448412698,1091.71829176,2.0,
391.409920635,0.829124100993,0.213745555836,0.696628257473,0.114164534739,1.68372098983,3.91957671958,0.213745555836,1145.30464187,2.0,
412.270899471,0.833613896571,0.223671089835,0.705097150425,0.111790287618,1.60322022326,4.12632275132,0.223671089835,1238.89823421,2.0,
322.56521164,0.85621780022,0.215506774726,0.704245119372,0.113774034694,1.65422772045,3.5958994709,0.215506774726,1122.95545088,2.0,
333.423346561,0.852980991583,0.217135036113,0.707946396521,0.113101485284,1.63436669344,3.60535714286,0.217135036113,1136.47811709,2.0,
332.378439153,0.868150647789,0.222052469136,0.708786815033,0.114211079113,1.60525578396,3.55965608466,0.222052469136,1260.44775184,2.0,
443.792261905,0.81698034068,0.204608292391,0.689960525997,0.114215026143,1.67029066267,4.46263227513,0.204608292391,1213.64421163,2.0,
395.962962963,0.837309887988,0.220121015999,0.700829339354,0.111637721929,1.56805710688,3.91984126984,0.220121015999,1216.92387468,2.0,
400.79457672,0.818659627772,0.227894060917,0.717908532585,0.114486570403,1.54636160671,3.80727513228,0.227894060917,1105.0892082,2.0,
387.848544974,0.837661602321,0.218986511786,0.704788236743,0.112538817734,1.61613192477,3.85608465608,0.218986511786,1194.56810748,2.0,
373.939417989,0.851067971807,0.222281028667,0.70434160867,0.11107386959,1.5998841817,3.87526455026,0.222281028667,1255.53545872,2.0,
456.348280423,0.802389109225,0.223772037107,0.710417225386,0.111648754921,1.61167155038,4.23227513228,0.223772037107,1154.66379063,2.0,
349.199801587,0.860336818481,0.216751368243,0.701627245822,0.112323456739,1.63467403319,3.76435185185,0.216751368243,1251.3690442,2.0,
326.589285714,0.869868893734,0.205779898379,0.690354133792,0.112093494666,1.66681147981,3.69682539683,0.205779898379,1254.84243351,2.0,
420.959986772,0.837697241669,0.2070614362,0.698578372653,0.116989094277,1.61936039821,4.1296957672,0.2070614362,1299.97093963,2.0,
391.521693122,0.825996179978,0.205263264256,0.699770948173,0.116821122195,1.64574967764,3.82552910053,0.205263264256,1125.03763731,2.0,
340.280820106,0.840445806657,0.230502855463,0.709756134303,0.109874843292,1.62450875566,3.65052910053,0.230502855463,1066.34872132,2.0,
412.620833333,0.836564388915,0.212773841018,0.699581730337,0.11507411721,1.64185932008,4.01316137566,0.212773841018,1262.53471545,2.0,
323.491666667,0.859616426275,0.216125012248,0.701848387014,0.115618087364,1.63796372458,3.46904761905,0.216125012248,1152.17064961,2.0,
412.519378307,0.833525025631,0.218826294407,0.702755214474,0.110833584836,1.63254066186,4.11236772487,0.218826294407,1240.26770546,2.0,
327.819444444,0.835929729396,0.236432298228,0.71901216936,0.111100499164,1.57415375609,3.55277777778,0.236432298228,999.021465734,3.0,
415.699470899,0.82328477435,0.220693429635,0.708403208407,0.116061738104,1.59867787927,4.2167989418,0.220693429635,1176.57178685,3.0,
289.852248677,0.871810659111,0.248336447748,0.724691273715,0.107915029414,1.53347848639,3.30529100529,0.248336447748,1130.56298857,3.0,
365.52797619,0.845754639632,0.231239327007,0.715174569412,0.110370037397,1.56345912695,3.89265873016,0.231239327007,1185.25274082,3.0,
270.261640212,0.87266483919,0.237093866353,0.724060097425,0.112331083379,1.54972571548,3.18267195767,0.237093866353,1061.22157655,3.0,
329.381944444,0.848997995029,0.239014873954,0.723635250567,0.111771817434,1.5270220593,3.56236772487,0.239014873954,1092.01152231,3.0,
261.354232804,0.876719486814,0.250041817138,0.733163486483,0.109273550155,1.50109828291,3.08492063492,0.250041817138,1059.99815401,3.0,
242.964814815,0.885837938829,0.237183528247,0.718454536771,0.109541009428,1.55564544996,3.10476190476,0.237183528247,1064.12240776,3.0,
362.525132275,0.827136658714,0.23976260463,0.728848762492,0.115725220328,1.46434909336,3.54523809524,0.23976260463,1048.58881466,3.0,
277.722089947,0.857401796069,0.237420153761,0.730749102809,0.111467634128,1.50243892901,3.16137566138,0.237420153761,973.792384097,3.0,
336.568386243,0.835416778863,0.253581016769,0.72575249137,0.106804840448,1.51686687411,3.58664021164,0.253581016769,1022.48693372,3.0,
385.518386243,0.817415154151,0.231754613883,0.717546403708,0.111787636229,1.55751158283,3.84708994709,0.231754613883,1055.72394152,3.0,
293.352116402,0.868950605529,0.235162264494,0.715663112966,0.109182063558,1.57307564118,3.42830687831,0.235162264494,1119.24254815,3.0,
287.622883598,0.869931215507,0.231403393662,0.718017402577,0.11248162728,1.55414880614,3.29391534392,0.231403393662,1105.65684425,3.0,
252.900793651,0.865816148087,0.248270913818,0.730143226056,0.109564135136,1.49012660037,2.93148148148,0.248270913818,942.366723142,3.0,
281.876190476,0.872556183265,0.246188866493,0.718095908394,0.105120263488,1.54088134236,3.27156084656,0.246188866493,1105.88413662,3.0,
369.741402116,0.830727417731,0.235431250175,0.710216616387,0.107270782571,1.57247288218,3.88346560847,0.235431250175,1092.1479343,3.0,
303.201587302,0.865570096033,0.24374489096,0.71351506635,0.105682030861,1.56340542082,3.39708994709,0.24374489096,1127.73117571,3.0,
308.128835979,0.84646619462,0.248942831248,0.723390982079,0.105677211963,1.55391781654,3.39113756614,0.248942831248,1003.45599855,3.0,
300.341005291,0.855603165568,0.238231563716,0.718492529169,0.10901710807,1.56277822864,3.38822751323,0.238231563716,1039.98472845,3.0,
309.838492063,0.855044599938,0.24096090185,0.716771820475,0.108652879489,1.56550848839,3.5376984127,0.24096090185,1068.73732173,3.0,
324.613095238,0.867724748405,0.236173416898,0.703417847418,0.102338217065,1.63747978665,3.69814814815,0.236173416898,1227.03639314,3.0,
267.858465608,0.88544146931,0.237190491938,0.718790823251,0.109104860853,1.56573049699,3.2041005291,0.237190491938,1169.0900014,3.0,
312.75978836,0.870991875564,0.23986723496,0.707136952557,0.103635135656,1.59291982769,3.63121693122,0.23986723496,1212.17089903,3.0,
343.748544974,0.848730176485,0.228483035189,0.70472268518,0.105499953093,1.60066932809,3.85423280423,0.228483035189,1136.2099095,3.0,
323.608201058,0.853383950902,0.25210196733,0.730498191124,0.108275498453,1.50126102899,3.44722222222,0.25210196733,1103.5906473,3.0,
364.153703704,0.837143815295,0.233127064612,0.714812234393,0.112036581345,1.5519820662,3.72764550265,0.233127064612,1118.02233474,3.0,
345.151984127,0.845433917416,0.247354794799,0.71799828187,0.102893320895,1.52922363166,3.72513227513,0.247354794799,1116.51915594,3.0,
268.033465608,0.87836174189,0.248189064206,0.721251782433,0.107660823523,1.56072164331,3.20661375661,0.248189064206,1101.76464943,3.0,
277.942592593,0.866447895769,0.240714941841,0.731598276738,0.114549665632,1.50032989497,3.14669312169,0.240714941841,1040.5773619,3.0,
283.062301587,0.8850264878,0.23506574389,0.710021216088,0.106232547609,1.5922721206,3.37248677249,0.23506574389,1230.98919121,3.0,
259.424338624,0.887349837919,0.245692904734,0.716469484438,0.106827508449,1.56593977992,3.21759259259,0.245692904734,1151.46012146,3.0,
348.839814815,0.836411701629,0.235144794029,0.713172237027,0.108643261283,1.60026631196,3.67473544974,0.235144794029,1066.21261511,3.0,
279.241269841,0.870887487588,0.237013022802,0.713284082473,0.107902230963,1.5959966526,3.34603174603,0.237013022802,1081.38732886,3.0,
295.082804233,0.865732168305,0.232366281389,0.711169368363,0.109133557089,1.62930283588,3.45886243386,0.232366281389,1098.85890205,3.0,
338.728703704,0.859485467913,0.245322438132,0.717154446652,0.104390772768,1.55662888129,3.54060846561,0.245322438132,1205.31555944,3.0,
404.724603175,0.843255898167,0.241338515859,0.708293470827,0.101702037417,1.60806554603,4.15317460317,0.241338515859,1291.03614886,3.0,
419.622883598,0.814514768233,0.242201497368,0.716913369276,0.107486267857,1.54823157107,4.05383597884,0.242201497368,1131.14903974,3.0,
314.594047619,0.844327633012,0.250055779513,0.720314005133,0.105203272044,1.53305879603,3.49497354497,0.250055779513,1010.43638542,3.0,
390.98015873,0.825440668806,0.235872053554,0.703585675303,0.102469679449,1.63869372534,4.15833333333,0.235872053554,1119.90621199,3.0,
347.66547619,0.860820748513,0.225861240587,0.703028175093,0.106451704993,1.65295365238,3.71560846561,0.225861240587,1248.98457376,3.0,
320.767989418,0.857611706252,0.235550708967,0.710106544076,0.109725092072,1.57169958443,3.58042328042,0.235550708967,1126.38469419,3.0,
337.195767196,0.860339210961,0.240892253506,0.710866389004,0.103378885268,1.58829736609,3.68664021164,0.240892253506,1207.19555402,3.0,
394.417989418,0.843051564172,0.238708497802,0.706333730083,0.10059606563,1.60172219742,4.20013227513,0.238708497802,1260.46848372,3.0,
325.484259259,0.842842653658,0.242692822499,0.70588532986,0.10329581084,1.60950255894,3.64272486772,0.242692822499,1035.53625342,3.0,
278.269973545,0.867783358573,0.234432424204,0.716792565439,0.110745383538,1.54978380641,3.23108465608,0.234432424204,1052.32582881,3.0,
319.484656085,0.861423552282,0.247112272893,0.716947864841,0.102193338514,1.55563757607,3.6585978836,0.247112272893,1152.73793399,3.0,
296.672222222,0.860085483692,0.232662212004,0.710344073756,0.108420306748,1.59585225221,3.46335978836,0.232662212004,1060.19100109,3.0,
321.012169312,0.858927159248,0.250631106352,0.71571725109,0.101093738364,1.5922665366,3.71402116402,0.250631106352,1137.75326137,3.0,
238.660978836,0.891500576889,0.243442993967,0.713579272323,0.10140074621,1.57765995877,3.16150793651,0.243442993967,1099.82602669,3.0,
416.821494709,0.823517296855,0.202404494205,0.675964771456,0.109898638232,1.73450496143,4.28829365079,0.202404494205,1181.89996673,4.0,
423.203835979,0.834056988273,0.194715144803,0.683414281665,0.113610815801,1.71398490257,4.29880952381,0.194715144803,1276.02190911,4.0,
392.747354497,0.839072836473,0.219184863246,0.704820792151,0.111204322276,1.58200783364,3.85383597884,0.219184863246,1221.08473293,4.0,
362.343650794,0.854933410717,0.20500787352,0.691350413973,0.113743292704,1.68225562754,3.9373015873,0.20500787352,1248.88733024,4.0,
372.883597884,0.830078311164,0.21227116927,0.70758283956,0.118164013535,1.58908869813,3.68227513228,0.21227116927,1098.24214707,4.0,
399.536640212,0.834599287177,0.212533969864,0.69670331386,0.110281052555,1.65129125587,4.0287037037,0.212533969864,1207.78391275,4.0,
422.881216931,0.828843590273,0.20027585314,0.688734705263,0.114246515862,1.69685743746,4.37010582011,0.20027585314,1236.34739888,4.0,
456.359259259,0.823632541519,0.209324670712,0.691841280778,0.110823777124,1.6332689514,4.3205026455,0.209324670712,1293.77398526,4.0,
500.027380952,0.773808054032,0.205330889043,0.69878239854,0.11836680176,1.604769951,4.52724867725,0.205330889043,1105.31229151,4.0,
395.443253968,0.836574188777,0.196262947566,0.682513285976,0.114847000232,1.69360636247,4.15899470899,0.196262947566,1209.85556384,4.0,
309.681613757,0.851942975989,0.22484553029,0.712578811578,0.112539573477,1.5491796502,3.4712962963,0.22484553029,1045.81871689,4.0,
277.63994709,0.883561541345,0.207483036939,0.680502593168,0.107757277396,1.7012097278,3.52632275132,0.207483036939,1192.21754692,4.0,
311.838227513,0.883149944416,0.212407223692,0.683869602713,0.106846608572,1.68872730979,3.7414021164,0.212407223692,1334.35207178,4.0,
384.606944444,0.859845480859,0.208181138196,0.67906492005,0.107018034653,1.71586344928,4.21223544974,0.208181138196,1372.81330224,4.0,
400.827116402,0.842166883378,0.205764116346,0.679316460698,0.108816839184,1.69221647791,4.14761904762,0.205764116346,1269.78141527,4.0,
381.869775132,0.838685256185,0.207595540788,0.679391973829,0.107184713395,1.73415742198,4.11765873016,0.207595540788,1184.53903699,4.0,
416.233333333,0.837927941634,0.202945553736,0.670016847259,0.102615817552,1.76483594618,4.49603174603,0.202945553736,1284.09960831,4.0,
333.823677249,0.868334442951,0.213985496977,0.68285344482,0.107538437974,1.7264883587,3.8335978836,0.213985496977,1267.69553379,4.0,
428.606547619,0.844493012358,0.196404504703,0.672023505093,0.108620834994,1.73941186114,4.46144179894,0.196404504703,1378.10518196,4.0,
366.859126984,0.873000758809,0.199390510834,0.669390793147,0.106191589126,1.75391116865,4.16296296296,0.199390510834,1444.33590132,4.0,
247.982142857,0.899813043388,0.233647399289,0.699265112827,0.102692189256,1.62434502231,3.2287037037,0.233647399289,1237.59694496,4.0,
375.882407407,0.847380670343,0.205451730075,0.688650996209,0.113588235439,1.6890658519,3.96574074074,0.205451730075,1231.43774859,4.0,
354.13531746,0.85771614333,0.208390853769,0.687176261497,0.108380715195,1.69693118733,3.86746031746,0.208390853769,1244.46766396,4.0,
371.237566138,0.86833787375,0.211677567117,0.677025005611,0.101545256984,1.71857035051,4.08531746032,0.211677567117,1409.81152557,4.0,
416.065939153,0.853943915978,0.197907305926,0.667202427622,0.104506972397,1.75956191614,4.54424603175,0.197907305926,1424.39911014,4.0,
363.457407407,0.844818596107,0.198644389855,0.689148680239,0.1181013498,1.60399204878,3.97063492063,0.198644389855,1171.07268748,4.0,
365.012962963,0.830717613121,0.199615868467,0.694485350875,0.117483634746,1.66011487434,3.89417989418,0.199615868467,1078.11855,4.0,
376.611904762,0.848025466209,0.196602681196,0.68894161988,0.116231925959,1.68532527279,4.05925925926,0.196602681196,1239.06254346,4.0,
405.15978836,0.829801361795,0.200467048445,0.694971924893,0.118759626721,1.65012226812,4.1041005291,0.200467048445,1190.25567018,4.0,
408.58452381,0.813395103323,0.213720876725,0.709350704271,0.118495814293,1.58783812119,4.08042328042,0.213720876725,1097.60706973,4.0,
369.352380952,0.831022487955,0.200948636656,0.699269899689,0.122125035162,1.61544444846,3.78082010582,0.200948636656,1092.9039506,4.0,
235.652645503,0.87771261079,0.224036211192,0.720373132862,0.114298038036,1.54151084223,2.89298941799,0.224036211192,963.519816005,4.0,
376.971560847,0.845179409554,0.209671263053,0.695784273858,0.112668959632,1.64654786281,3.97566137566,0.209671263053,1217.44646419,4.0,
340.467857143,0.842259998504,0.207488714622,0.703832278574,0.1164139742,1.62191723069,3.77857142857,0.207488714622,1079.20582577,4.0,
310.334656085,0.845348664039,0.22083015768,0.705564920363,0.108926418998,1.60659444646,3.63187830688,0.22083015768,1003.33648641,4.0,
334.26031746,0.856543183363,0.210748168094,0.701810495617,0.115426600586,1.65307462837,3.65701058201,0.210748168094,1165.02068461,4.0,
291.303571429,0.877568286897,0.210650483959,0.700063598394,0.112702095328,1.64183826797,3.48611111111,0.210650483959,1189.65733651,4.0,
289.096560847,0.865590491428,0.217083648274,0.703985648764,0.11228519129,1.63215603078,3.48452380952,0.217083648274,1075.43195388,4.0,
263.413492063,0.886838361586,0.202092055444,0.688405359573,0.11363013729,1.6907746204,3.41137566138,0.202092055444,1163.88157575,4.0,
487.985846561,0.785074058963,0.205870767546,0.703601126385,0.116651719874,1.61576971524,4.58703703704,0.205870767546,1135.24185169,4.0,
304.138888889,0.852774328683,0.211138414728,0.702512543852,0.11427375803,1.61027019954,3.58187830688,0.211138414728,1032.9003297,4.0,
294.838492063,0.856063448899,0.204963851796,0.705955347713,0.120098909533,1.63087354039,3.3880952381,0.204963851796,1024.19604266,4.0,
358.027116402,0.836861147263,0.202356089555,0.701411709819,0.118489600931,1.631364056,3.84351851852,0.202356089555,1097.30793859,4.0,
387.44021164,0.84237650009,0.214058379525,0.700375312585,0.113463815893,1.59778093999,3.96851851852,0.214058379525,1229.00523038,4.0,
349.22281746,0.82836620583,0.214400273998,0.701343397954,0.115442905186,1.61871174395,3.76832010582,0.214400273998,1018.99480346,4.0,
230.580555556,0.890824006075,0.209433788948,0.705865589729,0.116650973577,1.60526261406,3.04351851852,0.209433788948,1056.00392205,4.0,
365.509854497,0.836466054415,0.219383967064,0.711580181442,0.114493630403,1.58895179666,3.82784391534,0.219383967064,1123.86264902,4.0,
338.981216931,0.854250849251,0.20740308572,0.700070927388,0.114016516154,1.62598954787,3.79060846561,0.20740308572,1162.89259728,4.0,
337.431415344,0.855749504542,0.199139870454,0.696092340728,0.115244592599,1.68323247444,3.9453042328,0.199139870454,1170.20435909,4.0,
292.305952381,0.865217239492,0.210238401431,0.70684392356,0.117862375049,1.61042124431,3.33240740741,0.210238401431,1084.35956972,4.0,
439.184259259,0.827348550992,0.186931234428,0.676724731822,0.115155626865,1.77491121176,4.48068783069,0.186931234428,1275.04792186,5.0,
374.329761905,0.847316966228,0.183563660032,0.680225081059,0.119463884073,1.70665805552,4.01375661376,0.183563660032,1228.01496474,5.0,
419.792328042,0.814962394475,0.190589604154,0.692988864933,0.120119537141,1.65725087366,4.08174603175,0.190589604154,1136.64012158,5.0,
361.630621693,0.860637895286,0.178949689958,0.671473494659,0.116172466897,1.76257341012,3.98353174603,0.178949689958,1299.38206124,5.0,
434.3125,0.817411998112,0.181175953921,0.682190957546,0.124473081676,1.72147632609,4.28234126984,0.181175953921,1191.74450094,5.0,
386.876587302,0.854819251206,0.187222187229,0.665546599306,0.110407303638,1.77617777006,4.2,0.187222187229,1334.69120559,5.0,
316.842328042,0.874702005275,0.194238044498,0.664828032745,0.107255483386,1.76276619923,3.88531746032,0.194238044498,1265.15887589,5.0,
392.464351852,0.838704514341,0.199553737647,0.675256922134,0.107252659976,1.75043640339,4.32374338624,0.199553737647,1218.54475597,5.0,
317.431018519,0.884299931507,0.194731364254,0.661084594782,0.101876655241,1.78019242003,3.97149470899,0.194731364254,1373.37403315,5.0,
342.412962963,0.848872259018,0.199157655861,0.679978463292,0.111351054857,1.71351387925,3.80198412698,0.199157655861,1135.42176398,5.0,
365.786044974,0.853708447263,0.18848314017,0.66878988767,0.11308534013,1.75724124833,4.22665343915,0.18848314017,1250.988602,5.0,
303.522619048,0.85592035929,0.20371665127,0.677254309495,0.10657353805,1.68263235612,3.6,0.20371665127,1055.99247881,5.0,
337.029365079,0.869155688525,0.195728143109,0.672173834065,0.108965135485,1.75900221289,3.95013227513,0.195728143109,1289.65041854,5.0,
361.106547619,0.857323875273,0.191741692562,0.668265805319,0.112029706956,1.74211644994,4.05218253968,0.191741692562,1267.15908412,5.0,
441.745039683,0.83689571414,0.190370615324,0.659379011457,0.107198199837,1.7759118223,4.66395502646,0.190370615324,1354.98838139,5.0,
385.556944444,0.854880298679,0.195330644089,0.664228058917,0.104274733551,1.79967206318,4.36448412698,0.195330644089,1329.26293622,5.0,
402.796031746,0.844816205543,0.18343952087,0.657786692321,0.109527835006,1.80672432984,4.33835978836,0.18343952087,1298.6169622,5.0,
377.881150794,0.842593181003,0.193917259805,0.677443878017,0.11422005074,1.72647889085,4.06501322751,0.193917259805,1202.05471806,5.0,
417.760449735,0.839981738835,0.184492796604,0.662828534674,0.11120804985,1.82770129623,4.45304232804,0.184492796604,1306.40554125,5.0,
438.582010582,0.819547477375,0.194205351894,0.67802620779,0.11239619185,1.75181047021,4.42222222222,0.194205351894,1216.12053293,5.0,
384.54021164,0.848701559433,0.187005228017,0.671681868303,0.112986174363,1.78947358985,4.07380952381,0.187005228017,1271.73390572,5.0,
403.519708995,0.850272246981,0.191201770317,0.667369825922,0.108709691921,1.76759748832,4.33478835979,0.191201770317,1348.39055939,5.0,
375.058531746,0.838519967055,0.194282958554,0.676138919959,0.115006092783,1.71536720173,4.03538359788,0.194282958554,1162.13756193,5.0,
441.161706349,0.838128577728,0.184024357171,0.66116668648,0.109173464929,1.82244271979,4.5792989418,0.184024357171,1363.96460827,5.0,
456.961375661,0.822700447551,0.182009339744,0.662812145377,0.112047332645,1.81302470613,4.67261904762,0.182009339744,1288.67041498,5.0,
322.882010582,0.881207669831,0.183839320708,0.655089664368,0.107406597854,1.85388120246,4.01600529101,0.183839320708,1359.01876039,5.0,
326.368650794,0.886763709868,0.194474232594,0.664852717137,0.106740932427,1.76017088689,3.94470899471,0.194474232594,1441.97090391,5.0,
288.131084656,0.873380966817,0.229182081269,0.693322663855,0.10165892579,1.67446622187,3.49748677249,0.229182081269,1138.71803486,5.0,
366.45462963,0.865195574586,0.18922850879,0.664346084865,0.10719942722,1.80331876758,4.22804232804,0.18922850879,1360.87538198,5.0,
350.670899471,0.869928339108,0.193211302525,0.667876511918,0.109893415683,1.76365578343,4.04206349206,0.193211302525,1347.99116528,5.0,
348.74212963,0.854754933525,0.211303058775,0.683041949683,0.105293157608,1.72173266552,3.92387566138,0.211303058775,1201.40191948,5.0,
349.433068783,0.870332275779,0.184861679754,0.664737645379,0.111881908932,1.80040655827,4.10105820106,0.184861679754,1347.41729633,5.0,
390.103174603,0.876627007822,0.18314824438,0.650230281797,0.105872160229,1.8303687423,4.39325396825,0.18314824438,1580.99097589,5.0,
397.084920635,0.857814639451,0.192790042972,0.671010165211,0.109866620971,1.74350415248,4.31177248677,0.192790042972,1398.37996347,5.0,
367.737632275,0.876286428972,0.183837133619,0.658006806024,0.109159076365,1.80530914276,4.23234126984,0.183837133619,1486.86463069,5.0,
296.102248677,0.87385429752,0.178573073262,0.665439354545,0.115570591988,1.77731191016,3.73902116402,0.178573073262,1174.4561101,5.0,
273.88452381,0.89087673824,0.219322299908,0.689372221369,0.105642867881,1.66057079612,3.47857142857,0.219322299908,1254.93189716,5.0,
367.283201058,0.855833410708,0.203732538283,0.686462405095,0.110911126435,1.73658390568,3.89828042328,0.203732538283,1273.8152538,5.0,
385.353240741,0.860774795451,0.18298425646,0.661823214751,0.112544670085,1.77080330021,4.25667989418,0.18298425646,1384.7867576,5.0,
321.176322751,0.864693245595,0.204364921895,0.684557538431,0.110838152215,1.68591445908,3.82671957672,0.204364921895,1186.84512153,5.0,
260.138822751,0.891768582041,0.221337947216,0.699035016783,0.108151731981,1.60993589224,3.28802910053,0.221337947216,1206.42674931,5.0,
305.601851852,0.879638773488,0.204193174183,0.684795054181,0.108577665233,1.71305510694,3.65833333333,0.204193174183,1270.41763884,5.0,
337.09212963,0.867508948056,0.198904504703,0.684015659743,0.113839764782,1.70079830895,3.69702380952,0.198904504703,1272.97150677,5.0,
345.275132275,0.861417100759,0.196377822219,0.658068486705,0.101931280468,1.8178816913,4.06706349206,0.196377822219,1245.73498666,5.0,
367.096693122,0.867999259017,0.199055335097,0.663377969378,0.104579055257,1.78380634875,4.21388888889,0.199055335097,1390.50997134,5.0,
310.396693122,0.878585333938,0.200227737185,0.674826847487,0.107843176299,1.74649708046,3.77896825397,0.200227737185,1278.25040907,5.0,
338.741732804,0.865030145413,0.188008839338,0.673566882597,0.112022537735,1.72566916367,3.89742063492,0.188008839338,1255.75260816,5.0,
322.647354497,0.850363257958,0.193961972649,0.688248594531,0.119338423172,1.67480026658,3.65925925926,0.193961972649,1078.10204264,5.0,
259.200595238,0.883633035457,0.210378208897,0.699421062861,0.114976642484,1.62553777517,3.28630952381,0.210378208897,1114.84993422,5.0,
401.866666667,0.858425428513,0.179707411257,0.664577668525,0.113264182175,1.78347544146,4.36428571429,0.179707411257,1419.44916017,5.0,
395.703174603,0.872148953918,0.2549281935,0.671003517339,0.075640676898,1.79557071221,4.71388888889,0.2549281935,1550.93184781,6.0,
306.778637566,0.85937915304,0.268285261121,0.716712858346,0.0947747925427,1.55447405775,3.59080687831,0.268285261121,1093.73600934,6.0,
338.213822751,0.84613054425,0.266389238823,0.716338298633,0.0930353156591,1.56331923528,3.80496031746,0.266389238823,1102.41657419,6.0,
315.690145503,0.86121940125,0.263180517063,0.711494060368,0.0936577920589,1.57569183771,3.65112433862,0.263180517063,1141.30155133,6.0,
392.664153439,0.842807543098,0.26856282019,0.708458436483,0.0905255760474,1.5830311421,4.27632275132,0.26856282019,1252.94939531,6.0,
316.990079365,0.86441361845,0.263265489838,0.70792475445,0.0929178824349,1.58117746489,3.72579365079,0.263265489838,1173.60238989,6.0,
413.270767196,0.819152262965,0.26748601138,0.712951908324,0.0954791719238,1.53836695888,4.21666666667,0.26748601138,1146.22357013,6.0,
322.455224868,0.836930981527,0.27880377614,0.720304267075,0.0905643483973,1.50126787665,3.5830026455,0.27880377614,993.232127457,6.0,
370.214153439,0.838436097296,0.278112104924,0.720440748599,0.091868809256,1.49674503528,3.87248677249,0.278112104924,1150.16333522,6.0,
417.461111111,0.817395726705,0.27155994548,0.715242329515,0.0928415543085,1.54702145025,4.37301587302,0.27155994548,1147.65507189,6.0,
348.800132275,0.852899061222,0.270084570351,0.723733504124,0.0971579214566,1.51643266988,3.6578042328,0.270084570351,1189.81734417,6.0,
328.29047619,0.857458081733,0.255160707287,0.7048052387,0.0979529257811,1.58066852023,3.78240740741,0.255160707287,1156.11376733,6.0,
330.498941799,0.868195962881,0.257659631239,0.712906324492,0.0982021688544,1.57432200142,3.72843915344,0.257659631239,1258.39955546,6.0,
299.752843915,0.869641111367,0.276146463215,0.727968400395,0.0961916009464,1.47894304129,3.42652116402,0.276146463215,1154.86371136,6.0,
252.215277778,0.871980950025,0.270563726519,0.725932213657,0.0987160174731,1.49204822481,3.04384920635,0.270563726519,989.90439308,6.0,
358.846626984,0.846026314768,0.26293542314,0.708628310661,0.0925006421962,1.57351390767,3.93578042328,0.26293542314,1169.8258126,6.0,
461.42281746,0.821850105734,0.248379559643,0.696555191629,0.095225516803,1.62645403297,4.75628306878,0.248379559643,1300.16247109,6.0,
373.664880952,0.831475530744,0.264468065004,0.710215184838,0.0915557101848,1.56758172769,4.10244708995,0.264468065004,1113.70803654,6.0,
363.937896825,0.838752404869,0.254874496095,0.703999810343,0.0975022246542,1.57820467729,4.00535714286,0.254874496095,1133.48216583,6.0,
386.821891534,0.85766385566,0.26042069091,0.711833505596,0.0975106624877,1.58898359389,4.01779100529,0.26042069091,1363.34688969,6.0,
396.748809524,0.827461665333,0.262765110159,0.707333638001,0.0939259913596,1.55864497124,4.31851851852,0.262765110159,1154.41902459,6.0,
456.660251323,0.792241598621,0.258809637538,0.71036046349,0.098765853721,1.56358345028,4.49054232804,0.258809637538,1104.27132899,6.0,
327.728571429,0.866428347419,0.266278292181,0.714227240514,0.0943026624742,1.58323215602,3.65648148148,0.266278292181,1232.08151301,6.0,
351.687830688,0.858027390925,0.257370244394,0.712289587889,0.0962238142108,1.56235243731,3.88306878307,0.257370244394,1242.70091727,6.0,
341.915873016,0.839509957217,0.263944283475,0.710485249435,0.0940025420465,1.55164504549,3.94312169312,0.263944283475,1069.69687896,6.0,
288.559060847,0.874186501291,0.263429582738,0.714671625466,0.097451068344,1.54084074572,3.35535714286,0.263429582738,1151.87974807,6.0,
324.61792328,0.856947219397,0.256888358739,0.711882793171,0.0998564605786,1.57009788743,3.67334656085,0.256888358739,1139.06434712,6.0,
342.587103175,0.842614206627,0.270808225554,0.714582278789,0.0904848841615,1.54156320514,3.73511904762,0.270808225554,1092.97422225,6.0,
409.644378307,0.82835397442,0.253322572856,0.69918731667,0.0915857029222,1.64382141263,4.30310846561,0.253322572856,1197.88352756,6.0,
326.924537037,0.862641887681,0.269908422217,0.71986320407,0.0950231480304,1.5466779976,3.80548941799,0.269908422217,1194.77052533,6.0,
320.030489418,0.859676956034,0.25789095525,0.709076144131,0.0969085646767,1.5847963213,3.6337962963,0.25789095525,1144.31886548,6.0,
355.493915344,0.828726952504,0.25518654118,0.709938536561,0.101057046712,1.55793991308,3.85092592593,0.25518654118,1042.1486418,6.0,
297.436177249,0.841510077721,0.272423451891,0.728276117546,0.0976394051293,1.47238410992,3.26673280423,0.272423451891,942.616578721,6.0,
291.533201058,0.863591861561,0.273793768022,0.719042665769,0.0924208985084,1.55371362897,3.37645502646,0.273793768022,1072.99272585,6.0,
307.500661376,0.872986076556,0.26370670439,0.715880343676,0.0965564214422,1.51395039523,3.49298941799,0.26370670439,1213.92974509,6.0,
311.183068783,0.869028034503,0.271826822807,0.717685783884,0.0946164232825,1.54275390991,3.5873015873,0.271826822807,1191.92218443,6.0,
390.604100529,0.821980821672,0.27094803302,0.722087579093,0.0976306802558,1.52606019692,4.01547619048,0.27094803302,1102.03217951,6.0,
326.032010582,0.864422201362,0.263110521472,0.711846050983,0.0940740361399,1.57994382451,3.69285714286,0.263110521472,1206.21483198,6.0,
304.027380952,0.861664088129,0.270857951205,0.718602294284,0.0936757677168,1.54279634996,3.49047619048,0.270857951205,1102.64895062,6.0,
381.52281746,0.845380834886,0.268913926682,0.710950711131,0.0915572709522,1.58877546404,4.1957010582,0.268913926682,1239.90686691,6.0,
421.89047619,0.842065468804,0.271278125962,0.703563574173,0.0861906727313,1.6007640355,4.38756613757,0.271278125962,1339.61789092,6.0,
434.689285714,0.809384641922,0.26688361713,0.711008912141,0.0951915096173,1.54448636707,4.28624338624,0.26688361713,1144.40342918,6.0,
355.035978836,0.852340067426,0.26884079918,0.715618666872,0.0922654825175,1.57230705203,3.90013227513,0.26884079918,1206.53397529,6.0,
425.427843915,0.823192860504,0.275593042258,0.723274977176,0.0927215416745,1.53635720382,4.1625,0.275593042258,1206.47493244,6.0,
363.749933862,0.847474414051,0.259138348241,0.711958222661,0.0964677514784,1.57248926604,3.89927248677,0.259138348241,1196.77069995,6.0,
342.281812169,0.850276431706,0.263598399751,0.716992433398,0.0956926558851,1.5796075202,3.76435185185,0.263598399751,1146.50512899,6.0,
295.931349206,0.885533248816,0.257653524887,0.713027632427,0.0952410917041,1.59711542906,3.51891534392,0.257653524887,1296.8423568,6.0,
369.020701058,0.852952468419,0.258763813653,0.708268627944,0.0945911517514,1.60333751171,3.9289021164,0.258763813653,1258.16894463,6.0,
266.79292328,0.871167674161,0.269972136488,0.718063839476,0.0934414778553,1.55769793211,3.16977513228,0.269972136488,1038.94890457,6.0,
371.643650794,0.852413332409,0.265019377607,0.708991608012,0.0921609998429,1.59317926584,4.05224867725,0.265019377607,1261.85207966,6.0,
363.95,0.856957122706,0.257064183184,0.698363244641,0.0908304678134,1.59137741708,3.9921957672,0.257064183184,1282.47616248,7.0,
413.157142857,0.820992483208,0.244507441351,0.705489079786,0.101089991752,1.59562856815,4.13055555556,0.244507441351,1164.268481,7.0,
438.43994709,0.820103369364,0.240080729823,0.712909736208,0.105392416235,1.56371712083,4.26071428571,0.240080729823,1227.37043042,7.0,
503.832539683,0.801592976194,0.239397387041,0.690758872846,0.0977018567652,1.64295451821,4.90396825397,0.239397387041,1278.06227232,7.0,
406.290873016,0.836974493655,0.237918451331,0.698182862276,0.100195597637,1.62660893244,4.20383597884,0.237918451331,1254.71644046,7.0,
352.666071429,0.856480367434,0.255793388343,0.707500397632,0.096734453589,1.60850279586,3.89146825397,0.255793388343,1236.73919847,7.0,
362.060119048,0.845912057115,0.252636894264,0.707004076677,0.0987335064068,1.58084295644,3.87757936508,0.252636894264,1183.26665273,7.0,
386.299404762,0.82572025226,0.243955490118,0.703973182065,0.0994715021134,1.59914055152,4.07943121693,0.243955490118,1115.89114162,7.0,
340.84047619,0.854323240268,0.250567225862,0.713434622295,0.102660441089,1.57174082574,3.65833333333,0.250567225862,1177.70908211,7.0,
369.704100529,0.837720682302,0.247476930587,0.719189349207,0.105479306869,1.52944639221,3.75912698413,0.247476930587,1146.45563379,7.0,
370.434259259,0.839216707395,0.247610360502,0.703374467022,0.0983576105742,1.62300206064,3.93703703704,0.247610360502,1160.64416048,7.0,
325.926256614,0.871996428143,0.2487135631,0.712319991634,0.101628798963,1.58654284694,3.51302910053,0.2487135631,1281.03416148,7.0,
343.782142857,0.841108744713,0.24935829939,0.71174118958,0.101883092854,1.59212296787,3.68716931217,0.24935829939,1089.3733812,7.0,
323.527380952,0.864606440051,0.240421014599,0.703422152471,0.102539174163,1.6192832104,3.66613756614,0.240421014599,1202.61274639,7.0,
334.738293651,0.847400630441,0.267821685773,0.723161796736,0.0960675220808,1.52956424596,3.62242063492,0.267821685773,1104.30203818,7.0,
357.461640212,0.849609444578,0.249867794855,0.700814748079,0.0958720694182,1.62460805616,3.93716931217,0.249867794855,1196.04392223,7.0,
336.324603175,0.866342608592,0.25084776812,0.710943163449,0.0996310142057,1.59099120001,3.62896825397,0.25084776812,1266.37918747,7.0,
421.836044974,0.817672901406,0.249858294141,0.707033601245,0.100023896504,1.59299077308,4.16871693122,0.249858294141,1163.47502898,7.0,
348.807738095,0.856639302803,0.244476568405,0.701928720852,0.0986765626403,1.63648065948,3.82466931217,0.244476568405,1223.06947641,7.0,
394.991137566,0.836900784956,0.239210548417,0.694979276823,0.0973914940557,1.63523490229,4.25476190476,0.239210548417,1217.34606525,7.0,
408.93723545,0.838830294513,0.232639037611,0.693535646355,0.100718391288,1.66031095746,4.26884920635,0.232639037611,1275.59650364,7.0,
327.821560847,0.858968336805,0.245294294673,0.707004555696,0.101223797614,1.58730752818,3.72314814815,0.245294294673,1167.98320936,7.0,
350.034722222,0.847991803551,0.256588736318,0.714096492158,0.0976217731913,1.57725589283,3.7083994709,0.256588736318,1157.13340639,7.0,
420.865277778,0.844603504818,0.235306148694,0.693167616514,0.0995706941568,1.667792854,4.31964285714,0.235306148694,1359.1768243,7.0,
326.666005291,0.856830369203,0.254164374598,0.71651364703,0.102706725378,1.54512435972,3.51388888889,0.254164374598,1145.84219629,7.0,
406.268320106,0.847532131564,0.188914766524,0.662676592393,0.112319907497,1.77267169132,4.21461640212,0.188914766524,1337.18922043,7.0,
347.91521164,0.84862038012,0.248139076104,0.712619648937,0.102857184302,1.57859139931,3.67301587302,0.248139076104,1154.43747815,7.0,
416.811507937,0.842892775704,0.244590402004,0.699627467119,0.0974239334778,1.60916248242,4.28994708995,0.244590402004,1332.013261,7.0,
450.101851852,0.814209412812,0.234148207637,0.693944002502,0.101831567975,1.66436287534,4.54497354497,0.234148207637,1215.98914824,7.0,
458.497883598,0.824134754013,0.241759005557,0.69574278884,0.0982043537412,1.59496602847,4.61375661376,0.241759005557,1308.40232746,7.0,
483.18015873,0.816533109377,0.233809943731,0.699676806682,0.103564571188,1.65325788397,4.43637566138,0.233809943731,1321.73918758,7.0,
352.560714286,0.867115442851,0.255103501792,0.711667719776,0.0978094001181,1.56912109003,3.82936507937,0.255103501792,1331.338022,7.0,
345.726455026,0.852544720607,0.235221762059,0.692374242219,0.0984034973619,1.61972366742,3.95767195767,0.235221762059,1177.62556008,7.0,
421.418253968,0.800168870703,0.247071426822,0.703637494794,0.0963272557596,1.6034747014,4.21388888889,0.247071426822,1059.20581177,7.0,
355.450198413,0.856654834288,0.252584666583,0.703840484169,0.0972658960002,1.57896348924,3.90033068783,0.252584666583,1244.52363846,7.0,
323.90707672,0.852446941719,0.249276091095,0.713035142017,0.10077949152,1.5654515064,3.61580687831,0.249276091095,1101.6482076,7.0,
366.536574074,0.849003589537,0.244144279625,0.701776997828,0.0990325440703,1.62338412339,3.97003968254,0.244144279625,1218.07984599,7.0,
397.161904762,0.83544427286,0.248194068265,0.704425062182,0.100229944136,1.56809059347,4.10701058201,0.248194068265,1210.56379287,7.0,
390.396560847,0.828335829666,0.242168428585,0.691115218377,0.0976471300785,1.62340343701,4.21071428571,0.242168428585,1140.18581619,7.0,
327.130687831,0.865149463919,0.24966308334,0.707434865912,0.0989218659934,1.59893769169,3.60542328042,0.24966308334,1216.55152891,7.0,
364.195701058,0.84627363462,0.228284666233,0.69748301777,0.105980994107,1.64631246661,4.02493386243,0.228284666233,1188.06583212,7.0,
292.463955026,0.869795439489,0.23470340451,0.703656792695,0.105187699129,1.60257435002,3.43472222222,0.23470340451,1126.1677409,7.0,
404.740410053,0.834099908466,0.232591910221,0.700551162219,0.105649148912,1.62928456967,4.11686507937,0.232591910221,1223.25706866,7.0,
383.247486772,0.83628639515,0.24392388231,0.705630080647,0.102570156634,1.5980792981,4.03505291005,0.24392388231,1173.6802404,7.0,
417.106878307,0.855324872277,0.180936905112,0.656842704529,0.108689254669,1.82533307315,4.63875661376,0.180936905112,1443.23779642,7.0,
395.716071429,0.832637348322,0.243419294673,0.710974656548,0.103797125963,1.59069805511,3.97427248677,0.243419294673,1184.9249027,7.0,
399.174537037,0.836203023589,0.254090503485,0.720829150605,0.103290784013,1.52683850345,3.89874338624,0.254090503485,1223.28483763,7.0,
439.271494709,0.824888767316,0.229904791649,0.700694854892,0.104492090877,1.60663125271,4.42691798942,0.229904791649,1256.68120734,7.0,
341.911243386,0.852903552864,0.237266830086,0.712494132435,0.107959355946,1.5597596894,3.72010582011,0.237266830086,1164.52868883,7.0,
306.284259259,0.855972693911,0.246464089751,0.715427808725,0.10510020244,1.55170891802,3.50026455026,0.246464089751,1065.55333417,7.0,
