358.50016197,0.842632322049,0.229424961402,0.695016794532,0.10357970084,1.58465999858,4.73534175575,0.229424961402,1139.05271603,1.0,
498.299319728,0.786814831364,0.245245613941,0.702172884059,0.0987397220508,1.52197207198,5.2970521542,0.245245613941,1168.70071899,1.0,
530.045351474,0.749665096594,0.236064086424,0.702674183196,0.0987227277396,1.55606882618,5.20051830256,0.236064086424,1058.67249085,1.0,
340.997408487,0.845598531316,0.252889821145,0.710291187538,0.0966246261777,1.50498030954,4.36378360868,0.252889821145,1104.24593644,1.0,
533.85617104,0.764124408252,0.238104892257,0.706250555489,0.107220792314,1.52140431929,5.21930677033,0.238104892257,1131.64776203,1.0,
395.196631033,0.821719973278,0.24443613347,0.710939686683,0.103003401559,1.50780231738,4.63686426952,0.24443613347,1108.35924332,1.0,
443.991577583,0.804579870745,0.244655240966,0.707575598066,0.0959724575509,1.51856552972,4.96469063816,0.244655240966,1135.99243659,1.0,
474.191124069,0.784634898967,0.24973353989,0.713555670967,0.104914761181,1.47226129937,5.00356333009,0.24973353989,1100.90056791,1.0,
481.411078717,0.793436938589,0.246874858664,0.684585542198,0.0874250505805,1.60061515289,5.40006478782,0.246874858664,1165.28840014,1.0,
423.796566246,0.839180232224,0.24710487956,0.688442801389,0.08937956173,1.57126143578,5.0573372206,0.24710487956,1317.61341316,1.0,
540.290249433,0.788084337817,0.242746235428,0.682001127813,0.0884395852647,1.57798894122,5.86783284742,0.242746235428,1274.77658769,1.0,
394.899902818,0.827818709728,0.239385747666,0.684676828164,0.0955230783389,1.59729516191,4.91480401684,0.239385747666,1146.75613766,1.0,
329.635892452,0.87190328351,0.250989420403,0.690996757475,0.088147892229,1.54555711629,4.47683835439,0.250989420403,1286.66800167,1.0,
437.315192744,0.833106393473,0.237867525803,0.681636121482,0.088629672262,1.60636118714,5.31260123097,0.237867525803,1310.16161088,1.0,
388.434726271,0.843185020454,0.225617863725,0.663831648985,0.0958392799012,1.65988448619,5.08584386135,0.225617863725,1238.51282382,1.0,
503.156462585,0.796247953242,0.238070053326,0.67715352303,0.0870648837934,1.61645882832,5.69873663751,0.238070053326,1234.72738211,1.0,
395.353417557,0.824311933789,0.237973931455,0.690872676477,0.0984172849802,1.57763537329,4.85973436994,0.237973931455,1125.15729179,1.0,
448.472303207,0.799059080768,0.244350925,0.688311075622,0.0869571457775,1.60333352045,5.16164561063,0.244350925,1115.93075448,1.0,
471.810171688,0.798351064052,0.228946870525,0.687647360145,0.100411255712,1.60592962846,5.07482993197,0.228946870525,1169.88014211,1.0,
458.090702948,0.804002324711,0.235537095119,0.691611432031,0.0981409911705,1.57617886564,5.19663103337,0.235537095119,1168.61259266,1.0,
294.401036605,0.870581717776,0.234203981313,0.689499757437,0.0956158187767,1.58010647172,4.21509556203,0.234203981313,1137.40126799,1.0,
382.489795918,0.837286794699,0.237434557638,0.693665046629,0.0979507205707,1.56293681075,4.62585034014,0.237434557638,1175.34958276,1.0,
398.795594428,0.81093229507,0.248592459953,0.685693123956,0.0874401269759,1.57426823039,4.85195983155,0.248592459953,1054.63700048,1.0,
379.759637188,0.841675708887,0.232485750405,0.684754896144,0.0972487490738,1.57532095882,4.85325558795,0.232485750405,1199.30945062,1.0,
497.838678328,0.799210670736,0.235621044352,0.672418118995,0.0913777357477,1.60983582864,5.63589245222,0.235621044352,1239.7040225,1.0,
463.801101393,0.805164174335,0.23939624132,0.68409531051,0.090438356134,1.60531912096,5.39941690962,0.23939624132,1190.23567614,1.0,
435.000323939,0.813826369822,0.231401755945,0.690895493118,0.0991143581723,1.60368645951,5.14544865565,0.231401755945,1168.26513917,1.0,
346.816974409,0.862762792251,0.239938763233,0.679191629068,0.0870902157787,1.61594182294,4.82863621639,0.239938763233,1263.56758527,1.0,
407.989633949,0.846103953527,0.231428829572,0.672694882425,0.0890299181587,1.65237570874,5.27437641723,0.231428829572,1325.53643612,1.0,
445.133786848,0.815162130456,0.235042004523,0.674746622279,0.0914702880317,1.60050091742,5.28279883382,0.235042004523,1204.11955609,1.0,
462.441852932,0.829417731352,0.237469816316,0.685058883926,0.0889059560361,1.61697895266,5.39747327502,0.237469816316,1355.48042771,1.0,
492.389374798,0.815535436802,0.224155258228,0.675334034768,0.0983360045396,1.60596874089,5.49659863946,0.224155258228,1334.64489401,1.0,
310.806608358,0.861357394269,0.228639616335,0.684098172204,0.0932056281829,1.59838403585,4.57466796242,0.228639616335,1120.89139813,1.0,
448.093942339,0.826817921813,0.245660323148,0.68882919502,0.0883721753513,1.59559928203,5.32037576936,0.245660323148,1293.70760252,1.0,
469.199222546,0.813428352823,0.248194120846,0.688176416161,0.0955420705083,1.5437323981,5.30223517979,0.248194120846,1257.42370195,1.0,
370.791707159,0.849379521527,0.246112389763,0.689834922509,0.0913951631416,1.57144631656,4.86167800454,0.246112389763,1230.88079031,1.0,
574.454162617,0.748340495165,0.238783202052,0.684821290439,0.0935735018601,1.59348895814,5.93586005831,0.238783202052,1141.33214041,1.0,
424.418529316,0.83121097097,0.238437960835,0.680031746493,0.0870353223481,1.61075935702,5.06252024619,0.238437960835,1257.24560345,1.0,
473.002915452,0.814249580059,0.243824773188,0.673760046374,0.0858180649228,1.65180293358,5.35795270489,0.243824773188,1273.2216584,1.0,
487.504373178,0.814081502825,0.234900550067,0.669488114788,0.0873479811289,1.63086887849,5.76158082281,0.234900550067,1311.07012101,1.0,
391.100097182,0.830898205509,0.224926122052,0.664380945033,0.0902221744991,1.62283569136,5.01328150308,0.224926122052,1156.40433728,1.0,
463.969549725,0.804166667479,0.233083259064,0.685694441945,0.0937094457811,1.58045918451,5.50048590865,0.233083259064,1184.60311059,1.0,
477.714285714,0.806592859832,0.238480984817,0.686207530381,0.0932005211437,1.60144727459,5.31260123097,0.238480984817,1234.99650866,1.0,
460.065435698,0.822619618649,0.246691219718,0.689220219519,0.0915928304947,1.58424706129,5.32231940395,0.246691219718,1296.83291973,1.0,
448.207968902,0.831173681415,0.241945989373,0.681384734102,0.0902731633413,1.58380096626,5.15192743764,0.241945989373,1327.42327339,1.0,
561.288629738,0.809581363667,0.227034297144,0.679781105283,0.0939453525797,1.62921460074,5.84062196307,0.227034297144,1473.82798383,1.0,
510.84548105,0.813493643141,0.239882307374,0.678909409289,0.0883296401664,1.6217253673,5.60414642047,0.239882307374,1369.51225055,1.0,
425.330093942,0.823398894173,0.243533679225,0.690937619153,0.0880905197717,1.58620944502,5.08908325235,0.243533679225,1204.21129854,1.0,
450.399092971,0.818224818207,0.237488075274,0.684171271895,0.0908890601832,1.60225959656,5.22125040492,0.237488075274,1238.89050344,1.0,
456.317460317,0.804924524816,0.235308753208,0.687784026564,0.0959367775706,1.57177732335,5.18367346939,0.235308753208,1169.59207683,1.0,
479.368966634,0.777710623441,0.221194368811,0.675579202551,0.0984436005229,1.64194442844,5.42986718497,0.221194368811,1078.25433238,2.0,
334.774862326,0.842268400347,0.217290099899,0.679403899069,0.102305328328,1.61633005039,4.57531584062,0.217290099899,1061.21684895,2.0,
371.608681568,0.844610378663,0.219374349459,0.678504699192,0.10341331724,1.57798243679,4.86556527373,0.219374349459,1195.73198767,2.0,
549.964366699,0.767041114279,0.216194772292,0.675622670592,0.0988418046146,1.64777096865,5.83284742468,0.216194772292,1180.38933135,2.0,
371.682539683,0.825246912597,0.212664287336,0.685145036943,0.101747972341,1.60477786367,4.59669582119,0.212664287336,1063.45056676,2.0,
362.568837059,0.842383967562,0.203283590265,0.658202165929,0.0954336600472,1.6856277335,5.16488500162,0.203283590265,1150.16483872,2.0,
493.961127308,0.796585038742,0.209591955313,0.66264618018,0.104375781662,1.67748177913,5.51085195983,0.209591955313,1214.17108224,2.0,
557.300291545,0.763262523032,0.208520972984,0.680923485303,0.103121100826,1.61230867616,5.58147068351,0.208520972984,1177.04281274,2.0,
678.012957564,0.703168609562,0.201533878395,0.667065531949,0.0995859586135,1.69401973897,6.39326206673,0.201533878395,1142.084327,2.0,
440.054421769,0.807994873011,0.203821704843,0.666754923379,0.105432240177,1.68542511745,5.3547133139,0.203821704843,1145.94445646,2.0,
518.813735018,0.794201895795,0.219639629033,0.676977216587,0.0994139855598,1.62981215084,5.84774862326,0.219639629033,1260.49201722,2.0,
447.293164885,0.820014362662,0.216775910852,0.679013224889,0.0972369308438,1.65687013433,5.4713313897,0.216775910852,1242.58016223,2.0,
369.479105928,0.847123268513,0.215612374495,0.682753661096,0.100911751352,1.60997154783,4.79689018465,0.215612374495,1208.42165559,2.0,
513.762228701,0.799947273253,0.216269487109,0.66684777828,0.0907283724459,1.65312420679,5.87236799482,0.216269487109,1284.06704836,2.0,
439.567217363,0.795321772073,0.224733458565,0.676346286523,0.100373804094,1.61146971081,5.14544865565,0.224733458565,1073.80062309,2.0,
469.975380628,0.792800075915,0.221951800758,0.688761468421,0.0982612078832,1.58232550399,5.12147716229,0.221951800758,1134.11089001,2.0,
461.144152899,0.792804401809,0.220174385641,0.690010080697,0.103084174608,1.58582580418,5.22708130871,0.220174385641,1112.82323786,2.0,
455.758341432,0.805557525438,0.216671184185,0.684781967439,0.104927147202,1.59779090476,5.24457402008,0.216671184185,1171.96189376,2.0,
497.094266278,0.774192977329,0.216534346936,0.686542229981,0.101172589937,1.60218326164,5.43893747975,0.216534346936,1100.70594882,2.0,
416.513119534,0.829579629649,0.20938942779,0.677574360532,0.100392069431,1.62619508188,5.08778749595,0.20938942779,1222.01682427,2.0,
618.750890833,0.775002989915,0.193128251655,0.655489053327,0.103434903247,1.73358833099,6.4697116942,0.193128251655,1375.0202516,2.0,
376.127632005,0.833055598249,0.224042346511,0.684225197803,0.093403507334,1.63472587809,4.820861678,0.224042346511,1126.50567513,2.0,
361.391642371,0.847092715976,0.208741129845,0.673115299108,0.106024339507,1.63037333437,4.65500485909,0.208741129845,1181.73455463,2.0,
486.286362164,0.774999130935,0.214415048571,0.681428299233,0.100986344381,1.55836983125,5.28798185941,0.214415048571,1080.63218641,2.0,
507.263362488,0.782272087815,0.206686262516,0.668098901923,0.102153326742,1.61828839535,5.74473598963,0.206686262516,1164.88063091,2.0,
514.872044056,0.779339341019,0.203473735276,0.674924746531,0.104714644681,1.65945336665,5.60997732426,0.203473735276,1166.66026113,2.0,
450.131519274,0.810356099052,0.213288449876,0.676580244616,0.0997964617251,1.6499459625,5.18302559119,0.213288449876,1186.780901,2.0,
371.08260447,0.841276424254,0.216833206203,0.678583304886,0.101198386982,1.63266272965,4.81373501782,0.216833206203,1168.95868407,2.0,
510.106252025,0.795902378295,0.208924768791,0.670487204413,0.101756750805,1.65822226343,5.59637188209,0.208924768791,1249.66241097,2.0,
542.278587626,0.781530664071,0.210743319032,0.68018505025,0.103045612411,1.63922491792,5.51020408163,0.210743319032,1241.08627263,2.0,
461.449303531,0.785038344233,0.209021940027,0.680899086996,0.106184007038,1.62852645065,5.1188856495,0.209021940027,1073.3293384,2.0,
408.058956916,0.814347397977,0.211720068347,0.674623251975,0.101447583846,1.66262080432,4.88759313249,0.211720068347,1098.98528884,2.0,
509.797862002,0.789098115085,0.218725212022,0.685596421614,0.0967759214537,1.60101727838,5.45643019112,0.218725212022,1208.6138116,2.0,
405.683835439,0.815333516125,0.211014475051,0.681943710544,0.103311079307,1.64214003481,4.93553611921,0.211014475051,1098.42302438,2.0,
496.275672174,0.785811958536,0.208854881055,0.688235648475,0.108328147891,1.6215915412,5.22870100421,0.208854881055,1158.47369385,2.0,
475.00356333,0.813239029621,0.216391003623,0.687774479038,0.109362247735,1.58417899482,4.9990281827,0.216391003623,1271.68851813,2.0,
812.623906706,0.700948242073,0.193613897963,0.662315703395,0.0988867806472,1.67595576763,7.36896663427,0.193613897963,1358.66766398,2.0,
532.531908001,0.7825908493,0.211887756938,0.684034670684,0.10530351536,1.56333236252,5.56009070295,0.211887756938,1224.72284696,2.0,
685.128603822,0.714708342526,0.215710385223,0.697989966438,0.10846550309,1.56692060606,6.1768707483,0.215710385223,1200.75120648,2.0,
540.297376093,0.781792144129,0.209664781272,0.679581565664,0.105421668876,1.62577573923,5.55685131195,0.209664781272,1238.03374067,2.0,
519.509880143,0.796511506009,0.21147703532,0.682904273094,0.108547805249,1.59593875851,5.51506316812,0.21147703532,1276.49793587,2.0,
618.470359572,0.738279124143,0.216346510529,0.689651318597,0.105984251545,1.60651969345,5.86653709103,0.216346510529,1181.5457165,2.0,
570.342079689,0.783281398307,0.205620107268,0.671304330357,0.107460559674,1.645130007,5.87431162941,0.205620107268,1315.85861858,2.0,
561.875607386,0.787335390473,0.196646563974,0.666250369752,0.10439838484,1.67545303884,5.87495950761,0.196646563974,1321.03693378,2.0,
501.107223842,0.802434067233,0.198962303542,0.679095799452,0.110202321304,1.61307718684,5.45966958212,0.198962303542,1271.59445564,2.0,
536.758665371,0.769249640249,0.198542347508,0.675884658863,0.10743634966,1.63885927081,5.58147068351,0.198542347508,1163.07221785,2.0,
396.068027211,0.805886100464,0.224638595932,0.687005331304,0.096038965917,1.6164475446,4.78781988986,0.224638595932,1020.19491689,2.0,
519.484612893,0.796032285391,0.204134625606,0.674939698922,0.107447606677,1.64349998934,5.67962423064,0.204134625606,1277.94190212,2.0,
498.398445092,0.789424289601,0.21108730101,0.677613686235,0.105095479629,1.62696926644,5.19144800777,0.21108730101,1183.41864821,2.0,
524.44962747,0.788097505354,0.214722092888,0.68077659631,0.100140670852,1.61449344269,5.45513443473,0.214722092888,1237.47865344,2.0,
407.411078717,0.791017133956,0.230024149046,0.689594968567,0.0994304100111,1.5774091345,5.06316812439,0.230024149046,974.747562875,3.0,
538.494655005,0.765699531792,0.213010158172,0.686287397704,0.106259458824,1.59069658326,5.8798185941,0.213010158172,1149.90183651,3.0,
466.919987042,0.800712032462,0.241763819539,0.703890948146,0.10066842126,1.52977351856,5.04114026563,0.241763819539,1171.47059306,3.0,
507.076773567,0.785720057383,0.221718841639,0.693135868039,0.107936503328,1.56439628629,5.57952704891,0.221718841639,1185.88038567,3.0,
431.354065436,0.805086686145,0.229929286414,0.692404412417,0.103622456801,1.55420920959,4.93035309362,0.229929286414,1106.52796596,3.0,
421.421444768,0.809419178577,0.231843328906,0.702112230528,0.104780169761,1.51081661939,4.9983803045,0.231843328906,1105.62395949,3.0,
349.449303531,0.836145808106,0.24262576828,0.71156590939,0.100028125727,1.50146615676,4.35827664399,0.24262576828,1066.34227508,3.0,
298.513767412,0.855858284381,0.230269490677,0.693813048412,0.100847782908,1.54961887779,4.4120505345,0.230269490677,1035.48707649,3.0,
458.910268869,0.78164555616,0.232106299876,0.709392541231,0.10767976255,1.47001161837,4.85001619695,0.232106299876,1050.8379422,3.0,
385.005506965,0.807376591743,0.230617670117,0.701556097228,0.102251727339,1.51371245748,4.71849692258,0.230617670117,999.373623508,3.0,
427.954000648,0.785896231257,0.247664191319,0.697077072939,0.0938585496206,1.52821832548,4.9433106576,0.247664191319,999.407911313,3.0,
336.826692582,0.827715907421,0.224263342865,0.693838715143,0.105342629159,1.55621327932,4.5902170392,0.224263342865,977.532770265,3.0,
376.444444444,0.82892893272,0.228038120087,0.684491811103,0.102760559118,1.5684420854,4.92452218983,0.228038120087,1100.25748489,3.0,
452.114674441,0.808926208983,0.224239417334,0.690031768566,0.0991526274449,1.56513504764,5.20181405896,0.224239417334,1183.08919302,3.0,
372.401036605,0.807678652919,0.238075929772,0.695257907373,0.101696877228,1.51070689095,4.4703595724,0.238075929772,968.173950155,3.0,
384.069322967,0.828901466287,0.235660710364,0.684751382929,0.0962410934826,1.56025965819,4.85195983155,0.235660710364,1122.36298767,3.0,
423.75186265,0.798558002837,0.230749470412,0.684548721965,0.096316834025,1.56581621359,5.04114026563,0.230749470412,1051.79622079,3.0,
452.717201166,0.806105708817,0.237432458908,0.688791973329,0.0905163163069,1.56698327549,5.0029154519,0.237432458908,1167.43303375,3.0,
361.227729187,0.816985488594,0.239063382615,0.692135104931,0.0933803941816,1.56743063738,4.70165208941,0.239063382615,986.88275157,3.0,
479.720764496,0.778730750994,0.229012770672,0.690341724635,0.101690659185,1.56933794225,5.293164885,0.229012770672,1084.020411,3.0,
517.743440233,0.770268850659,0.232684500212,0.695392539292,0.0986465748303,1.55768041396,5.38969873664,0.232684500212,1126.84640659,3.0,
323.930029155,0.859069025562,0.231860748372,0.672400697069,0.0874272832356,1.62370039712,4.7074829932,0.231860748372,1149.25065425,3.0,
436.587625526,0.816464063576,0.227781655183,0.701938963766,0.100671011641,1.56607884853,4.9990281827,0.227781655183,1189.37913205,3.0,
366.247489472,0.84621744767,0.234933919887,0.684143651485,0.0950417127036,1.57962652063,4.86750890833,0.234933919887,1190.79662784,3.0,
385.354713314,0.826947700095,0.225356781613,0.683321984761,0.104147477441,1.56496902679,4.92776158082,0.225356781613,1113.40535065,3.0,
360.878522838,0.833629894106,0.245158936359,0.708766499575,0.0998428082478,1.48854847091,4.53709102689,0.245158936359,1084.56540584,3.0,
401.039844509,0.813398308779,0.226881509542,0.697457857644,0.104243112597,1.53928419655,4.98283122773,0.226881509542,1074.58791473,3.0,
441.353417557,0.806771660118,0.240842686589,0.684883652687,0.0967814118539,1.53263852824,5.09685779074,0.240842686589,1142.05146571,3.0,
402.609653385,0.820638925144,0.239394562335,0.698673046588,0.0991341254736,1.56028884287,4.84094590217,0.239394562335,1122.34400276,3.0,
412.307094266,0.807932710779,0.231195870453,0.71460543835,0.10547053084,1.50020536347,4.81697440881,0.231195870453,1073.34022347,3.0,
477.259475219,0.813519545993,0.226642464103,0.686056173178,0.0946941708424,1.59573770762,5.33009394234,0.226642464103,1279.65013213,3.0,
329.862001944,0.852401492289,0.239381969951,0.690559143985,0.095686997195,1.56123498357,4.49109167477,0.239381969951,1117.43000339,3.0,
409.434402332,0.804723419087,0.228743713383,0.68912417637,0.0980584343759,1.59273108288,4.81438289602,0.228743713383,1048.34486659,3.0,
430.671849692,0.803562074217,0.227099777545,0.680421641147,0.0949608492841,1.61852282257,5.32685455134,0.227099777545,1096.20341382,3.0,
521.530936184,0.778996259989,0.224417179833,0.684931325059,0.0988859636563,1.62171932444,5.60544217687,0.224417179833,1179.91427692,3.0,
399.25882734,0.830857490453,0.238110139084,0.688110698039,0.0945446879182,1.55913065823,4.97570456754,0.238110139084,1180.24389141,3.0,
599.404599935,0.773293138397,0.234859414943,0.684484668493,0.091216514849,1.59777749861,6.04211208293,0.234859414943,1321.98160148,3.0,
444.731454487,0.796294372708,0.235518626288,0.6896053835,0.0984102641187,1.54559346686,5.17071590541,0.235518626288,1091.60326202,3.0,
433.209588597,0.787520200969,0.24261485488,0.697132925812,0.0918924372017,1.53598274302,5.03530936184,0.24261485488,1019.41358796,3.0,
586.09005507,0.748080680571,0.227846296092,0.671003777349,0.0888205298553,1.63993950063,6.13346290897,0.227846296092,1163.24952052,3.0,
577.271137026,0.779679507061,0.218316589134,0.675282132354,0.097060960213,1.64233784187,5.84062196307,0.218316589134,1310.07136314,3.0,
435.214123745,0.813873671284,0.228045675518,0.685251137323,0.101343966101,1.57086346549,5.15581470684,0.228045675518,1169.13637836,3.0,
433.073534176,0.822839967813,0.233757161525,0.686226361322,0.097755432274,1.57794736084,5.15063168124,0.233757161525,1222.26646955,3.0,
555.63654033,0.778342371145,0.22934646887,0.676765341267,0.0969775490752,1.60717547269,6.1166180758,0.22934646887,1262.8456841,3.0,
437.100097182,0.788736139506,0.235292802854,0.679750475795,0.0897004116944,1.60915822628,5.24522189828,0.235292802854,1034.48856837,3.0,
362.791059281,0.827691210411,0.228635418874,0.70245322322,0.1073919797,1.53315833381,4.4729510852,0.228635418874,1052.73520912,3.0,
473.858114674,0.797460099845,0.238552131791,0.693711341949,0.093733579428,1.55974900836,5.4687398769,0.238552131791,1169.78954347,3.0,
370.099125364,0.823278087496,0.225392879783,0.688321289972,0.0985056646771,1.59597500404,4.77551020408,0.225392879783,1047.12290661,3.0,
460.759313249,0.797634115444,0.239407574466,0.680486345236,0.0923827185428,1.60411854251,5.48947197927,0.239407574466,1138.43129799,3.0,
340.487204406,0.842716417849,0.237754614086,0.690816719326,0.0963326527952,1.57233102695,4.61094914156,0.237754614086,1082.39906464,3.0,
568.48914804,0.761334533455,0.191978566922,0.648609745568,0.0995368722522,1.73557206478,6.25267249757,0.191978566922,1190.97487431,4.0,
556.576287658,0.781472329236,0.188838445894,0.667629032801,0.105688943095,1.68563336499,6.00745059929,0.188838445894,1273.45691272,4.0,
510.62585034,0.792754812529,0.211185731485,0.676801466231,0.103731656395,1.59020454614,5.37026239067,0.211185731485,1236.46262942,4.0,
507.170715905,0.798507216817,0.198494706319,0.668286447255,0.103335761004,1.67417479129,5.61451247166,0.198494706319,1258.53320376,4.0,
342.831551668,0.832259840547,0.20806827675,0.689041155139,0.112164516413,1.56916975738,4.42727567217,0.20806827675,1027.89223398,4.0,
437.734369938,0.811008487579,0.207387448477,0.672003101477,0.102244740537,1.63714045118,5.21671525753,0.207387448477,1158.07944053,4.0,
633.494007127,0.749663337077,0.191165308735,0.667541773335,0.107227078295,1.68746737675,6.355037253,0.191165308735,1265.28411726,4.0,
520.268221574,0.797161052172,0.204615864579,0.662582447155,0.0989306967821,1.62702370473,5.71428571429,0.204615864579,1282.46627964,4.0,
611.981211532,0.719531889757,0.196754018991,0.678266051259,0.113290463935,1.58951365243,6.06673145449,0.196754018991,1090.99963451,4.0,
612.346614836,0.754576068404,0.189917193527,0.656284755178,0.107188447953,1.68205669167,6.1762228701,0.189917193527,1247.52832956,4.0,
454.182701652,0.788244817587,0.21499136005,0.680246581215,0.101137236352,1.57430635109,5.32037576936,0.21499136005,1072.42405234,4.0,
426.767735666,0.822884424515,0.200270442451,0.6529288436,0.0976608190272,1.70295711435,5.45254292193,0.200270442451,1204.77189682,4.0,
618.338840298,0.781182842487,0.204124761571,0.661995640128,0.0917521769111,1.68324406523,6.33430515063,0.204124761571,1412.91214849,4.0,
611.030126336,0.78338613095,0.200366774195,0.657817559144,0.102028432593,1.69955385321,6.29024943311,0.200366774195,1410.41321365,4.0,
535.368966634,0.789177949594,0.19905212922,0.652070624961,0.0988334568904,1.68266254863,5.85293164885,0.19905212922,1269.71767328,4.0,
412.650469712,0.817585051319,0.203067211119,0.653536960012,0.0978267478654,1.71500784928,5.28862973761,0.203067211119,1135.97317696,4.0,
550.627793975,0.788561154109,0.193756401785,0.636005320563,0.0921818784671,1.76383498965,6.46388079041,0.193756401785,1302.09704762,4.0,
527.006154843,0.798944973082,0.20705375028,0.657541834626,0.0926485998648,1.71297640282,6.0012957564,0.20705375028,1310.60178629,4.0,
619.578879171,0.778434638589,0.188436538945,0.640848059313,0.0962038949327,1.73504819391,6.53385163589,0.188436538945,1399.6668566,4.0,
556.948493683,0.812480397438,0.194198814238,0.646456284425,0.0969392264703,1.73982897308,6.21120829284,0.194198814238,1485.04072661,4.0,
446.5468092,0.826228843035,0.221472450643,0.667021658101,0.0929380030899,1.64697613898,5.28539034661,0.221472450643,1284.87033464,4.0,
583.271137026,0.771745710706,0.19582260226,0.661773140969,0.104679738972,1.69435526327,6.05247813411,0.19582260226,1277.67837097,4.0,
439.139617752,0.821270590379,0.204021504016,0.660302254279,0.097586225879,1.68841331316,5.28603822481,0.204021504016,1228.50407967,4.0,
493.011985747,0.823799672843,0.20598675554,0.654092760168,0.094015653286,1.70350478236,5.86005830904,0.20598675554,1399.00984777,4.0,
678.609329446,0.768923127452,0.191490192264,0.641243027737,0.0946248342928,1.73715300005,6.94946550049,0.191490192264,1472.97698566,4.0,
609.703919663,0.752526502646,0.192451620845,0.669474608621,0.105807175016,1.59595340567,6.1742792355,0.192451620845,1231.8569992,4.0,
482.808551992,0.778015719628,0.195228661443,0.677017483439,0.110195329132,1.64313039422,5.3501781665,0.195228661443,1087.48365241,4.0,
531.774538387,0.78526841887,0.190118251938,0.662684692447,0.100934701294,1.68338024208,5.87172011662,0.190118251938,1238.23085451,4.0,
570.317460317,0.767652226996,0.194575116671,0.674032233043,0.110458469608,1.63214272062,5.88921282799,0.194575116671,1227.29271932,4.0,
455.160025915,0.779648192948,0.206181098012,0.685085310512,0.106179602032,1.58022812883,5.23064463881,0.206181098012,1033.6351915,4.0,
395.700032394,0.814501231429,0.19554661916,0.684636016705,0.115007332321,1.59419527827,4.73858114674,0.19554661916,1066.58398717,4.0,
291.850340136,0.846469168414,0.214191953487,0.69661730147,0.109937113257,1.56518787407,4.19436345967,0.214191953487,950.461666629,4.0,
434.576611597,0.819867886583,0.201589494761,0.67724918445,0.103414098837,1.64369521375,5.26465824425,0.201589494761,1206.27189498,4.0,
411.169420149,0.802939356243,0.20274295721,0.682692454731,0.106138816577,1.61504870201,5.13054745708,0.20274295721,1043.25605639,4.0,
414.991901523,0.791561523762,0.211515232221,0.676431061072,0.100421224139,1.61337532575,5.10204081633,0.211515232221,995.47815982,4.0,
467.376093294,0.799740350069,0.205902176688,0.679774123883,0.103339692655,1.63907074841,5.30741820538,0.205902176688,1166.92527291,4.0,
439.052154195,0.818323143718,0.203646041075,0.675574900259,0.1077582815,1.63577650555,5.21088435374,0.203646041075,1208.33264946,4.0,
433.987690314,0.800965623649,0.207944871379,0.681140711453,0.103799141524,1.6320786483,5.2970521542,0.207944871379,1090.23299962,4.0,
412.721088435,0.826032913886,0.194637868722,0.663486953779,0.10534553235,1.68230562915,5.19015225138,0.194637868722,1186.20452195,4.0,
488.744412051,0.771153427667,0.198691987014,0.67932631848,0.108776063425,1.60792326123,5.7032717849,0.198691987014,1067.84298115,4.0,
460.390022676,0.784145457212,0.203549289585,0.680260572056,0.111250557436,1.60671917064,5.24392614189,0.203549289585,1066.43579683,4.0,
436.720440557,0.789315232843,0.199213941365,0.67677935071,0.111870040636,1.63200808591,5.1784904438,0.199213941365,1036.43098277,4.0,
483.333333333,0.779367079748,0.195977278721,0.68034990259,0.109688518299,1.61640338803,5.4123744736,0.195977278721,1101.70945591,4.0,
366.857142857,0.842114642663,0.206774199337,0.688335445575,0.10576464867,1.58916797081,4.90832523486,0.206774199337,1161.78329975,4.0,
416.950113379,0.790513613047,0.206931604147,0.684721231439,0.104398345071,1.61458771117,5.07580174927,0.206931604147,996.872598986,4.0,
359.182377713,0.831235776693,0.200932382147,0.67802085236,0.104476673795,1.62383525568,4.68545513443,0.200932382147,1064.15438851,4.0,
488.386783285,0.781738183779,0.211736228574,0.686261160838,0.107477912029,1.58779202372,5.46744412051,0.211736228574,1130.80056779,4.0,
542.015549077,0.773762879134,0.198599223113,0.67454445616,0.111031336918,1.62943752392,5.77583414318,0.198599223113,1197.89260711,4.0,
470.785228377,0.797257755754,0.193939620984,0.671165920174,0.107184453673,1.66720498648,5.52186588921,0.193939620984,1161.04374332,4.0,
462.018788468,0.795247401947,0.200921049,0.68227954257,0.112445217514,1.62037226708,5.18496922579,0.200921049,1128.2366936,4.0,
531.213151927,0.788564842057,0.180816467146,0.635808346152,0.103837800671,1.76944272104,6.11305474571,0.180816467146,1262.06554171,5.0,
573.207644963,0.777819343688,0.173183593088,0.645417802208,0.10730363907,1.73012545234,6.19177194687,0.173183593088,1297.15670698,5.0,
778.762876579,0.693431970522,0.181959435941,0.66006052458,0.106686664307,1.67736173626,6.80369290573,0.181959435941,1277.94778906,5.0,
560.712989958,0.785296568661,0.172558800928,0.644339983403,0.108135119818,1.75905291117,6.01522513767,0.172558800928,1310.07624398,5.0,
825.825720764,0.683831916574,0.173142457964,0.658330656755,0.112617710949,1.72007906753,7.12795594428,0.173142457964,1314.52785661,5.0,
607.848720441,0.777829512793,0.178900745669,0.638398580757,0.100996366679,1.77313204572,6.41496598639,0.178900745669,1375.93387238,5.0,
545.396177519,0.790775653567,0.188536858278,0.637060268321,0.0922119707512,1.75539278914,6.0576611597,0.188536858278,1307.82899541,5.0,
555.196631033,0.776232081926,0.192606297305,0.645869261024,0.0992098596665,1.74001492504,6.30709426628,0.192606297305,1246.13932466,5.0,
576.644638808,0.797516247191,0.188735817958,0.633094556907,0.0916280384173,1.77127703844,6.25720764496,0.188735817958,1432.08607147,5.0,
495.803368967,0.783678701117,0.192057898946,0.660383898915,0.103101808617,1.7050005705,5.48785228377,0.192057898946,1154.36757636,5.0,
496.069322967,0.799880366328,0.183018665377,0.642979118187,0.0986807032998,1.73645211971,5.93067703272,0.183018665377,1243.68452886,5.0,
429.665046971,0.800243672295,0.196448233913,0.65275935506,0.0997486446767,1.68435548907,5.14026563006,0.196448233913,1084.47682461,5.0,
410.713961775,0.839518830668,0.187465666076,0.64364446546,0.0985226317615,1.75850470346,5.38257207645,0.187465666076,1279.63287993,5.0,
666.618399741,0.751267383716,0.183758887731,0.639219396538,0.0990901328154,1.74290807066,6.69031422093,0.183758887731,1344.18671634,5.0,
559.314220926,0.790240113371,0.184975941724,0.633687313915,0.0959526663629,1.76325437254,6.27761580823,0.184975941724,1333.21272791,5.0,
513.843213476,0.806020862307,0.189186835207,0.638656621339,0.0938983845044,1.79082617466,6.28247489472,0.189186835207,1324.48061061,5.0,
390.036281179,0.841529085455,0.178395791037,0.633982769835,0.0944448702891,1.79582668931,5.50242954325,0.178395791037,1230.62418836,5.0,
565.671849692,0.770480379539,0.186314931976,0.650630124241,0.0988080775291,1.72412627035,5.94655004859,0.186314931976,1236.56390213,5.0,
608.942986718,0.772788417762,0.176915346329,0.628488563942,0.0923705505627,1.81571574097,6.63006154843,0.176915346329,1341.29716006,5.0,
462.649821833,0.801561292233,0.188964579615,0.649106646315,0.103884446816,1.74220738267,5.65792031098,0.188964579615,1165.72473949,5.0,
415.324263039,0.829200167065,0.180202798259,0.638247219669,0.100641320664,1.79268230341,5.36961451247,0.180202798259,1215.82163139,5.0,
491.668286362,0.813479963036,0.184833647776,0.642848874421,0.0973521646192,1.74947886025,5.90476190476,0.184833647776,1323.34462104,5.0,
459.856494979,0.802644088049,0.187668823218,0.649265794713,0.106327429817,1.70637220103,5.54033041788,0.187668823218,1169.90818286,5.0,
736.362487852,0.745144779574,0.175315693711,0.627011643464,0.0955418926591,1.82380566311,7.43278263686,0.175315693711,1448.2128787,5.0,
635.790735342,0.755643123265,0.176476501718,0.634473263238,0.0987436415091,1.80181977915,6.78652413346,0.176476501718,1300.94708984,5.0,
543.484288954,0.805407329736,0.176706732487,0.622198269397,0.0978769876379,1.84678201727,6.3537414966,0.176706732487,1396.46649644,5.0,
397.88856495,0.858116271371,0.191312639638,0.644917506596,0.0952316896323,1.73693969453,5.37868480726,0.191312639638,1402.16418329,5.0,
502.413346291,0.789535436579,0.217688019259,0.66203450622,0.0886816408529,1.68880986348,5.70132815031,0.217688019259,1193.58180333,5.0,
548.332037577,0.800402122208,0.182444242756,0.63054389423,0.0940023550174,1.7926473701,6.36054421769,0.182444242756,1379.85187329,5.0,
461.767411727,0.82623652824,0.184012204539,0.638174025185,0.0951851846536,1.76111370751,5.98315516683,0.184012204539,1328.72406108,5.0,
451.487852284,0.808431835579,0.199232829942,0.652581508534,0.0949896339472,1.7401586898,5.55069646906,0.199232829942,1178.38888834,5.0,
508.977648202,0.813924069393,0.178954053431,0.638426345625,0.0983176847652,1.79460118141,6.12439261419,0.178954053431,1367.66116537,5.0,
671.903466148,0.796506441788,0.177139910525,0.625672384786,0.0955755305354,1.81317992054,6.85131195335,0.177139910525,1650.92072705,5.0,
583.987042436,0.796336357583,0.184746130701,0.64260318423,0.104160815343,1.72763459177,6.38807904114,0.184746130701,1433.70469934,5.0,
460.517654681,0.84207191446,0.178431049715,0.635045804362,0.0960631230951,1.77361616536,5.82896015549,0.178431049715,1460.29098168,5.0,
430.313573048,0.817493520177,0.172163609918,0.634918027851,0.109569415296,1.78171097302,5.4706835115,0.172163609918,1178.89943816,5.0,
381.357304827,0.84974478342,0.208723290634,0.656394154171,0.101088751497,1.66665597102,5.06381600259,0.208723290634,1269.03182967,5.0,
433.128603822,0.826572377971,0.197084359219,0.653531017359,0.106339775566,1.72086057921,5.25234855847,0.197084359219,1248.73015831,5.0,
487.567865241,0.82034608964,0.17624564133,0.640969771073,0.108274776021,1.75701606472,5.91966310334,0.17624564133,1356.96424382,5.0,
566.515711046,0.774739275938,0.193441802037,0.650997962912,0.0999577490256,1.69502406985,6.26044703596,0.193441802037,1257.46668312,5.0,
446.977000324,0.81916856098,0.212056914641,0.669262636977,0.105212550084,1.61293324086,5.18237771299,0.212056914641,1240.58922717,5.0,
549.41367023,0.793839638469,0.193193522183,0.649877703645,0.100427082064,1.72525493489,5.97019760285,0.193193522183,1332.49104277,5.0,
430.775834143,0.828241123074,0.190848190511,0.662191663919,0.10411598353,1.70268280074,5.33754454163,0.190848190511,1254.00145655,5.0,
436.212504049,0.821782779429,0.189860527795,0.624953589876,0.0836691887882,1.81290396445,5.74732750243,0.189860527795,1223.82254266,5.0,
486.713961775,0.824257473923,0.192911452763,0.63632380204,0.0899016314054,1.77254304366,6.10754778102,0.192911452763,1384.73587651,5.0,
590.837706511,0.779242878453,0.192481212949,0.64557628003,0.0965921344719,1.74667504428,6.14058956916,0.192481212949,1338.20757938,5.0,
459.740200842,0.817361180653,0.18187212874,0.642151685969,0.104750918482,1.71424188736,5.60609005507,0.18187212874,1258.60483134,5.0,
374.367994817,0.823576313407,0.188895531372,0.671649616102,0.111926641177,1.65032728758,4.8260447036,0.188895531372,1060.99130464,5.0,
354.949141561,0.84142007356,0.201666098435,0.67520110551,0.10487929937,1.63767200639,4.60641399417,0.201666098435,1119.32602597,5.0,
620.947845805,0.785676481988,0.170813286519,0.634101439882,0.104007713093,1.78472152158,6.48590864917,0.170813286519,1448.62274464,5.0,
632.586005831,0.799848473293,0.244763955222,0.631690061005,0.0588591076545,1.76023523913,7.53644314869,0.244763955222,1587.24335154,6.0,
466.297376093,0.796887305465,0.258584517306,0.688767862989,0.0864596636451,1.56272343805,5.49724651765,0.258584517306,1153.20670714,6.0,
485.092646582,0.783250532415,0.256308024004,0.688003013272,0.085376101862,1.56715033289,5.68675089083,0.256308024004,1125.27495024,6.0,
533.161645611,0.776635833545,0.252378780195,0.679964073603,0.0864350498531,1.58603725265,5.7667638484,0.252378780195,1200.89146645,6.0,
588.875283447,0.770474955731,0.261831253858,0.683570332678,0.0763873357212,1.57141563652,6.31875607386,0.261831253858,1293.32654142,6.0,
500.094914156,0.793932523118,0.253101163337,0.682785435522,0.085997410312,1.577803738,5.75477810172,0.253101163337,1222.59262242,6.0,
543.043407839,0.762667928983,0.260398660212,0.68917009926,0.085043493485,1.53196952552,5.98542274052,0.260398660212,1153.64725962,6.0,
379.575315841,0.799973197873,0.270320200211,0.686745385886,0.0751064172666,1.511628286,4.9993521218,0.270320200211,957.554129074,6.0,
534.727891156,0.770942156339,0.269092862437,0.697888266386,0.085039803835,1.4965281241,5.75218658892,0.269092862437,1176.04539893,6.0,
570.243278264,0.752800054465,0.262375035009,0.689977527374,0.0848889246433,1.53513311598,6.25753158406,0.262375035009,1162.47663396,6.0,
514.498218335,0.78601308774,0.263759357847,0.699667985414,0.0865869362071,1.51350562294,5.39617751863,0.263759357847,1212.85155016,6.0,
431.033041788,0.810467262595,0.248076801794,0.680426395547,0.0839143067033,1.57175746488,5.22092646582,0.248076801794,1148.86213597,6.0,
491.098477486,0.808173879921,0.250639771851,0.687578710503,0.0885199166347,1.56826493574,5.52089407191,0.250639771851,1289.29557929,6.0,
447.482345319,0.80852056831,0.26686988677,0.700830076839,0.0874984548975,1.4837385575,5.28603822481,0.26686988677,1178.94603806,6.0,
387.989957888,0.806020456102,0.263403832849,0.695509088846,0.0866984727247,1.50294370868,4.69355361192,0.263403832849,1007.11063305,6.0,
591.782312925,0.759616027902,0.250134187601,0.675873967367,0.0794985193669,1.59632446526,6.31486880466,0.250134187601,1242.3945233,6.0,
589.87755102,0.771022560998,0.238401023173,0.664706664072,0.0830109586134,1.61819764187,6.59734369938,0.238401023173,1295.8641713,6.0,
506.13313897,0.770573905112,0.25404978966,0.678452506271,0.0801990914495,1.57204087385,5.89666342728,0.25404978966,1110.68166359,6.0,
572.18334953,0.756777281616,0.243167870446,0.670263316424,0.0805353277227,1.59297647538,6.14901198575,0.243167870446,1183.64813015,6.0,
517.382248137,0.806383080751,0.251501720592,0.683854189887,0.0845776070839,1.57439464896,5.69387755102,0.251501720592,1344.48628351,6.0,
472.64755426,0.793213319032,0.255494555945,0.685269149966,0.0825601628004,1.54997205636,5.71007450599,0.255494555945,1151.58243571,6.0,
721.540978296,0.694780897925,0.248409450627,0.685431850765,0.0877762295398,1.56477906783,6.8224813735,0.248409450627,1189.89270011,6.0,
518.195335277,0.795189127356,0.260293303926,0.689991242777,0.0851550345454,1.55914292075,5.5869776482,0.260293303926,1272.99290915,6.0,
526.885649498,0.789864524558,0.249657355962,0.682476666502,0.0845688345844,1.5618725078,5.84839650146,0.249657355962,1264.11441472,6.0,
603.414642047,0.736348497277,0.252245720662,0.681673149146,0.0862155919573,1.56184522254,6.41367023,0.252245720662,1155.18036149,6.0,
468.736313573,0.800815744772,0.256802484981,0.689346789734,0.0850056633668,1.54032000896,5.2325882734,0.256802484981,1186.76950072,6.0,
516.490443797,0.778520289141,0.246739280654,0.688161184821,0.0912404979466,1.57287581576,5.72076449627,0.246739280654,1176.95036932,6.0,
408.653385164,0.810269501823,0.261956338214,0.687450293408,0.0817405939612,1.5434012838,5.22351797862,0.261956338214,1088.19460148,6.0,
577.264658244,0.764252307132,0.242047777817,0.67489695749,0.0842452661326,1.63852224253,6.19436345967,0.242047777817,1235.7616526,6.0,
511.838678328,0.787709941925,0.260073566811,0.695684100567,0.0838923930813,1.53923270091,5.80952380952,0.260073566811,1217.88390703,6.0,
488.489471979,0.788935354235,0.248250996451,0.679831224787,0.0823859251452,1.59125934534,5.54162617428,0.248250996451,1167.2938917,6.0,
524.886621315,0.751623594743,0.250117397754,0.692548422012,0.0888098448773,1.53753580438,5.5312601231,0.250117397754,1067.78611921,6.0,
395.493359248,0.790515602473,0.261915203091,0.698834417359,0.0880425326067,1.48816070262,4.72821509556,0.261915203091,954.78757969,6.0,
368.143181082,0.824227949863,0.264495802486,0.690152303989,0.0818729560613,1.55399005558,4.93488824101,0.264495802486,1058.32189861,6.0,
423.692905734,0.825279898233,0.258358903745,0.696947968674,0.085711148037,1.49982619562,4.97376093294,0.258358903745,1223.54891968,6.0,
392.2734046,0.831756454738,0.26621781111,0.693726514739,0.0787026855082,1.53437852588,4.94719792679,0.26621781111,1173.27430223,6.0,
522.319080013,0.760576607921,0.264425704877,0.697138962302,0.0869491455233,1.51263045114,5.55199222546,0.264425704877,1103.01527029,6.0,
413.62585034,0.829041761873,0.257322760347,0.6929883462,0.0819225182261,1.56275888018,5.13475866537,0.257322760347,1216.97162865,6.0,
485.070294785,0.785041266531,0.262896359741,0.689406352152,0.0843802172786,1.54798154788,5.37674117266,0.262896359741,1135.32400437,6.0,
650.231292517,0.745077215887,0.258908981088,0.688244775006,0.0826568561257,1.57870804134,6.51506316812,0.258908981088,1282.80742749,6.0,
678.210236476,0.754496930334,0.266755086195,0.683814461714,0.0767311455945,1.57031020139,6.49335924846,0.266755086195,1389.15038133,6.0,
520.651441529,0.767329677002,0.262444293126,0.691771219074,0.0820621613057,1.52246285657,5.63492063492,0.262444293126,1126.7677252,6.0,
545.219954649,0.780210950702,0.256907841268,0.685696393905,0.0783347921165,1.58321518315,6.01295756398,0.256907841268,1248.87113195,6.0,
458.271137026,0.801083691791,0.266553817911,0.695563198604,0.0844491944958,1.53751960503,5.42241658568,0.266553817911,1160.14371775,6.0,
476.472951085,0.795435089751,0.253501811047,0.688772224144,0.0858657991019,1.55533235704,5.45578231293,0.253501811047,1173.10040412,6.0,
524.977000324,0.77764113999,0.255301472711,0.683444396558,0.0872764443808,1.57926671582,5.73955296404,0.255301472711,1188.83321386,6.0,
378.985422741,0.849122673861,0.254719704532,0.690366012435,0.0862729518341,1.56628253813,4.9394233884,0.254719704532,1263.63568237,6.0,
433.15451895,0.827326065613,0.253013436389,0.683887930625,0.0828340762077,1.58821012723,5.3521218011,0.253013436389,1262.56027077,6.0,
313.110463233,0.845168944677,0.265154174339,0.686431788704,0.0798324936444,1.552341722,4.37965662455,0.265154174339,1019.09156059,6.0,
623.684807256,0.765306647531,0.256335307504,0.689556138556,0.0871302903305,1.56633375656,6.19922254616,0.256335307504,1337.66707353,6.0,
581.479429867,0.777883013395,0.250204914829,0.673309180159,0.0804801517518,1.57665735139,6.08260447036,0.250204914829,1330.97405772,7.0,
604.947521866,0.742268412693,0.234802119592,0.684301895392,0.0938431505188,1.59499226949,6.13054745708,0.234802119592,1194.4746324,7.0,
611.838678328,0.749765558118,0.230555967431,0.683879431581,0.102018935397,1.56019109344,6.02461937156,0.230555967431,1241.99534113,7.0,
739.752186589,0.713621663096,0.227531066725,0.664842392107,0.0895416639644,1.64004590722,7.22740524781,0.227531066725,1306.94917664,7.0,
614.486232588,0.760186254046,0.231019577066,0.674297877225,0.089457036712,1.6162702836,6.16553287982,0.231019577066,1297.80060675,7.0,
542.850664075,0.784662942564,0.248258132136,0.68588934097,0.0852133846987,1.58969264059,5.88856494979,0.248258132136,1278.61270987,7.0,
592.386135407,0.760564644414,0.24353535821,0.677882749214,0.0860713555699,1.58695451592,6.20149011986,0.24353535821,1256.06219494,7.0,
434.442824749,0.798097613973,0.236686360107,0.682914652777,0.0915999844957,1.58010279615,5.19630709427,0.236686360107,1093.2094075,7.0,
464.229024943,0.802453106165,0.239867826131,0.689873521697,0.0935789663538,1.57725097607,5.46452866861,0.239867826131,1191.04777711,7.0,
465.5037253,0.793847092421,0.240019984115,0.70475234055,0.0963751644115,1.51696171132,5.24522189828,0.240019984115,1143.99003533,7.0,
548.578231293,0.762987985322,0.239913578463,0.675099330804,0.0878674623935,1.61434067364,5.8221574344,0.239913578463,1175.41668907,7.0,
401.619371558,0.838013099949,0.243652257516,0.693114781613,0.0924732189977,1.56785505201,4.81794622611,0.243652257516,1258.05899451,7.0,
539.916423712,0.76592581166,0.24091698166,0.682365629956,0.089608345747,1.6001536395,5.7084548105,0.24091698166,1171.10319627,7.0,
404.17622287,0.826804038092,0.231568814917,0.682212172729,0.0921569380875,1.61972992199,5.03142209265,0.231568814917,1185.19916588,7.0,
564.551020408,0.75485352132,0.257423919172,0.686722352311,0.093025668531,1.53389853586,5.62390670554,0.257423919172,1169.7905914,7.0,
480.125364431,0.798089270284,0.24046113733,0.666086269683,0.082389627849,1.6332637574,5.84224165857,0.24046113733,1209.01997438,7.0,
602.94978944,0.770455727651,0.240023551957,0.680589444756,0.0915945500078,1.60242819351,6.02526724976,0.240023551957,1333.75260004,7.0,
650.048590865,0.729255310289,0.241620056479,0.680202470366,0.0847204118636,1.59281395328,6.20537738905,0.241620056479,1216.55381844,7.0,
562.54324587,0.779034117725,0.236141949337,0.681683639136,0.0903216569392,1.63309002353,5.78328474247,0.236141949337,1286.13933602,7.0,
620.61516035,0.754114627291,0.230023519427,0.665016927426,0.0866076189767,1.63085979001,6.5296404276,0.230023519427,1275.03397795,7.0,
600.361839974,0.76549567707,0.224508474623,0.669277386716,0.0934568373524,1.64568210977,6.25364431487,0.224508474623,1297.5463304,7.0,
496.172335601,0.790789488866,0.239286057953,0.686909824703,0.093468442176,1.57498949031,5.53935860058,0.239286057953,1197.63747154,7.0,
411.299319728,0.819279039263,0.247237309473,0.679299020735,0.0884509635434,1.59044720285,5.16715257532,0.247237309473,1150.14268077,7.0,
695.936507937,0.755119197746,0.228668788693,0.666714073591,0.0859833634299,1.663398026,6.78328474247,0.228668788693,1432.5864856,7.0,
373.675413022,0.833868732492,0.247870286683,0.696344620014,0.0953537277213,1.54084016647,4.72821509556,0.247870286683,1136.53606118,7.0,
546.268869453,0.794712303542,0.183218884296,0.637213483893,0.0996855384117,1.76759723957,5.97538062844,0.183218884296,1342.21230803,7.0,
433.919339164,0.809240116304,0.240786440604,0.683681936022,0.0926351112001,1.57103993177,5.19436345967,0.240786440604,1148.89970997,7.0,
513.371558147,0.805241583576,0.235662179475,0.668514300586,0.090986910935,1.60238702889,5.92614188533,0.235662179475,1329.56805958,7.0,
750.910592809,0.705583891453,0.221921788908,0.663112874112,0.0937178245175,1.6706783921,7.27081308714,0.221921788908,1286.19440714,7.0,
591.084872044,0.771847324832,0.2343093376,0.677675705075,0.088639638585,1.5744377896,6.20829284095,0.2343093376,1307.18226105,7.0,
522.416585682,0.786004219226,0.231072255209,0.682520072557,0.0970065872925,1.61438743338,5.46744412051,0.231072255209,1232.6523315,7.0,
533.369290573,0.800299108279,0.247233741631,0.689336218989,0.0945229280143,1.55237195275,5.72951085196,0.247233741631,1348.5407632,7.0,
617.395205701,0.752746356046,0.227197998147,0.671991043693,0.0924042960763,1.60075897078,6.33851635892,0.227197998147,1263.18988427,7.0,
530.433430515,0.744384665045,0.238763683856,0.678163849082,0.0842240909301,1.60174923588,5.78620019436,0.238763683856,1050.98131385,7.0,
546.319727891,0.786349945273,0.2462804981,0.676588139498,0.0864505344386,1.56769893194,5.75801749271,0.2462804981,1287.15985017,7.0,
500.752186589,0.78063456283,0.238012548102,0.686599567596,0.0931910848352,1.57384205353,5.44671201814,0.238012548102,1153.21316735,7.0,
399.563330094,0.827539700097,0.235986853131,0.676228152136,0.0917085680476,1.60751624737,5.25623582766,0.235986853131,1165.15600674,7.0,
463.577259475,0.806882180938,0.242901331634,0.68291259529,0.0898750105889,1.55027063908,5.39974084872,0.242901331634,1209.07847147,7.0,
392.042759961,0.815599909782,0.237557123517,0.675051811196,0.0891826798549,1.5901503324,5.17006802721,0.237557123517,1072.20417954,7.0,
433.253320376,0.819895141888,0.242231206889,0.681091020724,0.0917466644561,1.58613069361,5.19501133787,0.242231206889,1211.89264008,7.0,
631.790087464,0.745638535352,0.218241034825,0.668328432829,0.0991077013836,1.64342963793,6.43278263686,0.218241034825,1247.62527781,7.0,
354.582118562,0.840202818232,0.228391756227,0.683679493162,0.0913443851414,1.58975070568,4.77453838678,0.228391756227,1118.00170105,7.0,
543.426303855,0.777964814401,0.225482705461,0.675016404116,0.0928064135451,1.63245859627,5.89148040168,0.225482705461,1228.31218686,7.0,
433.17622287,0.807904212644,0.238512675652,0.680948344593,0.0900331589571,1.58744167079,5.30515063168,0.238512675652,1132.13673339,7.0,
608.477162293,0.789236529997,0.177513484608,0.626484005047,0.0996632213121,1.79816922478,6.64237123421,0.177513484608,1447.03104246,7.0,
457.688046647,0.801264545379,0.236031975843,0.67778861544,0.0909738584529,1.59618541709,5.4107547781,0.236031975843,1160.39279659,7.0,
474.053773891,0.806065212142,0.247779201767,0.697478768695,0.0976184948222,1.51932772069,5.28992549401,0.247779201767,1230.90115817,7.0,
501.646906382,0.795731367824,0.223462257317,0.684017422678,0.0960687073813,1.58638122425,5.75186264982,0.223462257317,1232.10533089,7.0,
570.034661484,0.764415854466,0.227271663598,0.689709062029,0.105155149484,1.55718604447,5.80855199223,0.227271663598,1214.04877873,7.0,
358.142209265,0.826885423978,0.240673109141,0.684693189964,0.093956948803,1.54574681346,4.78620019436,0.240673109141,1040.39807301,7.0,
