105.248453021,0.955857795354,0.247240868471,0.761211506032,0.121675486699,1.51854013185,1.44621550391,0.247240868471,1192.15210379,1.0,
108.21610112,0.952567332034,0.264626049048,0.775702465572,0.11907886049,1.43999759502,1.39529780113,0.264626049048,1140.73370797,1.0,
119.725168163,0.941819089909,0.25271638566,0.773335595644,0.12282512355,1.4811474687,1.44844089205,0.25271638566,1028.90422285,1.0,
100.680798138,0.95511968106,0.267998474367,0.778870665517,0.118509290096,1.43432057401,1.31926353529,0.267998474367,1121.69891502,1.0,
110.589079255,0.947531712031,0.257774070517,0.777227496416,0.121567284767,1.44408762384,1.36733397474,0.257774070517,1053.92640833,1.0,
107.622537169,0.951705807212,0.261156773035,0.776426642764,0.120355458701,1.44210109863,1.37615946319,0.261156773035,1114.29982206,1.0,
118.853956977,0.948693672482,0.265067672909,0.775598691115,0.118102195799,1.44259707291,1.45786255838,0.265067672909,1158.27776734,1.0,
97.6950457618,0.953723377916,0.267150450015,0.782637412907,0.119597573933,1.40242593745,1.28369535721,0.267150450015,1055.61679482,1.0,
104.843085981,0.953360559348,0.266372462468,0.759113210537,0.115200335896,1.51974499212,1.47425745017,0.266372462468,1123.97452152,1.0,
104.108516709,0.960579709899,0.262040408752,0.757080190281,0.115443549849,1.50977530706,1.48977452141,0.262040408752,1320.49404562,1.0,
109.574699033,0.954294182091,0.264599398498,0.76219841483,0.116804957445,1.48574377309,1.51192561345,0.264599398498,1198.69530889,1.0,
99.0189666798,0.956796683105,0.254038743312,0.759456942853,0.1202048319,1.53542294842,1.41077067298,0.254038743312,1145.96486794,1.0,
81.6743244688,0.969023283403,0.26416654806,0.757424938101,0.11564849862,1.48935682374,1.32872220578,0.26416654806,1318.317973,1.0,
105.57002212,0.960009200334,0.256115694639,0.753580502355,0.116867713303,1.53589492594,1.50732476482,0.256115694639,1319.92887116,1.0,
104.898378396,0.958415746912,0.242898264241,0.749138979015,0.121253171106,1.5732076691,1.5035914578,0.242898264241,1261.27524973,1.0,
106.107283238,0.955270175156,0.257755804612,0.75938593954,0.119082848376,1.51374550603,1.45526404513,0.257755804612,1186.09097629,1.0,
100.815014226,0.955586087453,0.253712722375,0.760982511805,0.121125458743,1.51772095819,1.4078000625,0.253712722375,1134.94858304,1.0,
89.019320275,0.958807714999,0.262409115799,0.763979276542,0.118761718353,1.51423144905,1.33042439642,0.262409115799,1080.53389455,1.0,
95.3898263272,0.958468144947,0.244248949651,0.756563388175,0.123584377083,1.54827574718,1.38047455759,0.244248949651,1148.39351872,1.0,
113.691533452,0.950606474133,0.252365272334,0.759147139027,0.120971449606,1.51434364931,1.51346334123,0.252365272334,1150.87485107,1.0,
87.2605502927,0.962895304051,0.249672293419,0.758781028413,0.122177447418,1.51848679853,1.32872220578,0.249672293419,1175.86936181,1.0,
93.1849405467,0.960688913627,0.2501986958,0.75871385412,0.121656117821,1.509331861,1.37014628972,0.2501986958,1185.22469288,1.0,
91.066991892,0.956655458883,0.263144671638,0.764835445896,0.118588783072,1.48864531265,1.33935678574,0.263144671638,1050.50128051,1.0,
91.637083909,0.962130945958,0.247406645751,0.756600543653,0.122055613931,1.50798267926,1.37906840011,0.247406645751,1209.92042484,1.0,
105.837076919,0.955801621723,0.253363232882,0.756634049384,0.119554409193,1.52952758977,1.47906798895,0.253363232882,1197.29593081,1.0,
119.883397885,0.949368505824,0.258071998244,0.757824290397,0.118221222666,1.53137828473,1.57165852575,0.258071998244,1183.88169098,1.0,
98.5317988948,0.957832098192,0.248026198532,0.757867879882,0.12221295623,1.54074057626,1.41123939215,0.248026198532,1168.32702921,1.0,
91.0113582166,0.964657914433,0.254926859029,0.75511396034,0.118281712253,1.53522510676,1.39949263206,0.254926859029,1287.57763945,1.0,
105.7245062,0.960840444394,0.246417063304,0.749238438051,0.119341162182,1.58916218225,1.51817109072,0.246417063304,1349.9196373,1.0,
94.1912641438,0.960914556118,0.251724683429,0.756670594078,0.119902301858,1.52638297249,1.41151075587,0.251724683429,1204.94044316,1.0,
116.038186221,0.957035650648,0.254116052796,0.75325268408,0.117257428147,1.56456014891,1.56344566147,0.254116052796,1350.400832,1.0,
101.60012088,0.961173278853,0.242977748531,0.750911526301,0.121909825041,1.53717969144,1.45711425235,0.242977748531,1308.37884165,1.0,
110.227073877,0.953630352557,0.242186684565,0.753914522827,0.123606037452,1.53901549265,1.50310218078,0.242186684565,1188.56924685,1.0,
108.492140731,0.958466125829,0.262075160964,0.759204953914,0.116927461427,1.53468921225,1.48529290836,0.262075160964,1306.06815398,1.0,
101.646548747,0.959259383463,0.266391826155,0.764405123459,0.116993101934,1.46321362236,1.41899792777,0.266391826155,1247.4841741,1.0,
98.9747837313,0.960613915634,0.265606845979,0.762188440333,0.116516993482,1.50136825887,1.42370362147,0.265606845979,1256.46894486,1.0,
118.048520657,0.945530884618,0.259599218635,0.762851570682,0.119293112551,1.52570611934,1.53378889547,0.259599218635,1083.62803241,1.0,
104.574094632,0.958624565489,0.253980509037,0.755608522005,0.118612395514,1.5499978947,1.4724421913,0.253980509037,1263.72201123,1.0,
80.2798212289,0.96754439765,0.262618504452,0.758873788891,0.116248146633,1.57024903739,1.3052451319,0.262618504452,1236.76369279,1.0,
112.686895599,0.956758060626,0.253536347944,0.753634115763,0.11821816783,1.55309103595,1.54404315506,0.253536347944,1302.98151784,1.0,
96.5451656141,0.958817967003,0.24022618105,0.750627826093,0.123422609308,1.53450174657,1.42354532597,0.24022618105,1172.1758081,1.0,
116.501348595,0.950435580152,0.254644148032,0.759982501469,0.120512921976,1.50289924432,1.52365592724,0.254644148032,1175.25181323,1.0,
107.254088958,0.956449297088,0.255870477463,0.75862001104,0.118923134959,1.53718041464,1.47175967042,0.255870477463,1231.3703544,1.0,
112.995002385,0.956122883141,0.264684849654,0.761709042093,0.116316997362,1.52046350878,1.50319880271,0.264684849654,1287.63020992,1.0,
103.543594994,0.960901069571,0.258014471161,0.754807889809,0.116939219286,1.51770307092,1.47806682126,0.258014471161,1324.12311358,1.0,
112.373213522,0.960222553431,0.242970562599,0.744167923761,0.119014302306,1.57917312465,1.58467781725,0.242970562599,1412.52422183,1.0,
102.197234146,0.961459351513,0.25919604613,0.756921951102,0.11740091606,1.54373855425,1.45321853825,0.25919604613,1325.83698196,1.0,
97.882409052,0.958896415715,0.259519798166,0.76182208441,0.119158650062,1.52082787069,1.40096046313,0.259519798166,1190.67972727,1.0,
91.5094031643,0.961860366901,0.254481340251,0.75887728052,0.120057213887,1.52488381469,1.37435037169,0.254481340251,1199.66286678,1.0,
101.691688664,0.955172672227,0.254593465603,0.762791419942,0.12119976111,1.47741595051,1.40950739261,0.254593465603,1134.26008485,1.0,
105.850614269,0.949174597809,0.239101524023,0.758519592762,0.12514416354,1.5392164342,1.45694978949,0.239101524023,1041.31605168,2.0,
100.447166305,0.953646073437,0.234397190215,0.760731374054,0.126155058518,1.52966453617,1.39636989343,0.234397190215,1083.48066445,2.0,
116.292086047,0.953832179919,0.236590159118,0.75094541169,0.123179200198,1.51459443975,1.5390702092,0.236590159118,1259.4496106,2.0,
111.587895122,0.95014949576,0.236517779837,0.758183003389,0.124641355157,1.54646250937,1.48933458325,0.236517779837,1119.22534009,2.0,
103.114986267,0.951100444064,0.227075505737,0.758787234269,0.129418715333,1.52613932962,1.40061097954,0.227075505737,1054.35503751,2.0,
109.59804762,0.953874816414,0.218982539492,0.747402460788,0.128256008804,1.59566089734,1.51195953391,0.218982539492,1188.07038502,2.0,
106.437354039,0.95534487773,0.224674593236,0.748496752466,0.126744837005,1.60182429297,1.4970026643,0.224674593236,1191.77093947,2.0,
145.769182537,0.937395131972,0.22301811244,0.752708894713,0.128271573942,1.54793542195,1.71349746727,0.22301811244,1164.20006246,2.0,
130.038321903,0.939446222832,0.219766489159,0.752565762131,0.130491405758,1.60178976377,1.60600659496,0.219766489159,1073.74244833,2.0,
128.358931978,0.945209868867,0.217829391243,0.745825701659,0.128325650413,1.61905496991,1.64012441616,0.217829391243,1171.36908896,2.0,
133.103445086,0.946449188039,0.240240446373,0.755387079842,0.121964806275,1.54797235536,1.65180744688,0.240240446373,1242.77709535,2.0,
107.387396388,0.956820444668,0.235076588652,0.751654657897,0.122440019319,1.58541725053,1.50784693441,0.235076588652,1243.49817364,2.0,
95.3120600618,0.961150355018,0.230665882582,0.750987846275,0.124538027608,1.53902321141,1.41995386817,0.230665882582,1226.67864927,2.0,
107.055565834,0.95761104587,0.234105156722,0.75161432499,0.122643399516,1.56568210575,1.49984992764,0.234105156722,1262.77668361,2.0,
113.202552464,0.946850388737,0.243340444051,0.762179208266,0.124630923392,1.51598768958,1.46802841918,0.243340444051,1064.94243112,2.0,
114.378326261,0.9484643976,0.241956402134,0.762985007622,0.124532599615,1.48301896126,1.46043640221,0.241956402134,1109.72162519,2.0,
112.086207322,0.949729904262,0.236343238877,0.760466266336,0.125817152828,1.51989851817,1.48040013815,0.236343238877,1114.83980364,2.0,
121.189315259,0.948358957214,0.231464735877,0.754671800981,0.125746677115,1.54804441869,1.56314346096,0.231464735877,1173.38175916,2.0,
112.01814231,0.947958728927,0.233730484631,0.761405345796,0.126956264457,1.53105303466,1.46299174396,0.233730484631,1076.24333535,2.0,
106.111896421,0.956822730102,0.224639359497,0.74816247116,0.126489040954,1.55718690861,1.4882552957,0.224639359497,1228.79349103,2.0,
123.890064798,0.953362720066,0.213886805728,0.735700425193,0.12595431896,1.65139678352,1.69212346227,0.213886805728,1328.22995868,2.0,
105.556844533,0.953378204629,0.239176113056,0.759671345592,0.123766572889,1.55585915156,1.45513247484,0.239176113056,1132.05469345,2.0,
98.3271495296,0.958306978877,0.222810026106,0.751742416268,0.128637585555,1.56234754955,1.39981950201,0.222810026106,1179.17995484,2.0,
117.594948523,0.944281998995,0.230607183795,0.760131383392,0.129063852943,1.48374331835,1.48491875535,0.230607183795,1055.26891132,2.0,
110.571281289,0.951637756225,0.226518265119,0.755133394907,0.127060591082,1.5265727766,1.49596757615,0.226518265119,1143.17805583,2.0,
127.017624252,0.94415020269,0.222208628584,0.753373754968,0.128889783635,1.58576135474,1.58266931452,0.222208628584,1137.13594651,2.0,
114.678185235,0.951324723221,0.231012285244,0.753633685331,0.125616181432,1.56993416974,1.52794635221,0.231012285244,1177.99212272,2.0,
102.572199197,0.956139869836,0.233036162588,0.753418991275,0.12497142076,1.55777756146,1.44362418591,0.233036162588,1169.31024617,2.0,
110.807596951,0.954223053637,0.224925113413,0.752535500757,0.127300722936,1.56915346388,1.50564107624,0.224925113413,1210.29913258,2.0,
117.566446081,0.952283792302,0.227452083927,0.754114223193,0.126769329436,1.56768732033,1.50502742418,0.227452083927,1231.93399081,2.0,
123.450702256,0.942936832854,0.226852692173,0.760630182726,0.128868528317,1.54197646262,1.49243881981,0.226852692173,1081.74112718,2.0,
126.914462864,0.944439029029,0.223829980594,0.755845855543,0.128673499815,1.59550203348,1.55044692783,0.223829980594,1142.13884085,2.0,
142.309129539,0.942633359511,0.234205481286,0.756358476921,0.124407244971,1.52905035783,1.67166325406,0.234205481286,1240.34752648,2.0,
117.590073227,0.947808059401,0.225053872884,0.757318642556,0.128252105107,1.57456195785,1.5071818877,0.225053872884,1126.57534932,2.0,
120.365454987,0.947061433766,0.22853031439,0.759951727525,0.127517801353,1.5471777785,1.50061673574,0.22853031439,1136.92135977,2.0,
114.863880255,0.95488854264,0.231591520602,0.753536638975,0.126019441864,1.53212126332,1.48007121242,0.231591520602,1273.11205376,2.0,
165.514066714,0.933063010167,0.215944444449,0.748402254215,0.129185729562,1.5796486954,1.8352503536,0.215944444449,1236.39874767,2.0,
132.166130107,0.946145630871,0.229591933066,0.754482371259,0.126291206394,1.48880449445,1.60162160384,0.229591933066,1227.08955555,2.0,
135.519618364,0.938298831566,0.239338188353,0.766891592772,0.125853060802,1.46924848715,1.55279874679,0.239338188353,1098.29366002,2.0,
124.220098595,0.947680872931,0.229861062933,0.756475803796,0.126536620908,1.53034355779,1.5507696862,0.229861062933,1187.17734099,2.0,
118.230673558,0.952798022208,0.233733756591,0.753348112405,0.124331613175,1.51695686609,1.54989186567,0.233733756591,1252.49554285,2.0,
141.867293887,0.937638976769,0.235799917423,0.762496602644,0.126076811406,1.52550553291,1.61873293698,0.235799917423,1137.46768885,2.0,
114.562405434,0.954480579117,0.226880703476,0.75107925611,0.126181719778,1.55907874159,1.51247245247,0.226880703476,1258.42934453,2.0,
120.185254054,0.952386689468,0.215842581541,0.74125075973,0.128043222752,1.58460379312,1.59483853858,0.215842581541,1262.1364623,2.0,
137.45508108,0.94667035067,0.219071513766,0.747791119796,0.128370762161,1.53825963704,1.64956458457,0.219071513766,1288.92318379,2.0,
122.11808742,0.946035617648,0.214653531334,0.753275462478,0.13226278902,1.56530248977,1.49545157391,0.214653531334,1131.46936711,2.0,
124.210743742,0.941538817554,0.241409107763,0.7643369277,0.124999935315,1.53583735645,1.51302854253,0.241409107763,1062.35570797,2.0,
128.52520085,0.949030727488,0.221790825248,0.748808607846,0.127921628291,1.57288913062,1.60402378955,0.221790825248,1260.87489261,2.0,
114.521317471,0.951014683963,0.225172001536,0.755854296237,0.128244792899,1.55393083664,1.46238837083,0.225172001536,1168.97450616,2.0,
141.138218703,0.943883983653,0.229203953412,0.753261525627,0.125817058845,1.55821918879,1.66211310111,0.229203953412,1257.61631027,2.0,
110.110940481,0.944258271946,0.247596268586,0.775395698294,0.1239006106,1.48255751696,1.41395097362,0.247596268586,987.6886161,3.0,
137.340786585,0.94166876437,0.23276732757,0.764047563328,0.125424658951,1.51646752053,1.62726444806,0.23276732757,1177.34143836,3.0,
106.755377936,0.952916615425,0.259182663412,0.776056658606,0.119309062125,1.45477296571,1.37973036313,0.259182663412,1133.68419559,3.0,
129.564669882,0.945812846702,0.24278815261,0.765340172223,0.123164347028,1.48655662552,1.57225161996,0.24278815261,1195.62274846,3.0,
94.9560884152,0.955184827607,0.247439235242,0.775687676548,0.12362874756,1.47158562959,1.30976991645,0.247439235242,1059.41897962,3.0,
122.349373602,0.944901854203,0.249274536788,0.774459999879,0.122267646416,1.4505054426,1.49501780311,0.249274536788,1110.34138125,3.0,
103.888290655,0.952137990103,0.259609178201,0.779634124572,0.120406985519,1.42747848375,1.34720372015,0.259609178201,1085.28967839,3.0,
94.8501126571,0.955427462144,0.246967536003,0.773251305513,0.123416488966,1.46563823128,1.31850495033,0.246967536003,1063.99721913,3.0,
133.790457865,0.936990498169,0.250212960004,0.782149421036,0.124559611988,1.38418974695,1.48548615223,0.250212960004,1061.66890689,3.0,
103.248871374,0.947274896165,0.247824751205,0.780925443,0.125008335974,1.41744554439,1.32947667917,0.247824751205,979.124400561,3.0,
112.023616867,0.944813321378,0.2644655598,0.784282077899,0.119740157171,1.42146064964,1.39224598711,0.2644655598,1014.95161211,3.0,
125.397046247,0.939606260333,0.241459161494,0.77209865892,0.125249302041,1.47295403774,1.50818819486,0.241459161494,1038.16262197,3.0,
106.479427751,0.952953441288,0.246306772121,0.769390073149,0.122291251939,1.48638268738,1.41920556213,0.246306772121,1131.63885591,3.0,
112.936953161,0.950201974513,0.241953231562,0.769077673553,0.123548892641,1.47504378544,1.43799338859,0.241953231562,1133.95011203,3.0,
96.312183409,0.94829022693,0.260449459147,0.782282477137,0.12251339207,1.39133373361,1.2700418558,0.260449459147,931.276407644,3.0,
104.726027482,0.951808786517,0.25831640748,0.771773015646,0.120118071082,1.44361371529,1.39372820867,0.25831640748,1086.56765324,3.0,
129.512279209,0.940782767833,0.246841654959,0.768430584542,0.123128260061,1.47943153233,1.55753527728,0.246841654959,1093.53539898,3.0,
111.914232616,0.951247729888,0.253099167893,0.766433697221,0.120713760866,1.48105737589,1.44534487863,0.253099167893,1147.78483504,3.0,
109.857408641,0.945963983211,0.25825596161,0.776979481961,0.120944380706,1.47463678251,1.40595807842,0.25825596161,1016.52023197,3.0,
119.15558187,0.944093490711,0.247565915401,0.770442032978,0.123798352258,1.48546530219,1.46834089863,0.247565915401,1065.66823242,3.0,
118.534582429,0.945842525766,0.251517358406,0.769612250868,0.121720234102,1.48540047188,1.49641059799,0.251517358406,1094.35109471,3.0,
103.119013552,0.957342200788,0.247575195089,0.758139018119,0.120549787024,1.54489148398,1.45831071969,0.247575195089,1208.6771406,3.0,
97.9253626406,0.958156283597,0.246962092852,0.764930586803,0.122739551251,1.4932323732,1.39406535754,0.246962092852,1170.13223321,3.0,
113.190731695,0.953892041883,0.249832364959,0.759891543401,0.119815151976,1.50846672697,1.52235667061,0.249832364959,1227.45331086,3.0,
126.912139826,0.94459821101,0.239742137943,0.760495688879,0.123343635868,1.50837486363,1.59909504309,0.239742137943,1145.37943755,3.0,
111.433045112,0.949252397002,0.263059987323,0.777192612532,0.119037625978,1.42745577527,1.42820784817,0.263059987323,1097.91436963,3.0,
117.7776791,0.946728635865,0.242988502341,0.76861715924,0.124340747042,1.47246301143,1.47366743964,0.242988502341,1105.45018898,3.0,
119.331289882,0.946824307475,0.258571320742,0.772970187697,0.119839309234,1.44001026254,1.48568761924,0.258571320742,1122.04735111,3.0,
103.546398058,0.954066417215,0.256447652457,0.771002138828,0.120427078975,1.49205852005,1.38907904908,0.256447652457,1127.13164658,3.0,
100.89557636,0.952238843295,0.25019792912,0.774753331984,0.123445077071,1.43728848594,1.34363282021,0.25019792912,1056.25139047,3.0,
99.5884912999,0.960079580401,0.24482713465,0.757051514,0.120561537103,1.51818554285,1.43173968818,0.24482713465,1247.33773216,3.0,
101.268171091,0.95648339558,0.255897651133,0.766897593879,0.119327216981,1.4868792779,1.39986884087,0.255897651133,1163.55782398,3.0,
114.438299701,0.945867206256,0.245449223674,0.76886679874,0.124031045234,1.51041141854,1.44738832972,0.245449223674,1057.0145358,3.0,
103.489036494,0.9523354722,0.246461085737,0.766751461632,0.123024212176,1.51017039983,1.4177336195,0.246461085737,1085.59804609,3.0,
118.245265525,0.947337603762,0.242244491578,0.762865012471,0.123034008884,1.5523527293,1.52706236432,0.242244491578,1122.67266563,3.0,
109.456108973,0.953696398461,0.257041039054,0.767038991074,0.119884507242,1.47111964538,1.43992171568,0.257041039054,1181.93947484,3.0,
135.766655977,0.947631547093,0.253334078492,0.756709885582,0.117619179459,1.5270842669,1.67142786659,0.253334078492,1296.26376607,3.0,
131.182327643,0.941191727381,0.254281404747,0.769417492637,0.12117417403,1.46206996115,1.56519513519,0.254281404747,1115.33906541,3.0,
117.246803253,0.942360888671,0.260629894222,0.770777548541,0.120517170453,1.45159755416,1.48424651339,0.260629894222,1017.07677781,3.0,
128.990660565,0.942252296234,0.247472788725,0.760141238494,0.121881023906,1.54346806575,1.61205677258,0.247472788725,1116.84666361,3.0,
111.232221564,0.955001018418,0.237354401942,0.753371606595,0.122562073926,1.56816448507,1.50945250312,0.237354401942,1235.94154416,3.0,
111.453925729,0.950930135902,0.246142398703,0.76503009512,0.122792747691,1.48815998559,1.47745419709,0.246142398703,1135.66572659,3.0,
112.572254704,0.953302824113,0.250140252698,0.761954371311,0.120076596669,1.51296097428,1.49705817052,0.250140252698,1205.39768396,3.0,
145.317237558,0.942637749851,0.249405168427,0.757177593935,0.118326563571,1.52080393387,1.74722777284,0.249405168427,1267.15392046,3.0,
121.203709871,0.941305374245,0.2534274718,0.766315808284,0.1209327629,1.51397395761,1.52754958555,0.2534274718,1032.49410242,3.0,
95.3229865634,0.954742688664,0.243893086877,0.765983697709,0.12484960303,1.46732012014,1.35038813236,0.243893086877,1053.12250937,3.0,
109.440435662,0.952564136961,0.258218222695,0.769119349897,0.118620146515,1.47155149072,1.47668944477,0.258218222695,1153.56218534,3.0,
101.146855059,0.951981694204,0.242586745672,0.763376362705,0.124383386828,1.51025287244,1.41604376357,0.242586745672,1053.21140951,3.0,
122.900549306,0.947526559903,0.260171152816,0.76687688784,0.117707892484,1.51641098984,1.56284331623,0.260171152816,1171.07387164,3.0,
96.7104374301,0.956196097115,0.253196859168,0.766974278194,0.120945190805,1.4898792006,1.37426916815,0.253196859168,1103.90196753,3.0,
124.85772112,0.946457093701,0.212732755094,0.740323958952,0.130329435389,1.63384328286,1.64172792908,0.212732755094,1166.07148105,4.0,
136.612746489,0.946435398691,0.205733703026,0.736944666274,0.130544252708,1.62591409496,1.7218059256,0.205733703026,1275.34487528,4.0,
130.883912859,0.946618822853,0.229414549868,0.753890821047,0.126221625681,1.49881356867,1.58610967206,0.229414549868,1226.08886358,4.0,
126.352022482,0.950287847833,0.214498926409,0.742025560072,0.128215561507,1.6058147318,1.63639316492,0.214498926409,1270.91546229,4.0,
121.045002179,0.9446187119,0.221593604229,0.759506453905,0.131218790473,1.50986953955,1.4964383511,0.221593604229,1092.99342443,4.0,
132.863105223,0.945037012757,0.222416577174,0.751758726135,0.127935098578,1.56475330749,1.6144867114,0.222416577174,1208.77308664,4.0,
159.195895829,0.936207081762,0.211014631141,0.743890769927,0.129578272206,1.6116791521,1.82833571804,0.211014631141,1247.87921321,4.0,
134.387954534,0.947673010535,0.219262040395,0.745805376454,0.127423943415,1.55676318866,1.65315295869,0.219262040395,1284.1827131,4.0,
146.808882845,0.932785769646,0.217842364364,0.758428494375,0.131943892724,1.5087426223,1.65616674067,0.217842364364,1092.21388626,4.0,
135.314274143,0.944907073487,0.206523254467,0.741261474522,0.13156912328,1.60639193795,1.69374753306,0.206523254467,1228.14683146,4.0,
121.307562002,0.942716551059,0.236317909868,0.765488183615,0.126612409622,1.45918389814,1.51464952964,0.236317909868,1058.9071443,4.0,
103.861299216,0.957060942176,0.216805210659,0.736118961196,0.127938624643,1.61786774871,1.53660634991,0.216805210659,1209.43272193,4.0,
115.892845249,0.957080692543,0.222664713716,0.732377354838,0.123726138266,1.61218937157,1.6557720298,0.222664713716,1350.14114017,4.0,
130.795707314,0.952655199209,0.218694163962,0.731281885477,0.124766546766,1.64054346207,1.72943905829,0.218694163962,1381.34922243,4.0,
122.294370025,0.951609447579,0.21513640395,0.734284511787,0.128211893339,1.61106899637,1.65324649694,0.21513640395,1263.64626438,4.0,
128.653816978,0.945237500367,0.219420614568,0.737779635995,0.127122603344,1.64038971723,1.67779566311,0.219420614568,1174.82334216,4.0,
145.465240774,0.94318557886,0.212965841529,0.72975983093,0.127110328329,1.67069747953,1.83923755016,0.212965841529,1280.1788512,4.0,
111.354090603,0.956247531664,0.224819789942,0.738515774211,0.125334386007,1.63939143708,1.57947462338,0.224819789942,1272.56082185,4.0,
136.173771462,0.950390979737,0.207355814666,0.723153704185,0.126902752639,1.65749742586,1.80263428393,0.207355814666,1372.4994717,4.0,
131.566504671,0.954972834872,0.208975235877,0.717601582686,0.123889107454,1.67807346053,1.82817742254,0.208975235877,1460.96810998,4.0,
94.931673903,0.961906062326,0.244496936415,0.747355593824,0.119738902455,1.53887696516,1.46149718769,0.244496936415,1246.02075422,4.0,
112.63946862,0.953220782547,0.216021729628,0.738383622329,0.129435435495,1.60721939421,1.57495806197,0.216021729628,1203.9477652,4.0,
109.5463333,0.955815710247,0.217523244221,0.737533222823,0.128100835732,1.61710898767,1.5629049898,0.217523244221,1239.65253161,4.0,
109.206916897,0.961102449555,0.221924629506,0.729112311402,0.12206178566,1.64008658216,1.63196705809,0.221924629506,1403.77627443,4.0,
140.893118668,0.950895476497,0.207593687105,0.719984466716,0.125618740025,1.67797207806,1.8649215101,0.207593687105,1434.68792128,4.0,
128.737784521,0.94557535658,0.209218693811,0.746846663516,0.13210274093,1.51604079251,1.63678376423,0.209218693811,1182.71592086,4.0,
127.543574436,0.940990415805,0.211108659932,0.756013282684,0.13283950105,1.55975026999,1.58036477863,0.211108659932,1080.72228582,4.0,
133.23360922,0.946719122245,0.207548896149,0.742148782702,0.130222716881,1.60040018895,1.68552644563,0.207548896149,1250.29480401,4.0,
138.581935399,0.942675734847,0.210608762811,0.747695861391,0.13069056606,1.57644644891,1.68266479179,0.210608762811,1208.82866429,4.0,
124.89795696,0.941511782237,0.22546626074,0.765728604828,0.128944865597,1.50158490733,1.5312931715,0.22546626074,1067.83108,4.0,
127.853786346,0.941703040903,0.211225939676,0.754392831714,0.132977388635,1.53349668883,1.57371842313,0.211225939676,1096.57337472,4.0,
89.5623972107,0.95376813439,0.23340501177,0.771840647089,0.129105342657,1.45675439701,1.27615370699,0.23340501177,968.62192374,4.0,
129.798142392,0.94683449664,0.219996872747,0.748033454753,0.126830627005,1.56784206754,1.64859425367,0.219996872747,1220.69889486,4.0,
123.957400007,0.942818186817,0.218335952062,0.759347528679,0.130049898801,1.5318917597,1.56817396882,0.218335952062,1083.9192954,4.0,
120.701006513,0.940586466248,0.231405808659,0.763543136113,0.126791570378,1.50780960774,1.5381286593,0.231405808659,1015.77030426,4.0,
109.496449658,0.952824491377,0.220632658714,0.755104775733,0.128741538573,1.56773653464,1.48044330965,0.220632658714,1160.52219524,4.0,
95.6850926748,0.959441274966,0.220398656786,0.749914209616,0.127102984397,1.55676193061,1.4444074403,0.220398656786,1179.58703824,4.0,
128.929696237,0.941647541138,0.227355109843,0.759760097118,0.127382683803,1.54173188151,1.58143378725,0.227355109843,1104.74947202,4.0,
102.133095684,0.956837275926,0.21226456346,0.74558660149,0.129016015016,1.59735127559,1.48942298204,0.21226456346,1183.11688936,4.0,
159.030819313,0.929715220799,0.218480967007,0.758580080952,0.129951061279,1.52815778813,1.78096116209,0.218480967007,1131.35277994,4.0,
126.367235297,0.940487199904,0.219760378131,0.760272235834,0.13029466899,1.52100921224,1.56627442274,0.219760378131,1061.68114333,4.0,
124.448541626,0.940716496776,0.214863668149,0.762624963082,0.131794107472,1.54500842698,1.51178170844,0.214863668149,1049.60515875,4.0,
129.697273206,0.940878914999,0.213967937335,0.758662351779,0.131523587362,1.54174074333,1.59556320308,0.213967937335,1096.89880883,4.0,
118.437528781,0.950941967256,0.224852954848,0.751380651154,0.126060900576,1.51876481766,1.56849055983,0.224852954848,1207.11657353,4.0,
112.106861802,0.944247170796,0.225952624185,0.764343619937,0.129521892585,1.51858340948,1.46606925531,0.225952624185,1005.48677221,4.0,
96.2009191418,0.95457615707,0.220625190433,0.760218724709,0.1304258463,1.50815363979,1.37092234886,0.220625190433,1058.94673651,4.0,
122.982269875,0.944564929409,0.229943129981,0.765277447435,0.127497825723,1.50735794404,1.52597176995,0.229943129981,1110.02834857,4.0,
122.282738389,0.947724974981,0.217578326678,0.75110578713,0.12882362471,1.54486071558,1.59600725281,0.217578326678,1169.60956351,4.0,
122.451038377,0.947997285685,0.209613006399,0.748443701718,0.129746019646,1.60516151335,1.63577745708,0.209613006399,1177.38982805,4.0,
99.6399990132,0.953817960578,0.220421262675,0.76002746451,0.130116602406,1.51952478872,1.39032999474,0.220421262675,1078.79445456,4.0,
134.207086499,0.946614848888,0.197191619169,0.732254742531,0.134049810035,1.68981514925,1.72684671239,0.197191619169,1257.42290764,5.0,
125.240088029,0.949435024856,0.194119649249,0.739706257035,0.135654793091,1.61396443169,1.61679844254,0.194119649249,1238.72682819,5.0,
146.557391372,0.936073163613,0.200412390442,0.754049109663,0.136315025947,1.56425990794,1.64643362279,0.200412390442,1146.6374786,5.0,
128.799384087,0.950954540951,0.187606759261,0.729422095297,0.136077939283,1.67573659319,1.66816122295,0.187606759261,1313.27575649,5.0,
136.840756776,0.941272386064,0.1928215361,0.746271439325,0.137214874657,1.62060968792,1.64741217683,0.1928215361,1165.40579629,5.0,
120.804598587,0.954322413176,0.196636221836,0.720107975891,0.129077015128,1.69069927726,1.72450928393,0.196636221836,1322.69977054,5.0,
113.07954452,0.95570821403,0.204253208615,0.72406043283,0.128038534897,1.6660316851,1.66933713243,0.204253208615,1276.7057367,5.0,
114.991021356,0.951820699344,0.21065733496,0.73613194774,0.128724941596,1.65285224146,1.62636606967,0.21065733496,1193.69000715,5.0,
108.153422267,0.960873601979,0.204215539548,0.715868054934,0.125299267226,1.68233232451,1.67321948392,0.204215539548,1382.36879835,5.0,
109.465697158,0.950991020434,0.209860745081,0.740145672333,0.13105059016,1.61544801951,1.5453691369,0.209860745081,1117.17337782,5.0,
119.457038188,0.95260583864,0.197836770059,0.725434231665,0.131305798854,1.66802723663,1.69616102559,0.197836770059,1260.43058299,5.0,
103.280888182,0.950521513392,0.214402774499,0.7396881082,0.130185886098,1.57069352857,1.5078777712,0.214402774499,1044.01296097,5.0,
113.390953926,0.956363054095,0.205519378677,0.726043193957,0.127619219981,1.67072426193,1.65846305342,0.205519378677,1299.41499273,5.0,
117.676472765,0.953197134407,0.20160372158,0.727573670897,0.13010808426,1.64639149672,1.65986407144,0.20160372158,1257.34521177,5.0,
138.03245983,0.949080637183,0.200753038421,0.719094316553,0.127584218406,1.68587613921,1.84070640912,0.200753038421,1355.55710154,5.0,
126.93489018,0.952256728494,0.205682016532,0.724034918728,0.126433838432,1.70381984983,1.76618622952,0.205682016532,1329.46083551,5.0,
113.896648452,0.955225532429,0.193645773636,0.7207657817,0.131050644822,1.70643311273,1.6760749704,0.193645773636,1272.02827783,5.0,
119.054853505,0.949729126032,0.203858365284,0.732750261865,0.131392778528,1.63457162726,1.62358253569,0.203858365284,1184.39182784,5.0,
124.123889876,0.952100527354,0.195859151152,0.721935583291,0.130786145375,1.7223184099,1.72913582988,0.195859151152,1295.81905397,5.0,
138.384622105,0.94235687336,0.204272165213,0.733167028324,0.131355397818,1.66513554838,1.74880661634,0.204272165213,1200.47073529,5.0,
116.052118282,0.953812858151,0.197807234409,0.726050827769,0.131518118952,1.70096226656,1.64715931518,0.197807234409,1256.42927005,5.0,
127.08998894,0.952919827028,0.200795074668,0.721073867899,0.128561114054,1.68398305798,1.75134756759,0.200795074668,1349.96471232,5.0,
123.843368652,0.946251089151,0.204601249997,0.737112711069,0.132480887441,1.62185756913,1.63646614532,0.204601249997,1152.23997669,5.0,
132.999624819,0.951491807295,0.193419091203,0.718058414835,0.129803492727,1.7375310552,1.80336100421,0.193419091203,1371.04280684,5.0,
129.869365091,0.94805111302,0.193046785747,0.727633592211,0.134458646769,1.70453241524,1.72681895928,0.193046785747,1250.0458781,5.0,
120.703981235,0.956041102976,0.193770379415,0.714645390291,0.130116969652,1.75542963563,1.72908649102,0.193770379415,1372.98638624,5.0,
108.287862435,0.962828675226,0.203367447128,0.720582216659,0.1258880975,1.67789347099,1.64723846293,0.203367447128,1456.72052403,5.0,
106.311176074,0.953608930923,0.240273603699,0.751712127691,0.122604692394,1.57937151312,1.48839920071,0.240273603699,1145.93827081,5.0,
116.89679133,0.956996429849,0.198933948661,0.723070721457,0.129876795288,1.7042980816,1.67765073022,0.198933948661,1359.41008783,5.0,
111.723324123,0.958654072123,0.203875058563,0.726450772225,0.128486420176,1.66695387855,1.63344105651,0.203875058563,1351.15773375,5.0,
117.387390221,0.950854294195,0.22278502561,0.742939716901,0.126650977621,1.62093574857,1.59745452602,0.22278502561,1194.40837946,5.0,
121.773098809,0.95550348487,0.194262379037,0.721575884414,0.131755640565,1.71309533861,1.70394011907,0.194262379037,1368.41979555,5.0,
121.862900673,0.961613899544,0.192634091392,0.7007401014,0.125043553296,1.75427748471,1.83510028123,0.192634091392,1587.37076561,5.0,
116.372374762,0.957730455407,0.202726741337,0.72387923675,0.128284769976,1.65936766185,1.68782686994,0.202726741337,1376.70644289,5.0,
110.593656462,0.962812393323,0.192841814558,0.71348143408,0.128355407986,1.72084080883,1.7057892984,0.192841814558,1487.14365599,5.0,
107.40233784,0.954555985881,0.188094192965,0.728683765868,0.135896718788,1.67573827085,1.58310925268,0.188094192965,1181.82344728,5.0,
100.108230955,0.960253870178,0.230767145311,0.744692479127,0.122363012322,1.56813607108,1.50584254325,0.230767145311,1259.41200699,5.0,
101.052454403,0.959460684969,0.214218451359,0.742213983285,0.128812686481,1.64513451926,1.48172920367,0.214218451359,1246.46679576,5.0,
121.610227123,0.955499046769,0.193245096853,0.718282918547,0.130606253524,1.67900067083,1.72464599368,0.193245096853,1366.53475708,5.0,
114.619536749,0.95184707351,0.215893582957,0.744881521294,0.129060078375,1.58796227215,1.58001837873,0.215893582957,1190.35234627,5.0,
101.687717913,0.958383817006,0.232133348819,0.748591668275,0.123915276351,1.52374696227,1.49111283797,0.232133348819,1222.01871389,5.0,
108.935304421,0.957297160971,0.214955178886,0.738335476124,0.127140552324,1.6231856917,1.56284331623,0.214955178886,1275.68266931,5.0,
111.789761981,0.9558429892,0.209078801461,0.737116023307,0.129487042133,1.61920958471,1.57226601046,0.209078801461,1265.98101902,5.0,
111.173835192,0.954916906042,0.205635655148,0.72371823673,0.128291700759,1.7098456058,1.63068630353,0.205635655148,1233.07300839,5.0,
117.081320719,0.957816515669,0.2084135469,0.725912791882,0.127587057185,1.68748543079,1.66327462009,0.2084135469,1387.83407878,5.0,
120.898419512,0.953468008872,0.210144567577,0.730022970799,0.128396460571,1.65743232395,1.67770418065,0.210144567577,1299.16001874,5.0,
120.10002837,0.952492318267,0.197397738448,0.731785116652,0.132510599567,1.63430368679,1.64590528584,0.197397738448,1264.21393572,5.0,
110.262395361,0.949069213571,0.203469868905,0.746425685667,0.134452314314,1.58645842168,1.52329308105,0.203469868905,1082.55538878,5.0,
102.007610519,0.954691115681,0.220614344952,0.752680549902,0.129093282365,1.53851893499,1.44840183212,0.220614344952,1125.88268487,5.0,
129.008064848,0.954387711973,0.190461045264,0.714129705433,0.130299626559,1.70552628289,1.80227040984,0.190461045264,1414.31985376,5.0,
134.393782687,0.957062697329,0.265471769178,0.736102065095,0.105233515734,1.69421473376,1.83104421584,0.265471769178,1565.49680592,6.0,
109.453975067,0.950530261218,0.278734974752,0.76878213381,0.113846387725,1.46744136946,1.45798384975,0.278734974752,1106.7156242,6.0,
124.272077084,0.943739756485,0.278711454021,0.769440129802,0.113556107657,1.47160179202,1.56563096178,0.278711454021,1104.91517263,6.0,
120.651761192,0.947772329588,0.273088373158,0.760670137525,0.112852350322,1.49722687464,1.57215705381,0.273088373158,1155.62252825,6.0,
129.557339978,0.94830770762,0.281230881296,0.762976466462,0.110149643233,1.49267153608,1.64728471811,0.281230881296,1253.69325827,6.0,
111.185955077,0.953084145547,0.273293001959,0.764399910857,0.114080848392,1.49575910179,1.4991889925,0.273293001959,1185.52124396,6.0,
128.469172464,0.943301707075,0.280052693246,0.769011006826,0.113144023607,1.4475504602,1.59068996283,0.280052693246,1133.42216464,6.0,
112.317773091,0.942946242809,0.290688463712,0.776995032736,0.112444447712,1.40169883578,1.42683047168,0.290688463712,984.898066911,6.0,
124.475195916,0.945867837516,0.289467602029,0.7734136045,0.110770247435,1.40954157556,1.53540988257,0.289467602029,1150.33095664,6.0,
143.828017071,0.937785452191,0.283457705212,0.769867584106,0.111498582854,1.46425520814,1.69564707914,0.283457705212,1156.52713552,6.0,
108.287202528,0.954221931686,0.280577919551,0.769768000788,0.113374773952,1.44323742854,1.45633613743,0.280577919551,1183.36258826,6.0,
105.123329674,0.953980106208,0.26607856879,0.762934820909,0.116663760078,1.49355244383,1.47179359088,0.26607856879,1142.77337037,6.0,
111.178459682,0.955746493453,0.267907496146,0.760404157329,0.114576010339,1.49941914815,1.52348221334,0.267907496146,1256.77279779,6.0,
107.83087153,0.953030474834,0.287360019824,0.77383779266,0.112273236238,1.40492806343,1.43583789718,0.287360019824,1148.51908621,6.0,
91.5928680679,0.954061542742,0.279344763356,0.774723141559,0.115649163224,1.4151421545,1.30605716729,0.279344763356,997.497275644,6.0,
116.714502747,0.949881125494,0.274692500185,0.765294349588,0.113796995375,1.47786972601,1.53383001118,0.274692500185,1164.95064368,6.0,
143.716256332,0.944638692614,0.260592541745,0.753517133324,0.114911556144,1.53726400221,1.77321187751,0.260592541745,1298.60602248,6.0,
130.213224048,0.940801001834,0.276826752751,0.767515396893,0.113559039083,1.47304301197,1.61189025393,0.276826752751,1100.41563646,6.0,
125.999583703,0.944364825541,0.266936293058,0.763652657855,0.116539394488,1.48847045416,1.58499749194,0.266936293058,1132.98667092,6.0,
122.38719081,0.955098483671,0.270511505288,0.758097154145,0.112592087391,1.52323804749,1.5881747089,0.270511505288,1363.49711758,6.0,
140.682632927,0.93965724511,0.275528467608,0.765823624347,0.11361040844,1.46542241626,1.68726255674,0.275528467608,1166.3849874,6.0,
153.623577396,0.930616236291,0.271753069702,0.766127225868,0.114972183827,1.47760745086,1.7484211565,0.271753069702,1107.70405214,6.0,
107.25924898,0.956564385075,0.276488265654,0.76388975407,0.112283613045,1.50423793615,1.47390385501,0.276488265654,1235.3417887,6.0,
122.399308639,0.950852058727,0.268132799736,0.760911559007,0.114768754457,1.48257877688,1.57813733471,0.268132799736,1245.74412489,6.0,
132.89924491,0.939323756648,0.275835198244,0.766408313534,0.113872000054,1.46584267316,1.64402938129,0.275835198244,1095.7692736,6.0,
99.5914321015,0.95645575773,0.272624671194,0.765328886259,0.114643795027,1.46370920053,1.4115652342,0.272624671194,1144.29167032,6.0,
111.478666083,0.950801694702,0.267988545683,0.764371505581,0.116113831576,1.48564653404,1.49675494211,0.267988545683,1133.52356776,6.0,
112.662692833,0.948189902892,0.281884398595,0.770891661633,0.113378798699,1.44807082829,1.4594249556,0.281884398595,1087.85278662,6.0,
135.180445571,0.943571151769,0.264428304322,0.757415422099,0.11493835266,1.55166599693,1.67795807019,0.264428304322,1198.38179351,6.0,
120.112492599,0.949626875885,0.281016022007,0.767446460913,0.111418417214,1.47456870493,1.55685070061,0.281016022007,1192.90020596,6.0,
105.483395418,0.953176073453,0.268305326646,0.764697168394,0.116028310621,1.49583829521,1.45394834221,0.268305326646,1126.95218607,6.0,
120.800435621,0.941944841311,0.266060576688,0.765952047119,0.117770208241,1.47308635982,1.54576487567,0.266060576688,1040.96026925,6.0,
97.1399065029,0.947202848477,0.284514772879,0.775636441814,0.114633901244,1.38112487986,1.34361226235,0.284514772879,920.504990693,6.0,
96.5025162818,0.954859057685,0.283797844459,0.772153072398,0.11297729427,1.46906575034,1.36097542925,0.283797844459,1069.53515502,6.0,
105.516092691,0.9564087897,0.27451701284,0.765323893538,0.113792538987,1.43762980067,1.46032127821,0.27451701284,1210.82579821,6.0,
107.726459197,0.954834013357,0.282474275863,0.769049617818,0.112157262056,1.45927727254,1.44759596408,0.282474275863,1193.11224713,6.0,
126.048101276,0.941689352253,0.283264781033,0.77209249313,0.112892625262,1.44829294737,1.55553294191,0.283264781033,1081.44738592,6.0,
107.135622245,0.955641979537,0.274217474295,0.764544857745,0.113815214194,1.49891535301,1.46203169199,0.274217474295,1208.11715311,6.0,
112.8558041,0.94910249691,0.281564098176,0.771948448228,0.113588111402,1.4533711709,1.46233286461,0.281564098176,1109.20128037,6.0,
137.22897959,0.945150686201,0.280738499892,0.766549566426,0.111388018871,1.50371621579,1.66916239063,0.280738499892,1251.73967502,6.0,
135.44706146,0.949138458396,0.283745329597,0.763457896178,0.109215424236,1.50251059946,1.66150870009,0.283745329597,1332.08614088,6.0,
135.485690703,0.940112306021,0.278936873625,0.769471089466,0.11338999549,1.45110190101,1.63246764193,0.278936873625,1131.74625844,6.0,
124.884908888,0.94811535312,0.280303016995,0.766916601385,0.112139882725,1.48636132216,1.57999884876,0.280303016995,1204.04071473,6.0,
132.245299446,0.944303431085,0.286997241278,0.771064924367,0.111297003347,1.45741998189,1.60384082462,0.286997241278,1187.70055732,6.0,
112.5554024,0.951693164019,0.270544700847,0.765210202377,0.115695074526,1.48593737578,1.49097407243,0.270544700847,1165.50153745,6.0,
128.359907449,0.944244595531,0.274550940577,0.766874010654,0.114463847025,1.50191123789,1.57681546444,0.274550940577,1151.57039888,6.0,
99.7176470709,0.961834623819,0.268052307458,0.760006440457,0.114255560243,1.52360639842,1.43293718341,0.268052307458,1306.90777782,6.0,
125.648959156,0.94953125116,0.270527269985,0.762628191551,0.114584803772,1.51499542973,1.5684956993,0.270527269985,1245.28613994,6.0,
90.0292353299,0.956431009966,0.279622802813,0.772956046169,0.114874058786,1.46279270242,1.29944987172,0.279622802813,1033.67937215,6.0,
129.28811838,0.949115395802,0.275678932117,0.762449921726,0.111797006083,1.51215126811,1.62598060983,0.275678932117,1270.794419,6.0,
114.521729656,0.954719596445,0.268763110215,0.757959852009,0.113098334172,1.49323374931,1.5440225972,0.268763110215,1265.89898783,7.0,
125.571023288,0.944756891812,0.255730265397,0.756322624302,0.118286394285,1.5170224611,1.60137902112,0.255730265397,1137.80366094,7.0,
139.550942372,0.941966308204,0.251926211515,0.760274107707,0.119479327489,1.49045615798,1.67524340504,0.251926211515,1203.41717268,7.0,
156.483108636,0.936918490915,0.252661049421,0.75022533,0.11710328162,1.5421650853,1.84814629794,0.252661049421,1241.39888538,7.0,
146.582982822,0.941798546217,0.248835961089,0.753533108793,0.119535020234,1.54260743531,1.73271392507,0.248835961089,1260.34953396,7.0,
116.614708736,0.952357425042,0.267143504247,0.759865729288,0.114421689533,1.52151467965,1.56497105454,0.267143504247,1224.91330915,7.0,
134.73654077,0.943417363919,0.26262384582,0.761228349274,0.117455424012,1.49636802866,1.62229664167,0.26262384582,1191.7255538,7.0,
127.891457593,0.941898965849,0.255100727219,0.754427723135,0.11813228151,1.5142078116,1.6388734705,0.255100727219,1101.58723917,7.0,
108.595548813,0.953158307031,0.261373580507,0.761115377192,0.118266344722,1.49599541677,1.46938112624,0.261373580507,1160.23156873,7.0,
116.929518412,0.948361778678,0.258688881625,0.766585931741,0.119214912234,1.4517731085,1.48391655977,0.258688881625,1133.15553906,7.0,
114.524581031,0.949226400902,0.259533456341,0.756623658946,0.117008307829,1.53041701783,1.53100947306,0.259533456341,1128.86300884,7.0,
102.159346013,0.959654274413,0.258314168347,0.760014352094,0.118933847557,1.51367760021,1.4141853332,0.258314168347,1267.10375761,7.0,
126.003921411,0.94201383835,0.260875806145,0.761093368893,0.118631592961,1.50915816764,1.57814144629,0.260875806145,1087.54990943,7.0,
111.261070407,0.953198373715,0.250825086409,0.755598219104,0.12015895937,1.53554745479,1.51461046971,0.250825086409,1189.64929907,7.0,
119.508597296,0.945556104543,0.279404713668,0.770902588293,0.114114712684,1.44709016424,1.51569386882,0.279404713668,1098.49991169,7.0,
128.403292752,0.946417297712,0.260159832202,0.756129534105,0.116437424524,1.53641785644,1.62614815637,0.260159832202,1199.18633289,7.0,
113.925490099,0.95482406518,0.261429717765,0.75733637702,0.115853438004,1.51958615749,1.52460981185,0.261429717765,1261.95195235,7.0,
131.831307356,0.942230376235,0.26153424375,0.760604434237,0.117366925668,1.5076981699,1.61957169759,0.26153424375,1141.8912418,7.0,
117.221825456,0.951870754277,0.254530677879,0.753651342272,0.117585065253,1.55388752434,1.56034759226,0.254530677879,1218.63126045,7.0,
135.580082108,0.944137466427,0.250993929831,0.753745523872,0.119544705848,1.53572895998,1.67640595191,0.250993929831,1214.3426805,7.0,
138.745235716,0.94483203372,0.244580644162,0.746309588129,0.119450489788,1.57256016494,1.74249329814,0.244580644162,1258.36786634,7.0,
121.212831393,0.947919254954,0.255780812773,0.760430524863,0.118602336964,1.49819869106,1.55829591803,0.255780812773,1164.44290065,7.0,
109.401091006,0.951671829099,0.26754930266,0.764560663789,0.116664870356,1.4865560017,1.47226025426,0.26754930266,1132.62892751,7.0,
130.101047012,0.952042923773,0.247114087124,0.746253939972,0.117575867895,1.58161010496,1.6816502615,0.247114087124,1357.15374777,7.0,
105.232403501,0.953726251559,0.264303644714,0.76466014642,0.118155880279,1.4672765931,1.42472637491,0.264303644714,1137.78495185,7.0,
115.950737205,0.955878930188,0.199924464897,0.721619899523,0.13005932312,1.67557016729,1.65691401881,0.199924464897,1314.67373131,7.0,
114.031041338,0.950240303965,0.258602657191,0.761332283115,0.119225285566,1.49869278059,1.49769649201,0.258602657191,1146.51922124,7.0,
127.368123396,0.951460537642,0.257492787341,0.752358111923,0.116127746355,1.51765421652,1.65699213868,0.257492787341,1312.70013746,7.0,
145.471198441,0.9399954033,0.246370282899,0.750245448085,0.119981106509,1.57803838894,1.76989589501,0.246370282899,1212.84181091,7.0,
132.809869622,0.948107133763,0.254286384366,0.750683623182,0.116465830089,1.50076346069,1.71366295803,0.254286384366,1280.33513802,7.0,
132.816433746,0.947536773138,0.246126447844,0.749856534137,0.119843768995,1.57327410928,1.65892560522,0.246126447844,1266.43790741,7.0,
113.844504473,0.957085220553,0.266379677108,0.757503882483,0.114238403314,1.49622351872,1.54215183212,0.266379677108,1327.09724994,7.0,
127.00873195,0.946400013676,0.246195292513,0.750188299753,0.118794801268,1.53313880605,1.671846219,0.246195292513,1185.46817806,7.0,
137.289651997,0.934562224169,0.258968701382,0.759833463307,0.11832714402,1.50620128894,1.65608553714,0.258968701382,1049.69921389,7.0,
119.125202495,0.952156568106,0.263686383062,0.759903165015,0.114766648393,1.4928383299,1.56687779587,0.263686383062,1245.57886785,7.0,
120.091597592,0.945821218314,0.259836385171,0.763369357014,0.118618855876,1.48302142949,1.52222510032,0.259836385171,1108.87669339,7.0,
118.74933187,0.950661770332,0.255575301849,0.755102329331,0.116611707045,1.53562001696,1.57484088218,0.255575301849,1203.9398677,7.0,
126.916139358,0.947137735683,0.259790922916,0.758375118922,0.116259220244,1.48213539806,1.62790174166,0.259790922916,1200.88931187,7.0,
132.055770385,0.94163850956,0.253280418846,0.753341118747,0.118368227446,1.52374579055,1.68639501513,0.253280418846,1131.77693624,7.0,
106.594600067,0.956406523631,0.259385427934,0.757158906469,0.116740604991,1.52184937407,1.47709546247,0.259385427934,1223.04547531,7.0,
127.299148699,0.946606268729,0.239624744727,0.749281643274,0.122159089867,1.56596281498,1.64564522893,0.239624744727,1192.54130888,7.0,
108.209101169,0.952355832527,0.245263028784,0.755205682341,0.122698993355,1.51827011227,1.4706608529,0.245263028784,1136.00908317,7.0,
128.080021462,0.947043349621,0.244446153991,0.75212001933,0.121490517175,1.54300371557,1.62125024669,0.244446153991,1209.68497636,7.0,
129.299857945,0.944672056396,0.254761729942,0.75777045557,0.119220085001,1.51796550548,1.61478171666,0.254761729942,1168.87481718,7.0,
137.380174413,0.952448368284,0.19186467701,0.710810428883,0.12860611265,1.73733977975,1.88106045655,0.19186467701,1444.8105481,7.0,
114.184498553,0.950539643996,0.253991425746,0.761779461604,0.119781537986,1.5102875156,1.50842666601,0.253991425746,1154.66689047,7.0,
128.036110906,0.947866905261,0.26482417834,0.765272373652,0.116322520286,1.46078857594,1.57941603348,0.26482417834,1228.54076013,7.0,
140.583723933,0.943099404293,0.242534083095,0.752548923184,0.121130733758,1.52079145739,1.72052208736,0.242534083095,1235.69798395,7.0,
125.752252113,0.946779322082,0.247558777806,0.759928481527,0.121391588331,1.48910580512,1.57203987402,0.247558777806,1181.77787861,7.0,
107.799999794,0.949407047377,0.257814970591,0.764098758988,0.119882935146,1.47440147052,1.46063684133,0.257814970591,1065.76854321,7.0,
