416.613508443,0.818896173851,0.234354814864,0.686733274084,0.09237247164,1.55637927898,5.47279549719,0.234354814864,1150.20625821,1.0,
520.239212008,0.776552398965,0.24691513927,0.698500658028,0.0963210163731,1.49091059844,5.65196998124,0.24691513927,1173.41621376,1.0,
349.696998124,0.819095773358,0.239263487851,0.683209292725,0.0964632827729,1.55177304548,4.97467166979,0.239263487851,966.52522889,1.0,
440.238273921,0.804637594421,0.253238861765,0.704778701776,0.0904036019956,1.4994073552,5.08348968105,0.253238861765,1135.66472919,1.0,
635.718574109,0.72577658988,0.240913938942,0.699065476561,0.0950526744603,1.50508701261,6.07317073171,0.240913938942,1159.12528006,1.0,
511.174484053,0.774773880628,0.24239278888,0.697690436957,0.0996917219416,1.50419318405,5.64446529081,0.24239278888,1134.80284942,1.0,
417.461538462,0.811482724652,0.25006996047,0.697514620808,0.0950412244438,1.49457300222,5.15290806754,0.25006996047,1107.22356264,1.0,
354.56097561,0.826982754107,0.252190334719,0.71135941189,0.0956725158413,1.45773645805,4.7373358349,0.252190334719,1024.64056048,1.0,
430.835834897,0.805729539274,0.254645111215,0.677643728827,0.0782718606693,1.56877870545,5.59287054409,0.254645111215,1108.85575009,1.0,
433.843339587,0.831064511466,0.246000373123,0.676483049639,0.0878986431309,1.56228911939,5.65666041276,0.246000373123,1284.05032996,1.0,
491.140712946,0.792210058132,0.247036580086,0.672914919005,0.0873299288342,1.54690743325,5.97936210131,0.247036580086,1181.82022799,1.0,
401.446529081,0.819063265427,0.244006279722,0.682701356841,0.0881803631618,1.5791974785,5.09005628518,0.244006279722,1109.35606865,1.0,
411.067542214,0.842559974556,0.254898552918,0.686343911193,0.0834910425829,1.52471242098,5.25609756098,0.254898552918,1305.4734368,1.0,
467.828330206,0.82006851995,0.244149720686,0.672202335422,0.0829722952591,1.56931498587,5.79643527205,0.244149720686,1300.01801262,1.0,
515.569418386,0.79988406253,0.226334000964,0.660476284681,0.0862093561163,1.63935406899,6.04033771107,0.226334000964,1288.17680617,1.0,
501.638836773,0.788267524182,0.240741897786,0.662192045096,0.0784114285259,1.5989186093,6.09193245779,0.240741897786,1184.60532527,1.0,
501.87804878,0.781643434832,0.237735357582,0.677885905183,0.0891180391479,1.58111138362,5.86960600375,0.237735357582,1149.2167602,1.0,
469.384615385,0.787094419521,0.24580809183,0.67366295444,0.0800076265281,1.58749719382,5.59005628518,0.24580809183,1102.33046576,1.0,
355.131332083,0.839781636723,0.232337401307,0.675776069278,0.0919260793799,1.59291425034,4.84427767355,0.232337401307,1108.27287465,1.0,
502.063789869,0.78113938362,0.239192647375,0.686060973726,0.0932619116742,1.55677469914,5.73639774859,0.239192647375,1146.9943706,1.0,
549.876172608,0.779767713688,0.232732963966,0.674780420893,0.0898051088334,1.59716698057,6.095684803,0.232732963966,1248.40045439,1.0,
330.4315197,0.853951991604,0.236608510009,0.683370080518,0.09207058504,1.5532796488,4.87335834897,0.236608510009,1131.24281299,1.0,
314.907129456,0.841393679251,0.252926459666,0.685994761434,0.0870458340299,1.54463456211,4.67260787992,0.252926459666,992.731966699,1.0,
542.052532833,0.788510613246,0.233385928353,0.672934126794,0.0878508646317,1.56720608187,5.96622889306,0.233385928353,1281.51237552,1.0,
379.926829268,0.834413088387,0.238069319826,0.66775742743,0.0875179494848,1.59570802094,5.19418386492,0.238069319826,1147.21274033,1.0,
471.502814259,0.796966934616,0.243201954317,0.678231477427,0.0891362109365,1.57238513695,5.86397748593,0.243201954317,1161.14784891,1.0,
304.837711069,0.862015331091,0.231833157919,0.678399395871,0.0938070720348,1.60103158521,4.68198874296,0.231833157919,1104.60717658,1.0,
448.832082552,0.826556684146,0.243639757259,0.676453023622,0.0859148311771,1.57773174766,5.56003752345,0.243639757259,1293.88694036,1.0,
456.229831144,0.824844185487,0.233400888454,0.662489457696,0.0833510535604,1.64047254312,5.96341463415,0.233400888454,1302.3542279,1.0,
424.254221388,0.82064779739,0.237810158084,0.67488509874,0.0864487665586,1.57186949729,5.58067542214,0.237810158084,1182.74048274,1.0,
634.833020638,0.771836277009,0.235815184678,0.669434060661,0.0886840864091,1.6080068754,6.8330206379,0.235815184678,1391.17869466,1.0,
516.848968105,0.804175130762,0.227965531928,0.671082859954,0.0933322809366,1.59569302838,6.08911819887,0.227965531928,1319.67142405,1.0,
598.128517824,0.758747971858,0.226550922422,0.668791652747,0.0914966876905,1.60606008548,6.38649155722,0.226550922422,1239.63417516,1.0,
556.483114447,0.795526621608,0.244895965701,0.675077091119,0.0864617971343,1.59309029395,6.26735459662,0.244895965701,1360.77155574,1.0,
458.400562852,0.816899532876,0.250309322079,0.689059134762,0.0857859309067,1.52128417579,5.55347091932,0.250309322079,1251.77332984,1.0,
436.192307692,0.825979003004,0.250146960988,0.684186768209,0.0844698916012,1.55477504405,5.47279549719,0.250146960988,1253.27493585,1.0,
522.939962477,0.757895336643,0.241714744323,0.677014903459,0.0820248943164,1.58603733666,6.03189493433,0.241714744323,1079.98738072,1.0,
498.82739212,0.80507634655,0.237224954152,0.672144139502,0.0881400869519,1.59809130969,6.13508442777,0.237224954152,1279.54556385,1.0,
427.162288931,0.828247101587,0.253590864131,0.673299985989,0.0858542212906,1.59916940455,5.37711069418,0.253590864131,1243.53735185,1.0,
541.88836773,0.793671571307,0.236588269873,0.658106940251,0.0808515413116,1.62582357582,6.48592870544,0.236588269873,1313.16942402,1.0,
430.140712946,0.815730430999,0.22700588548,0.661301705991,0.0843530696655,1.60295160722,5.59756097561,0.22700588548,1167.15070013,1.0,
410.855534709,0.816842720499,0.23652974948,0.679404324724,0.0908348859595,1.55657615233,5.71951219512,0.23652974948,1121.59215246,1.0,
446.204502814,0.813775756278,0.243235394542,0.692308196497,0.0867331587691,1.56561293924,5.44934333959,0.243235394542,1198.03011116,1.0,
403.228893058,0.834983039043,0.249261235035,0.68487054216,0.0887299294476,1.55145460082,5.18574108818,0.249261235035,1221.78014526,1.0,
436.451219512,0.833258890233,0.243699157658,0.681772691799,0.0923070759772,1.5646474999,5.3799249531,0.243699157658,1308.76908557,1.0,
727.552532833,0.756735371563,0.224733710211,0.664101382015,0.0896460152745,1.62281478465,6.99530956848,0.224733710211,1495.39318048,1.0,
520.278611632,0.808440176662,0.242624670438,0.677310245894,0.0833638805441,1.58476763748,6.15759849906,0.242624670438,1358.0055634,1.0,
438.012195122,0.814307373442,0.243191834249,0.677378738774,0.0850048804384,1.57100256088,5.63977485929,0.243191834249,1179.40115136,1.0,
377.5684803,0.839496794871,0.243619957126,0.682341837394,0.0878762773456,1.57143150357,5.10881801126,0.243619957126,1176.20230698,1.0,
404.775797373,0.818951708833,0.24076345793,0.690032047159,0.0902945386484,1.53127478349,5.18198874296,0.24076345793,1117.86693695,1.0,
530.965290807,0.75877746532,0.220689203031,0.658641489014,0.0915989487685,1.64329111625,6.07598499062,0.220689203031,1100.5714941,2.0,
473.677298311,0.789411439408,0.220129079267,0.678880585681,0.0926063834951,1.59842869411,5.50656660413,0.220129079267,1124.651066,2.0,
510.110694184,0.796059977509,0.224369387762,0.670898371706,0.0939964230395,1.55786043009,5.90243902439,0.224369387762,1250.63900639,2.0,
552.911819887,0.762932513797,0.218181626181,0.665346408173,0.0858085499322,1.63550296463,6.29549718574,0.218181626181,1166.14856964,2.0,
561.601313321,0.747061233856,0.21416219917,0.672704371084,0.0959968312957,1.6032750748,5.82926829268,0.21416219917,1110.15270985,2.0,
518.234521576,0.783140524636,0.20243304035,0.646422925557,0.0900267132493,1.6747021558,6.32082551595,0.20243304035,1194.86252724,2.0,
357.53564728,0.841851745213,0.211673542446,0.655377909792,0.091477584846,1.65883638835,5.27485928705,0.211673542446,1130.3812608,2.0,
567.023452158,0.754324047201,0.206673348845,0.675272893663,0.0977157580514,1.61521695813,6.16510318949,0.206673348845,1154.00682423,2.0,
553.230769231,0.748865970458,0.201972797257,0.652898395749,0.0947957572111,1.6829355256,6.19887429644,0.201972797257,1101.46516233,2.0,
505.659474672,0.780009348588,0.204461013978,0.650950142001,0.096028004615,1.67489229426,6.17636022514,0.204461013978,1149.27491561,2.0,
598.254221388,0.762228819805,0.223181819782,0.671469620464,0.086629695888,1.60499253574,6.55347091932,0.223181819782,1258.04612001,2.0,
504.236397749,0.798527813108,0.221194326426,0.666743798567,0.0918305492476,1.637936364,6.10318949343,0.221194326426,1251.37967063,2.0,
484.914634146,0.807880174483,0.218881670885,0.662177114785,0.0977198520408,1.59632091194,5.75703564728,0.218881670885,1262.01091647,2.0,
510.737335835,0.796281883578,0.217875824126,0.659204379954,0.0939948593437,1.63203307544,6.32176360225,0.217875824126,1253.53931404,2.0,
533.178236398,0.758121125655,0.223934224838,0.671401581417,0.0942746817408,1.61010391834,5.70075046904,0.223934224838,1102.15957851,2.0,
480.745778612,0.786320187741,0.225409114749,0.672284404022,0.0954273843238,1.58339800122,5.55909943715,0.225409114749,1124.92091211,2.0,
616.696998124,0.739617970803,0.221955091538,0.67606566465,0.102720554675,1.57975333068,6.13133208255,0.221955091538,1184.21574643,2.0,
532.076923077,0.770392743947,0.218446507961,0.66878770427,0.0989985506012,1.60264692416,5.89774859287,0.218446507961,1158.66748339,2.0,
564.437148218,0.747611102868,0.215441727768,0.670446215959,0.0990148704169,1.60016576487,6.22795497186,0.215441727768,1118.18933921,2.0,
452.14727955,0.815859099438,0.211969224433,0.664318384107,0.0915226657765,1.6188503699,5.69981238274,0.211969224433,1227.72094132,2.0,
585.850844278,0.781800248185,0.198293492532,0.657655890812,0.0985370991996,1.69102775054,6.58255159475,0.198293492532,1342.4645065,2.0,
595.573170732,0.756916616427,0.220768843567,0.659119459538,0.091727404136,1.63944453831,6.32926829268,0.220768843567,1225.03883642,2.0,
478.430581614,0.798973297962,0.208608921852,0.665379037649,0.097145550366,1.62926340061,5.76641651032,0.208608921852,1189.9677425,2.0,
594.116322702,0.733496015188,0.215158365864,0.676488610538,0.0991732547376,1.55298251795,6.10694183865,0.215158365864,1114.6481039,2.0,
493.377110694,0.784541811708,0.209649528845,0.661628945492,0.0948672862406,1.619572451,6.00844277674,0.209649528845,1144.94861997,2.0,
686.911819887,0.710877002383,0.205652101982,0.662907289579,0.100339595496,1.63938144726,6.75984990619,0.205652101982,1187.92317724,2.0,
490.469981238,0.791253053968,0.215435567727,0.674871349746,0.0949088335032,1.61986861669,5.86116322702,0.215435567727,1174.79558519,2.0,
369.346153846,0.8358283984,0.215678009356,0.661058279792,0.101154428314,1.62249007089,5.32457786116,0.215678009356,1124.87832928,2.0,
479.74108818,0.800702227054,0.211368180394,0.656303793795,0.0912168129417,1.64779741566,5.97936210131,0.211368180394,1203.57864789,2.0,
529.585365854,0.788828129599,0.216313813629,0.676663024108,0.0990947962016,1.60568550264,5.78142589118,0.216313813629,1253.92024242,2.0,
492.200750469,0.774833138859,0.211192179211,0.678069036283,0.101423404378,1.61241864729,5.56848030019,0.211192179211,1092.96889421,2.0,
507.397748593,0.775106045932,0.211249379596,0.666334874237,0.095236048011,1.65399177099,5.76360225141,0.211249379596,1128.08223479,2.0,
551.366791745,0.782755724011,0.218127065814,0.678471843158,0.090842962665,1.59526141655,6.15572232645,0.218127065814,1269.00188563,2.0,
503.617260788,0.777647434689,0.213618795518,0.674450709718,0.0909404835926,1.62496693206,5.84240150094,0.213618795518,1132.47459071,2.0,
594.69934334,0.743752986557,0.210218012665,0.672392893797,0.0977228905353,1.62844168263,6.06613508443,0.210218012665,1169.41782862,2.0,
383.359287054,0.840741099294,0.219062072097,0.677825590654,0.100092122866,1.58145811991,4.97936210131,0.219062072097,1203.57256441,2.0,
828.294559099,0.685535416503,0.195252632098,0.652088360156,0.0989398921833,1.65991623383,7.91651031895,0.195252632098,1316.99180538,2.0,
545.152908068,0.776279503792,0.215580768703,0.675741386507,0.0958079609786,1.55199974097,5.85834896811,0.215580768703,1218.37944513,2.0,
657.131801126,0.723507405391,0.223688703188,0.686404672473,0.100979447607,1.54133646984,6.31941838649,0.223688703188,1197.29831128,2.0,
570.948405253,0.76734307045,0.211619422083,0.672990250685,0.0951740356177,1.6087472508,6.09193245779,0.211619422083,1227.01783772,2.0,
371.114446529,0.845183671978,0.217895184256,0.67421579511,0.0969598106838,1.57677627062,4.97842401501,0.217895184256,1198.95442163,2.0,
591.394934334,0.739161148536,0.217624582437,0.678111298215,0.101608476305,1.60052010854,6.2617260788,0.217624582437,1133.64042782,2.0,
484.719512195,0.810455154203,0.212573348493,0.669934043549,0.096591794163,1.61378098407,5.66322701689,0.212573348493,1278.64070943,2.0,
495.312382739,0.800717008233,0.201610234821,0.667972652754,0.0999972513843,1.63847868542,5.89212007505,0.201610234821,1242.73621735,2.0,
471.177298311,0.812084687897,0.20525741933,0.675038341781,0.1047392079,1.59036136752,5.595684803,0.20525741933,1253.69586182,2.0,
609.736397749,0.74022985103,0.199973423821,0.66144007855,0.109685314535,1.62732830033,6.17260787992,0.199973423821,1173.6075145,2.0,
573.679174484,0.740614324854,0.223101739244,0.67598382052,0.10105846378,1.60317465837,6.13227016886,0.223101739244,1105.84205192,2.0,
574.453564728,0.775610779711,0.206259746065,0.670797770171,0.0979109287981,1.62467780953,6.21810506567,0.206259746065,1281.01295242,2.0,
598.052532833,0.757681863759,0.211026298097,0.667040076982,0.097474315725,1.62963980191,6.0703564728,0.211026298097,1234.02346624,2.0,
606.242964353,0.758924790597,0.216400934214,0.677314981505,0.103782214701,1.59458636438,6.19418386492,0.216400934214,1257.37309501,2.0,
424.324577861,0.783558022163,0.233926691987,0.681909450319,0.10387968135,1.55231944192,5.4052532833,0.233926691987,980.227084646,3.0,
631.082082552,0.735520475796,0.217009018301,0.675248877394,0.0967720014882,1.57525411441,6.66275797373,0.217009018301,1198.08580503,3.0,
515.22326454,0.776568709941,0.24267703079,0.69047485827,0.0945833740463,1.52224724569,5.66979362101,0.24267703079,1152.97920986,3.0,
600.408067542,0.756381050938,0.229817944377,0.684723141763,0.0956726666532,1.53332618051,6.40712945591,0.229817944377,1232.26881541,3.0,
519.995309568,0.769331634915,0.229067299332,0.680024834776,0.0963103945567,1.55997672028,5.80018761726,0.229067299332,1127.14916364,3.0,
376.44043152,0.821722410604,0.2370982333,0.69613276323,0.0980399930843,1.50344776223,5.04268292683,0.2370982333,1072.08675346,3.0,
477.312382739,0.78655201679,0.244289641626,0.700227857567,0.10099407772,1.48499219938,5.30206378987,0.244289641626,1118.10000629,3.0,
448.432457786,0.793373154489,0.229196220199,0.682171189283,0.0954841001836,1.552104555,5.52814258912,0.229196220199,1085.12632199,3.0,
515.264540338,0.757978207239,0.238265561145,0.708320419582,0.104092666463,1.43983878216,5.39212007505,0.238265561145,1064.50029656,3.0,
493.685741088,0.76057885562,0.232219040512,0.69470336347,0.0966027123425,1.49864178891,5.55065666041,0.232219040512,1030.99862455,3.0,
494.691369606,0.755058397328,0.251870452569,0.694399501507,0.0924207017653,1.5034403805,5.55440900563,0.251870452569,1009.81491958,3.0,
458.49249531,0.775839071998,0.222562735622,0.681297295548,0.0981788189458,1.56094431629,5.56566604128,0.222562735622,1022.68602159,3.0,
548.271106942,0.765386216113,0.228603976219,0.67062793948,0.0919535952546,1.56379900329,6.29080675422,0.228603976219,1168.45459345,3.0,
367.174484053,0.827998965411,0.230698390293,0.693979035098,0.0974462580002,1.52111359949,4.9512195122,0.230698390293,1067.36126597,3.0,
484.217636023,0.754828260128,0.238720964205,0.694270349426,0.0962606465075,1.50428667926,5.27298311445,0.238720964205,987.507035427,3.0,
479.031894934,0.792895763604,0.235783944468,0.682142796912,0.0942097697847,1.54989465185,5.70356472795,0.235783944468,1156.49950786,3.0,
566.194183865,0.750808906804,0.228721457008,0.680636008837,0.0922703410479,1.5605227099,6.26923076923,0.228721457008,1136.06424813,3.0,
536.048780488,0.768458465075,0.237411955408,0.676396059352,0.0887097621989,1.56361241449,5.89774859287,0.237411955408,1157.56505774,3.0,
645.144465291,0.711531200405,0.239289448025,0.682637993499,0.0889605554043,1.56105057916,6.48592870544,0.239289448025,1118.22225869,3.0,
481.202626642,0.770659279602,0.232157000095,0.680275924919,0.0967179819307,1.55504262152,5.66322701689,0.232157000095,1049.09984107,3.0,
375.658536585,0.8182025791,0.238591163333,0.690800655487,0.0942816125397,1.52484187218,5.1669793621,0.238591163333,1033.1789492,3.0,
507.752345216,0.797820988357,0.232214200479,0.662133331301,0.0874690564151,1.61780963203,6.15196998124,0.232214200479,1255.6999391,3.0,
429.920262664,0.81674397863,0.23403713273,0.686383633158,0.0977254919162,1.5410062193,5.42401500938,0.23403713273,1173.00446515,3.0,
577.520637899,0.776954527903,0.233336648022,0.66910511341,0.085272549035,1.57717136706,6.36022514071,0.233336648022,1294.62533462,3.0,
586.951219512,0.747929025957,0.222394654492,0.666271567487,0.0910015386448,1.5842393612,6.48311444653,0.222394654492,1164.25784789,3.0,
498.606003752,0.780914692838,0.246459736209,0.698838390519,0.0917457569023,1.49937583867,5.67823639775,0.246459736209,1137.92661455,3.0,
429.523452158,0.802164105294,0.231008592378,0.695206536762,0.0981483711,1.51163074489,5.36397748593,0.231008592378,1085.55490599,3.0,
504.278611632,0.772589182672,0.24036305524,0.673614043648,0.0908557319866,1.52196743191,5.97748592871,0.24036305524,1108.73927977,3.0,
430.693245779,0.80450206438,0.242505869639,0.689128134539,0.0911459061774,1.54243852387,5.32833020638,0.242505869639,1101.52888421,3.0,
417.579737336,0.800049578741,0.234521575985,0.702255780487,0.103850049182,1.49422029767,5.16322701689,0.234521575985,1044.20819598,3.0,
338.977485929,0.855919821429,0.233953972171,0.676306814454,0.0943184371918,1.55344282498,4.80675422139,0.233953972171,1176.35017283,3.0,
335.738273921,0.849138659549,0.244783324944,0.694741704072,0.087894928263,1.53866013901,4.7382739212,0.244783324944,1112.73793842,3.0,
484.263602251,0.772209882369,0.231112433076,0.676749954685,0.0966708556661,1.58195064247,5.65009380863,0.231112433076,1062.96007765,3.0,
442.613508443,0.79473538721,0.232835484654,0.666827708436,0.0964577698566,1.5885693372,5.56285178236,0.232835484654,1078.15346841,3.0,
537.986866792,0.764305654425,0.224371147774,0.673038596798,0.0941736705117,1.61381095834,6.33583489681,0.224371147774,1141.28080901,3.0,
602.877110694,0.771704329974,0.236633150175,0.676782981556,0.0880216411146,1.5538845458,6.25984990619,0.236633150175,1320.38665172,3.0,
554.305816135,0.786175032563,0.236033426145,0.673913645395,0.0876811336355,1.575810517,6.40806754221,0.236033426145,1296.16719408,3.0,
638.472795497,0.728938270228,0.236794191257,0.682554639389,0.0941375894239,1.53671108431,6.51125703565,0.236794191257,1177.7258192,3.0,
531.875234522,0.745817767394,0.241195100831,0.681314595425,0.0904464904579,1.53436323832,6.09193245779,0.241195100831,1046.24786137,3.0,
505.782363977,0.766417789111,0.2299701854,0.668088870377,0.082118082984,1.61748749417,6.32082551595,0.2299701854,1082.66456177,3.0,
620.652908068,0.761643424561,0.218919951142,0.659216668931,0.0887624323848,1.65244717455,6.57598499062,0.218919951142,1301.94207339,3.0,
385.062851782,0.824098479935,0.232032919261,0.686461868872,0.0921801465219,1.5382128771,5.16885553471,0.232032919261,1094.54100124,3.0,
491.132270169,0.792137273165,0.23898364597,0.687482226018,0.0899057594194,1.54074347655,5.63320825516,0.23898364597,1181.38609467,3.0,
664.759849906,0.743906682726,0.227521128942,0.668075647613,0.0852212554319,1.60460200282,6.94746716698,0.227521128942,1307.85452534,3.0,
553.348030019,0.741731161573,0.231766717472,0.666257277312,0.083927318759,1.60947597882,6.32176360225,0.231766717472,1071.26363635,3.0,
342.423076923,0.834796995001,0.231577956204,0.692062226371,0.0989770383822,1.52141504689,4.67729831144,0.231577956204,1036.37060635,3.0,
589.134146341,0.755119611197,0.241662823974,0.680978465583,0.0918297894623,1.54241930946,6.58067542214,0.241662823974,1202.90185184,3.0,
327.823639775,0.834955862175,0.228514655618,0.685681384372,0.0876648702357,1.57555846702,4.88555347092,0.228514655618,993.139302296,3.0,
518.582551595,0.780374788023,0.243131993847,0.66974411946,0.0803088237509,1.58422650623,6.22795497186,0.243131993847,1180.60797057,3.0,
417.28424015,0.808286312254,0.239265247862,0.67758238277,0.0937003491993,1.554804679,5.31988742964,0.239265247862,1088.30059308,3.0,
628.483114447,0.739084871179,0.195295312384,0.644718783476,0.0978036315792,1.70759854043,6.84052532833,0.195295312384,1210.48472024,4.0,
772.746716698,0.711546118051,0.190012636885,0.652688487248,0.100834828195,1.68002859192,7.51876172608,0.190012636885,1345.06653461,4.0,
523.559099437,0.787369727545,0.213267233156,0.669054935802,0.0973026906534,1.57615005953,5.86866791745,0.213267233156,1236.64846932,4.0,
726.242026266,0.727545290201,0.197188205105,0.652234525926,0.0943982105439,1.67125206261,7.06941838649,0.197188205105,1339.1701344,4.0,
439.022514071,0.796720899346,0.204411293644,0.676127939967,0.109866805575,1.58020466032,5.30487804878,0.204411293644,1092.26341855,4.0,
547.387898687,0.769222701126,0.210384773786,0.665652722594,0.0989602287096,1.61186280654,5.97795497186,0.210384773786,1192.33484957,4.0,
713.132739212,0.721612677627,0.192832175832,0.654758082775,0.0991548112722,1.67952575541,7.23311444653,0.192832175832,1286.60750884,4.0,
739.865384615,0.736011289237,0.205141258549,0.665134347591,0.0976238668917,1.60783111681,6.93574108818,0.205141258549,1407.55921345,4.0,
805.575984991,0.657759064263,0.199122898106,0.675944997979,0.108553128014,1.58065638554,7.17073170732,0.199122898106,1183.17849754,4.0,
756.970450281,0.707753540858,0.190447799809,0.648031961503,0.0984767268575,1.67908068279,7.29596622889,0.190447799809,1301.27405194,4.0,
584.662288931,0.737102909107,0.216600255554,0.672315845303,0.0980585446773,1.56079786551,6.14071294559,0.216600255554,1118.75384387,4.0,
596.166041276,0.763146482625,0.204512494324,0.645961997474,0.090949088576,1.67064066496,6.47279549719,0.204512494324,1258.51211306,4.0,
396.024390244,0.847179016403,0.212258306376,0.656853663476,0.0927851614898,1.63943160222,5.43996247655,0.212258306376,1295.71339263,4.0,
608.923076923,0.778728932924,0.205325179785,0.650753714741,0.0908011159768,1.67654952035,6.81238273921,0.205325179785,1375.96633163,4.0,
466.620075047,0.808574662141,0.202613001559,0.651882548638,0.0951815914141,1.64832422542,5.70262664165,0.202613001559,1218.80436589,4.0,
661.761257036,0.731234993805,0.201405633446,0.648295347062,0.0936679939574,1.70967744315,6.88977485929,0.201405633446,1237.46250432,4.0,
525.542213884,0.794273765997,0.199634621545,0.635646014793,0.0873514285147,1.7300284297,6.47842401501,0.199634621545,1277.2853604,4.0,
506.170731707,0.800018420142,0.206785989602,0.652772640155,0.0915919520266,1.70019534379,6.25984990619,0.206785989602,1265.54338671,4.0,
662.977485929,0.762321913289,0.194975870238,0.644488993939,0.0920239942579,1.69811060985,6.96247654784,0.194975870238,1394.69627828,4.0,
591.692307692,0.797536286217,0.196467480261,0.631878466434,0.0927300182287,1.71836987253,6.72889305816,0.196467480261,1461.23050061,4.0,
469.262664165,0.817339315663,0.222009211902,0.660759438444,0.0868245035053,1.63888665795,5.70262664165,0.222009211902,1284.52016336,4.0,
430.742964353,0.815419811459,0.204230012426,0.66073023208,0.102219290803,1.64685968717,5.63320825516,0.204230012426,1166.81797694,4.0,
527.722326454,0.790956843049,0.203214045598,0.654210529609,0.0921583815593,1.67691860667,6.07692307692,0.203214045598,1262.23296221,4.0,
642.031894934,0.779895725279,0.20824547941,0.641364407093,0.0883187768199,1.68005231592,7.04502814259,0.20824547941,1458.47211679,4.0,
796.242964353,0.73101977456,0.194935829969,0.630390782845,0.0884694670573,1.71920525115,8.12570356473,0.194935829969,1480.11431519,4.0,
455.691369606,0.80142980854,0.194232265241,0.660923368915,0.1032718708,1.57825667373,5.83771106942,0.194232265241,1147.43146052,4.0,
419.728893058,0.795742336426,0.197107244561,0.669108963208,0.111623081318,1.62671725867,5.43996247655,0.197107244561,1027.44955982,4.0,
668.135084428,0.742188317796,0.191913889661,0.655607727826,0.100635635039,1.65557386957,6.95403377111,0.191913889661,1295.78124373,4.0,
439.454971857,0.809347042547,0.198563654348,0.668670958138,0.104560322894,1.61585846027,5.70262664165,0.198563654348,1159.50633934,4.0,
537.938086304,0.755826683096,0.209311606574,0.682154465657,0.0986857030314,1.56433980539,6.01031894934,0.209311606574,1102.859854,4.0,
489.675422139,0.775069448139,0.199180978496,0.677305779034,0.11058801085,1.58165382104,5.59099437148,0.199180978496,1088.50358052,4.0,
386.739212008,0.80663280063,0.21268158922,0.677719689626,0.109228705818,1.56880542677,4.86022514071,0.21268158922,1000.01244592,4.0,
533.65478424,0.782183486207,0.207805916456,0.659430221001,0.10273829437,1.62032828091,5.97842401501,0.207805916456,1225.00992911,4.0,
376.41369606,0.816645877543,0.205542101243,0.677604074092,0.102487230415,1.59185696159,5.32270168856,0.205542101243,1026.46641105,4.0,
486.725140713,0.761458084092,0.212898510678,0.66704317329,0.100799274428,1.60370680349,5.89868667917,0.212898510678,1020.20883596,4.0,
468.970919325,0.797543582073,0.207778636272,0.667432216023,0.100569957142,1.62272589157,5.72983114447,0.207778636272,1158.20215562,4.0,
453.260787992,0.810116461791,0.20438841349,0.664223469494,0.0947476049507,1.64183363932,5.66791744841,0.20438841349,1193.52312546,4.0,
651.635084428,0.724644837723,0.211518661405,0.668903853098,0.0950032639032,1.61982249841,6.45966228893,0.211518661405,1183.26287955,4.0,
436.590994371,0.817283564778,0.196597281134,0.657111955906,0.0989569857694,1.65863304029,5.65478424015,0.196597281134,1194.72283334,4.0,
580.107879925,0.739784631668,0.201987317355,0.678946746612,0.102882709189,1.58763507124,6.43527204503,0.201987317355,1114.66875235,4.0,
740.994371482,0.688532385584,0.201343153026,0.666736621507,0.107881148018,1.61244068654,7.08442776735,0.201343153026,1189.52073536,4.0,
552.042213884,0.739643447143,0.199228938818,0.671273569475,0.100104533809,1.62769859159,6.25046904315,0.199228938818,1060.16577617,4.0,
623.887429644,0.726241890008,0.196081157665,0.666147502497,0.108741241595,1.61334593075,6.38461538462,0.196081157665,1139.48666153,4.0,
542.864915572,0.779716208995,0.207077271559,0.672831414376,0.105108593627,1.57327372707,5.99718574109,0.207077271559,1232.19441861,4.0,
381.312382739,0.804526639964,0.20827231959,0.664343817017,0.10420252188,1.60936239836,5.3564727955,0.20827231959,983.815592781,4.0,
540.030956848,0.758264506502,0.19967114179,0.666286491776,0.102433164318,1.61984232887,5.96247654784,0.19967114179,1116.98730921,4.0,
515.433395872,0.768335494716,0.212394267289,0.678523181647,0.103171523189,1.57275831275,6.01500938086,0.212394267289,1124.95493996,4.0,
420.317073171,0.815266226722,0.203440207118,0.674086266013,0.10315326907,1.60008935751,5.4990619137,0.203440207118,1137.62921017,4.0,
513.245778612,0.776535878242,0.191298765528,0.662224090346,0.102314558636,1.67102133508,6.22983114447,0.191298765528,1148.38519619,4.0,
393.954971857,0.813857771802,0.204170172024,0.675978113692,0.103580981883,1.60298402837,5.26829268293,0.204170172024,1058.20956285,4.0,
707.450281426,0.726918722745,0.18066521407,0.629671145886,0.0946067258249,1.76682463567,7.45403377111,0.18066521407,1304.41329236,5.0,
536.576923077,0.77996430397,0.178693120818,0.644635551207,0.106959714117,1.68946532851,6.3105065666,0.178693120818,1222.71857389,5.0,
664.066604128,0.715198422894,0.183054870129,0.650769310881,0.101415716667,1.6627041051,6.79737335835,0.183054870129,1169.33715601,5.0,
562.048780488,0.78496106317,0.177167630566,0.643607350661,0.100858013394,1.72294559119,6.15103189493,0.177167630566,1310.53094123,5.0,
769.601313321,0.700276711868,0.173014442657,0.643486823512,0.110403896642,1.72067431331,7.31988742964,0.173014442657,1287.58763517,5.0,
740.941369606,0.7379883107,0.181216977778,0.640754968488,0.0967824300859,1.73652563377,7.31660412758,0.181216977778,1417.66192686,5.0,
650.650562852,0.756327932848,0.186256331643,0.621293830211,0.0922844357765,1.75327168511,7.19934333959,0.186256331643,1339.95985727,5.0,
532.146810507,0.783174806509,0.194863669484,0.640787035472,0.0904349897323,1.72173854464,6.69465290807,0.194863669484,1234.09291746,5.0,
500.359287054,0.817619284787,0.193486900232,0.631240598123,0.0864437984131,1.74209038768,6.29737335835,0.193486900232,1376.04629799,5.0,
474.927298311,0.787543362725,0.192224531749,0.640118425931,0.0960123053886,1.69601921571,5.91416510319,0.192224531749,1121.64089934,5.0,
582.162757974,0.770987592375,0.184090637089,0.636685250982,0.0949777063297,1.72477845328,6.68058161351,0.184090637089,1275.39567755,5.0,
419.82739212,0.800485272229,0.194699988384,0.646407536882,0.0955062799336,1.67237656175,5.65384615385,0.194699988384,1056.34417185,5.0,
573.797842402,0.781147070626,0.191952609922,0.632669711242,0.0893216529732,1.73188598359,6.68058161351,0.191952609922,1315.53711958,5.0,
567.897748593,0.776140284492,0.186829655495,0.630158071848,0.0949297819678,1.71672199271,6.60787992495,0.186829655495,1272.74492787,5.0,
742.159474672,0.734057117084,0.186666414398,0.625562876803,0.0821012832195,1.7516017178,7.67354596623,0.186666414398,1399.64991869,5.0,
753.674015009,0.730763782211,0.187637060921,0.618361396643,0.0868764882036,1.78379795153,7.92729831144,0.187637060921,1404.49710154,5.0,
501.840994371,0.800981164308,0.182255824759,0.621087436087,0.0899865171859,1.77176906182,6.42073170732,0.182255824759,1265.10850764,5.0,
598.586772983,0.755268980796,0.187281098529,0.637151465422,0.097652540051,1.71163673277,6.56238273921,0.187281098529,1227.15645455,5.0,
659.033771107,0.753513700811,0.178142677119,0.613589773992,0.086041660128,1.80620066679,7.20919324578,0.178142677119,1341.21029149,5.0,
466.179643527,0.805904105501,0.191621287695,0.644295903867,0.0949285967791,1.72510284806,6.00797373358,0.191621287695,1205.54803474,5.0,
502.295966229,0.799632879393,0.184568920303,0.630759817823,0.0955821336143,1.76516493391,5.96763602251,0.184568920303,1258.92476241,5.0,
554.535178236,0.793767197874,0.187697781329,0.637981437759,0.0943923327346,1.72302790633,6.49390243902,0.187697781329,1357.81095344,5.0,
607.162288931,0.747079842177,0.188692628014,0.638982545524,0.0935036165692,1.70100349794,6.7617260788,0.188692628014,1205.04859943,5.0,
636.272514071,0.767814315536,0.180622533783,0.622687995824,0.0850537200954,1.78926012944,7.14024390244,0.180622533783,1375.52261753,5.0,
478.027673546,0.799659317943,0.180652893987,0.626182345214,0.0924675748244,1.7755690197,6.37101313321,0.180652893987,1198.26627818,5.0,
475.409005629,0.820780998481,0.179599086906,0.616036979326,0.0882993328871,1.82100579054,6.49061913696,0.179599086906,1332.30363108,5.0,
609.67260788,0.791978948541,0.193035457198,0.637397163313,0.0934714539069,1.71101652064,6.79268292683,0.193035457198,1470.86869344,5.0,
507.039399625,0.783964076006,0.217098778904,0.653209688137,0.0913980599871,1.66275009477,6.06472795497,0.217098778904,1178.83428609,5.0,
512.084896811,0.80808504995,0.18778578192,0.62431035145,0.0836016815753,1.76773137455,6.46200750469,0.18778578192,1341.79068163,5.0,
579.26782364,0.792431872305,0.188416746161,0.634041507797,0.0915299005063,1.73396907927,6.69090056285,0.188416746161,1401.13380649,5.0,
624.038930582,0.754916248443,0.200478547216,0.636121945915,0.0865872857095,1.72630961741,6.87570356473,0.200478547216,1278.32704655,5.0,
834.748123827,0.718565414405,0.178746361176,0.625700183276,0.0954955979813,1.78063421492,7.77908067542,0.178746361176,1488.42480553,5.0,
575.326454034,0.820480509745,0.181032616539,0.625681720025,0.0906170675642,1.77896674318,6.74296435272,0.181032616539,1602.40666129,5.0,
641.046904315,0.772962262028,0.187787981935,0.632708268431,0.0983237133451,1.7096743595,7.13696060038,0.187787981935,1417.16692656,5.0,
707.521575985,0.768866352969,0.17577678122,0.620959797492,0.0905203361072,1.77364405352,7.4052532833,0.17577678122,1539.43446838,5.0,
560.59380863,0.769838148093,0.171991875785,0.628632022414,0.100333339253,1.76367849581,6.55534709193,0.171991875785,1223.35925515,5.0,
413.474202627,0.834678309175,0.206150625332,0.653983974737,0.0929715136385,1.66781929656,5.57926829268,0.206150625332,1256.50690898,5.0,
680.055816135,0.747800673986,0.199833502881,0.655255346659,0.0982478153562,1.7034416015,6.78752345216,0.199833502881,1362.36968988,5.0,
652.62945591,0.767623067866,0.176663827181,0.626800204342,0.0992244524623,1.75982352166,7.19699812383,0.176663827181,1409.55379278,5.0,
614.799718574,0.75577976863,0.188927589593,0.635445697468,0.0972566902548,1.70947749565,6.90666041276,0.188927589593,1273.33049442,5.0,
404.225140713,0.832384927249,0.216788136816,0.668899000015,0.0923368356247,1.59301730306,5.27110694184,0.216788136816,1219.14662659,5.0,
548.155722326,0.791544810275,0.194148224676,0.647553665874,0.0956181034113,1.70662803681,6.45028142589,0.194148224676,1320.65289927,5.0,
636.547373358,0.761547424101,0.192282172136,0.647205850283,0.0999323807787,1.68116764024,6.70778611632,0.192282172136,1340.06816069,5.0,
540.648686679,0.7816273783,0.192030490445,0.616115375391,0.0827322643669,1.78522939284,6.63461538462,0.192030490445,1244.57477504,5.0,
511.037992495,0.812559685814,0.197153444871,0.628998150606,0.0881646831572,1.73849986953,6.5595684803,0.197153444871,1369.82762736,5.0,
525.607879925,0.797589295761,0.192314732355,0.632811336184,0.0931812571874,1.73393105284,6.36116322702,0.192314732355,1304.81195154,5.0,
552.962007505,0.786165955653,0.18475152153,0.638247048627,0.0892709852939,1.70146438273,6.5830206379,0.18475152153,1307.56206775,5.0,
458.117260788,0.793328826083,0.186507133328,0.646165250967,0.110230893044,1.66523765551,5.77673545966,0.186507133328,1114.41692832,5.0,
400.470919325,0.820356243678,0.200632108248,0.658921833928,0.0992185983449,1.63701634877,5.26735459662,0.200632108248,1121.43321437,5.0,
874.62945591,0.714043266878,0.171417671927,0.617564750513,0.0942686967713,1.7791922253,8.18198874296,0.171417671927,1541.53632224,5.0,
554.250469043,0.816530061147,0.251869572564,0.634140266532,0.0598768376431,1.69656426017,7.22514071295,0.251869572564,1521.85644024,6.0,
432.037054409,0.801015901143,0.262397523311,0.686481496079,0.0793037375929,1.5214535398,5.40009380863,0.262397523311,1095.28757653,6.0,
572.666510319,0.757275350078,0.252336415701,0.671422584822,0.0757922622841,1.57020454314,6.7743902439,0.252336415701,1190.57879556,6.0,
671.902439024,0.726378107702,0.257558810795,0.676698308102,0.0807461318054,1.54885686343,6.67542213884,0.257558810795,1240.44840107,6.0,
517.549718574,0.789147137246,0.263253769065,0.680130444344,0.07216414504,1.54943794829,6.38930581614,0.263253769065,1236.49681174,6.0,
482.513133208,0.794663430403,0.258119374562,0.683936362713,0.0809765408175,1.53215430559,5.87242026266,0.258119374562,1189.98253298,6.0,
612.439493433,0.738471157726,0.258600737797,0.673525223244,0.0738766250329,1.53016335398,6.91979362101,0.258600737797,1179.47357304,6.0,
517.289399625,0.742862024144,0.271183942356,0.685122293442,0.0721380813003,1.48527367687,5.95731707317,0.271183942356,1020.15122687,6.0,
631.458255159,0.741991087291,0.270159615473,0.686583280376,0.0753049556828,1.49386946565,6.71341463415,0.270159615473,1237.86622816,6.0,
722.503752345,0.701143719307,0.263854813104,0.680166757089,0.0771197092276,1.52292123642,7.31707317073,0.263854813104,1223.69827347,6.0,
467.213414634,0.803111856604,0.267275396091,0.687199306765,0.0791592026917,1.49286895586,5.57457786116,0.267275396091,1203.3399558,6.0,
480.955440901,0.788583351123,0.251115847498,0.663096282025,0.0860383105809,1.55353158234,5.94230769231,0.251115847498,1148.50579885,6.0,
503.775797373,0.79798198491,0.249669117776,0.672256713662,0.0785149315803,1.56326861216,6.25515947467,0.249669117776,1261.86818215,6.0,
488.209662289,0.790317830944,0.268329203172,0.691397682102,0.08201074024,1.47846883131,5.87101313321,0.268329203172,1181.21321251,6.0,
523.805816135,0.751979705947,0.263060167764,0.691892848663,0.0787085044789,1.48798087596,5.6191369606,0.263060167764,1067.16985082,6.0,
577.47467167,0.754907656015,0.255161674686,0.667640245603,0.0715119481722,1.56567052636,6.64821763602,0.255161674686,1188.45376823,6.0,
554.735928705,0.781058288255,0.244522403191,0.660256626059,0.0831463818487,1.58322362417,6.83818011257,0.244522403191,1278.71699719,6.0,
605.955440901,0.731408239922,0.2552232751,0.67219058707,0.0763586925105,1.55073653526,6.8447467167,0.2552232751,1140.39739599,6.0,
519.051594747,0.766838961264,0.251576090591,0.670193725341,0.0899891774354,1.54088791035,6.09943714822,0.251576090591,1124.93631309,6.0,
612.900093809,0.777978371078,0.256680564893,0.681747967733,0.0810340054219,1.54754746366,6.49859287054,0.256680564893,1393.23798907,6.0,
726.75750469,0.701812228651,0.253448743176,0.668633022264,0.0755737465551,1.54254468524,7.43386491557,0.253448743176,1232.58596079,6.0,
755.228893058,0.678337334618,0.250656924415,0.677467197803,0.0838333536243,1.54412076139,7.27392120075,0.250656924415,1186.9042833,6.0,
456.73358349,0.812080204397,0.261845759604,0.685922943212,0.0800946382223,1.54291462306,5.67260787992,0.261845759604,1228.03232526,6.0,
539.916041276,0.786085621751,0.252982340041,0.667996446672,0.0750081879401,1.53916593428,6.32692307692,0.252982340041,1277.53976686,6.0,
596.720450281,0.732010563576,0.254453269926,0.674221435775,0.0825915070429,1.53605318048,6.62945590994,0.254453269926,1130.08243279,6.0,
456.166979362,0.799516279133,0.258699298459,0.687832319109,0.0833019270946,1.51731002924,5.49624765478,0.258699298459,1153.20588288,6.0,
628.511726079,0.740011022141,0.250126720852,0.675231379044,0.0792342207672,1.55138791634,6.74155722326,0.250126720852,1226.04325125,6.0,
494.856472795,0.771576604951,0.263262569124,0.670133494405,0.0748950332373,1.53583538455,6.15572232645,0.263262569124,1100.06071535,6.0,
621.41369606,0.744372155372,0.24480356508,0.660585720237,0.0822165148714,1.61161439352,6.85084427767,0.24480356508,1232.48709317,6.0,
610.476078799,0.758466523784,0.261464717043,0.682839024688,0.0794456045297,1.53007995689,6.80722326454,0.261464717043,1282.47761248,6.0,
390.758442777,0.819840754847,0.256694644988,0.683037189642,0.0853405071528,1.54178413336,5.26594746717,0.256694644988,1099.50428458,6.0,
499.996247655,0.755906337235,0.245053486759,0.671601218215,0.0838619620094,1.5601927293,6.05065666041,0.245053486759,1040.75500701,6.0,
499.364446529,0.744098697601,0.260731672117,0.686349998849,0.0846089852255,1.48604152661,5.57176360225,0.260731672117,992.180344727,6.0,
516.756566604,0.763584429889,0.271465104246,0.692417525054,0.0762947295079,1.5153234509,5.77814258912,0.271465104246,1109.8750764,6.0,
518.358818011,0.789913323519,0.260809112637,0.686597912475,0.0871669101188,1.48016995453,5.61397748593,0.260809112637,1250.07986235,6.0,
466.642589118,0.801793372809,0.265262822566,0.682861623581,0.0745434065925,1.52443479788,5.75891181989,0.265262822566,1188.46725476,6.0,
540.146341463,0.756974230873,0.266331589748,0.687623303503,0.0806466650483,1.50293643065,6.11538461538,0.266331589748,1129.83861418,6.0,
406.520168856,0.824341414714,0.261858519689,0.680228177362,0.0784361894866,1.5373153432,5.42166979362,0.261858519689,1167.87768649,6.0,
547.834896811,0.762165274796,0.25943894343,0.679730522148,0.0795430247956,1.54618399085,6.06566604128,0.25943894343,1162.20635721,6.0,
703.295028143,0.726744283669,0.260393749846,0.675676736529,0.0821800788282,1.55390539557,7.22373358349,0.260393749846,1304.97610811,6.0,
601.303939962,0.773364046968,0.267543357891,0.676798858286,0.076666078893,1.54304634203,6.61069418386,0.267543357891,1337.90038267,6.0,
471.531425891,0.789621392279,0.263938853669,0.681730988552,0.0780554872267,1.50943561527,5.845684803,0.263938853669,1132.15947253,6.0,
555.3630394,0.773413412905,0.262258482377,0.678035944112,0.0770557517746,1.54682321716,6.4521575985,0.262258482377,1237.13571869,6.0,
558.475609756,0.768305148624,0.27060709848,0.694817502061,0.0879536255167,1.50142408735,6.12570356473,0.27060709848,1217.43348145,6.0,
615.579268293,0.745186939731,0.254840472528,0.677032688317,0.0831521177091,1.54261210418,6.5351782364,0.254840472528,1212.66848423,6.0,
529.155253283,0.76585338055,0.262300282658,0.682102498389,0.0789611135695,1.54080161203,6.22185741088,0.262300282658,1134.82537234,6.0,
666.786116323,0.75991625129,0.250090200606,0.679675761818,0.0820061476247,1.56937237625,6.76547842402,0.250090200606,1400.15878827,6.0,
440.016885553,0.817305449754,0.2566070844,0.681033357684,0.0857886057541,1.55457218228,5.5234521576,0.2566070844,1208.99093154,6.0,
593.699812383,0.742987411338,0.262262002401,0.67636462959,0.0779661804072,1.54899512124,6.30769230769,0.262262002401,1166.79297179,6.0,
576.697467167,0.772685407438,0.255662838054,0.684610050827,0.0771304490208,1.56595217251,6.47607879925,0.255662838054,1273.46221986,6.0,
471.969512195,0.808003673831,0.255257595331,0.670461353712,0.0753094741424,1.54433653854,5.8203564728,0.255257595331,1255.53037698,7.0,
696.961069418,0.710274846306,0.23728875458,0.668669202952,0.0932907950471,1.5786086239,6.97983114447,0.23728875458,1229.29270828,7.0,
540.609287054,0.769909569613,0.236885271869,0.69049787068,0.0909417649673,1.52491614048,5.75562851782,0.236885271869,1199.88904429,7.0,
745.621482176,0.711327987636,0.23039434825,0.655597671828,0.0819316541785,1.61841403442,7.80440900563,0.23039434825,1318.19590147,7.0,
642.787992495,0.746825745696,0.234539176103,0.663876345196,0.0885052712123,1.59648256305,6.58067542214,0.234539176103,1290.71240989,7.0,
517.282363977,0.788044366426,0.249584197206,0.676960900522,0.0794401188717,1.56799451206,6.1191369606,0.249584197206,1242.78405535,7.0,
864.769230769,0.678311171708,0.240437855742,0.667470218335,0.0797143458296,1.58725695814,7.95497185741,0.240437855742,1367.09888802,7.0,
527.161819887,0.758371661554,0.239187807342,0.676319382999,0.0865990012615,1.56479898383,6.0830206379,0.239187807342,1110.68885218,7.0,
689.092870544,0.725296761551,0.240515296263,0.671157052734,0.0927446536192,1.56553080391,6.99343339587,0.240515296263,1278.5451256,7.0,
516.558161351,0.769272382126,0.239986852712,0.68768299466,0.0916950314865,1.51634814614,5.80112570356,0.239986852712,1141.72373116,7.0,
554.498123827,0.758890183255,0.245900492451,0.676154135422,0.0805061126111,1.57815244363,6.1425891182,0.245900492451,1176.14687849,7.0,
548.759380863,0.786937102576,0.240968499308,0.675753131932,0.0846513184353,1.56750784466,5.86069418386,0.240968499308,1309.28228021,7.0,
684.048311445,0.7122543966,0.241756104601,0.676785660324,0.0821317654728,1.58656679441,6.81472795497,0.241756104601,1216.00279869,7.0,
543.660881801,0.775041794239,0.235402461905,0.672174129429,0.0852416575591,1.59408056748,6.05581613508,0.235402461905,1229.17445529,7.0,
507.553470919,0.775895977902,0.26008178775,0.689630440946,0.081758276855,1.51657579623,5.98123827392,0.26008178775,1151.01314971,7.0,
544.537992495,0.770611037112,0.246222574616,0.663654026295,0.0737764632081,1.59942183659,6.43667917448,0.246222574616,1209.2061124,7.0,
527.123827392,0.792083262569,0.247831225426,0.678404090075,0.08641338653,1.55911322223,6.04221388368,0.247831225426,1289.19564115,7.0,
430.476547842,0.800279412122,0.247400022528,0.678686898577,0.0875282195603,1.54892786746,5.4512195122,0.247400022528,1094.99916663,7.0,
548.272983114,0.773306454142,0.238555523093,0.67468449928,0.0896097658139,1.59750698001,5.94277673546,0.238555523093,1229.11471669,7.0,
548.791744841,0.767684310754,0.234494295802,0.657890556101,0.0826296430408,1.60043590981,6.75703564728,0.234494295802,1201.02267929,7.0,
672.53564728,0.74048542441,0.226813604187,0.659317346894,0.0864385917588,1.63253189345,6.97936210131,0.226813604187,1314.62567738,7.0,
635.652439024,0.740602722362,0.238326281553,0.676010803743,0.0862971491712,1.57386109905,6.6552532833,0.238326281553,1243.47647134,7.0,
500.130393996,0.781362475085,0.246238414722,0.670947025582,0.0796702585182,1.58640578263,6.06941838649,0.246238414722,1161.71671884,7.0,
644.472795497,0.773151684338,0.229405661606,0.657746884513,0.0822118900294,1.65126606131,6.90994371482,0.229405661606,1439.08302064,7.0,
559.796435272,0.766814201908,0.245118607197,0.679079414749,0.088083581348,1.54860964859,6.06378986867,0.245118607197,1219.72903034,7.0,
701.124296435,0.751722723125,0.18537940575,0.624773862979,0.0916846428458,1.75500701683,7.23030018762,0.18537940575,1431.1279934,7.0,
451.182457786,0.80044096246,0.239500209441,0.670299005737,0.0867300561889,1.58244867137,5.64212007505,0.239500209441,1148.19854941,7.0,
636.501407129,0.76368423949,0.23636606838,0.661038840783,0.0835393100916,1.58521653373,6.77251407129,0.23636606838,1364.83192883,7.0,
675.862570356,0.728837539493,0.228551175864,0.656954058476,0.0859313152185,1.63402156327,7.16275797373,0.228551175864,1264.43368039,7.0,
657.975140713,0.746207526851,0.237009792706,0.664747113041,0.0876670783353,1.5585404829,6.86726078799,0.237009792706,1316.04684189,7.0,
592.244840525,0.769455169381,0.230114066367,0.675932635548,0.0892067197668,1.60838828051,6.27204502814,0.230114066367,1296.82622457,7.0,
533.928705441,0.797213047685,0.250372682504,0.692901330493,0.089698574697,1.52167349725,5.9765478424,0.250372682504,1330.68677158,7.0,
663.850844278,0.727972326322,0.225728556896,0.658746986108,0.0888962890737,1.6013234433,6.89962476548,0.225728556896,1235.93155578,7.0,
618.338649156,0.711708263056,0.239015766186,0.66873834274,0.0856640033268,1.59243374439,6.48123827392,0.239015766186,1086.55011546,7.0,
453.494371482,0.812042774448,0.25275749853,0.685309772149,0.07864072042,1.52849549081,5.64915572233,0.25275749853,1220.58571698,7.0,
703.834896811,0.70797928313,0.240581296706,0.687600763355,0.0865967819274,1.55963232511,6.51031894934,0.240581296706,1217.45428655,7.0,
451.505159475,0.805124580338,0.237670677147,0.667462750215,0.0853647357061,1.60231543166,5.97045028143,0.237670677147,1170.32470926,7.0,
673.780956848,0.733703836127,0.241715624329,0.679903149969,0.0853004647398,1.5379302516,6.68245778612,0.241715624329,1273.43608765,7.0,
508.02532833,0.772818741356,0.236800791301,0.669802710328,0.0849769555989,1.58425985633,6.11350844278,0.236800791301,1126.15321673,7.0,
551.523452158,0.777444198395,0.245045126703,0.680456760403,0.0868462034368,1.56196454391,5.99061913696,0.245045126703,1246.7681609,7.0,
659.098499062,0.73077704902,0.222126252688,0.661029271567,0.0957551669675,1.61829509929,7.05347091932,0.222126252688,1233.97280848,7.0,
524.787054409,0.771560681038,0.230208226999,0.67729581092,0.0898074631332,1.579067083,5.95778611632,0.230208226999,1156.47445871,7.0,
581.398686679,0.766542481226,0.229202820243,0.673232952766,0.08665344831,1.60170805251,6.27673545966,0.229202820243,1253.16266271,7.0,
473.876641651,0.788313029902,0.237693557301,0.669568593607,0.0898250368431,1.5845860339,5.89446529081,0.237693557301,1126.25044424,7.0,
608.786585366,0.785388546086,0.177509512864,0.628445672346,0.0952613657155,1.77406330387,7.12335834897,0.177509512864,1423.8343176,7.0,
506.37195122,0.780179269973,0.236484429175,0.679668296827,0.0907353750263,1.57365430001,5.83911819887,0.236484429175,1158.21485746,7.0,
682.039399625,0.728872185957,0.246364695571,0.693775228492,0.086260658179,1.5176070585,6.62195121951,0.246364695571,1270.95250498,7.0,
544.771106942,0.77919062853,0.227429608327,0.680797225658,0.0923878590954,1.5640982583,6.16979362101,0.227429608327,1241.32952965,7.0,
458.607410882,0.803175894793,0.233272407591,0.689881472406,0.0992532428269,1.52939034588,5.42166979362,0.233272407591,1172.05117504,7.0,
525.964821764,0.761037112648,0.239381848646,0.67924811818,0.0901670536541,1.54203485283,6.02204502814,0.239381848646,1111.11166445,7.0,
