65.448779996,0.995584633403,0.00627174592283,0.565816833617,0.249655673636,2.46302575185,1.98061057191,0.00627174592283,7410.20205182,1.0,
69.6702087553,0.995393706195,0.00719187427174,0.573315002641,0.251063017127,2.40266631312,1.95042829462,0.00719187427174,7561.30916214,1.0,
73.6581709145,0.995290086804,0.00640962931921,0.573381141045,0.252594680372,2.43842447246,1.96018657338,0.00640962931921,7818.18795365,1.0,
63.3874422438,0.995815178454,0.00700911390298,0.574619116054,0.251853462092,2.40494197206,1.86025846726,0.00700911390298,7572.31331132,1.0,
63.0696450021,0.995895618081,0.00654473375472,0.571715566928,0.251325904549,2.42647414925,1.89015579929,0.00654473375472,7681.80356082,1.0,
66.6893746109,0.995621907,0.00724110872766,0.576352839093,0.252252910918,2.38802413028,1.90645028363,0.00724110872766,7615.02906455,1.0,
71.8913438018,0.995229959873,0.00689295135496,0.571468807688,0.250498722452,2.41475755858,1.98948771228,0.00689295135496,7534.4502176,1.0,
63.5601278308,0.995868477633,0.00723599188517,0.579943404735,0.253297156194,2.37867575178,1.83228122781,0.00723599188517,7690.86128722,1.0,
71.4217189651,0.995425348177,0.00794619063476,0.579516086456,0.255471403272,2.41610611293,1.93185863209,0.00794619063476,7805.27494808,1.0,
68.4892203021,0.995374982385,0.00900689351712,0.585918162037,0.254360286304,2.36417258642,1.92513392427,0.00900689351712,7403.31948661,1.0,
76.5305899682,0.994976444644,0.00859458747441,0.584418822733,0.256293100956,2.37071736298,2.00700965307,0.00859458747441,7616.24989666,1.0,
63.1146400484,0.995940124669,0.0081164893993,0.588298450089,0.256524690744,2.39680503259,1.82384684851,0.0081164893993,7772.0230714,1.0,
53.3397467933,0.996345393827,0.00876980629458,0.586798108766,0.255519743693,2.35564609754,1.73402333921,0.00876980629458,7296.77851286,1.0,
63.8884768142,0.995695126114,0.00846544879372,0.582079132733,0.253992443643,2.39597661901,1.93391900541,0.00846544879372,7419.60889619,1.0,
69.2597210167,0.99543109752,0.00839105698376,0.584497642667,0.254462341404,2.39973843735,1.91208781574,0.00839105698376,7578.58626475,1.0,
69.2734685289,0.995530121932,0.00869429794984,0.585543267105,0.257025517125,2.37289589034,1.87600936374,0.00869429794984,7748.0618443,1.0,
63.8567558326,0.995900697116,0.00809182209063,0.590900478166,0.257981476062,2.38268805758,1.80895517154,0.00809182209063,7787.75855673,1.0,
61.1495743356,0.99617949673,0.00888089589281,0.592438886439,0.25735422473,2.3718311738,1.76659038902,0.00888089589281,8001.95896825,1.0,
58.5522282718,0.996228420247,0.0077276765934,0.588533493637,0.258799158113,2.40007723997,1.76652463242,0.0077276765934,7761.28364418,1.0,
71.6783494218,0.995386227381,0.00813263045642,0.589196755922,0.25678151003,2.37821226412,1.92372673312,0.00813263045642,7766.88166947,1.0,
57.5308398432,0.996292248979,0.00871269890409,0.594943114039,0.258512398681,2.34547097514,1.71590520529,0.00871269890409,7757.22624667,1.0,
60.9442077207,0.996050611517,0.00895698598868,0.594590750327,0.257755182574,2.33959975598,1.75876535417,0.00895698598868,7714.75472404,1.0,
60.4539572319,0.996256976761,0.00881484976708,0.588211566158,0.257708442082,2.35938875787,1.78443234523,0.00881484976708,8074.69498053,1.0,
64.4675951498,0.995717309217,0.00852788730144,0.590031565978,0.258478309302,2.34932760748,1.79897332036,0.00852788730144,7525.60581458,1.0,
65.1397283814,0.995796947665,0.00865214943484,0.585393595937,0.25524889738,2.3751742878,1.90212788343,0.00865214943484,7748.17217451,1.0,
76.2301349325,0.995112917604,0.00844810872047,0.583076680048,0.254760884075,2.39756641219,2.02014343705,0.00844810872047,7798.17402008,1.0,
65.1050965745,0.995837250587,0.00841506440308,0.594620373069,0.2570328251,2.38230451592,1.81366334377,0.00841506440308,7819.01269555,1.0,
61.0087193245,0.995902417251,0.00824415317791,0.588026358917,0.254956612516,2.39152026901,1.81789368474,0.00824415317791,7443.59594922,1.0,
64.6154685815,0.995618778009,0.00828770364548,0.582924038551,0.25455043507,2.42567502799,1.91089104571,0.00828770364548,7373.2662798,1.0,
60.4321260422,0.996126808847,0.00943563091599,0.588628881642,0.254601811708,2.35371736401,1.85569495954,0.00943563091599,7800.47565642,1.0,
67.6584164058,0.995436939463,0.00843724439514,0.585782189318,0.254817415269,2.4098475267,1.93914446286,0.00843724439514,7412.81568197,1.0,
63.435799644,0.995716338221,0.00854120746517,0.589155846413,0.255964843494,2.36455245834,1.82029160858,0.00854120746517,7403.52923614,1.0,
73.5379371718,0.995261365264,0.00865144227052,0.590257296448,0.257197601232,2.3621025693,1.9050255574,0.00865144227052,7758.49762733,1.0,
65.372721534,0.995625511866,0.00845320711418,0.588047962811,0.255908634596,2.40375138517,1.87620663353,0.00845320711418,7471.22395608,1.0,
66.9643906117,0.995559648442,0.00997268575521,0.594335974678,0.257495254071,2.31278766502,1.83372787291,0.00997268575521,7539.59293204,1.0,
67.6112119379,0.995513996207,0.0091011553413,0.591283908444,0.255920308543,2.36588928663,1.85592291574,0.0091011553413,7534.99535229,1.0,
79.8783853687,0.99500797158,0.00807412753199,0.587358724021,0.257778917035,2.40823893314,1.97740603383,0.00807412753199,7999.68644642,1.0,
65.2445706971,0.995645329565,0.00812911592782,0.580911259413,0.255256481449,2.42148468965,1.89604320647,0.00812911592782,7490.41566886,1.0,
53.3599647545,0.996542369325,0.00849418882152,0.584400407911,0.255478899463,2.43067578794,1.73479488326,0.00849418882152,7715.46108003,1.0,
70.2308626389,0.995312351513,0.00895462985048,0.586106603586,0.254600206474,2.3849898398,1.94729389691,0.00895462985048,7490.24007364,1.0,
61.3834530103,0.996058303817,0.00888588774489,0.582013805734,0.255039834852,2.35883409325,1.84465223529,0.00888588774489,7785.50872823,1.0,
76.9219556888,0.994989366735,0.00832387322248,0.587355595195,0.257154230246,2.37132845122,1.94923152459,0.00832387322248,7674.93704904,1.0,
63.313755403,0.995873904404,0.0084696902422,0.58991059834,0.255898940518,2.3898035506,1.86440113277,0.0084696902422,7671.57022153,1.0,
64.9397143533,0.995677660378,0.00853977937685,0.587329191176,0.255208093593,2.40066779919,1.90865970524,0.00853977937685,7511.30250467,1.0,
65.8288180471,0.99553282702,0.00902899975254,0.58504114134,0.255327040327,2.36567770148,1.87769711635,0.00902899975254,7367.26974963,1.0,
68.3368798057,0.995255333697,0.00792367030138,0.576812049147,0.25274345253,2.42673736896,1.98545902487,0.00792367030138,7200.58664795,1.0,
63.9458077979,0.995724578897,0.00890002745668,0.588368242328,0.256112492551,2.38745881011,1.8474622338,0.00890002745668,7477.53440058,1.0,
63.939837099,0.995862731298,0.00857919101722,0.591585806214,0.256881432228,2.38637871189,1.82249226264,0.00857919101722,7726.47010735,1.0,
63.9714747889,0.99583127824,0.00869499223845,0.592538314678,0.258135834937,2.36903568603,1.79541369666,0.00869499223845,7671.96546347,1.0,
66.4031317674,0.995759481266,0.00878002022398,0.596638222411,0.258916062822,2.33847783975,1.811804624,0.00878002022398,7828.62776553,1.0,
80.5965964386,0.994982977255,0.00765344943868,0.58682814891,0.255936021671,2.39402544454,1.94232708207,0.00765344943868,8031.33943055,2.0,
71.9710714818,0.99543688189,0.00752082655455,0.586968929748,0.256040758481,2.39716948047,1.86111768677,0.00752082655455,7885.09050313,2.0,
68.2713774692,0.995484980399,0.00812654405435,0.580190425864,0.253340932045,2.36271223878,1.93292388893,0.00812654405435,7559.51197296,2.0,
73.5941765959,0.995348431539,0.00788370216163,0.588231133926,0.2538225221,2.39576089269,1.93548839615,0.00788370216163,7909.67561936,2.0,
68.0988277791,0.995718455748,0.00771048253444,0.590611537317,0.256192004131,2.37009370634,1.8191342925,0.00771048253444,7951.51435208,2.0,
73.3819669113,0.995261029245,0.00780128782833,0.585423426056,0.253896125212,2.40155025271,1.92284559475,0.00780128782833,7741.39620727,2.0,
68.0163339383,0.995605750981,0.00727611564796,0.582326331677,0.252600213607,2.43822875362,1.92119729609,0.00727611564796,7738.25646565,2.0,
88.5132389945,0.9943237892,0.00755000385657,0.584330051334,0.254014272448,2.38690455068,2.11529761435,0.00755000385657,7795.71094297,2.0,
82.7299420465,0.994810737033,0.00667442743581,0.583166626274,0.255284518582,2.45683493991,2.0299674724,0.00667442743581,7970.10506746,2.0,
78.5063389358,0.994935741992,0.00658235744049,0.575778597666,0.253233318605,2.45932033544,2.06347264964,0.00658235744049,7749.88574353,2.0,
85.7387183601,0.994392808953,0.00802054097344,0.583397854748,0.252723037539,2.40430168693,2.09226965465,0.00802054097344,7644.45763542,2.0,
70.8884373603,0.995358275903,0.00764507942513,0.581829134542,0.252292323699,2.42611628927,1.95751685561,0.00764507942513,7635.05462979,2.0,
65.6565269997,0.995674511293,0.00863888369497,0.587365153002,0.254146710541,2.35223608064,1.83632306654,0.00863888369497,7588.52709071,2.0,
65.8698501626,0.99564644082,0.00805198885749,0.580640283165,0.252028708752,2.40926158758,1.92646220749,0.00805198885749,7564.01807755,2.0,
75.4327923757,0.9952965725,0.00809192067623,0.589474722465,0.257786497885,2.3778118779,1.89756875948,0.00809192067623,8017.87882838,2.0,
74.0121123649,0.995282515705,0.00812835791409,0.585619799197,0.255215363416,2.3590598406,1.89567058576,0.00812835791409,7843.37775616,2.0,
79.4483766888,0.994933768143,0.00788108812504,0.587163336591,0.255461069678,2.37951290269,1.94749555047,0.00788108812504,7839.88969228,2.0,
75.1863980291,0.995179553874,0.00799089245916,0.582470908489,0.254158909248,2.39293754121,1.99548471378,0.00799089245916,7797.59529299,2.0,
73.5658618059,0.995389056434,0.00757434562137,0.588573076388,0.255488670491,2.38750760853,1.91086474307,0.00757434562137,7976.20285398,2.0,
66.718460945,0.995623561774,0.00838898903068,0.584895395245,0.25335282982,2.36353153638,1.88374672313,0.00838898903068,7621.4629674,2.0,
76.3244123552,0.994801851132,0.00687122631719,0.57135862771,0.250638973551,2.47214682028,2.11857667657,0.00687122631719,7340.33395009,2.0,
72.2086149907,0.995328673183,0.00692610156057,0.580344408815,0.253734872498,2.44447240811,1.94280929711,0.00692610156057,7727.79008558,2.0,
59.0968813839,0.996146595198,0.00786387135105,0.587792556166,0.25432300213,2.39002698016,1.78167056822,0.00786387135105,7667.00929414,2.0,
71.3472956504,0.995537421029,0.00869371024129,0.589879476844,0.258327373652,2.33105165306,1.88931411487,0.00869371024129,7992.79155193,2.0,
73.5287663186,0.995250972587,0.00836702596538,0.586248074471,0.253930788485,2.36659483501,1.93570320103,0.00836702596538,7740.23764274,2.0,
78.1657285392,0.995042846196,0.00727203893161,0.584958241519,0.253950161563,2.42765041065,1.99491043952,0.00727203893161,7883.01158835,2.0,
77.6852363292,0.994986608882,0.00779018708974,0.583967893674,0.253700669593,2.41385942962,1.97225948429,0.00779018708974,7746.86885849,2.0,
68.8554801547,0.995526434143,0.00762737879377,0.582400974534,0.254888530806,2.40109158998,1.8786966166,0.00762737879377,7694.88666869,2.0,
72.2306522178,0.995188009618,0.00691443098568,0.573282850583,0.251492911648,2.43449985029,1.99109655698,0.00691443098568,7504.11587714,2.0,
64.2540659495,0.995633099752,0.00603943919868,0.56917412405,0.250432060207,2.46932339807,1.93958284016,0.00603943919868,7355.65159293,2.0,
70.5970304322,0.995395660103,0.0060142804994,0.568483546473,0.250304570136,2.46578583933,1.96116415476,0.0060142804994,7664.90470126,2.0,
70.2780232691,0.995424407407,0.0058401684131,0.568500551628,0.250004686926,2.49468330577,2.00739542509,0.0058401684131,7678.33772805,2.0,
77.0785352938,0.994849655523,0.00709840182419,0.567265034308,0.250665044106,2.41828310544,2.11651630325,0.00709840182419,7481.61954784,2.0,
70.5072069229,0.99539368126,0.00608139803729,0.571380425085,0.2499495446,2.47406296666,1.99788263763,0.00608139803729,7651.95854649,2.0,
69.8112040471,0.995443508563,0.006780321669,0.575030276069,0.249991740035,2.44123973638,1.96227763311,0.006780321669,7659.40767088,2.0,
55.312133407,0.996250631223,0.00738646787203,0.57195874225,0.251748865807,2.41541584321,1.86405919847,0.00738646787203,7374.9628742,2.0,
89.8643090735,0.993991328657,0.00658091516967,0.566304185229,0.248982591832,2.45350838864,2.25393005252,0.00658091516967,7476.5506996,2.0,
70.2856028126,0.995262028511,0.00766870776072,0.567804699121,0.248803732145,2.3801063106,2.0421894316,0.00766870776072,7415.93337105,2.0,
76.8845752562,0.995026459422,0.00706355041162,0.576009303983,0.252220827079,2.39332128088,1.99633516575,0.00706355041162,7727.9843409,2.0,
76.3116511919,0.994958674615,0.00698400785956,0.569897554325,0.250414808567,2.42187815607,2.02765284025,0.00698400785956,7567.23298414,2.0,
67.8999798346,0.995397963779,0.00767861620929,0.567124627606,0.249320669182,2.41559092107,2.02877508614,0.00767861620929,7375.8269357,2.0,
77.4198207914,0.994981377072,0.00648947973508,0.568671990316,0.250213176678,2.45032089609,2.07992056603,0.00648947973508,7711.91820643,2.0,
62.9806587934,0.995742738831,0.00692958338105,0.567031463492,0.24984162401,2.44658867218,1.95835415626,0.00692958338105,7395.64063425,2.0,
67.5610791096,0.995400770489,0.00667429883253,0.560489056843,0.248983235558,2.45250977779,2.03855089999,0.00667429883253,7343.56310324,2.0,
72.7893684737,0.995051034866,0.00811422957904,0.572868398625,0.250473422875,2.37945688605,2.01885899156,0.00811422957904,7352.65707658,2.0,
59.5298578781,0.996114599283,0.00644708758104,0.572621887313,0.251139119099,2.44168718085,1.87927089087,0.00644708758104,7659.30917129,2.0,
72.8204976459,0.995411143539,0.00720957594084,0.57472309671,0.253519213245,2.42928495368,1.98420526579,0.00720957594084,7933.25409021,2.0,
69.684526158,0.995317356087,0.00702182725601,0.570154129185,0.250386399508,2.42791472547,2.01797346941,0.00702182725601,7439.39419476,2.0,
61.8355822089,0.995949110141,0.00701718623798,0.574364361612,0.251988305753,2.422051613,1.87295825771,0.00701718623798,7631.07612002,2.0,
74.0648973759,0.995068036857,0.00683437740277,0.567544861122,0.249414696033,2.44754023681,2.0879209518,0.00683437740277,7507.42290503,2.0,
79.4149460358,0.995125687886,0.00710390847375,0.590766370637,0.254031632699,2.39798391306,1.96348755447,0.00710390847375,8146.25914035,3.0,
85.5853915148,0.994511020205,0.00749982051905,0.586865368624,0.250316428923,2.39176125806,2.11106727338,0.00749982051905,7795.92668806,3.0,
67.8496760392,0.995658196864,0.00742401757056,0.587691652512,0.253330468464,2.37796182488,1.86351999439,0.00742401757056,7812.72363491,3.0,
77.5189072131,0.994978528759,0.0076776137494,0.584734073242,0.251470706452,2.37435723657,2.03499127629,0.0076776137494,7717.87063827,3.0,
70.0282095794,0.995617550375,0.00740172949948,0.59339682209,0.254076092524,2.37224368424,1.83342977634,0.00740172949948,7988.7577373,3.0,
82.303615736,0.994775565536,0.00764664926148,0.590593553886,0.252638386063,2.35756463951,1.998049221,0.00764664926148,7875.89557424,3.0,
68.9312010661,0.995636160275,0.00754649397859,0.592420058225,0.253764485752,2.34955852549,1.84807596202,0.00754649397859,7897.21731773,3.0,
72.1578947368,0.995445672391,0.0073404996935,0.587680366642,0.253598672995,2.3701525159,1.86127988637,0.0073404996935,7921.08015327,3.0,
85.4269794927,0.994657760046,0.00872425355922,0.594618831735,0.254817480998,2.29697525365,1.95050720254,0.00872425355922,7994.57099555,3.0,
76.3941669516,0.995302904657,0.00834792730181,0.599382911226,0.255021632182,2.31751295307,1.84800143788,0.00834792730181,8131.24863628,3.0,
76.1031896333,0.995297358428,0.00762393779119,0.59238442922,0.253460026505,2.3620922412,1.93668516619,0.00762393779119,8090.71141647,3.0,
84.184951384,0.994704180059,0.0068147810837,0.583791155919,0.25310452177,2.39579950421,2.03915586067,0.0068147810837,7947.32360477,3.0,
77.4579201627,0.995048353506,0.00757130188224,0.58728629039,0.252084136463,2.38122958487,1.95116476849,0.00757130188224,7820.64249164,3.0,
70.8975906783,0.995468568478,0.00754414083832,0.586236513873,0.252320784588,2.37355585682,1.92069316219,0.00754414083832,7822.05366812,3.0,
73.7306302989,0.995519096934,0.0092364433036,0.60185207509,0.258711323527,2.28263468901,1.75849356024,0.0092364433036,8226.44899153,3.0,
77.009617998,0.995079602254,0.00885220798278,0.592661723586,0.256040788942,2.33284609591,1.8804369745,0.00885220798278,7824.75552394,3.0,
84.5941064555,0.994669144113,0.00852047969858,0.591556042483,0.256186932338,2.35645343568,2.0150977143,0.00852047969858,7933.58652659,3.0,
67.4917672743,0.995699392056,0.00871341998184,0.592930894523,0.255950941005,2.33741125512,1.85845235277,0.00871341998184,7846.06423638,3.0,
72.9775638497,0.995501155449,0.00796216034896,0.597465233834,0.255796270341,2.38130801503,1.88183978186,0.00796216034896,8109.98226147,3.0,
77.8931543,0.995135494368,0.00794368190989,0.595587405514,0.256557131903,2.36738107061,1.90953207607,0.00794368190989,8005.55203026,3.0,
78.2798732213,0.995054444424,0.00798871784915,0.591015484089,0.255735953636,2.38107478479,1.97511332053,0.00798871784915,7913.28075646,3.0,
71.7807850461,0.995338029881,0.00811212161521,0.585711312062,0.254283495399,2.40304163331,1.91940871669,0.00811212161521,7697.90057445,3.0,
72.4317008163,0.995266406378,0.00842003377073,0.596445219654,0.255598886582,2.35265408131,1.85555906257,0.00842003377073,7650.12883941,3.0,
74.8536915753,0.99512136056,0.00862354523609,0.590201648411,0.254111014653,2.36169399026,1.96546901988,0.00862354523609,7670.93953362,3.0,
85.0544727636,0.99453994091,0.00792866891801,0.587971821502,0.252486339605,2.377812278,2.0767247955,0.00792866891801,7788.14081323,3.0,
82.3512541975,0.994757990935,0.00931297774572,0.601530196093,0.256492837043,2.31466738047,1.90544201583,0.00931297774572,7854.27225671,3.0,
75.4858491807,0.995228559633,0.00856915227423,0.599338982779,0.255651649563,2.33606513513,1.90339479383,0.00856915227423,7909.67653321,3.0,
78.5646255819,0.99498254189,0.00868619967125,0.594685982964,0.254748948907,2.33619609512,1.95436930657,0.00868619967125,7828.60751491,3.0,
71.0112093076,0.995455732516,0.00829643967489,0.595546765355,0.256638604848,2.36470462471,1.84711591573,0.00829643967489,7813.02356119,3.0,
68.6516610116,0.9956920204,0.0089697872424,0.604495933908,0.25749228025,2.30286875909,1.78316543483,0.0089697872424,7967.78973662,3.0,
65.360205862,0.995692064738,0.00851970223678,0.592048807325,0.255596601354,2.35159990718,1.83708145927,0.00851970223678,7585.74192434,3.0,
65.9715449293,0.995770545566,0.00869876862424,0.595844652606,0.255225328243,2.34897022114,1.83655979028,0.00869876862424,7798.77306023,3.0,
73.8868679695,0.99533021839,0.00710235589468,0.588786056378,0.255251739236,2.41693291009,1.9129075813,0.00710235589468,7910.85766209,3.0,
75.4656487546,0.995221094015,0.00770231737908,0.594537264199,0.255009749793,2.38904606499,1.90315807009,0.00770231737908,7895.40171325,3.0,
80.3817082687,0.994826240084,0.00675044054651,0.584983607925,0.253719811439,2.45391527001,2.01661011599,0.00675044054651,7767.93813083,3.0,
71.9454790149,0.995372037897,0.00913958750587,0.594265616989,0.25723172198,2.32608722932,1.8656154379,0.00913958750587,7772.71334647,3.0,
79.1470580499,0.994727509831,0.00791380570707,0.580968494809,0.252397615459,2.41167348556,2.09041970243,0.00791380570707,7505.48862779,3.0,
82.3076444234,0.994768761275,0.00807003132913,0.587515709338,0.255385968519,2.37125009924,2.01423849479,0.00807003132913,7866.12637975,3.0,
79.1489386886,0.995113524571,0.00815402929692,0.59160988611,0.256536561792,2.35702684946,1.9571924564,0.00815402929692,8097.93076037,3.0,
86.3846410128,0.994577952784,0.00774129570403,0.584330869262,0.255809323385,2.41292289926,2.08169599411,0.00774129570403,7965.2345436,3.0,
70.7018946667,0.995377811143,0.00781201494095,0.583898218504,0.254025482957,2.41044418631,1.92058356787,0.00781201494095,7647.33362086,3.0,
77.2926869898,0.995039323843,0.00834721314235,0.589637278552,0.253932354786,2.36427853992,1.95461041409,0.00834721314235,7789.66067597,3.0,
68.5409444401,0.995510201765,0.00771997884524,0.582708224189,0.252998217811,2.40693825602,1.94835476998,0.00771997884524,7632.09849352,3.0,
88.7766906021,0.994082735987,0.00718368021331,0.575712007673,0.25009989561,2.42936239543,2.21421745268,0.00718368021331,7500.27172211,3.0,
86.9338357137,0.994584273519,0.00757162339044,0.584055647242,0.257252210023,2.41079717923,2.01574212894,0.00757162339044,8025.16668458,3.0,
68.1545674531,0.995710948993,0.00818818530628,0.590863344756,0.256618726292,2.34353883015,1.82516198041,0.00818818530628,7944.30996909,3.0,
78.0934445058,0.994918038564,0.00836838387152,0.588874053705,0.253396693754,2.37233554391,1.99344187555,0.00836838387152,7682.53154282,3.0,
73.4975538547,0.995386948981,0.00759794889738,0.585832641658,0.254860837616,2.38894889703,1.9387630746,0.00759794889738,7965.84240306,3.0,
82.2318270689,0.994691694519,0.00746676540146,0.582308714772,0.252887168528,2.43442766079,2.06901373874,0.00746676540146,7744.61598599,3.0,
67.2774183084,0.995692109081,0.00785984333175,0.584194218589,0.255356915455,2.39364756874,1.87550522984,0.00785984333175,7807.64381592,3.0,
73.5183855441,0.995126667594,0.00560229215984,0.556340828532,0.24997103735,2.52606440649,2.13740936549,0.00560229215984,7542.70935572,4.0,
80.653642477,0.994464959432,0.00606249473848,0.561731867791,0.246797193484,2.48912379894,2.1787045074,0.00606249473848,7285.50319346,4.0,
73.0947114162,0.995021865806,0.00698637345274,0.564013459503,0.250440911343,2.40684075023,2.03322461576,0.00698637345274,7341.27553812,4.0,
68.9335113145,0.995296450754,0.0061965567802,0.560402762857,0.247561278439,2.48092345217,2.10038401852,0.0061965567802,7327.71246131,4.0,
71.6643520345,0.995316311199,0.00657697501263,0.573732011801,0.251733534733,2.41461109961,1.9771342399,0.00657697501263,7650.33404756,4.0,
71.2904556494,0.995176205163,0.0057484725434,0.560987429769,0.248857195235,2.48931696756,2.08261220267,0.0057484725434,7389.43523719,4.0,
90.4947876939,0.993834449793,0.00587404150291,0.561056044385,0.247585925893,2.50322255892,2.28853117301,0.00587404150291,7338.81287552,4.0,
69.1101335297,0.995186083442,0.00618058887244,0.558667637004,0.24736080474,2.47969147818,2.09749072832,0.00618058887244,7178.09614929,4.0,
79.9878657163,0.994766851565,0.00718903404558,0.571394177559,0.250474191147,2.42325789679,2.10614868005,0.00718903404558,7641.71130162,4.0,
75.8570495454,0.994830281841,0.00602820013277,0.563685692392,0.24854816768,2.47973150924,2.13762855414,0.00602820013277,7335.93886506,4.0,
80.2521107867,0.994821911784,0.00705432764223,0.571711773027,0.250176198472,2.39191217773,2.0780574625,0.00705432764223,7748.53805981,4.0,
69.7116836319,0.995435185975,0.00755180007467,0.577165545091,0.255444114802,2.42010218979,1.94579464654,0.00755180007467,7635.33862487,4.0,
73.2352420281,0.995056707841,0.007855540618,0.576789718085,0.252853344718,2.41064455732,2.02838931411,0.007855540618,7407.15199889,4.0,
73.0043793893,0.995015275983,0.0071720059871,0.573013964085,0.252425843693,2.45420502898,2.06251698712,0.0071720059871,7322.29863965,4.0,
71.0948297781,0.995217647356,0.00663549215799,0.569710303183,0.253799607759,2.45593675944,2.03745495673,0.00663549215799,7432.69020921,4.0,
75.4484818994,0.995108633209,0.00620659110317,0.57219749023,0.253428503386,2.49663731816,2.06867180445,0.00620659110317,7712.0256397,4.0,
85.5631394829,0.994373699509,0.00703235001009,0.570707350635,0.251606187451,2.47317505073,2.22366009977,0.00703235001009,7603.69976284,4.0,
74.0362932569,0.995095179384,0.00714956475281,0.578133840891,0.253616746143,2.46043977667,1.97727890441,0.00714956475281,7547.11416298,4.0,
74.9547726137,0.994878954201,0.00744594147067,0.568868717027,0.251467266858,2.44279283189,2.13328861885,0.00744594147067,7317.93131076,4.0,
77.926124657,0.99454796259,0.00741804401345,0.565988613712,0.249496281905,2.45216177001,2.17090577518,0.00741804401345,7146.47697305,4.0,
68.8126112382,0.995459791534,0.0084637812942,0.582914465724,0.255008987294,2.3713068628,1.89208027565,0.0084637812942,7578.21035392,4.0,
71.7778259993,0.995367364312,0.00788257524943,0.586823299193,0.256333604644,2.38784023693,1.94394469432,0.00788257524943,7746.81100554,4.0,
69.8923652209,0.995457852112,0.00785054311598,0.585445388262,0.256002881134,2.39522825474,1.92670769878,0.00785054311598,7693.54359602,4.0,
64.11827858,0.995616398566,0.00789495414168,0.57089636508,0.250949095472,2.43534263932,2.00418650324,0.00789495414168,7313.21530072,4.0,
80.4588977441,0.994454002952,0.00709073263319,0.56628887382,0.24985279211,2.46352683304,2.21251216497,0.00709073263319,7253.50681241,4.0,
84.5288759129,0.994412961824,0.00778432803029,0.574343926035,0.251437022036,2.37019509256,2.12743628186,0.00778432803029,7564.63452963,4.0,
84.8834836967,0.994606462972,0.00672622807682,0.584013542736,0.251472641901,2.41541814782,2.06676924696,0.00672622807682,7868.98322446,4.0,
79.7411469704,0.994707401136,0.00677776474672,0.576611621361,0.249915821152,2.43071864143,2.10642047397,0.00677776474672,7533.30907354,4.0,
83.466450985,0.994462833857,0.0068595735761,0.576597081971,0.250630312914,2.43606735136,2.12173737693,0.0068595735761,7536.96187575,4.0,
83.776208387,0.994696551162,0.00749281352349,0.58565338786,0.252002638867,2.39013653103,2.05425357497,0.00749281352349,7898.20450173,4.0,
82.2307530445,0.994738914035,0.00705295539986,0.580945021557,0.254364920856,2.38540773355,2.02458419913,0.00705295539986,7814.43168146,4.0,
73.0197708163,0.995487160857,0.00806954808673,0.596299139506,0.256515108528,2.31812377783,1.79277028153,0.00806954808673,8089.64023206,4.0,
82.8514339322,0.994531951015,0.00665912683535,0.575218264481,0.24999190884,2.42173243415,2.10178244211,0.00665912683535,7575.49381999,4.0,
91.7992231954,0.994128942026,0.00686852157416,0.582846578924,0.249976367463,2.40875834492,2.11637163874,0.00686852157416,7817.44140471,4.0,
86.8721735623,0.994642864981,0.00797062902498,0.590591658045,0.253624647355,2.37362006746,2.05453852021,0.00797062902498,8108.08293737,4.0,
70.7657267857,0.995428471968,0.00666015942823,0.58357539833,0.251697190269,2.42187054418,1.94695196262,0.00666015942823,7739.77963059,4.0,
71.9081731064,0.995287088103,0.0073012261114,0.579590807447,0.251251898227,2.3907194568,1.95479014879,0.0073012261114,7628.73420543,4.0,
84.6278439727,0.994584561448,0.00661772972326,0.577988890038,0.250827078498,2.43147066567,2.07993371735,0.00661772972326,7813.43715707,4.0,
73.0682772649,0.995206170627,0.00654390871047,0.574336228906,0.250365543994,2.43947367074,1.99277992583,0.00654390871047,7620.9969538,4.0,
99.851841623,0.993614348996,0.00701244640375,0.581091247986,0.250849080427,2.41235742231,2.26758988927,0.00701244640375,7818.31242909,4.0,
86.3110944528,0.994534405321,0.00705166713781,0.582386621556,0.251470548049,2.39597793888,2.0956407761,0.00705166713781,7895.85716845,4.0,
76.827564288,0.995160929983,0.00696280818887,0.589020213668,0.250914074352,2.40646985626,1.96606521301,0.00696280818887,7938.36110384,4.0,
92.800661073,0.994084982385,0.00723970381559,0.585376276002,0.251220495455,2.38901721801,2.11330299762,0.00723970381559,7844.53018665,4.0,
74.5027705446,0.995104217475,0.00747026482513,0.576854285457,0.249769254418,2.38431942621,2.04533259686,0.00747026482513,7608.83450328,4.0,
84.4700456789,0.994771020674,0.00719346098104,0.585593221196,0.254703021977,2.38660481129,2.01433493779,0.00719346098104,8077.05366602,4.0,
77.1167179568,0.99512486473,0.00746831259964,0.586322147687,0.253840609538,2.35341020929,1.90236899094,0.00746831259964,7909.22211122,4.0,
85.8994976196,0.994537705294,0.00711176338235,0.58578566073,0.252002332282,2.39503003374,2.07254267603,0.00711176338235,7861.99417343,4.0,
82.7786457648,0.994630008522,0.00717237453966,0.579853400166,0.25063236429,2.38950054631,2.08719324548,0.00717237453966,7707.44594986,4.0,
86.5141815057,0.994380261734,0.00663628964439,0.579052414343,0.249189896634,2.44322618857,2.17155457359,0.00663628964439,7697.28196088,4.0,
71.8579832891,0.99543481156,0.00718169247394,0.588360546522,0.253212840447,2.37223114423,1.88117344836,0.00718169247394,7870.14993489,4.0,
77.0809463689,0.994693198757,0.00516676246293,0.557221646801,0.250219317068,2.54395976044,2.18615692154,0.00516676246293,7261.89472782,5.0,
75.575576247,0.994901416107,0.00699011240292,0.575433837862,0.250078091438,2.41620300914,2.04278124096,0.00699011240292,7411.03710917,5.0,
80.1143331843,0.994810161533,0.00710709173168,0.584776373426,0.252071354164,2.38897000119,2.02442199953,0.00710709173168,7718.14372597,5.0,
67.0555511718,0.995384013752,0.00629972689915,0.570311364732,0.250319600763,2.46839232627,2.02966060829,0.00629972689915,7263.18022517,5.0,
81.5284331518,0.99462496777,0.00653672310778,0.58261521732,0.251620998908,2.43392852195,2.0662256591,0.00653672310778,7583.74886141,5.0,
71.1448705472,0.995133018448,0.00654969147658,0.558317698506,0.247517553284,2.48305211163,2.12851030625,0.00654969147658,7308.66381688,5.0,
69.3456736544,0.99532984305,0.0068549875969,0.564060007618,0.250164719735,2.46156142861,2.07868434204,0.0068549875969,7424.138033,5.0,
71.1208255521,0.995388978473,0.00678352937155,0.571045599917,0.250183425811,2.47989383507,2.08932375917,0.00678352937155,7712.11556472,5.0,
63.7150328345,0.99559773216,0.00700570879862,0.560834060545,0.248283053412,2.46583168027,2.03937066554,0.00700570879862,7236.64528067,5.0,
74.7430714467,0.995169732573,0.00671834065228,0.572267791033,0.253248265198,2.45467506032,2.0085965789,0.00671834065228,7737.03493071,5.0,
72.8031291372,0.99513737708,0.00712950721456,0.567643606504,0.250846380738,2.44933940562,2.11659521117,0.00712950721456,7485.80628105,5.0,
75.831834083,0.995212452155,0.00728430240376,0.571269006636,0.25408140778,2.40062850269,1.9908510657,0.00728430240376,7919.47221754,5.0,
68.2859096767,0.995377178584,0.00658911107298,0.565337814451,0.249092907038,2.47922643566,2.06272302445,0.00658911107298,7385.63094034,5.0,
71.8564884225,0.995190145268,0.0070500951491,0.570702878817,0.25132400659,2.43599795705,2.04418404833,0.0070500951491,7469.51569756,5.0,
77.6265551435,0.994685103258,0.0063782143739,0.557571055537,0.248121351617,2.49116732082,2.22736000421,0.0063782143739,7302.50900591,5.0,
75.6041540633,0.994897995399,0.00663972234503,0.561385260654,0.248499884644,2.49921550388,2.18349597131,0.00663972234503,7409.24360786,5.0,
67.1996808613,0.995492440102,0.00668437601045,0.564902821219,0.248330439841,2.48197708572,2.07546226887,0.00668437601045,7454.02243334,5.0,
70.5485722051,0.99534515452,0.00645753819276,0.566817710688,0.253036325304,2.44968084713,2.02332605627,0.00645753819276,7577.82581705,5.0,
71.324320296,0.995221626865,0.00634016048593,0.565669687531,0.24852118863,2.51197760872,2.1104623127,0.00634016048593,7463.18686503,5.0,
80.2919768186,0.994742099336,0.00604652098862,0.570417454022,0.251497005359,2.49665915254,2.12710311511,0.00604652098862,7635.31632159,5.0,
65.6978046065,0.995639181616,0.00644827306808,0.571226421318,0.250939846333,2.48415020719,2.01558431311,0.00644827306808,7532.74585121,5.0,
71.4312536714,0.995110252689,0.00641317855456,0.563216604754,0.249552275737,2.4808275824,2.11470142122,0.00641317855456,7303.83196015,5.0,
76.1291152669,0.995047039527,0.00674694027727,0.573834543842,0.252937523153,2.44880929921,2.04373690348,0.00674694027727,7684.91687507,5.0,
70.1167442594,0.995192573069,0.00605945319015,0.563596788116,0.247099724416,2.52732234011,2.16304567015,0.00605945319015,7292.64784194,5.0,
80.2838449196,0.994610426766,0.00591267022372,0.572516053736,0.251996558097,2.50558062204,2.12857167907,0.00591267022372,7447.65934566,5.0,
69.802340058,0.995236460873,0.00685149094054,0.567672850819,0.24977592202,2.499402294,2.05447714739,0.00685149094054,7326.34197271,5.0,
61.2413267051,0.995700332684,0.00766197772728,0.568618768206,0.248214906265,2.44047086628,1.98280684219,0.00766197772728,7121.10805888,5.0,
68.3801344942,0.995647102157,0.00796063148424,0.580706457643,0.254043653575,2.42437257348,1.9288338287,0.00796063148424,7854.0428899,5.0,
67.6327362634,0.995385982601,0.00701551489497,0.574423220369,0.249398611493,2.46966701797,2.02765284025,0.00701551489497,7327.94764904,5.0,
65.8043522099,0.995529576931,0.00765840343235,0.576574949208,0.250539496147,2.42848284813,1.99281061224,0.00765840343235,7359.51999904,5.0,
81.7158131461,0.994694611462,0.00761662270121,0.58216490632,0.253587034039,2.43210079183,2.03819581437,0.00761662270121,7700.71376374,5.0,
71.423323426,0.995132043841,0.00730930621026,0.577205254247,0.251518571256,2.45042195212,2.03413205678,0.00730930621026,7335.58224037,5.0,
64.1664080241,0.995334971496,0.00684721897473,0.555414476099,0.24633997504,2.49128367633,2.11700290206,0.00684721897473,6876.92131135,5.0,
70.5112531454,0.995179739842,0.00797118875289,0.575376029648,0.250611487854,2.40877565791,2.05394671086,0.00797118875289,7313.52703007,5.0,
65.6898962799,0.995379710996,0.0075866182026,0.567682200145,0.246682352752,2.45430144279,2.07175798066,0.0075866182026,7108.10040131,5.0,
74.0102141911,0.994990113446,0.00607642494145,0.560806357383,0.250408386366,2.48471149253,2.07195525044,0.00607642494145,7385.84430282,5.0,
69.397152301,0.995238927551,0.0067817721649,0.557167776304,0.24788914148,2.45687037353,2.04711679248,0.0067817721649,7287.40786168,5.0,
64.1695292705,0.995640038726,0.00597628387948,0.564001445402,0.250087206292,2.5135774876,1.97073393128,0.00597628387948,7358.46322683,5.0,
68.0738972619,0.99520754105,0.00624331026126,0.552055638586,0.246493612585,2.48197352286,2.12408269549,0.00624331026126,7101.70206264,5.0,
79.7978291556,0.994665925189,0.00690024065509,0.563887620246,0.249497899119,2.4501852565,2.12192149539,0.00690024065509,7479.52492063,5.0,
71.1580569364,0.995179718125,0.00736803159608,0.563194956149,0.250327340532,2.40915620072,2.02457981536,0.00736803159608,7380.5596156,5.0,
67.5021787352,0.995359666249,0.00621516370725,0.559902557463,0.247128209294,2.49013617174,2.03831417625,0.00621516370725,7272.9115678,5.0,
66.7242080714,0.995419161633,0.00656091420765,0.563527140923,0.248706031966,2.4637653365,2.00658442708,0.00656091420765,7282.36152862,5.0,
67.2018026075,0.995579670258,0.0063485501013,0.563746580692,0.250597810742,2.50799983166,2.0175526272,0.0063485501013,7600.99685535,5.0,
64.752395732,0.99558103222,0.00727911464883,0.571745728568,0.251195264597,2.46294632653,2.0085483574,0.00727911464883,7326.23346861,5.0,
75.4977248218,0.99492036781,0.00710779159336,0.573723505122,0.252914437741,2.44866913163,2.05735728627,0.00710779159336,7431.05736482,5.0,
73.3865654892,0.995067786294,0.00659776116188,0.569080310263,0.250359019528,2.43757123519,2.06101773675,0.00659776116188,7438.90417682,5.0,
77.4693793454,0.995073229798,0.00790295391153,0.59035293429,0.255349939463,2.37726943011,1.96534189046,0.00790295391153,7861.65876483,5.0,
74.3777716405,0.99522912573,0.00849942143002,0.588982109117,0.253714286982,2.34972266449,1.90725251409,0.00849942143002,7794.60252872,5.0,
74.6794716677,0.994815840666,0.00761326172016,0.567188722412,0.248384058493,2.44127853924,2.14973653524,0.00761326172016,7202.43786045,5.0,
79.5675539423,0.994387440249,0.00675916085603,0.543539035109,0.24020724244,2.62199121173,2.36806596702,0.00675916085603,7087.74337811,6.0,
72.1034088219,0.995287298945,0.00639239313558,0.571962030539,0.255037928242,2.45938900436,1.98941318814,0.00639239313558,7649.38836263,6.0,
90.0800389279,0.994211108054,0.00707989355961,0.578907590818,0.25619446391,2.43693404853,2.0985822878,0.00707989355961,7779.86620033,6.0,
74.1405525308,0.99519734755,0.00710866010751,0.576370661441,0.253198036284,2.4464589632,2.02255889599,0.00710866010751,7718.07556067,6.0,
80.8093672462,0.994663617384,0.00802429679655,0.577579572205,0.251488838054,2.42583531837,2.13862367062,0.00802429679655,7571.02388136,6.0,
70.756643608,0.995349054047,0.00687931702409,0.577679999863,0.254463591405,2.45540789591,1.99360407516,0.00687931702409,7606.04223464,6.0,
87.229990268,0.994352536885,0.00789779705829,0.580326444043,0.254345225754,2.40504936205,2.10293975819,0.00789779705829,7722.40582409,6.0,
75.9412705928,0.995258780486,0.00743569883037,0.579392419108,0.256035366414,2.40579855406,1.94279614579,0.00743569883037,8008.16810207,6.0,
78.7268471028,0.994862392068,0.00811349677863,0.584118430857,0.254887526924,2.38024903363,2.01425602988,0.00811349677863,7661.39147098,6.0,
87.9111058506,0.994363339496,0.00774723997373,0.583196214763,0.253989715901,2.42510764458,2.18225097977,0.00774723997373,7797.60813315,6.0,
68.4325644195,0.995503142541,0.00815060901077,0.590810066713,0.256804975099,2.38075853487,1.89814741752,0.00815060901077,7608.41221775,6.0,
72.1740664755,0.995279127166,0.00715054269122,0.581617579471,0.254495685923,2.43996054982,1.98034754553,0.00715054269122,7643.6935582,6.0,
73.1165513734,0.995078284371,0.0074086442512,0.581769917892,0.254151878006,2.43196766492,1.99752316824,0.0074086442512,7427.47161221,6.0,
75.5461172922,0.995028736653,0.00812901211507,0.591705071189,0.257715527167,2.36727999082,1.90926028214,0.00812901211507,7597.7922337,6.0,
64.9953707357,0.995926928855,0.00785836208791,0.589566432828,0.258656777951,2.36978189026,1.79344538257,0.00785836208791,7978.15961006,6.0,
77.3375855932,0.994921113805,0.00728342132138,0.57864596604,0.25416379351,2.43580967501,2.03081792437,0.00728342132138,7613.06451558,6.0,
89.2128190291,0.994058624348,0.00714535378324,0.577560016406,0.25154802417,2.45476552674,2.23966525509,0.00714535378324,7507.26688346,6.0,
87.2379950376,0.994406980349,0.00669582508483,0.577337307426,0.253709333927,2.45542110579,2.12859359794,0.00669582508483,7798.29854239,6.0,
84.0721130663,0.994593610159,0.00739935614243,0.579138027899,0.254614432657,2.42734218807,2.08115240625,0.00739935614243,7774.73986604,6.0,
64.2836169634,0.995599188909,0.00736967184523,0.579006366216,0.252968667821,2.45153968239,1.98014589197,0.00736967184523,7303.12055515,6.0,
91.6288215541,0.994096338998,0.0079559156334,0.582554458334,0.253566450552,2.40112794014,2.17987935857,0.0079559156334,7759.89910422,6.0,
96.9268523633,0.993821906094,0.00690074795776,0.577507320148,0.255089456305,2.44011974279,2.22439657364,0.00690074795776,7843.90596707,6.0,
63.0163427058,0.995810873856,0.00716379816896,0.581665669185,0.2545814996,2.44592615052,1.91774288294,0.00716379816896,7520.93875917,6.0,
76.9111146181,0.994893318318,0.00806637070934,0.584135615416,0.254767310745,2.38602107374,2.00681238328,0.00806637070934,7530.07127874,6.0,
90.2116397941,0.994312332664,0.00814210931776,0.580996605007,0.254102481514,2.39958067172,2.15873642126,0.00814210931776,7929.90945026,6.0,
68.365014861,0.995552217215,0.00808207395416,0.582680358131,0.255181583484,2.38859694129,1.89399598446,0.00808207395416,7684.71685564,6.0,
77.9024040611,0.995006445647,0.00799322657414,0.583371040072,0.255592316392,2.39609937035,1.98915016176,0.00799322657414,7799.77598303,6.0,
69.9280491333,0.99556127387,0.00810582628084,0.581554843557,0.255550784753,2.39079445652,1.93117037972,0.00810582628084,7876.5262338,6.0,
85.9050211736,0.99445278565,0.00762980768929,0.575329461848,0.253156124251,2.45426683285,2.13860613553,0.00762980768929,7742.51481889,6.0,
78.6187827139,0.994826345991,0.00753682805444,0.579300990144,0.253841399786,2.4335143452,2.06136843859,0.00753682805444,7597.39950903,6.0,
72.6834082959,0.99531150093,0.00745319956164,0.583414860822,0.255768896699,2.41990583392,1.93890335534,0.00745319956164,7750.70234908,6.0,
79.7610756025,0.995058878959,0.00758733920348,0.586320225908,0.256417153215,2.39456057871,2.02928360381,0.00758733920348,8070.71266604,6.0,
74.4388507501,0.995382344347,0.00771040462684,0.58115366754,0.259027950634,2.35639456872,1.88207650561,0.00771040462684,8059.82157474,6.0,
63.7891624363,0.995952114685,0.00730521800186,0.583229643111,0.255905327928,2.43395659107,1.85507684754,0.00730521800186,7878.83495529,6.0,
65.9965718895,0.995598841526,0.00827211808843,0.583507899664,0.254521855321,2.36331800023,1.92487089788,0.00827211808843,7497.20506505,6.0,
69.7091015896,0.99545214903,0.00871255358161,0.587662632082,0.25581918574,2.37486264026,1.9056261343,0.00871255358161,7663.52408482,6.0,
81.7574326872,0.994842370064,0.00788939345261,0.582800772774,0.254956297715,2.40154636488,2.05139973873,0.00788939345261,7925.42130629,6.0,
67.302379512,0.995558490151,0.00724151240975,0.581067813066,0.256252233233,2.43523666292,1.91524851609,0.00724151240975,7575.83121129,6.0,
76.9120089078,0.994999148684,0.00724658997173,0.578180410772,0.256611238111,2.42729211552,1.97055858036,0.00724658997173,7689.06875662,6.0,
81.7990478445,0.994619756564,0.00760767547186,0.578599479215,0.25328370409,2.44923722947,2.14530454071,0.00760767547186,7600.96703202,6.0,
77.1760347896,0.994785310524,0.00791947036264,0.575264784697,0.251736113804,2.44183783338,2.11290845805,0.00791947036264,7399.14608239,6.0,
83.8647211482,0.994638234086,0.00772477352612,0.582963254345,0.255412725392,2.39966167049,2.10279509368,0.00772477352612,7819.85407984,6.0,
83.9553907257,0.994447158567,0.00754617316221,0.578482078538,0.254968797212,2.43288029392,2.07283200505,0.00754617316221,7558.95765051,6.0,
83.8607757525,0.994522210915,0.0079646467047,0.58230347367,0.255174764344,2.40637524349,2.07595763522,0.0079646467047,7653.81469103,6.0,
71.8193315623,0.995341287152,0.00743937624621,0.582728189133,0.254794351158,2.41963986657,1.95300156939,0.00743937624621,7707.27393727,6.0,
75.2233050142,0.995181012063,0.00759368050602,0.582424693452,0.255283516483,2.43158516346,2.01547033501,0.00759368050602,7804.18992327,6.0,
56.205520047,0.996230778119,0.00790916257512,0.582168359412,0.25430392424,2.4225453908,1.85372226168,0.00790916257512,7455.10497839,6.0,
73.7373988444,0.995177672636,0.00809799108937,0.583204837232,0.255412626914,2.41270302487,1.97228140316,0.00809799108937,7644.73875356,6.0,
61.4268918172,0.996147366255,0.00757502084625,0.583106152467,0.256656790501,2.41046131568,1.79664553688,0.00757502084625,7971.45430221,6.0,
76.3792270531,0.994943240616,0.00794331374167,0.578982313756,0.25315612836,2.43063134414,2.07497567006,0.00794331374167,7551.62753476,6.0,
66.3871748336,0.995625664398,0.00821505270732,0.5838601082,0.251324911295,2.39092824936,1.95397915078,0.00821505270732,7587.14572813,7.0,
75.5103676232,0.99515264745,0.00676239792287,0.582135141621,0.254744295493,2.4304071663,2.01565883725,0.00676239792287,7787.66970507,7.0,
83.903197524,0.99444764623,0.00667391067815,0.579105920224,0.253792722946,2.42653017967,2.11764293292,0.00667391067815,7554.61655833,7.0,
99.4786904793,0.993437210144,0.00679861312213,0.572638628076,0.25154820638,2.45294989774,2.30053394355,0.00679861312213,7578.02746603,7.0,
83.6749519977,0.994512484242,0.0073750848673,0.585223901161,0.254409753987,2.41747134348,2.09705673479,0.0073750848673,7623.23640427,7.0,
75.0488527666,0.995052070577,0.00699402331098,0.579714523152,0.253397929384,2.44837228472,2.04952786765,0.00699402331098,7582.99986098,7.0,
82.2837572442,0.994641787863,0.00739232681618,0.582686609948,0.255400300721,2.40561671114,2.0323566287,0.00739232681618,7677.35289119,7.0,
84.0389542071,0.994570392436,0.00596658113467,0.560020073422,0.251889048044,2.47858434335,2.17401825403,0.00596658113467,7738.01956565,7.0,
72.4316788974,0.995290374456,0.00750546292079,0.585936617207,0.256905610199,2.40233952109,1.90786185854,0.00750546292079,7688.85063296,7.0,
73.5416195411,0.995198523524,0.0069771194742,0.583306951323,0.254506538553,2.39344103306,1.93309923985,0.0069771194742,7657.31408732,7.0,
70.6559921793,0.995492315527,0.0068320949059,0.578661644689,0.254989244053,2.44794717755,1.95703464057,0.0068320949059,7836.37292294,7.0,
59.8789771781,0.996017141804,0.00752648763567,0.590736526938,0.257135035288,2.39967295323,1.78497154931,0.00752648763567,7516.22268675,7.0,
83.8934217102,0.994581607717,0.00569787679907,0.567959125952,0.255153394745,2.48419877465,2.08857851776,0.00569787679907,7740.70721823,7.0,
71.3580402781,0.995297037177,0.00645142250327,0.578446321258,0.256385003575,2.44479806356,1.96243106517,0.00645142250327,7585.63001317,7.0,
78.9131749915,0.994837005547,0.00620501792297,0.573084458371,0.255313105702,2.44879404867,2.0418474973,0.00620501792297,7641.35702204,7.0,
80.6669559957,0.994765178557,0.00723613401755,0.578700277405,0.253261767403,2.4472075507,2.05781319866,0.00723613401755,7703.92221068,7.0,
68.0260659144,0.995448720206,0.0070391289712,0.579044057944,0.254333920582,2.43704317474,1.94478199497,0.0070391289712,7472.44014033,7.0,
78.4810577168,0.994861498269,0.00578994714031,0.566223203962,0.253529602306,2.48460652514,2.10584181593,0.00578994714031,7635.6724438,7.0,
69.3414389297,0.995400389471,0.00599933319283,0.570223453511,0.253849931201,2.48851126247,2.00315193281,0.00599933319283,7536.82094512,7.0,
80.7889783179,0.994745177802,0.00713731623185,0.57977070104,0.254362252415,2.43264319434,2.09389603444,0.00713731623185,7686.23388361,7.0,
86.5976879981,0.994247883115,0.00663799688563,0.572148806369,0.252577314816,2.46483845896,2.18626213209,0.00663799688563,7526.63348649,7.0,
76.9756086869,0.994930593877,0.00658893580969,0.572751806239,0.253846718094,2.43936140815,2.04272425191,0.00658893580969,7591.36086274,7.0,
76.1699325776,0.99502142422,0.00692412342994,0.578932786681,0.255293720393,2.43025911174,1.96950647483,0.00692412342994,7648.96710338,7.0,
72.2068395627,0.995061993969,0.00669529276103,0.572530725451,0.252188777998,2.47194160294,2.07039024347,0.00669529276103,7310.56355202,7.0,
66.1435071938,0.995657110728,0.0066588227766,0.579413376303,0.257098406276,2.41719299075,1.8809717948,0.0066588227766,7614.35865706,7.0,
64.2616761795,0.99559756667,0.00619612223486,0.568109995508,0.252670103742,2.46555779768,1.98132512691,0.00619612223486,7297.5825102,7.0,
74.2988724936,0.995146306254,0.00687346603597,0.578893033852,0.255922418397,2.425973022,1.96001560623,0.00687346603597,7653.04747788,7.0,
80.7363467389,0.9945120193,0.00749855674006,0.5751038913,0.253066963951,2.41883313202,2.10993187617,0.00749855674006,7354.95717493,7.0,
89.6296895412,0.994088229117,0.00579068409169,0.566691613165,0.25263162484,2.50912392966,2.2469773885,0.00579068409169,7579.79848384,7.0,
80.5181005988,0.994605245094,0.00772848480314,0.569779571313,0.251635978852,2.40699373024,2.19100975828,0.00772848480314,7461.82223666,7.0,
73.6314737368,0.995030437445,0.00592652328779,0.567925839247,0.253278248837,2.499664421,2.06767668797,0.00592652328779,7407.45609417,7.0,
66.0248603768,0.995464740827,0.00731010062187,0.574518068833,0.253104893311,2.42824668557,1.99047406122,0.00731010062187,7278.30454304,7.0,
79.6470142122,0.994739393933,0.00620217450671,0.559627582547,0.25006112183,2.4697140634,2.20128093848,0.00620217450671,7569.36234429,7.0,
87.3467652139,0.994533276161,0.00665322795731,0.569854707723,0.253686706706,2.45438226311,2.14394557107,0.00665322795731,7988.26447604,7.0,
72.9778750975,0.995175331216,0.00815351088656,0.583762354136,0.252454616511,2.39204335238,1.99982026531,0.00815351088656,7562.37387381,7.0,
77.1413766801,0.995039162129,0.00703721644899,0.580068393943,0.255978099382,2.41222548488,1.9801239731,0.00703721644899,7774.27875519,7.0,
74.2990346932,0.995080613873,0.00661704604269,0.571854829178,0.252481822864,2.4634546902,2.04221573424,0.00661704604269,7550.9705381,7.0,
80.8523545245,0.994591616273,0.00718912336836,0.572546703592,0.253387744872,2.42482443758,2.12396433362,0.00718912336836,7474.0286834,7.0,
88.1864857045,0.994249046986,0.00635550590153,0.563298952661,0.250975053403,2.47639984763,2.22602733721,0.00635550590153,7666.47666499,7.0,
59.083572249,0.996010463743,0.00625076663805,0.568360941709,0.253940693816,2.4737567973,1.93169204871,0.00625076663805,7404.09812043,7.0,
80.7079705761,0.99468853091,0.00653025101116,0.575879149433,0.253837302002,2.46033864258,2.08851714494,0.00653025101116,7596.6747652,7.0,
65.2694135388,0.995741028609,0.00677082551195,0.57913697057,0.256779580039,2.42987302418,1.89407489238,0.00677082551195,7661.53030407,7.0,
74.0755236417,0.995048865265,0.00602142405428,0.574287891018,0.255667778885,2.47378998303,2.0369727417,0.00602142405428,7479.74430242,7.0,
81.6332009434,0.994617464646,0.00644572748411,0.574994829141,0.255072567369,2.46341876538,2.08116994135,0.00644572748411,7582.26756488,7.0,
76.4863489308,0.994524552189,0.00541611888443,0.55834564631,0.24694330019,2.54691531684,2.23922687779,0.00541611888443,6983.33164155,7.0,
76.1606784327,0.994977978298,0.00650659823095,0.582065708223,0.254296138525,2.45963928366,1.98625687156,0.00650659823095,7581.76631931,7.0,
75.6675741077,0.994894210357,0.00723391382371,0.581603668331,0.25410404508,2.42208430181,2.01547033501,0.00723391382371,7409.07749886,7.0,
89.7900128883,0.993971002383,0.00697343060474,0.577861272557,0.253138832115,2.43185169225,2.16759602655,0.00697343060474,7445.91746874,7.0,
75.9381318113,0.994966921171,0.00691253237692,0.583475778417,0.254833978578,2.41651549573,2.00278369587,0.00691253237692,7543.1039074,7.0,
78.7721928509,0.994949718861,0.0066311309847,0.577347913279,0.255158242832,2.42630294892,1.99963176307,0.0066311309847,7798.28738315,7.0,
