37.4703333522,0.997472155351,0.00654367505969,0.579833228267,0.252190490912,2.44052843609,1.68096263022,0.00654367505969,7410.6176743,1.0,
40.0679121808,0.997350708937,0.00751062171621,0.586400962928,0.252840143994,2.38281064398,1.65643503531,0.00751062171621,7561.1727002,1.0,
42.956905153,0.99725319882,0.00677253868974,0.588625921282,0.254824000767,2.4140924099,1.65478374151,0.00677253868974,7818.51258418,1.0,
36.7284209884,0.997575389628,0.00733764151988,0.588017287916,0.253550231292,2.38461904355,1.58990401582,0.00733764151988,7573.24236124,1.0,
36.4242997251,0.997629847759,0.00686520920802,0.586382687301,0.253684789033,2.40311505068,1.60623396088,0.00686520920802,7682.97378806,1.0,
38.0633090359,0.997501244846,0.00761523940149,0.5900968456,0.253231297002,2.36759045531,1.61850974002,0.00761523940149,7615.57191672,1.0,
41.578018186,0.99724166865,0.00721660828874,0.585391331137,0.252945832185,2.39245177253,1.68406261846,0.00721660828874,7535.91642353,1.0,
36.3776169086,0.997635494288,0.00755725478912,0.592997019565,0.254404411614,2.35909100976,1.56511500237,0.00755725478912,7691.57697096,1.0,
40.5619670874,0.997401598615,0.00838363822173,0.596098865397,0.25702716724,2.3886145814,1.61891711725,0.00838363822173,7804.47875274,1.0,
39.24726273,0.99734953631,0.0094568698423,0.600795842785,0.25643730976,2.34011382233,1.61452528571,0.0094568698423,7403.19234491,1.0,
44.2007149797,0.997098717832,0.00906384730811,0.600939788221,0.257461171288,2.34519576974,1.66805291111,0.00906384730811,7616.7767881,1.0,
36.4828422296,0.997653245485,0.00852627197584,0.603276880349,0.258845530662,2.3708463688,1.53893393518,0.00852627197584,7772.35519615,1.0,
30.6322843188,0.997901184782,0.00916545963366,0.600339315471,0.257495870886,2.33356489552,1.48448263092,0.00916545963366,7296.92514161,1.0,
36.8768631517,0.997515287604,0.00891270781068,0.597426131698,0.2557376211,2.37033020476,1.6249602426,0.00891270781068,7420.15328679,1.0,
39.8228998288,0.997373011478,0.00881569328222,0.599100367647,0.25706183844,2.3750137092,1.60899846199,0.00881569328222,7578.97345045,1.0,
39.1078068291,0.997476270501,0.00914502865847,0.601561274128,0.259184389191,2.34603929288,1.57250443322,0.00914502865847,7747.40561395,1.0,
35.8033914699,0.997701395261,0.00849871823364,0.605804724206,0.259381183691,2.35922250023,1.52427053334,0.00849871823364,7787.38234211,1.0,
34.6632907366,0.997834287511,0.00931645168829,0.607404533099,0.25966047408,2.34645541709,1.48875028865,0.00931645168829,8002.12980652,1.0,
33.4213674804,0.997847291707,0.00814096863351,0.603323964219,0.260122238602,2.37695450626,1.49868637182,0.00814096863351,7761.93872448,1.0,
41.1857444111,0.997348985134,0.00855162453572,0.602853223246,0.259387789945,2.35440865133,1.61793026225,0.00855162453572,7767.22424667,1.0,
32.8687047147,0.997881663819,0.00909363264379,0.607652797989,0.259884033754,2.32402797393,1.4656670312,0.00909363264379,7757.48742529,1.0,
34.7111041884,0.997750589862,0.0093913552535,0.608350664234,0.259076980501,2.31678872834,1.49264106798,0.0093913552535,7714.95851511,1.0,
34.4669283757,0.997865879901,0.00932273854741,0.605850710444,0.258746129457,2.33170618996,1.50025924006,0.00932273854741,8074.60046729,1.0,
36.8496995865,0.997551949972,0.00893846769388,0.604290511608,0.259930299765,2.32550244872,1.52050828479,0.00893846769388,7525.67144687,1.0,
37.2921112597,0.997593806925,0.009086425819,0.601944367166,0.256634251249,2.3488371726,1.59138756606,0.009086425819,7748.54665976,1.0,
43.206954169,0.997229894818,0.00889930161102,0.599344380366,0.25727471612,2.36960533701,1.67476265375,0.00889930161102,7798.10824354,1.0,
37.3090076116,0.997614519088,0.00873392583389,0.607058143074,0.259063887014,2.36041380837,1.53179285195,0.00873392583389,7819.35195234,1.0,
34.6139545219,0.997675115312,0.00860686901265,0.601590250516,0.257085993171,2.36835666404,1.54105360387,0.00860686901265,7443.59795718,1.0,
36.8188413059,0.997503683317,0.00866782786173,0.59795107717,0.256817257893,2.40109889653,1.60839937782,0.00866782786173,7374.02196378,1.0,
34.3778696131,0.997796880912,0.00986809239415,0.603609114314,0.256957060613,2.32946687241,1.55512010004,0.00986809239415,7801.49898937,1.0,
38.4295673087,0.997408287098,0.0088456456514,0.599805645852,0.256234855203,2.38668124929,1.63198368748,0.0088456456514,7413.31089872,1.0,
36.0667859026,0.997564611052,0.0089820406594,0.60324753312,0.257928316878,2.34167957783,1.54093814402,0.0089820406594,7404.12925162,1.0,
41.6457473738,0.997316254375,0.00913563948272,0.605091507899,0.259372615913,2.33603813241,1.59323274529,0.00913563948272,7758.25901243,1.0,
37.4480387074,0.997494290395,0.00884654422295,0.6028829391,0.257267215832,2.38037941037,1.58059969414,0.00884654422295,7471.95904566,1.0,
38.2109429803,0.997466394089,0.0103611756874,0.607269842973,0.258422084635,2.29170924769,1.54837768008,0.0103611756874,7540.22330481,1.0,
38.8923108092,0.997419685393,0.00952550899607,0.604095327685,0.258138235112,2.34377311431,1.56653537646,0.00952550899607,7535.78396982,1.0,
45.9142089693,0.997130444875,0.00852494676552,0.602501983206,0.259332669552,2.38419540485,1.65194517182,0.00852494676552,7999.58948991,1.0,
37.1878727937,0.997518044233,0.00857389270864,0.597136780705,0.257113635156,2.39524236505,1.59393421838,0.00857389270864,7491.00211356,1.0,
30.607824257,0.998016551628,0.00895410635075,0.60039013924,0.257340007029,2.40392269342,1.4755072609,0.00895410635075,7715.23786682,1.0,
40.2057668931,0.99731649534,0.00933089088929,0.60006699992,0.256976758287,2.36212989312,1.63374390568,0.00933089088929,7490.70843072,1.0,
34.9530121952,0.997755786479,0.00935705123338,0.599518206146,0.257601217685,2.33000045482,1.54692462868,0.00935705123338,7786.73196066,1.0,
43.6980289042,0.99715330014,0.00873406861632,0.602339979568,0.259340812095,2.34700181754,1.62636972425,0.00873406861632,7674.5667483,1.0,
36.5092738229,0.99762051539,0.00888490732435,0.604559830583,0.25808432609,2.36521327944,1.56669440608,0.00888490732435,7671.10504155,1.0,
37.2783105391,0.997518653846,0.00895207465076,0.60127176051,0.256925453766,2.37725101629,1.6052972111,0.00895207465076,7511.14362752,1.0,
37.8496886941,0.997431466641,0.00937143683522,0.598694304834,0.257160744003,2.34376738378,1.59105861439,0.00937143683522,7367.40059571,1.0,
38.5375200966,0.9973243257,0.00832445063211,0.591868932337,0.255181337193,2.40178376863,1.66728826187,0.00832445063211,7200.85571406,1.0,
36.2268764405,0.997577847065,0.00927640805781,0.601864256307,0.257588993674,2.3656237177,1.56149217705,0.00927640805781,7477.70078741,1.0,
36.5675004466,0.997633964785,0.00896881115572,0.605132726399,0.259058654182,2.3635080503,1.53886640205,0.00896881115572,7727.0074451,1.0,
36.0481489389,0.997650611834,0.00910833122226,0.606953582662,0.258596987318,2.34713143322,1.51745622329,0.00910833122226,7671.22110189,1.0,
37.9968586205,0.997573479797,0.00912659557411,0.609244612268,0.259863802338,2.31844696186,1.53214358849,0.00912659557411,7828.82392487,1.0,
46.2273731358,0.997122839939,0.00801902815547,0.60158271633,0.258475534033,2.36859167039,1.62513452163,0.00801902815547,8032.85047352,2.0,
41.1384734028,0.997391781422,0.00789638004878,0.602600682998,0.256393379522,2.37328755055,1.56828034525,0.00789638004878,7885.59778969,2.0,
38.6671749805,0.997442664062,0.00853364418259,0.594616618516,0.255742637669,2.34004479996,1.62922136487,0.00853364418259,7559.41678883,2.0,
42.5825167635,0.997308728571,0.00821494276992,0.601805964692,0.25565518827,2.37241209969,1.62484042576,0.00821494276992,7910.5535176,2.0,
38.7683265292,0.997562711216,0.00810402965459,0.603966907977,0.258209743163,2.34682847036,1.53599515504,0.00810402965459,7952.45276997,2.0,
42.1594369916,0.997277772007,0.00814929721577,0.598818961745,0.255326950457,2.38027659991,1.62213910081,0.00814929721577,7742.88918591,2.0,
39.278953193,0.997462886562,0.00765616149077,0.597393298963,0.255076820665,2.41298840308,1.61893672364,0.00765616149077,7740.21596735,2.0,
51.0459965928,0.996726447983,0.00786566741992,0.598458696593,0.255858147269,2.36507992466,1.75747765961,0.00786566741992,7795.977587,2.0,
47.2180840635,0.997038341797,0.00702975107999,0.599255501189,0.256840189113,2.4310862214,1.68565727157,0.00702975107999,7970.77377463,2.0,
44.8722839703,0.997105729468,0.0069603673372,0.592368859478,0.254557276473,2.43476621567,1.72064814371,0.0069603673372,7751.13270776,2.0,
49.208927879,0.996781954431,0.0084143081573,0.597868784507,0.2540988813,2.38151658023,1.7412108907,0.0084143081573,7645.13474193,2.0,
40.8213661733,0.997327061935,0.00799309484141,0.595757781011,0.254206551099,2.40485774625,1.64632467312,0.00799309484141,7635.39462471,2.0,
38.2549179364,0.997479984086,0.00899054134369,0.600171124297,0.256119814956,2.3318124486,1.56122640153,0.00899054134369,7589.55150286,2.0,
37.6323910647,0.997512804034,0.00833429075466,0.595805549062,0.254079860474,2.38605325361,1.62073615462,0.00833429075466,7564.51645726,2.0,
43.5016578293,0.997287998194,0.00844963810751,0.604242648232,0.258756507307,2.35478566328,1.59238313502,0.00844963810751,8019.529879,2.0,
42.2710409251,0.997305596304,0.00852560814152,0.599690073667,0.258024603027,2.3355234134,1.59417167356,0.00852560814152,7843.51321244,2.0,
45.271326307,0.997113092602,0.00826586648165,0.601222440486,0.257110083514,2.35671898516,1.63372647778,0.00826586648165,7840.06285689,2.0,
43.3405630084,0.997221557178,0.00840064631987,0.597702659968,0.256262015623,2.36949259463,1.67099169125,0.00840064631987,7798.67900971,2.0,
42.0089405142,0.99736707695,0.00798960378606,0.603032092875,0.256798793054,2.36470877201,1.60253488848,0.00798960378606,7976.8767836,2.0,
38.7668277295,0.997457350574,0.00874879409403,0.598368275067,0.255764372199,2.34191015076,1.5958512877,0.00874879409403,7622.65651359,2.0,
44.2225303572,0.996988567231,0.00719082317682,0.58467091295,0.25324003784,2.4490065264,1.7758488478,0.00719082317682,7341.67428799,2.0,
41.2105203536,0.99733402216,0.00724961215641,0.594337950946,0.256574928381,2.42101390583,1.63660208176,0.00724961215641,7728.22075987,2.0,
34.0279238575,0.997781385459,0.00818789541507,0.600666968683,0.256346477917,2.36897729392,1.51917287173,0.00818789541507,7667.96945164,2.0,
40.8936179019,0.997442525208,0.00912083580356,0.604935536001,0.259110156997,2.30783854774,1.58445561767,0.00912083580356,7994.13571419,2.0,
41.9002012923,0.997293804905,0.00877828185797,0.600964187503,0.256104986511,2.34238648176,1.62123720683,0.00877828185797,7740.72082481,2.0,
44.7694397365,0.997161200747,0.007596951985,0.598819480125,0.255775994141,2.40514458773,1.66887637953,0.007596951985,7884.49718825,2.0,
44.6112531969,0.997120971565,0.00816276714215,0.598022801617,0.256069937962,2.39002373271,1.65528043674,0.00816276714215,7747.02280806,2.0,
39.79467534,0.997414730218,0.00800960126953,0.597057102632,0.256598097414,2.37804507,1.58722665423,0.00800960126953,7695.8363187,2.0,
41.3443557558,0.99724601947,0.00719019430961,0.586020132341,0.253372800761,2.41524254182,1.68659184287,0.00719019430961,7505.49215558,2.0,
36.9781584806,0.997487090039,0.00634256189512,0.582275578975,0.252253919171,2.44837375093,1.65491445078,0.00634256189512,7356.73397457,2.0,
40.6001276594,0.99735245015,0.00635999730594,0.584122340678,0.253102346055,2.44007302063,1.65637185917,0.00635999730594,7666.47770946,2.0,
40.1692532579,0.997384739477,0.00613726453076,0.583493350809,0.252037284598,2.47075584709,1.69272646471,0.00613726453076,7678.84282541,2.0,
44.3812353769,0.997034423817,0.00746387409844,0.58307535564,0.251270165218,2.39662938727,1.77501012997,0.00746387409844,7481.86562709,2.0,
41.2559069699,0.997304871908,0.00637210085685,0.58552441824,0.252126041058,2.45258884605,1.69155661672,0.00637210085685,7652.8605633,2.0,
39.9371854808,0.997393447536,0.00702505387718,0.58730165828,0.252889365797,2.42179172574,1.66282236174,0.00702505387718,7660.07159583,2.0,
31.9770234885,0.99783280022,0.00760422926607,0.582825243772,0.253782707533,2.39850135158,1.60572201623,0.00760422926607,7376.63960966,2.0,
51.4440607885,0.996560558899,0.00689629642362,0.581245455457,0.250409954708,2.43089189343,1.87153239194,0.00689629642362,7477.59347536,2.0,
40.7638584506,0.997252326813,0.00801274623199,0.581572468641,0.251692955513,2.35842112168,1.72748641713,0.00801274623199,7416.97270463,2.0,
44.1106366849,0.997146875381,0.0073852982449,0.589223941113,0.253802203663,2.37176197431,1.68501243917,0.0073852982449,7729.26028472,2.0,
43.62245716,0.997118093671,0.00729306828011,0.583189669702,0.252863522194,2.40015615304,1.71285569261,0.00729306828011,7567.37032011,2.0,
39.0748310583,0.997352211719,0.00793206450147,0.580489705482,0.25158614086,2.39456838635,1.71591646806,0.00793206450147,7377.82135686,2.0,
44.0643438177,0.997143704294,0.00684528873954,0.584022815301,0.25299255665,2.42665060636,1.73889951507,0.00684528873954,7712.59291265,2.0,
36.2190338842,0.997551972575,0.00727979093867,0.580842794321,0.251997285594,2.42453033205,1.66817708492,0.00727979093867,7396.73757059,2.0,
38.6299860141,0.997370577007,0.00697310845913,0.574404280457,0.251457747435,2.42979812403,1.73088921518,0.00697310845913,7344.7950353,2.0,
41.3785449444,0.997187066853,0.00836861320751,0.584127815691,0.252433120527,2.36194712649,1.71353538082,0.00836861320751,7354.10269312,2.0,
33.9185637665,0.997786388679,0.00679407316053,0.587971080631,0.253519952471,2.41754109953,1.59386450677,0.00679407316053,7660.34140205,2.0,
41.7751865875,0.997367609958,0.0076279270856,0.589828254892,0.255371110209,2.40514127289,1.66814005063,0.0076279270856,7933.96740211,2.0,
40.1889555022,0.997299526042,0.00732873728044,0.581964040485,0.253096503638,2.40870511053,1.71522153043,0.00732873728044,7440.17753046,2.0,
35.6542652614,0.997664550557,0.00731143973539,0.587813953544,0.253561163639,2.40172509697,1.60019519251,0.00731143973539,7632.35876431,2.0,
42.2627844561,0.997185782028,0.00712463915363,0.58106269669,0.251929498415,2.42647145316,1.75653437436,0.00712463915363,7507.91221507,2.0,
46.2552490665,0.997161041305,0.0074877337121,0.605419333955,0.256081204128,2.37366550037,1.63604438887,0.0074877337121,8146.57164036,3.0,
49.2257501623,0.996843201044,0.00784323957898,0.599994088193,0.252518561774,2.37133608509,1.75336249602,0.00784323957898,7796.72169948,3.0,
39.4244674686,0.997477568695,0.0077546048021,0.600510687961,0.254641560591,2.35754715618,1.5806606918,0.0077546048021,7814.21628051,3.0,
44.6843981056,0.997106359714,0.00802542799334,0.597719673551,0.253473994237,2.35355467962,1.70213099683,0.00802542799334,7720.55319953,3.0,
40.1733836709,0.997485916237,0.00767234445401,0.605756237232,0.254711410709,2.35392168671,1.55432277348,0.00767234445401,7989.09673529,3.0,
47.5812488835,0.996979568687,0.00791945062418,0.603638390095,0.253731126084,2.33830576324,1.67372569352,0.00791945062418,7875.9437834,3.0,
39.2897149231,0.997512695879,0.00787663395084,0.604716151496,0.255311851769,2.33048966134,1.56520649887,0.00787663395084,7897.52301657,3.0,
41.722297259,0.997366740026,0.00772358404681,0.602686053605,0.254589122246,2.34703023035,1.56844373184,0.00772358404681,7921.60184305,3.0,
49.0604791802,0.996931688265,0.00921394880212,0.608977028599,0.256121872405,2.27325153403,1.62946535551,0.00921394880212,7994.13482875,3.0,
44.0862506917,0.997289422846,0.00874842755619,0.613053343784,0.256480101421,2.29462937091,1.5506912342,0.00874842755619,8131.72238324,3.0,
44.1710853662,0.997270779158,0.0080068801648,0.606916449328,0.25561217361,2.33840677232,1.61959244849,0.0080068801648,8091.69117105,3.0,
48.4837920503,0.996950264765,0.00721217851229,0.600087224316,0.255254718702,2.36925792593,1.68952408754,0.00721217851229,7948.20850956,3.0,
44.6533328686,0.997145607396,0.00790161192397,0.599901945935,0.253960202957,2.36103134291,1.64246221413,0.00790161192397,7821.33051145,3.0,
41.0469464136,0.997376813614,0.00788180194743,0.600111858832,0.25301702236,2.35310367021,1.62204542583,0.00788180194743,7823.30466184,3.0,
42.2133545663,0.997434531636,0.0096865711267,0.617625411519,0.259188396642,2.25804892107,1.47543972778,0.0096865711267,8226.69634566,3.0,
44.441013084,0.997160632152,0.00931345901885,0.607460780625,0.257503624828,2.30792149431,1.57483323675,0.00931345901885,7825.32223508,3.0,
48.6458976895,0.996934176396,0.00896869957225,0.607717561758,0.25760374752,2.33066894017,1.66615326969,0.00896869957225,7933.01627237,3.0,
38.8689835611,0.997523277432,0.00910229716291,0.606692856868,0.257747186851,2.31514593878,1.56322407491,0.00910229716291,7846.38179311,3.0,
41.7291856377,0.997427395218,0.00834235845029,0.611575530555,0.257949083473,2.35802693058,1.57358932018,0.00834235845029,8109.80228573,3.0,
44.5036380747,0.997220756771,0.00838827961382,0.610486473121,0.25819222319,2.34269084175,1.59168819739,0.00838827961382,8005.93898188,3.0,
44.9913601171,0.997157677921,0.00842566038963,0.6068061278,0.25703951683,2.35550051453,1.64161260386,0.00842566038963,7914.02039547,3.0,
41.8136761111,0.997284603494,0.00849666345004,0.600978174784,0.255868103388,2.37803528111,1.61213984149,0.00849666345004,7699.00983218,3.0,
41.7753107613,0.997269757475,0.00883721254744,0.609263670583,0.257121171746,2.33065678168,1.56650269915,0.00883721254744,7650.11949124,3.0,
43.4959523695,0.997165159793,0.00896823926671,0.603465714593,0.255105841043,2.34053405095,1.65276864023,0.00896823926671,7671.35765102,3.0,
49.3454711416,0.996832235241,0.00827084703776,0.601331162368,0.255900505808,2.3531444224,1.72538199785,0.00827084703776,7788.35467531,3.0,
47.5782512842,0.996971245126,0.0096950046388,0.614189229601,0.257220514756,2.2946316879,1.5967684311,0.0096950046388,7854.07898953,3.0,
43.2632593664,0.997265392312,0.00894538232867,0.612578115319,0.256883688198,2.31490055161,1.59085601502,0.00894538232867,7910.04065368,3.0,
44.9058108985,0.99713191201,0.00915122990319,0.609881184265,0.256378868562,2.31131704778,1.62412806023,0.00915122990319,7828.24000947,3.0,
40.5162972677,0.997406999205,0.0086484568251,0.609123405465,0.257376052675,2.34574834865,1.55540548195,0.0086484568251,7812.54478343,3.0,
39.0225168506,0.99755133889,0.00935524692411,0.617370261477,0.257668936857,2.28375531481,1.50282114179,0.00935524692411,7968.12499408,3.0,
37.3975827499,0.99753490475,0.00888374514207,0.604136854635,0.25606539396,2.33273323544,1.55993237974,0.00888374514207,7585.33382674,3.0,
38.1496011189,0.997554156793,0.00908825170273,0.608715913556,0.256639022078,2.32818966962,1.55072609001,0.00908825170273,7798.78405691,3.0,
42.1484334494,0.997336352253,0.00750411775529,0.603633255009,0.257684921852,2.39149802791,1.59943707873,0.00750411775529,7911.70673248,3.0,
43.0901218646,0.997271064945,0.00804149907887,0.607915418432,0.257609225974,2.3664795451,1.59338306095,0.00804149907887,7894.9783368,3.0,
46.2581573478,0.997022496546,0.00709016003213,0.59923583576,0.256298474706,2.42947568924,1.68522375249,0.00709016003213,7767.89212613,3.0,
41.0795670909,0.997357381589,0.00957043573221,0.607671490349,0.257682039177,2.3051240734,1.57183128047,0.00957043573221,7772.50215793,3.0,
45.7335556843,0.996953366448,0.00823565825639,0.594226273868,0.254750122393,2.38999039331,1.75063938619,0.00823565825639,7505.57833321,3.0,
46.787664966,0.997026334737,0.0084705760965,0.602995321714,0.256573997651,2.34761318575,1.67586061163,0.0084705760965,7866.4437853,3.0,
45.704350876,0.997178367082,0.00852259315729,0.605995399322,0.25821106116,2.33297926441,1.6352492408,0.00852259315729,8098.34227469,3.0,
49.4924450041,0.99689371095,0.0081177052169,0.59959883745,0.257891691977,2.38882152736,1.72366970638,0.0081177052169,7965.93554538,3.0,
40.4950352261,0.997352459146,0.00816009182499,0.597245376721,0.256176377533,2.38867896527,1.62112174697,0.00816009182499,7647.12612713,3.0,
44.4982310679,0.997144025608,0.008729163044,0.603234480655,0.25638656397,2.34094553263,1.63906595154,0.008729163044,7789.80095033,3.0,
39.7359128082,0.997397372061,0.00808951763388,0.596790895039,0.255038143093,2.38417568351,1.64076952905,0.00808951763388,7633.23712876,3.0,
51.5903941756,0.996560825636,0.00750992550597,0.589205581913,0.253413058633,2.40654158581,1.84397452041,0.00750992550597,7499.56915671,3.0,
49.7070892352,0.996903211953,0.00793053812578,0.599950807433,0.258595971243,2.38517767093,1.67543144952,0.00793053812578,8025.0191895,3.0,
39.1206773354,0.997538481675,0.00861226285283,0.605501320212,0.25827999973,2.31964397887,1.53917356884,0.00861226285283,7945.88682279,3.0,
45.5080473342,0.997038996989,0.00873264585114,0.602470609799,0.254725509084,2.35169338532,1.67237503104,0.00873264585114,7684.01019228,3.0,
42.5580588802,0.997328999666,0.00796882861629,0.60130017619,0.256602582817,2.36450394749,1.62124809927,0.00796882861629,7966.43961235,3.0,
47.9504459365,0.996904592715,0.0078173437758,0.59647411837,0.255269858754,2.41084053768,1.7274559183,0.0078173437758,7744.77386432,3.0,
39.1301276158,0.997494545146,0.00827621764244,0.600335830824,0.256906493533,2.36758574324,1.57823821329,0.00827621764244,7808.32351181,3.0,
42.3891999285,0.997190385708,0.00593315250822,0.572386753516,0.252390310551,2.50044286364,1.79824588157,0.00593315250822,7543.56144829,4.0,
46.4777118906,0.996810396946,0.00635389801069,0.575298996736,0.250158163656,2.4661153285,1.82998644981,0.00635389801069,7285.73705122,4.0,
42.3391056,0.997116621353,0.00732145506373,0.579147950688,0.252107495178,2.38479657328,1.72191820214,0.00732145506373,7341.82951148,4.0,
39.8833419747,0.997278675524,0.00648915654921,0.574601750269,0.250694538787,2.45825520448,1.77311048855,0.00648915654921,7327.95927298,4.0,
41.2432782757,0.997304628214,0.00691446320162,0.588966650677,0.25402395825,2.39183492475,1.66750393217,0.00691446320162,7650.79045858,4.0,
41.8920210703,0.997165349106,0.00607352655469,0.576313116975,0.251609923413,2.46429626886,1.76212219574,0.00607352655469,7389.33194694,4.0,
52.1572802886,0.996446523577,0.00617809225437,0.575566378135,0.249708608186,2.48058078495,1.91027462018,0.00617809225437,7339.06345419,4.0,
40.2439187511,0.997196798722,0.00650684656321,0.573324268941,0.250329936254,2.45688124044,1.77548286184,0.00650684656321,7178.22773538,4.0,
45.756693404,0.997007192524,0.00756714732439,0.587024143118,0.252195621387,2.39910916657,1.75821834548,0.00756714732439,7644.01010595,4.0,
43.8551349138,0.997011826728,0.00629613920394,0.577728307688,0.250519021425,2.45874015032,1.80090363677,0.00629613920394,7337.71114095,4.0,
46.6141592997,0.996992412899,0.00744789744503,0.58703909145,0.252400362874,2.36698240257,1.74243302239,0.00744789744503,7749.03952992,4.0,
39.6340140382,0.997404484637,0.00790454341993,0.592359134858,0.256590289059,2.3968003067,1.64090677379,0.00790454341993,7634.87545163,4.0,
42.0484713551,0.997162160035,0.00820065587143,0.589396933473,0.254047566275,2.3902493244,1.7151191415,0.00820065587143,7408.36277977,4.0,
42.4806724556,0.997099836162,0.00749230931779,0.587115810764,0.254082476226,2.43171285203,1.73551632341,0.00749230931779,7323.58221544,4.0,
41.496856442,0.997208777117,0.00698592372959,0.585875865793,0.256222410164,2.42972441404,1.71448302304,0.00698592372959,7433.31740819,4.0,
43.4356823242,0.997184205363,0.00653366209476,0.587063099572,0.256446455488,2.47163196627,1.73284114031,0.00653366209476,7712.68676237,4.0,
49.7898892021,0.996726225796,0.00733518610455,0.585928153441,0.25468701945,2.44774992288,1.84556263806,0.00733518610455,7604.35268911,4.0,
42.4422744285,0.997188523345,0.00743142213043,0.591319148536,0.256565661282,2.43870402273,1.66810083785,0.00743142213043,7548.01329641,4.0,
42.8714212891,0.997071316371,0.00774566621248,0.582404914335,0.253609789546,2.42037009973,1.78976284981,0.00774566621248,7319.06876326,4.0,
45.6732551401,0.996804959999,0.00776131252909,0.579601642126,0.251750489548,2.42934014682,1.82923051452,0.00776131252909,7147.60497925,4.0,
40.0506890557,0.99735749241,0.00880583966259,0.595060416891,0.256596551223,2.3507408223,1.61239472457,0.00880583966259,7578.31263556,4.0,
40.8563614024,0.997363283554,0.0082194366148,0.600185472389,0.257331402478,2.36685509625,1.63338881216,0.0082194366148,7747.59998627,4.0,
39.9456205858,0.997403894751,0.00815174949887,0.598208770703,0.257046036335,2.37596370573,1.62936078809,0.00815174949887,7693.32171835,4.0,
37.0047491036,0.997469978891,0.00827556248346,0.586323241281,0.253204935479,2.41072121042,1.6915784016,0.00827556248346,7313.0877765,4.0,
46.4063881978,0.996800972999,0.00746367949178,0.581970788098,0.2524036555,2.43871611429,1.84408562329,0.00746367949178,7253.13877958,4.0,
48.5386158759,0.996791920783,0.00814712738425,0.588909931325,0.253453536283,2.34761154646,1.77914707843,0.00814712738425,7565.1199817,4.0,
48.682716313,0.996906842538,0.00709729208194,0.599262583652,0.253750322149,2.39098638021,1.71785532226,0.00709729208194,7869.54354051,4.0,
46.4873299146,0.996914595011,0.00709488170433,0.589824304826,0.252208290949,2.40863513983,1.76717410911,0.00709488170433,7533.55948812,4.0,
48.5945180531,0.996776203403,0.00718675896057,0.591339865808,0.25243061073,2.41383849735,1.77179468188,0.00718675896057,7536.98735456,4.0,
47.9939241973,0.996961830094,0.00789377998118,0.601264697124,0.25315210366,2.36595302889,1.7060152407,0.00789377998118,7898.5368091,4.0,
47.5866776753,0.996955515483,0.00744206121948,0.596971799169,0.254143818124,2.36307905592,1.6955280001,0.00744206121948,7814.9182774,4.0,
42.0260067882,0.997403166258,0.00847163617744,0.610526535047,0.257695185041,2.29492433158,1.51243698724,0.00847163617744,8091.46014821,4.0,
47.7499248422,0.996848897422,0.00696781236365,0.588681406315,0.252063098784,2.39978103822,1.76293477172,0.00696781236365,7576.48158951,4.0,
52.6470631805,0.996632717044,0.00717611378739,0.59673261575,0.25238284743,2.38521748714,1.75817041875,0.00717611378739,7817.24950263,4.0,
50.5810615336,0.996880878305,0.00832131079513,0.604849431996,0.255210942472,2.34995931965,1.70984502237,0.00832131079513,8108.35095208,4.0,
40.7819856481,0.997365475758,0.00701871179581,0.59747004648,0.252938541637,2.39976104472,1.64268441989,0.00701871179581,7740.01339866,4.0,
41.3252438817,0.997291788928,0.00760000101567,0.592712513797,0.252402196931,2.37081651329,1.65553314134,0.00760000101567,7629.67186206,4.0,
49.1086259406,0.996858109765,0.00694651740436,0.592535782415,0.252789098254,2.40770081806,1.74087540356,0.00694651740436,7815.16149093,4.0,
42.202551445,0.997231323333,0.00689155957431,0.589090273817,0.252353985787,2.41505647132,1.67962721716,0.00689155957431,7621.48023097,4.0,
57.6875242357,0.996310385156,0.00741557815086,0.597084741139,0.251816269112,2.38681546173,1.86744119172,0.00741557815086,7817.58420512,4.0,
49.2129907589,0.996883620959,0.00743542165181,0.597204498922,0.253050976386,2.37126484408,1.73771441767,0.00743542165181,7895.97784137,4.0,
44.3759612578,0.997204854808,0.00734777259851,0.60388289745,0.253158326928,2.38171392009,1.64533563963,0.00734777259851,7938.23186974,4.0,
53.6832369716,0.996578406938,0.00760771422781,0.599703137473,0.253022508784,2.36724425825,1.75960604225,0.00760771422781,7844.88892749,4.0,
42.8411163443,0.997185005196,0.00780720645168,0.589755582426,0.252188479599,2.36391740621,1.72309458559,0.00780720645168,7609.48285388,4.0,
48.7114440325,0.996984390848,0.00765963099066,0.60351855791,0.255539784586,2.35929598616,1.67186962186,0.00765963099066,8076.58506607,4.0,
44.8541219169,0.997164873692,0.00786000405574,0.601450685533,0.254988615124,2.3300391627,1.60077684877,0.00786000405574,7910.52278994,4.0,
49.1767363638,0.996872927158,0.00747015244358,0.600050975775,0.253424672851,2.37310936638,1.72335818262,0.00747015244358,7862.47714729,4.0,
47.7439557854,0.996903095385,0.0074993757995,0.593280063145,0.25311469472,2.36865358981,1.74704488121,0.0074993757995,7708.36777676,4.0,
49.6722377863,0.996773418214,0.00696672106478,0.592880305945,0.251433474741,2.42078330955,1.80234579574,0.00696672106478,7697.38581762,4.0,
41.058442294,0.997391712011,0.00750822432314,0.601783955987,0.25404138183,2.35163948939,1.58942257001,0.00750822432314,7870.80949529,4.0,
44.5609257702,0.996932813569,0.00546323251395,0.573057715668,0.25207312167,2.51974520174,1.83327596649,0.00546323251395,7263.90747932,5.0,
44.3495797697,0.99700850178,0.00727520053555,0.588696886399,0.251939388554,2.39573501067,1.72159578593,0.00727520053555,7412.46178039,5.0,
46.2021353538,0.99700694232,0.00751388307439,0.600968729738,0.253558033481,2.36352214258,1.68449178057,0.00751388307439,7718.19561145,5.0,
39.4971592518,0.997281447526,0.00659573726261,0.585133531901,0.251910256097,2.44442286708,1.71319989369,0.00659573726261,7264.35059757,5.0,
47.2151017136,0.996888091263,0.00688223385954,0.597469767788,0.252397631291,2.41023744884,1.72248896596,0.00688223385954,7586.1634469,5.0,
41.2056753966,0.997181532749,0.006904577301,0.574458661876,0.249562401667,2.45742973632,1.79426796272,0.006904577301,7309.87952642,5.0,
39.9393770396,0.997310543242,0.00716797477174,0.578771216588,0.252802609617,2.43774119214,1.75527302988,0.00716797477174,7425.13875516,5.0,
40.9737513997,0.997343546794,0.00713729460421,0.585953860379,0.25432133807,2.45226137803,1.74607763259,0.00713729460421,7712.24556414,5.0,
36.8411010949,0.997454661416,0.00725687191595,0.573260355725,0.251376063706,2.44440624219,1.73962277304,0.00725687191595,7237.09514881,5.0,
43.1675213601,0.997210237055,0.00709024175497,0.589303761547,0.255398589286,2.42840438425,1.68355720927,0.00709024175497,7736.92672892,5.0,
41.9193937704,0.99720042118,0.00750062638671,0.583671594005,0.253353885523,2.42417727742,1.76937438185,0.00750062638671,7486.71228171,5.0,
43.2047756811,0.997272498468,0.00767457752818,0.587886242598,0.257049222581,2.3719724525,1.66728172641,0.00767457752818,7920.17368165,5.0,
39.5587385684,0.997322206727,0.00690181310432,0.57926717509,0.252334255658,2.45529022927,1.74777031767,0.00690181310432,7386.47247243,5.0,
41.4067280419,0.997228569903,0.00738313807586,0.584569278183,0.253998386962,2.41317325824,1.72426879055,0.00738313807586,7470.24587743,5.0,
44.7273557079,0.996937592527,0.00671741050412,0.573244179915,0.250939749485,2.46651536754,1.86254395099,0.00671741050412,7302.5871476,5.0,
43.4059568572,0.997071313056,0.00697571206711,0.57721899219,0.251071826175,2.47305357162,1.82701499235,0.00697571206711,7410.56461839,5.0,
38.6114383684,0.997410254321,0.00703565833131,0.580227011868,0.251376998121,2.45519836559,1.74684446032,0.00703565833131,7454.71662413,5.0,
40.3002871247,0.997341287172,0.0068269976498,0.582533495159,0.255366059762,2.42450962267,1.704435837,0.0068269976498,7578.90260686,5.0,
41.0981866267,0.997246905538,0.00664405711957,0.58078107391,0.251948061188,2.48597001082,1.77298195776,0.00664405711957,7464.07274267,5.0,
46.4407995922,0.996958800635,0.00636453446107,0.5855530471,0.254655490817,2.47124187926,1.78178522724,0.00636453446107,7635.32058378,5.0,
38.1723074979,0.997466526859,0.00676519845077,0.585297158641,0.253492294336,2.46078049322,1.70459486661,0.00676519845077,7533.72179592,5.0,
40.5206302801,0.997226364705,0.00671663283681,0.577127218841,0.252434264027,2.45862642782,1.78242788116,0.00671663283681,7304.44614718,5.0,
43.5769049787,0.997165097811,0.00709024838012,0.58892724524,0.255912660527,2.42362925413,1.71384036912,0.00709024838012,7685.69625129,5.0,
40.0713541916,0.997252674311,0.00631787934862,0.576539369713,0.251016967746,2.50379983965,1.81737736203,0.00631787934862,7292.9458852,5.0,
46.8647071894,0.99685444487,0.00621760882474,0.587881193027,0.254490035302,2.47972044599,1.77660042611,0.00621760882474,7449.13226414,5.0,
40.0596557118,0.997266428461,0.00717158229875,0.582116731077,0.252912129002,2.47422383357,1.73101774596,0.00717158229875,7327.14259954,5.0,
35.5626293477,0.997503573441,0.00801178052622,0.583567769983,0.251248575849,2.4159452421,1.68117394354,0.00801178052622,7122.40981649,5.0,
40.086274655,0.997448472201,0.00831693873721,0.597027627851,0.256450893117,2.39698989877,1.61927656775,0.00831693873721,7855.07669509,5.0,
39.1289664818,0.997331250464,0.00733914413805,0.588628726144,0.252869406735,2.44482853987,1.70483667876,0.00733914413805,7330.26477651,5.0,
37.9221713424,0.997424127246,0.00800199949849,0.59119916994,0.252441902513,2.40441767002,1.67728752119,0.00800199949849,7360.77883118,5.0,
47.4744768361,0.99691798575,0.00795940108492,0.596403939862,0.255872904131,2.40822453603,1.70562746986,0.00795940108492,7701.57689224,5.0,
41.3131227752,0.997184506208,0.00759837347831,0.590342394905,0.253629717074,2.42885531122,1.71161177603,0.00759837347831,7336.48803749,5.0,
37.0215604944,0.997308400085,0.00709630318815,0.568916565885,0.248490893454,2.4709660627,1.80236540213,0.00709630318815,6876.95357123,5.0,
40.5783079249,0.997226379424,0.00829363264628,0.589237749981,0.252353436014,2.38809482999,1.72724678346,0.00829363264628,7314.75212562,5.0,
38.2392110388,0.99731067977,0.00791419798133,0.581473791484,0.250128501107,2.42978362303,1.7486809256,0.00791419798133,7109.00587445,5.0,
42.5535799091,0.997119428084,0.00643496244328,0.577333500546,0.251950437727,2.4592712577,1.7482670129,0.00643496244328,7385.98947738,5.0,
39.7563884157,0.997272491647,0.00713245596679,0.571534747478,0.251234673125,2.4318390172,1.73988419158,0.00713245596679,7287.74163157,5.0,
37.0715785759,0.997481453041,0.00626031032678,0.578426516124,0.251197218923,2.49145377772,1.67719384621,0.00626031032678,7359.46623402,5.0,
39.6472701369,0.997209443354,0.00654681375768,0.565752106325,0.249502692505,2.45936442115,1.80818632171,0.00654681375768,7103.57363965,5.0,
45.9791170153,0.996927056227,0.00723918929593,0.579192011092,0.251907034461,2.42561321194,1.77874841515,0.00723918929593,7481.03847457,5.0,
41.032677318,0.997220337071,0.00768927724565,0.577232525247,0.251589849977,2.38768159414,1.72431671728,0.00768927724565,7380.56325629,5.0,
39.4264302862,0.997290446489,0.00652422365752,0.573517685736,0.250691929679,2.46643154248,1.73577992044,0.00652422365752,7275.16715258,5.0,
38.6687957755,0.997345494369,0.00683862845166,0.576561009581,0.251746879102,2.44219035147,1.71320642915,0.00683862845166,7283.25473078,5.0,
39.1439109086,0.997425458069,0.00665548602521,0.580799878026,0.254551903112,2.47964922203,1.69679370156,0.00665548602521,7601.88187906,5.0,
37.0311327701,0.997472877683,0.00759804964326,0.586728169071,0.253861433123,2.43872629707,1.68986828862,0.00759804964326,7326.53709324,5.0,
43.3573613284,0.997083007871,0.00744152931866,0.588630388385,0.255738913546,2.42477832874,1.72587433611,0.00744152931866,7431.67434782,5.0,
42.9600312831,0.997113257592,0.00691646712913,0.583987221034,0.252004120509,2.41474682825,1.73925460859,0.00691646712913,7440.54132987,5.0,
44.987064139,0.997139179474,0.00827675548502,0.605091024103,0.256209260437,2.3536834213,1.64408736608,0.00827675548502,7862.41153073,5.0,
42.8158066723,0.997253638827,0.00885965634378,0.603375950682,0.25561250671,2.32744366027,1.60178766714,0.00885965634378,7794.84589238,5.0,
43.638715215,0.996971461897,0.00787417727311,0.579455755518,0.251434990152,2.42101073576,1.81392663724,0.00787417727311,7204.51257778,5.0,
45.9188665763,0.996760105756,0.00710381961055,0.563036229768,0.244750972069,2.58817662432,1.95989185986,0.00710381961055,7086.09252103,6.0,
41.4796834221,0.997288540402,0.00669706287483,0.586752521284,0.257418063042,2.43491967398,1.67391304348,0.00669706287483,7648.6384312,6.0,
52.2655097444,0.99664094557,0.00741915443147,0.593763103119,0.258468921838,2.41255084172,1.7478356723,0.00741915443147,7779.46862557,6.0,
43.6129284541,0.997174898982,0.00742455184049,0.590739422155,0.256099856143,2.42302677279,1.70203732185,0.00742455184049,7718.45205079,6.0,
46.7598587468,0.996912111066,0.00840668852303,0.593298070791,0.254693185164,2.39909738311,1.7690781075,0.00840668852303,7571.18285402,6.0,
40.5113673497,0.997336840558,0.00727394388319,0.594210919159,0.256568812547,2.4277271102,1.66174401025,0.00727394388319,7605.49574346,6.0,
49.8944566198,0.996769461083,0.0083177160818,0.596802696245,0.256683133605,2.37735206932,1.73745299912,0.0083177160818,7722.01792808,6.0,
43.6883302762,0.997271872672,0.0078415127403,0.596995852345,0.258603015652,2.37849833474,1.62194739387,0.0078415127403,8006.76955368,6.0,
45.4214655124,0.997035353493,0.00849515286841,0.599533146599,0.257215847546,2.35498542659,1.678309232,0.00849515286841,7660.27525556,6.0,
50.6535180401,0.996752278856,0.00811982960254,0.598300823536,0.25585048902,2.40157464619,1.79889289247,0.00811982960254,7798.02822729,6.0,
39.6692292946,0.997393158424,0.00848841025971,0.603480070018,0.258150841043,2.36059713632,1.60293790874,0.00848841025971,7608.37413142,6.0,
41.7195741492,0.997270734017,0.00748227250042,0.595478118449,0.25781383966,2.41523992523,1.65838042498,0.00748227250042,7642.75068373,6.0,
42.1385561854,0.997163225826,0.00773803969679,0.595274427167,0.256277142137,2.40986321666,1.67734851885,0.00773803969679,7426.94122165,6.0,
43.6414753591,0.997127882019,0.00849976881347,0.605069544337,0.258791851144,2.34552435339,1.60566101857,0.00849976881347,7597.17153343,6.0,
37.3125999381,0.99766133249,0.00825203883513,0.603882836381,0.260544414773,2.34658778486,1.51892016713,0.00825203883513,7977.0090431,6.0,
44.0659755051,0.997106027592,0.0076684700037,0.594264894048,0.256981560293,2.40895404675,1.69173743121,0.0076684700037,7613.06354169,6.0,
51.0682585604,0.996598899123,0.00743436138104,0.590516242061,0.255264102614,2.43214873496,1.85195649995,0.00743436138104,7507.3250555,6.0,
49.8603741771,0.996802636042,0.00707206932945,0.593652269036,0.257076867152,2.42758872306,1.76302626821,0.00707206932945,7796.803831,6.0,
48.0718574223,0.99690817848,0.00775245045142,0.594148564604,0.257340392298,2.40281926032,1.72870637033,0.00775245045142,7773.73565176,6.0,
37.1658918511,0.997455569358,0.00769339489021,0.59217713198,0.255438747716,2.42927281676,1.67249920485,0.00769339489021,7303.11229442,6.0,
52.6108632476,0.996610037417,0.00829087793173,0.59707125066,0.256313088112,2.37682420921,1.79881882388,0.00829087793173,7759.57388808,6.0,
55.4363075502,0.996466063218,0.00725776801968,0.593248691993,0.257345047748,2.41530401323,1.83404715119,0.00725776801968,7843.14397147,6.0,
36.340811356,0.997583934068,0.00747279272718,0.595133653331,0.256546066233,2.42347419261,1.62331766274,0.00747279272718,7520.40778843,6.0,
44.5133258103,0.997043888795,0.00837408826746,0.596629841843,0.257170150758,2.36544913766,1.68603632846,0.00837408826746,7528.83447125,6.0,
51.1060792882,0.996777199574,0.00849396168923,0.595898650229,0.256617762933,2.37536885981,1.78659532845,0.00849396168923,7928.50559538,6.0,
39.1889489667,0.997450175003,0.00843279817238,0.597554389172,0.257020375519,2.36385181193,1.59634798294,0.00843279817238,7684.30248344,6.0,
44.693563004,0.997135098068,0.00845325533495,0.599263448834,0.257002108773,2.36992333428,1.65878562372,0.00845325533495,7799.89251319,6.0,
39.9611640968,0.997463074191,0.00854161278572,0.598333405854,0.257873621054,2.36275885724,1.61331186797,0.00854161278572,7875.6062826,6.0,
49.3499196138,0.996812912039,0.0080218721387,0.591764162348,0.255686568456,2.42669376676,1.77349172392,0.0080218721387,7741.86514112,6.0,
45.0087596997,0.99703777065,0.00790718934154,0.59523707208,0.256177255087,2.40816801725,1.71345259828,0.00790718934154,7596.7479414,6.0,
41.7500686224,0.997306515881,0.00779713188615,0.598486736885,0.257397941642,2.39618293603,1.63015593616,0.00779713188615,7749.91739855,6.0,
45.941914978,0.997153498145,0.00798945061981,0.601300873665,0.258419367397,2.36989933702,1.68723667528,0.00798945061981,8069.65001359,6.0,
42.8854180736,0.997339186311,0.00815026769582,0.597753236791,0.259914480355,2.33193541177,1.58461246879,0.00815026769582,8058.47531144,6.0,
36.5341129415,0.997681604831,0.0076616809715,0.59810962864,0.258932524272,2.40843577048,1.56295176392,0.0076616809715,7878.93274967,6.0,
37.8875442778,0.997472970557,0.00869732421558,0.597896571065,0.2571742338,2.33932979335,1.61933756541,0.00869732421558,7496.23356809,6.0,
39.4589398607,0.997425344437,0.00913642557859,0.602102387728,0.257747297854,2.35107674174,1.59539598374,0.00913642557859,7662.71942118,6.0,
47.1719763678,0.99702389665,0.00825928247791,0.597767263385,0.257502013285,2.37689251953,1.70625051739,0.00825928247791,7924.88249838,6.0,
39.0678795035,0.997422102625,0.00759204051839,0.595885573381,0.257625301214,2.41271461472,1.61456232,0.00759204051839,7577.07742649,6.0,
44.7158990402,0.997092822816,0.00763609430085,0.594485720978,0.258708285487,2.40051983827,1.64995185542,0.00763609430085,7690.1120947,6.0,
47.0806781197,0.996903023844,0.00799654326991,0.594366546513,0.25552662204,2.42398705302,1.77600787741,0.00799654326991,7600.5505646,6.0,
44.4480212795,0.996996528453,0.00829961225221,0.590765319539,0.254938471035,2.41492334644,1.75695264403,0.00829961225221,7398.99045394,6.0,
48.4622424483,0.996901630173,0.00808211738889,0.597988191379,0.257311589489,2.37430620349,1.74537180252,0.00808211738889,7820.12832463,6.0,
48.3648923609,0.99680104447,0.00795824102877,0.594766951435,0.257279382867,2.40502470037,1.72207723175,0.00795824102877,7559.05654118,6.0,
48.6810693761,0.996819654557,0.00831629970448,0.597128085408,0.257525551714,2.38184081749,1.72814214198,0.00831629970448,7652.95462908,6.0,
40.9826897354,0.99734113599,0.00779398456028,0.597347729059,0.25709162757,2.39573413309,1.6404013646,0.00779398456028,7706.31254198,6.0,
42.9574606674,0.99724768785,0.00797952960968,0.597419174851,0.257373928676,2.40650176364,1.67994745487,0.00797952960968,7803.46465717,6.0,
32.5875033222,0.997814361395,0.00829563869991,0.59654766439,0.255984149655,2.39904094786,1.57350871613,0.00829563869991,7454.48336248,6.0,
42.9111264089,0.997193397076,0.00849904075885,0.598599315554,0.256592130253,2.38767362379,1.65528043674,0.00849904075885,7644.29287517,6.0,
35.6651620577,0.997763231088,0.00804881063417,0.600670738079,0.259198145823,2.38125833175,1.51343909166,0.00804881063417,7972.18613202,6.0,
44.4969762588,0.997053967506,0.00835482887125,0.594922417382,0.254866911547,2.40451650447,1.73078029078,0.00835482887125,7551.73618574,6.0,
38.5841135951,0.997457210454,0.00855767842306,0.599071081994,0.253868194649,2.36611620094,1.64031422509,0.00855767842306,7586.25151729,7.0,
43.548756737,0.997204012463,0.00707906536436,0.596187444398,0.257237141653,2.40685584531,1.68709943054,0.00707906536436,7786.98414927,7.0,
48.4872209902,0.99679128456,0.00697188551151,0.592790151591,0.255217421595,2.40558488947,1.76964015737,0.00697188551151,7554.87986752,7.0,
58.1170501531,0.996165509496,0.00716811756366,0.589786968705,0.254495933175,2.42428252258,1.89197750058,0.00716811756366,7577.55393705,7.0,
48.6431070465,0.996810069921,0.00770053578621,0.599027299161,0.25585604784,2.39543487758,1.74598395762,0.00770053578621,7623.87934476,7.0,
43.5747962025,0.997127138978,0.0073215069639,0.594594705523,0.255408953155,2.42448768489,1.71314325301,0.0073215069639,7583.29789398,7.0,
47.7371632602,0.996891118862,0.00780113219533,0.598914480267,0.257761806401,2.37887123499,1.69373728308,0.00780113219533,7676.93151757,7.0,
48.7974594474,0.996847225392,0.00630440502761,0.577280754127,0.254975962879,2.44992624415,1.81181132552,0.00630440502761,7738.17968728,7.0,
41.5009999259,0.997301702944,0.00784526106598,0.600262811386,0.257901632786,2.38049725632,1.60315793601,0.00784526106598,7689.61187782,7.0,
42.0751905088,0.997253368107,0.00731168665036,0.596247048871,0.256613161557,2.37206937888,1.63127567893,0.00731168665036,7658.81988726,7.0,
39.9097212843,0.997453310954,0.00722366999616,0.595175938213,0.25669344567,2.4224324784,1.63954957585,0.00722366999616,7834.97680916,7.0,
34.5759878353,0.997700278981,0.00787431932468,0.604228661693,0.25813648159,2.37926485362,1.51899423572,0.00787431932468,7516.86145782,7.0,
48.0569696362,0.996896220006,0.00601601770972,0.583692257401,0.257902891496,2.45809348069,1.74423027488,0.00601601770972,7741.12643997,7.0,
40.9748863919,0.997299090831,0.00675064741002,0.591873562216,0.25845604403,2.42240949379,1.65615183189,0.00675064741002,7584.79849582,7.0,
45.0678293983,0.997051085666,0.00652739822434,0.587404548481,0.258055252824,2.42449139492,1.71236117586,0.00652739822434,7640.87257636,7.0,
46.7494782522,0.99696591756,0.00757870642656,0.593595583909,0.256026043263,2.42212448206,1.72073092625,0.00757870642656,7703.44338674,7.0,
39.3971034825,0.997363999272,0.00740199292029,0.594581906083,0.255732689655,2.41266070442,1.63841458367,0.00740199292029,7472.33446731,7.0,
45.9407995922,0.99699205945,0.00609395715022,0.581629114683,0.256344994794,2.45875431582,1.76541824789,0.00609395715022,7635.9950525,7.0,
40.5392454589,0.997311138969,0.00633545582387,0.585911049967,0.256658040567,2.46238930644,1.68604504242,0.00633545582387,7537.74143847,7.0,
46.2334620094,0.99699224858,0.0075277915895,0.595277593795,0.256242444689,2.40791715977,1.73929382137,0.0075277915895,7685.11592699,7.0,
50.5532923487,0.996642314797,0.00699149513896,0.589072752114,0.254572800005,2.43837801146,1.80817542927,0.00699149513896,7527.43963039,7.0,
44.6358112907,0.997060442464,0.00692462687448,0.588205480365,0.255777349136,2.41516903839,1.71394493654,0.00692462687448,7591.73845863,7.0,
43.9616673275,0.997126511271,0.00729717076657,0.594136738451,0.25834356757,2.40418228957,1.65070561222,0.00729717076657,7649.00241729,7.0,
41.7980214973,0.997141359574,0.00700710126806,0.586233180001,0.254336178326,2.44996824546,1.74159866154,0.00700710126806,7310.32238569,7.0,
38.4002862533,0.9974782761,0.0070130206117,0.593200522165,0.25919297451,2.3955086155,1.59819316216,0.0070130206117,7613.37097039,7.0,
36.7313859104,0.997483923329,0.00652347857493,0.583504004904,0.254248124085,2.4416962792,1.67784303559,0.00652347857493,7298.75441273,7.0,
42.2366796359,0.997240663492,0.00722483043198,0.593854380395,0.258556116296,2.40197992599,1.64474962639,0.00722483043198,7652.86704885,7.0,
46.7481733379,0.99682213471,0.00784833571453,0.588809155464,0.255282146032,2.39578558224,1.76194573822,0.00784833571453,7354.7828085,7.0,
51.4376124644,0.996606920401,0.00613893128749,0.582829578034,0.255725465783,2.48144799117,1.86248731031,0.00613893128749,7579.2495304,7.0,
46.6649856002,0.996873530767,0.00813515548209,0.586021491127,0.254487481037,2.38052659721,1.82005908059,0.00813515548209,7462.36528218,7.0,
42.8139113878,0.997110169385,0.0062030516619,0.58219586822,0.256114154852,2.47694585686,1.74255283922,0.0062030516619,7407.1608056,7.0,
37.985184104,0.997390554214,0.00760526924376,0.58771962434,0.255748419739,2.40614632368,1.68154210799,0.00760526924376,7277.89599628,7.0,
45.848621235,0.996971644815,0.00659389315498,0.577606204856,0.25235247133,2.44236302624,1.83365938035,0.00659389315498,7569.37514421,7.0,
50.1016830997,0.996863733084,0.00702699075589,0.587066052442,0.256673762105,2.42624342286,1.77792058976,0.00702699075589,7987.03984169,7.0,
42.253813443,0.997206443241,0.0085162278879,0.598627076584,0.254263637215,2.36868617984,1.67879721328,0.0085162278879,7562.314145,7.0,
44.8413842983,0.997116474221,0.00740324703839,0.595872395785,0.258105562492,2.38649808078,1.65524993791,0.00740324703839,7774.96798493,7.0,
43.167079127,0.997141813603,0.0069647902607,0.587352089886,0.255379345721,2.43757558478,1.71136124993,0.0069647902607,7551.05282595,7.0,
47.6129611314,0.996814959791,0.00752275525115,0.588161652112,0.255243013861,2.39984602303,1.77402981043,0.00752275525115,7474.04480226,7.0,
51.9464222694,0.996612414532,0.00667288163766,0.57896929845,0.25471271536,2.44883777062,1.85557061133,0.00667288163766,7666.78426872,7.0,
34.3464187838,0.997680121852,0.00659040129284,0.584114633695,0.256180365885,2.44928463774,1.63954739736,0.00659040129284,7402.18758296,7.0,
46.5948404693,0.996933157668,0.0068344598276,0.589123260734,0.256374150589,2.43832743259,1.75177873534,0.0068344598276,7595.99168746,7.0,
37.3624677039,0.997561761816,0.00706606937348,0.593216683529,0.258567584246,2.40734346828,1.60154803348,0.00706606937348,7661.07501109,7.0,
42.6463725999,0.997149248165,0.00629981482382,0.588405339557,0.256965236173,2.45132415959,1.71433270738,0.00629981482382,7479.27940675,7.0,
46.8132709124,0.996913001098,0.00676625153638,0.589231111573,0.256799357077,2.43946939064,1.74172501383,0.00676625153638,7581.75510241,7.0,
43.988693648,0.996851017095,0.00565543284915,0.571508386985,0.25024726233,2.52477054174,1.88140747744,0.00565543284915,6983.8597965,7.0,
44.1609641116,0.997087846451,0.00680410587752,0.595583964935,0.257159073942,2.43778078428,1.66964102877,0.00680410587752,7581.63019269,7.0,
44.2025209462,0.99701735487,0.00754653172772,0.59457674482,0.256061489695,2.40125907424,1.69978694389,0.00754653172772,7409.41090041,7.0,
51.5426765773,0.996539139042,0.00729149373446,0.591773175212,0.255268975736,2.40987414704,1.80500137245,0.00729149373446,7446.18540835,7.0,
43.8155474322,0.997096050392,0.00722307724457,0.595766269488,0.257515335939,2.39566231777,1.68355720927,0.00722307724457,7543.64916396,7.0,
45.229388237,0.997100053788,0.00697348056855,0.592218281936,0.258611365213,2.4010727005,1.67437923988,0.00697348056855,7798.04576045,7.0,
