7.10508244682,0.99952068517,0.00734194533876,0.613725781385,0.254117903601,2.38583169017,1.17567122794,0.00734194533876,7411.3726262,1.0,
7.37902941449,0.999512111612,0.00838806188049,0.619660314136,0.254082005057,2.33031470833,1.15222341697,0.00838806188049,7561.90490456,1.0,
7.83135271739,0.999499261965,0.00766104943555,0.624234869358,0.255287366817,2.35866366515,1.13652931897,0.00766104943555,7819.46792601,1.0,
6.95169151079,0.999541034575,0.00821351558748,0.620867653696,0.25455350809,2.33462483068,1.13038196813,0.00821351558748,7572.90424877,1.0,
6.85792592067,0.999553754931,0.00778744083245,0.622767463156,0.254700958198,2.34517937223,1.12340469082,0.00778744083245,7683.66180294,1.0,
7.15809812837,0.999530085681,0.0084764380009,0.622095606994,0.254077603657,2.31829065275,1.13684480566,0.0084764380009,7616.06319988,1.0,
7.72363366429,0.999487578436,0.00811767450605,0.619504178484,0.253655078463,2.33916832222,1.1625247668,0.00811767450605,7536.07556187,1.0,
6.85737900431,0.999554259621,0.00843460267449,0.625116952761,0.254567755004,2.30995805306,1.11077649024,0.00843460267449,7691.79842242,1.0,
7.3161359431,0.999531288032,0.00944881724997,0.633065826737,0.25652626783,2.32857574288,1.10037852944,0.00944881724997,7804.25616866,1.0,
7.15874765978,0.999516526125,0.0105342753029,0.634489252088,0.254932993267,2.28563213455,1.10289778341,0.0105342753029,7403.21443739,1.0,
7.78471581636,0.999488985443,0.0101907369146,0.637627576115,0.256593174064,2.28465103729,1.10322582406,0.0101907369146,7616.67946202,1.0,
6.65255609713,0.999572064173,0.0095579520252,0.63830536161,0.257532191096,2.31570301173,1.06314018416,0.0095579520252,7772.59898252,1.0,
5.90740438516,0.99959523239,0.0102140151127,0.633129987344,0.25580261868,2.28331518407,1.0688899017,0.0102140151127,7297.06375546,1.0,
6.84849516126,0.999538539947,0.00998504021312,0.633596613429,0.254866385403,2.31013486623,1.10369605205,0.00998504021312,7420.24175609,1.0,
7.22510111403,0.999523383725,0.00985100500988,0.634483589891,0.255924358582,2.31918640108,1.09916898187,0.00985100500988,7579.35627307,1.0,
7.02146182775,0.999546872401,0.0103126750842,0.639793250826,0.256896238511,2.28750258153,1.06705893269,0.0103126750842,7747.55587712,1.0,
6.49538969155,0.999582997992,0.00955547348469,0.639666961381,0.25760049969,2.30502764327,1.05523063823,0.00955547348469,7787.94727815,1.0,
6.25170324602,0.999609388257,0.0104482506304,0.643251615295,0.257128674521,2.29001775262,1.03170532015,0.0104482506304,8002.22605708,1.0,
6.17076999492,0.999602553942,0.00915697590401,0.637765828241,0.257863512874,2.32438845345,1.05188118488,0.00915697590401,7762.77892218,1.0,
7.36489664809,0.999525920889,0.0096118013257,0.638771293892,0.257297413073,2.2979985504,1.08562106665,0.0096118013257,7767.32414131,1.0,
6.11565807357,0.999605846778,0.0101978466819,0.64182449619,0.257050784103,2.2729083741,1.03396230535,0.0101978466819,7757.72244691,1.0,
6.39058015709,0.999585864793,0.0104608732021,0.640855871958,0.257039874405,2.26581630393,1.0462035162,0.0104608732021,7715.3339307,1.0,
6.24508348389,0.999613288666,0.0104333854017,0.642324762526,0.257618640866,2.27386057421,1.03526628059,0.0104333854017,8074.37879193,1.0,
6.67731361451,0.999556390699,0.0100338697302,0.638361086455,0.257259243115,2.27345823538,1.05982211573,0.0100338697302,7525.87845098,1.0,
6.78390253754,0.999562227711,0.010194875986,0.638313203352,0.256177747752,2.28987173404,1.07755350447,0.010194875986,7747.9750231,1.0,
7.65870153759,0.999508969259,0.0100178900578,0.637718514275,0.256179240502,2.30802908666,1.10291061029,0.0100178900578,7798.35031573,1.0,
6.75830990836,0.999567894085,0.00977005944048,0.640463590374,0.256840793092,2.30875285032,1.05848620974,0.00977005944048,7819.9628168,1.0,
6.43886790496,0.999567532062,0.00959830094536,0.634890873445,0.255814090166,2.31477482926,1.07807831493,0.00959830094536,7444.10044554,1.0,
6.84401202998,0.999535960667,0.00969884554059,0.631895632429,0.255095366109,2.34671507173,1.10949625837,0.00969884554059,7374.16683356,1.0,
6.28990169697,0.99959689891,0.0109597724372,0.639817292655,0.255964152938,2.27161099994,1.05990480817,0.0109597724372,7801.67407706,1.0,
7.03052934081,0.999525840057,0.00987226415257,0.63266410357,0.254577536159,2.33414006112,1.11633571495,0.00987226415257,7413.44094938,1.0,
6.63729210901,0.999551805102,0.0100005393948,0.635035657751,0.256077985397,2.29212030677,1.08158196377,0.0100005393948,7404.24589528,1.0,
7.4545871109,0.999519617135,0.0102307299302,0.639835824757,0.256755609826,2.28156035428,1.07931351626,0.0102307299302,7758.77276204,1.0,
6.84859422845,0.999541707573,0.00986543300802,0.635289906549,0.255888089094,2.32844817194,1.09191306104,0.00986543300802,7471.65080396,1.0,
6.86896358803,0.999544494081,0.0115043758339,0.640262177207,0.256338253488,2.23960851734,1.06529127936,0.0115043758339,7539.71313507,1.0,
7.0123416426,0.999534704268,0.0106142460048,0.637827907541,0.256038578727,2.29069852477,1.07816482815,0.0106142460048,7535.1555777,1.0,
8.0702503698,0.999495618839,0.00958355803673,0.638308749709,0.25754342964,2.3268884715,1.09804485588,0.00958355803673,7999.9217277,1.0,
6.85768193702,0.999542287837,0.00966500738609,0.633114845718,0.256604830687,2.33580631024,1.09325988352,0.00966500738609,7491.02434282,1.0,
5.84538532496,0.999621200124,0.00998121566378,0.635179858482,0.256569012623,2.34849285237,1.05432375047,0.00998121566378,7715.45971652,1.0,
7.29060990454,0.999513374266,0.0104140797102,0.634067483877,0.255402711332,2.30850415156,1.11076393627,0.0104140797102,7490.77826933,1.0,
6.3808008886,0.999590311385,0.0105215796473,0.638477905328,0.257323467842,2.26741454943,1.05707334247,0.0105215796473,7787.14591134,1.0,
7.70240899737,0.999498215091,0.00982948873412,0.637573198984,0.257463839408,2.29168685966,1.09383463694,0.00982948873412,7674.78138494,1.0,
6.81951514391,0.999555540604,0.00985542892263,0.637622470691,0.256411962912,2.31291957949,1.07744242914,0.00985542892263,7671.49284103,1.0,
6.78611421928,0.999548245916,0.0100380970221,0.636113205573,0.256018196439,2.31954843254,1.09101245026,0.0100380970221,7510.64688253,1.0,
6.95072594687,0.99952826968,0.0104552186116,0.632735057584,0.255854101699,2.29017376408,1.10039108341,0.0104552186116,7367.07138938,1.0,
7.12104072398,0.999505573884,0.00932232259822,0.626478001921,0.254631390414,2.34480422307,1.14174494703,0.00932232259822,7201.10120939,1.0,
6.599324269,0.999558763727,0.0103510316524,0.63494751506,0.25577086428,2.31423498928,1.08689529445,0.0103510316524,7478.02642482,1.0,
6.64385810741,0.99957010628,0.0100022312075,0.639794992716,0.256800691212,2.30951771796,1.06010730914,0.0100022312075,7727.10987551,1.0,
6.55886610374,0.999572512236,0.0101179733993,0.638931827857,0.256791963615,2.29643364308,1.05866032782,0.0101179733993,7671.19404654,1.0,
6.82378431191,0.999564238548,0.0101382690241,0.641904062961,0.257512316036,2.26712653439,1.05290187709,0.0101382690241,7829.48231535,1.0,
8.18426714845,0.999490617045,0.00899503502862,0.637730402299,0.257433314448,2.310048291,1.08897052001,0.00899503502862,8033.28781917,2.0,
7.50221413795,0.999524439216,0.00886408646728,0.636849688185,0.255754504617,2.31766031468,1.07846748795,0.00886408646728,7887.50537668,2.0,
7.15852660077,0.999526593396,0.00950258969486,0.627054197711,0.255518691304,2.28878239507,1.12705707689,0.00950258969486,7560.44133441,2.0,
7.66715799988,0.999515451992,0.00918723507473,0.636046303243,0.254925934247,2.31544887404,1.0996023667,0.00918723507473,7911.43433279,2.0,
7.01662964156,0.999558891825,0.00906648065755,0.637975063866,0.256504811063,2.29507317738,1.0651354464,0.00906648065755,7953.16916374,2.0,
7.64298806281,0.999506524249,0.00910246489178,0.632825183503,0.254660689294,2.32615297385,1.10951809136,0.00910246489178,7743.80872948,2.0,
7.29367307283,0.999528915284,0.00850645647967,0.63073789158,0.254884360975,2.3591988209,1.11403670125,0.00850645647967,7741.14059389,2.0,
9.10500630428,0.999416136483,0.00882608843572,0.632185018006,0.25489550144,2.31269132061,1.15483082163,0.00882608843572,7796.94509013,2.0,
8.39866218363,0.99947326884,0.00791551839837,0.635382114578,0.256497113814,2.37227159696,1.11568427315,0.00791551839837,7972.17445255,2.0,
8.08905539575,0.999478333512,0.00781970512776,0.62732362719,0.255082727837,2.3774945604,1.15095737655,0.00781970512776,7752.82231627,2.0,
8.87798115813,0.999419453134,0.00936091516099,0.630798058569,0.254055669792,2.32757281959,1.15689867856,0.00936091516099,7646.00090157,2.0,
7.46891364507,0.999510967863,0.00891562527835,0.629178013244,0.254174897013,2.34979076694,1.12716569601,0.00891562527835,7636.2012021,2.0,
7.09703453433,0.999532478535,0.00997234994747,0.631636214198,0.254427460851,2.28309776363,1.09984607743,0.00997234994747,7589.8361517,2.0,
7.018010851,0.999536166416,0.00933030350181,0.629698378567,0.253548701961,2.33128791529,1.11930336392,0.00933030350181,7564.98409987,2.0,
7.74664017597,0.999517079232,0.00949732456842,0.639201445667,0.25741189758,2.29887437609,1.07691106878,0.00949732456842,8020.36768805,2.0,
7.59532282803,0.99951591524,0.00961295295152,0.63676357144,0.256077333774,2.2779060138,1.0835570305,0.00961295295152,7844.78429407,2.0,
8.01845542522,0.999488694479,0.00925230647432,0.635739390994,0.255875681987,2.3018745773,1.10172753522,0.00925230647432,7840.90551622,2.0,
7.80258884662,0.999499836023,0.00945496896508,0.634013365151,0.254665433352,2.3122231603,1.11744455785,0.00945496896508,7799.76566775,2.0,
7.51772429302,0.999528885808,0.00890165390227,0.637674180302,0.255672599211,2.31132973218,1.08565709108,0.00890165390227,7978.40405366,2.0,
7.16687717306,0.99952997939,0.00972854874793,0.631138788276,0.254351215973,2.29091232535,1.10938763925,0.00972854874793,7623.77934451,2.0,
8.15432320465,0.999444728554,0.00805653874504,0.619344658304,0.253101225763,2.39187978206,1.19659514544,0.00805653874504,7342.38299135,2.0,
7.51960656955,0.999513579361,0.00819921088992,0.631384922421,0.255253917734,2.36212884458,1.11277338995,0.00819921088992,7729.27273486,2.0,
6.42533308953,0.999581122922,0.0091202041923,0.633746629519,0.255227611388,2.31815507048,1.07490925664,0.0091202041923,7669.44363609,2.0,
7.27191759138,0.99954526653,0.010253924858,0.640692207507,0.257578540653,2.25135097801,1.06579780469,0.010253924858,7995.52877112,2.0,
7.56821826439,0.999511269599,0.0098507644657,0.636901803865,0.254002384217,2.28642738936,1.09671304357,0.0098507644657,7742.44693883,2.0,
8.04220316688,0.999490138923,0.00856293810356,0.634751392217,0.254894874651,2.34824228039,1.11464829785,0.00856293810356,7886.38943235,2.0,
8.03928054844,0.999481244111,0.00913936418732,0.632153264568,0.25493112683,2.33639305431,1.12214711068,0.00913936418732,7748.4129911,2.0,
7.26827284686,0.99952779203,0.00895984974599,0.630203929921,0.25587794026,2.32624171404,1.10533543658,0.00895984974599,7695.84728984,2.0,
7.77886866912,0.999481854906,0.0079815320376,0.617298928678,0.253714524254,2.36737689043,1.17593267798,0.0079815320376,7506.17636071,2.0,
7.04116691866,0.999521557857,0.00708401979047,0.614891152783,0.253643723334,2.39708189222,1.16810609741,0.00708401979047,7358.1049181,2.0,
7.55275423151,0.999507528524,0.00721707218672,0.621392787599,0.254313794907,2.38160171263,1.14392606258,0.00721707218672,7667.84532088,2.0,
7.50971213205,0.999511126752,0.00691453535873,0.618799929315,0.253670556596,2.41340868456,1.16460790682,0.00691453535873,7680.29447018,2.0,
8.19412883647,0.999452516915,0.00831955508575,0.615557998733,0.2527507796,2.34492038393,1.20587498431,0.00831955508575,7483.1389187,2.0,
7.63675911118,0.999501148221,0.00714537735815,0.619958079639,0.253695995673,2.39635513074,1.16092604621,0.00714537735815,7653.99675961,2.0,
7.41203843698,0.999516276624,0.00785531875836,0.620776197331,0.253460663352,2.36968699535,1.15367558362,0.00785531875836,7661.13613367,2.0,
6.36502600855,0.999568651594,0.00843549035058,0.61453776089,0.254123780369,2.35029934284,1.15435404374,0.00843549035058,7377.74529634,2.0,
9.22094192971,0.999383589802,0.00775843733564,0.616076344812,0.252306951002,2.37194940669,1.23011669732,0.00775843733564,7479.22200491,2.0,
7.64043360315,0.999485071249,0.00900837316711,0.616303961333,0.253006846733,2.30228505347,1.18357340524,0.00900837316711,7418.59499917,2.0,
8.07101970973,0.999477992075,0.0082684136446,0.622279710898,0.254185237242,2.32064572349,1.15736372121,0.0082684136446,7730.39411911,2.0,
8.01634472106,0.99947049596,0.00820511001589,0.618521347142,0.253927631314,2.34386738711,1.17341233236,0.00820511001589,7569.33438701,2.0,
7.33131751169,0.999503262334,0.00883654838152,0.613378484889,0.253358285179,2.34143302638,1.18969401067,0.00883654838152,7379.11424597,2.0,
8.08134589458,0.999476243492,0.00771482115663,0.619314827986,0.25391901927,2.37032961488,1.17798907259,0.00771482115663,7714.43909357,2.0,
6.91897477744,0.999532439496,0.00807172526878,0.613157746353,0.253770639449,2.37284961198,1.1754163278,0.00807172526878,7398.7046545,2.0,
7.39460152067,0.99949678069,0.00781927145781,0.609473129666,0.253956750118,2.37299542633,1.20172398736,0.00781927145781,7346.96458155,2.0,
7.76117903596,0.99947252646,0.00925786488416,0.614987561969,0.252884340919,2.31477290657,1.19171574541,0.00925786488416,7356.59275204,2.0,
6.47136385221,0.999577746813,0.00763734152336,0.622057165851,0.25399267279,2.36496110215,1.12458285346,0.00763734152336,7662.52391277,2.0,
7.62456074756,0.999519576725,0.00854772019167,0.624393175846,0.255360539416,2.35114740364,1.14103810402,0.00854772019167,7934.93647319,2.0,
7.511250539,0.999495320745,0.00817629285976,0.614587095945,0.253736015661,2.35898388714,1.1884072289,0.00817629285976,7441.25975915,2.0,
6.77277835696,0.999556382661,0.00812823987159,0.620405374233,0.254355527435,2.35139653061,1.13456898951,0.00812823987159,7633.2450815,2.0,
7.87985251816,0.999475385944,0.00797367107623,0.615517558222,0.252892845012,2.37318040231,1.19689043661,0.00797367107623,7509.81786152,2.0,
8.16957190968,0.9994985188,0.00840795122447,0.640656192143,0.254162062391,2.31773485372,1.08949942415,0.00840795122447,8145.49028126,3.0,
8.81780316469,0.99943447765,0.00873044958255,0.632588695024,0.251114542595,2.32105325099,1.15694862152,0.00873044958255,7796.16785627,3.0,
7.23585249633,0.999537006782,0.00866895714156,0.633458955095,0.253099674161,2.30856182337,1.09784235491,0.00866895714156,7814.03784789,3.0,
8.08506459835,0.99947638905,0.00895518361218,0.630368259145,0.252518635298,2.30306610839,1.14479092184,0.00895518361218,7720.30117331,3.0,
7.3718561861,0.999538676959,0.00858287443085,0.638688985856,0.252806212832,2.30361627198,1.07509238083,0.00858287443085,7989.72938756,3.0,
8.52200519625,0.999459030311,0.00886096664834,0.635648505593,0.252027845222,2.28995160755,1.12435879242,0.00886096664834,7876.39788005,3.0,
7.21263120262,0.99954336508,0.00883141311119,0.637696328174,0.253269299236,2.28022718331,1.08058037542,0.00883141311119,7897.4187258,3.0,
7.58277377203,0.999521437875,0.00869531047614,0.637061170972,0.25313177765,2.29259988945,1.08182458285,0.00869531047614,7922.26970819,3.0,
8.76749968615,0.999451635866,0.0103765293439,0.643927144011,0.252488729239,2.22221013974,1.08552118073,0.0103765293439,7994.04881864,3.0,
7.88878684999,0.999514947207,0.00977417971665,0.646865818544,0.253602650829,2.24338753442,1.05059604059,0.00977417971665,8131.70693151,3.0,
7.90452079319,0.999511578417,0.00903292838376,0.642830532663,0.253544182106,2.28173383419,1.07803683225,0.00903292838376,8091.70953589,3.0,
8.66454895775,0.999455006301,0.00819204625212,0.637217283755,0.253848348165,2.31000964918,1.11346522278,0.00819204625212,7948.99518031,3.0,
8.06510488022,0.999484432337,0.00880634117199,0.633441926727,0.252603304114,2.30929967244,1.11657778821,0.00880634117199,7821.38855748,3.0,
7.52412736274,0.999519152102,0.0088312630759,0.633502707538,0.252408485557,2.30023269007,1.10941684088,0.0088312630759,7823.61436418,3.0,
7.54375139868,0.999541525212,0.0108494954547,0.652560640385,0.256202326569,2.20377088755,1.00673629571,0.0108494954547,8226.81295249,3.0,
7.90522954658,0.999494916348,0.0103858521425,0.64271510975,0.255423614237,2.25270019692,1.06560976808,0.0103858521425,7825.46842204,3.0,
8.5907084259,0.999458600458,0.0100543023269,0.643827731796,0.254611039879,2.27431976904,1.09148404281,0.0100543023269,7933.60031755,3.0,
7.12063353875,0.999546265636,0.0101604496617,0.64070415646,0.255304085235,2.2634390871,1.06797619113,0.0101604496617,7846.52653021,3.0,
7.4678320934,0.999539571795,0.00936063178925,0.646815569826,0.254636987321,2.30339636833,1.05331097271,0.00936063178925,8109.48494689,3.0,
7.91404816357,0.999505758771,0.00937561751672,0.644176502628,0.255243474477,2.29070259241,1.06807771452,0.00937561751672,8006.09588117,3.0,
8.01549869275,0.999493615475,0.00944459066835,0.64265433195,0.254523835396,2.29753561153,1.08331086355,0.00944459066835,7914.27812798,3.0,
7.57158272792,0.999508245283,0.00946466439371,0.635382630448,0.255259923737,2.32244352049,1.09826864401,0.00946466439371,7698.43447696,3.0,
7.58310699802,0.999504395672,0.00978313446639,0.640363319623,0.255127541558,2.28189771422,1.07588628288,0.00978313446639,7650.25678233,3.0,
7.8297340742,0.999489691321,0.00997686919639,0.636871858253,0.253840832435,2.2873662984,1.10896380636,0.00997686919639,7671.47356009,3.0,
8.74372847404,0.999438639359,0.00935682904397,0.639205848847,0.254089179249,2.29105314087,1.11986556337,0.00935682904397,7787.87873269,3.0,
8.33781664656,0.999469176623,0.0107473675686,0.646143612081,0.254394837206,2.24497923266,1.06850454945,0.0107473675686,7853.563253,3.0,
7.74503927209,0.999510438401,0.0099705077522,0.646137402171,0.254030393429,2.26255051446,1.0631410029,0.0099705077522,7910.09569553,3.0,
7.99191933802,0.999489552291,0.0101911269946,0.643838576159,0.254650576682,2.25674512927,1.0777928486,0.0101911269946,7828.26455764,3.0,
7.26102593213,0.999535254594,0.00968210663951,0.642536872737,0.255131106126,2.29306734136,1.06120932924,0.00968210663951,7811.82963002,3.0,
6.94387530089,0.999564216628,0.0103922876851,0.649220800097,0.254620864516,2.23551989264,1.02915167923,0.0103922876851,7967.14526431,3.0,
6.94970061514,0.999541881464,0.0098234548272,0.634511760911,0.254399746556,2.28594245149,1.09150915075,0.0098234548272,7585.04894389,3.0,
6.95653406765,0.999553968856,0.0100589123365,0.640616390388,0.255036118987,2.27684890458,1.06595336474,0.0100589123365,7798.26502583,3.0,
7.54245915867,0.999523305233,0.00850310513532,0.641063283944,0.255491656082,2.33267715538,1.07280919605,0.00850310513532,7911.20990028,3.0,
7.71929572237,0.999511121494,0.00898747840693,0.641961211751,0.255009187547,2.31136817665,1.07413909797,0.00898747840693,7894.91240385,3.0,
8.27772352887,0.999467139768,0.00800198057209,0.635666183209,0.254667822974,2.36994983103,1.11710641944,0.00800198057209,7767.27836215,3.0,
7.37789682821,0.999525356391,0.0106424891667,0.640556043683,0.255478691773,2.25399975754,1.07341888226,0.0106424891667,7772.05671554,3.0,
8.27134502126,0.999448932335,0.00916397517487,0.626643433193,0.254530633337,2.33554037779,1.16786375123,0.00916397517487,7504.86524596,3.0,
8.291598666,0.999473020063,0.00948118513621,0.637256932798,0.255349748642,2.29310795635,1.11227614364,0.00948118513621,7866.88855321,3.0,
7.94667429002,0.999509442606,0.0095135591293,0.639946455022,0.257540489559,2.27668561304,1.08702056122,0.0095135591293,8099.43588588,3.0,
8.73015681544,0.999452044283,0.00907490382963,0.635724991555,0.256394686301,2.33118147618,1.12729614812,0.00907490382963,7965.92619835,3.0,
7.44368835592,0.999513408859,0.00907940323573,0.630196454022,0.255022236042,2.33697188399,1.11872178769,0.00907940323573,7648.62630616,3.0,
7.92714004225,0.999491209864,0.00977600138641,0.637810358441,0.254657740492,2.28682299789,1.10087550284,0.00977600138641,7789.98804735,3.0,
7.35887783897,0.999517977665,0.00904104445053,0.631501495912,0.254282217711,2.3293354535,1.11799174713,0.00904104445053,7633.15875136,3.0,
9.25270865514,0.999383192576,0.00845593996132,0.624648927833,0.253592394034,2.34791132175,1.20158998739,0.00845593996132,7500.19443524,3.0,
8.73337554378,0.999455886439,0.00896021170742,0.637262730427,0.257754896892,2.32443499989,1.10447630848,0.00896021170742,8025.13918945,3.0,
7.05275505024,0.999556214807,0.00961450603747,0.639852484994,0.256408628389,2.26641238888,1.05986496297,0.00961450603747,7945.95356365,3.0,
8.14586892565,0.999469942525,0.00970500108864,0.635126224828,0.254135468044,2.29793625373,1.12024518446,0.00970500108864,7683.77225674,3.0,
7.63180629773,0.999521001444,0.00891603527431,0.635775435674,0.25601049348,2.30817640304,1.09549585446,0.00891603527431,7966.35277855,3.0,
8.56716209357,0.999446958122,0.00876484156744,0.631818449794,0.254717054081,2.35367107043,1.14208690621,0.00876484156744,7745.26748964,3.0,
7.1523631481,0.999542026131,0.00929361951221,0.636565717325,0.255810751908,2.3104703917,1.07936891747,0.00929361951221,7808.4747462,3.0,
7.89632523511,0.999476622837,0.006739653574,0.610573339429,0.255647330802,2.43769969341,1.2129466893,0.006739653574,7543.63667337,4.0,
8.64870011844,0.999406530603,0.00711480874266,0.608794652379,0.252166684124,2.41078973719,1.24203014044,0.00711480874266,7286.56124396,4.0,
7.97678416453,0.999456720104,0.00827647155902,0.614566598026,0.253564820089,2.32904036628,1.18902755869,0.00827647155902,7341.32072581,4.0,
7.58068844871,0.999482735959,0.00728651008884,0.60896836406,0.252778290948,2.40191178376,1.21849172257,0.00728651008884,7327.71826491,4.0,
7.6479569781,0.999500146276,0.00783951747253,0.624802942555,0.253713831619,2.33584609681,1.14228968009,0.00783951747253,7650.22468165,4.0,
7.92649160249,0.9994636249,0.00691803244169,0.614375750679,0.253040211032,2.40454464895,1.19782598016,0.00691803244169,7388.99143849,4.0,
9.59707656283,0.99934617385,0.00697993097732,0.611969720059,0.252033496519,2.42015575726,1.25453498464,0.00697993097732,7339.24092963,4.0,
7.71993269981,0.999462275951,0.00737032902798,0.610137977434,0.252853692857,2.3967763595,1.21352908427,0.00737032902798,7178.37369217,4.0,
8.17301005955,0.999465440881,0.00860422399038,0.624869245549,0.252549907872,2.33760664758,1.16618561315,0.00860422399038,7644.4953941,4.0,
8.26219481576,0.999437094095,0.00709468914987,0.612660044446,0.252502000757,2.40167309057,1.21945783231,0.00709468914987,7338.75099358,4.0,
8.45666206354,0.999454398017,0.00843191386325,0.623679492158,0.253255217966,2.30667968875,1.16623692068,0.00843191386325,7749.72985407,4.0,
7.25306835363,0.999525046911,0.00884702007539,0.628024249017,0.256834945971,2.33903940524,1.12220087441,0.00884702007539,7635.51127654,4.0,
7.77472122003,0.999475275665,0.00906271623461,0.620550236348,0.254877650498,2.33760815332,1.17763428653,0.00906271623461,7408.34754835,4.0,
7.9511661545,0.999457164209,0.0083828031846,0.620291248389,0.254979952762,2.37728161297,1.18346478612,0.0083828031846,7323.66009743,4.0,
7.65412179533,0.999485161483,0.00788664733918,0.62265751821,0.256826723938,2.36953417083,1.15813251532,0.00788664733918,7433.49933461,4.0,
7.91528309199,0.999486923326,0.00737151224871,0.624161114465,0.257101299953,2.40985907166,1.15800861311,0.00737151224871,7713.51716054,4.0,
8.91580162547,0.999413752623,0.00828879064724,0.624162793978,0.255130372083,2.38312223466,1.19633424122,0.00828879064724,7604.15419262,4.0,
7.72143098865,0.99948848946,0.00833456130716,0.625812110864,0.256520986863,2.38339427116,1.14284314635,0.00833456130716,7547.69212988,4.0,
7.97128470763,0.999455477639,0.00867813221818,0.617658236394,0.254513399589,2.36352554473,1.20443427998,0.00867813221818,7319.49148981,4.0,
8.53674300935,0.999402751974,0.00855629263009,0.611125460681,0.252733296599,2.37814348698,1.24696193964,0.00855629263009,7146.78437045,4.0,
7.39289827465,0.999512212198,0.00980725417357,0.627887007419,0.255971249676,2.29775039391,1.12306600658,0.00980725417357,7578.06828859,4.0,
7.34149987173,0.999526216217,0.00912127431146,0.6322061165,0.256145375231,2.31644594724,1.11492857884,0.00912127431146,7747.76699626,4.0,
7.2972856137,0.999525740742,0.00904825197071,0.630500731013,0.256215828286,2.32589167332,1.11889426829,0.00904825197071,7693.36304045,4.0,
7.08798557931,0.999515396958,0.00915106868149,0.618902915655,0.253837622385,2.35852385237,1.17450589218,0.00915106868149,7313.20275154,4.0,
8.53333733605,0.999411793532,0.00827969470283,0.615073495059,0.253375803179,2.38459922688,1.23532031723,0.00827969470283,7253.7041018,4.0,
8.81848953927,0.99941717092,0.00917660239387,0.624258208504,0.253409352319,2.29115283137,1.17893471391,0.00917660239387,7565.30086901,4.0,
8.7133508725,0.999446428837,0.00801713246239,0.63514608645,0.252014417917,2.33420349199,1.13428325028,0.00801713246239,7870.20229454,4.0,
8.55608621847,0.999432168562,0.00791090265911,0.622255083543,0.252140274428,2.35709318436,1.18896342429,0.00791090265911,7534.07264736,4.0,
8.8510247859,0.999412853942,0.0080870658276,0.626135613427,0.252335890602,2.3571159774,1.17581669023,0.0080870658276,7537.40174241,4.0,
8.74468257564,0.999446460453,0.00891847584746,0.637816213026,0.251492987864,2.30657896553,1.12184854456,0.00891847584746,7898.92708776,4.0,
8.54524504801,0.999453398564,0.00844473941469,0.633839600288,0.252922848052,2.30525662034,1.12833103177,0.00844473941469,7816.62302694,4.0,
7.62449388403,0.999528881875,0.00949019606873,0.645073745453,0.254501910103,2.2431303431,1.04161858861,0.00949019606873,8091.83766683,4.0,
8.71023885289,0.999425191907,0.00780977469172,0.621767053359,0.252596445197,2.34687885388,1.18846372176,0.00780977469172,7576.62133592,4.0,
9.31062693427,0.999404549843,0.00811296573834,0.633421733108,0.251585581373,2.32707108313,1.15061459863,0.00811296573834,7818.11861795,4.0,
8.94984935238,0.999448094661,0.00936967122466,0.642516237184,0.253630424372,2.28672065568,1.1041190662,0.00936967122466,8108.23135262,4.0,
7.56987402366,0.999510998095,0.0078209665105,0.629774810948,0.252666803777,2.34735480816,1.12669328472,0.0078209665105,7740.19998012,4.0,
7.67945160991,0.999496734961,0.00843985450173,0.623816428267,0.252773535714,2.31958504457,1.14906008984,0.00843985450173,7629.68076706,4.0,
8.87274451583,0.999432332316,0.00788247489105,0.629970533773,0.252217267802,2.34673322183,1.15215054937,0.00788247489105,7815.12815776,4.0,
7.83107079892,0.999486277317,0.0077304897309,0.623983405141,0.25236474998,2.35967081572,1.15297856546,0.0077304897309,7621.93736284,4.0,
10.1155401754,0.999353027087,0.00838080367246,0.633019456728,0.251060025284,2.32778342192,1.18642042694,0.00838080367246,7817.63421895,4.0,
8.68258573542,0.999450178635,0.00846690059775,0.635605823853,0.25181220446,2.30784722904,1.13256745029,0.00846690059775,7895.90235487,4.0,
7.97628227871,0.999497554475,0.00825794006949,0.639488843879,0.25098615524,2.32642800174,1.10050325039,0.00825794006949,7937.56439021,4.0,
9.47383807564,0.999396224195,0.00855465373306,0.634898524719,0.251616906857,2.31102962077,1.14899813874,0.00855465373306,7845.57662152,4.0,
7.93463448848,0.999478636289,0.00874183877415,0.623680268953,0.252355299559,2.30959154457,1.16623064369,0.00874183877415,7609.55175606,4.0,
8.62818693405,0.999465870604,0.0086560179073,0.640003076407,0.253658933625,2.30158592878,1.10201354737,0.0086560179073,8076.92219725,4.0,
8.08310126686,0.999489152464,0.00886853034142,0.635827952128,0.252909803635,2.27626461243,1.09691390707,0.00886853034142,7911.52879848,4.0,
8.73041280723,0.999444849306,0.00842256445798,0.635450414851,0.251639833278,2.31752325813,1.13480069211,0.00842256445798,7862.93176395,4.0,
8.59678891321,0.999442364406,0.00840158456897,0.626818650271,0.25223980733,2.31649176923,1.16864400766,0.00840158456897,7708.29773755,4.0,
8.91137908072,0.999421179033,0.0078026939632,0.627374887786,0.251281014718,2.36536079382,1.18308625668,0.0078026939632,7697.92061133,4.0,
7.52885147564,0.999521718118,0.00839404831624,0.634137447974,0.252707522186,2.30213829041,1.10039053758,0.00839404831624,7870.77398111,4.0,
8.31253732076,0.999427902539,0.00615624770289,0.608318454991,0.254714707915,2.4615816698,1.23578290368,0.00615624770289,7264.91746435,5.0,
8.2793320743,0.999441611596,0.00810834020705,0.62166500231,0.252892778412,2.34333873276,1.17100824741,0.00810834020705,7413.57464978,5.0,
8.34438783029,0.999459454079,0.00849943069008,0.637317971887,0.251846096159,2.30617145537,1.1146251003,0.00849943069008,7718.50009741,5.0,
7.47767767959,0.99948537612,0.00741995816414,0.62107825001,0.253117254871,2.38563790824,1.16331976049,0.00741995816414,7265.20244417,5.0,
8.57599763112,0.999434867049,0.00776668372179,0.632838168383,0.251636126872,2.3517687493,1.1384159621,0.00776668372179,7587.5937269,5.0,
7.87831711324,0.999461152026,0.00779855651376,0.610560217869,0.252336868465,2.39644968154,1.22845329651,0.00779855651376,7310.33282925,5.0,
7.51180509691,0.999494235791,0.00805141127839,0.614781497648,0.254235671631,2.37875589126,1.19987391449,0.00805141127839,7426.19709161,5.0,
7.50186289975,0.999513662593,0.00802472380898,0.623269709128,0.25462932772,2.39093443305,1.1663897516,0.00802472380898,7712.67307873,5.0,
7.22196616978,0.999501077135,0.00806345842281,0.6068331537,0.253105767999,2.3902339292,1.22567068212,0.00806345842281,7237.61526868,5.0,
7.79854837917,0.99949604869,0.00801391904091,0.625823316682,0.255935304276,2.37007128045,1.14233825849,0.00801391904091,7737.47326205,5.0,
7.67371308178,0.999487542511,0.00836817849395,0.619695979444,0.254367556939,2.36634808967,1.18714364469,0.00836817849395,7487.1705718,5.0,
7.78544585692,0.999508559761,0.00875757994878,0.629043986678,0.257998020432,2.30398302692,1.11691374332,0.00875757994878,7921.05169867,5.0,
7.58050969112,0.999486903016,0.00773394111267,0.614557444901,0.253555204358,2.39796955972,1.20189837835,0.00773394111267,7387.04160601,5.0,
7.75196797101,0.99948121448,0.00826421678393,0.618939655249,0.254448546406,2.35708212929,1.18186169893,0.00826421678393,7471.27181951,5.0,
8.36026041297,0.99942765905,0.00755908123062,0.609110429973,0.253800021504,2.40589604676,1.24995851732,0.00755908123062,7303.56503768,5.0,
8.14033917548,0.999450766525,0.0078124893074,0.6128253915,0.253183419203,2.41361084272,1.2305732797,0.0078124893074,7410.67744306,5.0,
7.36535923454,0.999506071029,0.00785728372122,0.61647914212,0.253418095823,2.39418738239,1.19212047443,0.00785728372122,7455.91806292,5.0,
7.44293975733,0.999509015316,0.00775400432263,0.620216074719,0.2562243546,2.36450386222,1.16201087283,0.00775400432263,7579.61797485,5.0,
7.75578192119,0.999480571422,0.00744775518437,0.616219084432,0.253636755878,2.4260795303,1.20326321305,0.00744775518437,7465.72208908,5.0,
8.5053624549,0.999443107713,0.00719773855825,0.621292040732,0.255459306244,2.41221241424,1.18906467477,0.00719773855825,7636.48661739,5.0,
7.26030435186,0.999518240608,0.00755633159687,0.618613117059,0.254562797599,2.40685790703,1.17619276346,0.00755633159687,7535.26540259,5.0,
7.67358699627,0.999474767237,0.00752063192192,0.61117923031,0.25387132106,2.40343343764,1.22270248732,0.00752063192192,7304.90012168,5.0,
7.91014196901,0.99948548094,0.00801347784374,0.625643988824,0.255831094001,2.3651472422,1.15175837432,0.00801347784374,7686.9139645,5.0,
7.6809157847,0.999473466943,0.00705145806346,0.611571955188,0.252284929407,2.44759822384,1.23299128318,0.00705145806346,7293.9225042,5.0,
8.46288446528,0.999432061354,0.00699528990781,0.624847537155,0.255227176529,2.41870594829,1.17297348929,0.00699528990781,7450.46996351,5.0,
7.47530416082,0.999490010773,0.00799700618402,0.618078591171,0.25404057358,2.41475622303,1.1838861628,0.00799700618402,7328.83773664,5.0,
6.93388998357,0.999513287651,0.00893194852513,0.617800778908,0.251798126886,2.36145707127,1.1783250277,0.00893194852513,7123.10010517,5.0,
7.28720232085,0.99953619113,0.00937410195541,0.635785482704,0.256210114366,2.33186507671,1.08968254835,0.00937410195541,7855.74914558,5.0,
7.33588633746,0.999499669944,0.00819007785523,0.623803626371,0.252979710892,2.38760047839,1.16233918639,0.00819007785523,7330.80565136,5.0,
7.13473573896,0.999515438237,0.00890207045899,0.625682377447,0.25315799415,2.34778264955,1.14823780491,0.00890207045899,7361.97427619,5.0,
8.44838681506,0.999451617112,0.00894212589286,0.63306267856,0.255512610842,2.34725002566,1.13143131615,0.00894212589286,7702.9242517,5.0,
7.64866846061,0.999478806433,0.00846624616193,0.62392135396,0.253426592639,2.37498039728,1.16716427686,0.00846624616193,7337.57703466,5.0,
7.42821750023,0.999460027674,0.00780325103784,0.598325152692,0.251139645811,2.42269009963,1.2813486237,0.00780325103784,6878.25058611,5.0,
7.58340583705,0.999481693424,0.00921399871482,0.623298638626,0.252502797335,2.33391848124,1.17425181077,0.00921399871482,7315.46923927,5.0,
7.41219044916,0.999478787092,0.00878194388293,0.615581210901,0.250795564055,2.37526615301,1.20665687821,0.00878194388293,7110.37462824,5.0,
7.98322243995,0.999459687777,0.00727377969021,0.614315133506,0.253778917945,2.4001286989,1.19560229028,0.00727377969021,7387.51004252,5.0,
7.61266122297,0.999477748348,0.00799429030276,0.60688554841,0.253575103303,2.37396747144,1.21495532425,0.00799429030276,7288.21851831,5.0,
7.11450911254,0.999516711053,0.00701156335738,0.611562661695,0.254230380811,2.43645405339,1.18261111627,0.00701156335738,7360.43922951,5.0,
7.7366625002,0.999455559644,0.00730643852084,0.598571728764,0.25274695333,2.40647265884,1.2656212304,0.00730643852084,7105.08243242,5.0,
8.36751715254,0.999440844296,0.00819182083118,0.615697431913,0.253529102608,2.36580124424,1.20100131544,0.00819182083118,7482.21127992,5.0,
7.85671391689,0.999467798688,0.00862077413224,0.611007705876,0.254140064364,2.33218071621,1.19953277404,0.00862077413224,7381.24882376,5.0,
7.65406912324,0.999474135134,0.00733559097682,0.608111398487,0.253202448479,2.40995434824,1.21342974417,0.00733559097682,7277.52481206,5.0,
7.4488161062,0.999488768451,0.00766926739835,0.61017387359,0.253454551364,2.38879131216,1.20235168578,0.00766926739835,7285.07259691,5.0,
7.32523647856,0.999518253093,0.00752801898577,0.619826339711,0.256341356539,2.41614283228,1.15908197741,0.00752801898577,7602.7225343,5.0,
7.0135694753,0.999521407461,0.00848153103923,0.622641060832,0.254929588587,2.37939639405,1.15528085411,0.00848153103923,7327.23093898,5.0,
7.86364534493,0.999470998426,0.00836062553018,0.62474571862,0.255957654546,2.36517888731,1.16032891397,0.00836062553018,7432.49573984,5.0,
7.97370871518,0.999464225239,0.00776654753895,0.61873661766,0.253248271942,2.35737230979,1.18272792275,0.00776654753895,7441.1850651,5.0,
8.03392437053,0.999489175906,0.00934702173779,0.641281149472,0.254505413697,2.2942051422,1.0886831433,0.00934702173779,7863.64640967,5.0,
7.73307834222,0.999504022983,0.00989662127022,0.638288729399,0.254467446393,2.27129844691,1.08693377509,0.00989662127022,7795.78257931,5.0,
8.20312702979,0.999430809009,0.00871188843164,0.612945590769,0.25249543304,2.36648971389,1.22874749603,0.00871188843164,7205.9524159,5.0,
8.57987189494,0.999394600304,0.00799525538904,0.609811941528,0.251937351588,2.5030920242,1.25813387989,0.00799525538904,7085.99250462,6.0,
7.56648445218,0.999505337013,0.00757114033314,0.624535054439,0.258658978077,2.37272136813,1.1331176416,0.00757114033314,7648.01800984,6.0,
9.18632463471,0.999409515291,0.00833734858919,0.630173855273,0.25842398404,2.353282706,1.14681620444,0.00833734858919,7778.5271449,6.0,
7.9679158775,0.999483792008,0.00834495028538,0.627324777744,0.256764001844,2.36326609185,1.14256832361,0.00834495028538,7717.62203059,6.0,
8.27797242494,0.999453220215,0.00941833510756,0.631255612107,0.254733359049,2.33684181933,1.15377492372,0.00941833510756,7569.6454064,6.0,
7.36524870503,0.999515723839,0.0081849251277,0.630991246872,0.256797985372,2.36821697008,1.11777723802,0.0081849251277,7604.24916738,6.0,
8.7247250408,0.999435006454,0.00931838672011,0.634563859723,0.25714902544,2.31513081883,1.13001735723,0.00931838672011,7720.98787948,6.0,
7.87027438608,0.999508467139,0.00885597589811,0.636412254057,0.258726999632,2.31539413179,1.0844096087,0.00885597589811,8005.77161402,6.0,
8.11919365315,0.99946994738,0.00952805713048,0.636015065522,0.256885937686,2.29492428612,1.10931477165,0.00952805713048,7658.78186746,6.0,
8.92248251996,0.999427780141,0.00907851395428,0.634379295358,0.25592962999,2.34087583072,1.15257984051,0.00907851395428,7796.27975973,6.0,
7.27603856797,0.999521760135,0.00943892923483,0.636535427633,0.256849565249,2.3082372924,1.09193298364,0.00943892923483,7607.00401091,6.0,
7.53734314362,0.999506865715,0.0083712885919,0.631314767775,0.25718433368,2.35664274013,1.11612639117,0.0083712885919,7642.20030921,6.0,
7.62197626754,0.999486797972,0.00863794564489,0.630225045913,0.25618518189,2.35245096183,1.12960143879,0.00863794564489,7425.82535446,6.0,
7.78507687941,0.999487538595,0.00939759609999,0.637325209363,0.25714599202,2.29588315765,1.09219607115,0.00939759609999,7595.68689837,6.0,
6.75800069866,0.999576337347,0.00926347546493,0.64006992821,0.258893622928,2.28967531832,1.04576603769,0.00926347546493,7975.58875486,6.0,
8.03175198817,0.999472432228,0.0086133329264,0.63139806009,0.256879514416,2.34874872407,1.12741650246,0.0086133329264,7611.94553124,6.0,
9.05535344879,0.999396846081,0.00832555409318,0.626451007706,0.254642042331,2.3729965381,1.19575976071,0.00832555409318,7506.58341032,6.0,
8.82944942661,0.999433724809,0.0079948876939,0.631665399652,0.257204431359,2.36374794923,1.14516644925,0.0079948876939,7795.98135264,6.0,
8.49433161035,0.999453590937,0.00875061831011,0.633106957603,0.257266821121,2.33860966865,1.12915741039,0.00875061831011,7772.77676095,6.0,
6.96802176749,0.999522893646,0.00855628145598,0.625908806303,0.255265247002,2.37489576659,1.1433564945,0.00855628145598,7302.29011136,6.0,
9.18395220759,0.99940813689,0.00929981565964,0.634745504514,0.256263020332,2.31380739533,1.15015528713,0.00929981565964,7758.44333573,6.0,
9.72315715931,0.999380066913,0.00819558837786,0.631167259778,0.256990008317,2.35298578542,1.17158545705,0.00819558837786,7842.01926232,6.0,
6.76832797515,0.999549944903,0.00835135405454,0.630089036361,0.256211951433,2.36571319346,1.11112991174,0.00835135405454,7519.3693857,6.0,
8.13192010218,0.999459934837,0.00933117332833,0.631235239534,0.256370896563,2.31067092217,1.13315803263,0.00933117332833,7528.59412524,6.0,
8.94789284369,0.999435658888,0.00953620054688,0.635080869489,0.256812251269,2.30999783472,1.14000076415,0.00953620054688,7927.62826425,6.0,
7.10184024802,0.999537856423,0.00945947674524,0.634548941002,0.25709017788,2.30257870761,1.08661938005,0.00945947674524,7683.47971594,6.0,
7.94926859488,0.99949036099,0.0094359058176,0.63547665384,0.257408536191,2.31000555866,1.10391874853,0.0094359058176,7798.82357127,6.0,
7.20037279828,0.999542831828,0.0095940846314,0.637056580622,0.257694734722,2.3002656429,1.08202544635,0.0095940846314,7874.87672256,6.0,
8.74690899465,0.999435080635,0.00900819561938,0.630078940803,0.255951830308,2.36290709645,1.15647675605,0.00900819561938,7741.63864186,6.0,
8.01412348738,0.999472476052,0.00884790932317,0.630963671007,0.256384649306,2.34825511264,1.13600232521,0.00884790932317,7595.86357265,6.0,
7.55184325006,0.999512751239,0.00876849542564,0.634180806984,0.257418503959,2.33589974755,1.09960291252,0.00876849542564,7749.38984361,6.0,
8.14646605789,0.999495195873,0.00893902267399,0.636920052204,0.257593181889,2.31192953963,1.10938327266,0.00893902267399,8068.86663302,6.0,
7.70283283026,0.999521994543,0.00921031227648,0.634520704368,0.260390917288,2.27275071745,1.07787990765,0.00921031227648,8057.19946221,6.0,
6.75457155489,0.999571300556,0.00859883784145,0.635691093864,0.257700475269,2.34909629471,1.07218095181,0.00859883784145,7877.90696634,6.0,
6.98652877315,0.99953394702,0.00966984108387,0.632329218496,0.256694439456,2.28411483432,1.10405847966,0.00966984108387,7495.35185665,6.0,
7.1532708546,0.999533156565,0.0101414686803,0.635551119723,0.256853125286,2.29763431229,1.09047808787,0.0101414686803,7661.24075819,6.0,
8.34368098729,0.999473516378,0.00931578952084,0.635715964276,0.257504609306,2.31443717152,1.11631606526,0.00931578952084,7923.89208365,6.0,
7.12501050713,0.999529761751,0.00852925690438,0.631417568928,0.257441572453,2.35591695892,1.10333089532,0.00852925690438,7575.84430707,6.0,
8.02209798645,0.999478396147,0.00863730210492,0.633226565336,0.258245313263,2.33820759662,1.1041234328,0.00863730210492,7689.67625435,6.0,
8.4687441665,0.999442813001,0.00900134526017,0.631655927864,0.255847374503,2.36147174018,1.15368213352,0.00900134526017,7599.37996261,6.0,
8.02764329263,0.999457472143,0.00929174883549,0.628731458423,0.255172606173,2.35131404382,1.15511683378,0.00929174883549,7398.21932403,6.0,
8.65154140899,0.999446806777,0.00907648739491,0.635142873727,0.256838826146,2.31371595625,1.13351336452,0.00907648739491,7819.48280639,6.0,
8.54439629058,0.999434784527,0.00895606618169,0.631172193946,0.256845882937,2.34446809691,1.13847627573,0.00895606618169,7558.38569279,6.0,
8.63506159632,0.999435827137,0.00936417782957,0.633526298253,0.257049469629,2.32240362783,1.1342881627,0.00936417782957,7652.69192714,6.0,
7.44246379818,0.999517096355,0.00875122730899,0.633765779561,0.257431201265,2.33505476072,1.10235059413,0.00875122730899,7705.79229252,6.0,
7.73099165434,0.999504605053,0.00899268422835,0.633833212766,0.257128514518,2.34687929973,1.11611629341,0.00899268422835,7802.73023678,6.0,
6.24626874226,0.999581045152,0.00925550175577,0.630890789352,0.256018922472,2.34282722721,1.09546665284,0.00925550175577,7454.44612178,6.0,
7.73755574235,0.999493873523,0.00947412014064,0.633365264129,0.256337636053,2.33043546171,1.1150513894,0.00947412014064,7643.79201727,6.0,
6.54714451801,0.999589302645,0.00908264894152,0.638287846833,0.258597994459,2.32020883793,1.04696930828,0.00908264894152,7970.69135866,6.0,
8.04117728933,0.999467573613,0.00933921975731,0.630372003266,0.255644549081,2.34375717898,1.14450299931,0.00933921975731,7551.37097172,6.0,
7.15731759903,0.999528263208,0.00952021672204,0.635616775048,0.253479573729,2.30818742515,1.10726601859,0.00952021672204,7585.90634635,7.0,
7.83685435759,0.99949681396,0.00793277862269,0.632908514214,0.257143726835,2.34767514143,1.11948730685,0.00793277862269,7787.00533462,7.0,
8.77391694731,0.999419309457,0.00783640393712,0.627405513025,0.255129805258,2.34962484097,1.16997554705,0.00783640393712,7554.52035676,7.0,
10.3016696778,0.999320274328,0.00806607997667,0.627270459244,0.255261611404,2.36088912375,1.2068708415,0.00806607997667,7577.6075133,7.0,
8.69592869346,0.999429674999,0.00860390144706,0.633797859343,0.255304702115,2.33886804714,1.14618877894,0.00860390144706,7623.46791548,7.0,
7.93827295602,0.999476541626,0.00821119791241,0.631144762665,0.25585326722,2.3619876229,1.13420437861,0.00821119791241,7582.34004883,7.0,
8.63373496935,0.999437667744,0.00876362173446,0.63505238385,0.257279005163,2.319826297,1.12093920059,0.00876362173446,7676.50578376,7.0,
8.79499233116,0.999431703606,0.00726743262713,0.61978421555,0.258615984695,2.37690906434,1.18253715702,0.00726743262713,7737.8197018,7.0,
7.4804783062,0.999513570806,0.00878272260694,0.635343772584,0.257142577771,2.32557536595,1.09180580648,0.00878272260694,7688.96286481,7.0,
7.6147975809,0.999502820046,0.00823024194132,0.631587547586,0.256204893783,2.31749723698,1.11133650639,0.00823024194132,7657.78470082,7.0,
7.26127537403,0.999536641012,0.00809224159677,0.630488154781,0.256767328501,2.36589159644,1.11497088025,0.00809224159677,7835.25961966,7.0,
6.48099875006,0.999568893597,0.00873638167045,0.63632163986,0.25679972082,2.3306984593,1.06808617481,0.00873638167045,7516.5109425,7.0,
8.64853828142,0.999441409002,0.00685677775319,0.622218814185,0.258977644739,2.39574594038,1.16250102342,0.00685677775319,7741.1997788,7.0,
7.40774497978,0.999511696602,0.00761150103175,0.627842288902,0.258504251448,2.36470389018,1.12292654837,0.00761150103175,7584.98267643,7.0,
8.17908754483,0.99946477076,0.00739782067473,0.625161307479,0.25867141488,2.3630504443,1.14504936985,0.00739782067473,7640.54123193,7.0,
8.42004923339,0.999453496804,0.00849232471036,0.630530304933,0.256747994882,2.35978622935,1.13783274839,0.00849232471036,7703.35816066,7.0,
7.34208062923,0.999508746562,0.00833066816723,0.630688764024,0.255910321719,2.35370410779,1.11680785333,0.00833066816723,7472.60869059,7.0,
8.38663493606,0.999450842423,0.00694897290851,0.620729311598,0.25828585939,2.39506512927,1.17280537528,0.00694897290851,7635.70207694,7.0,
7.57689442113,0.99949737955,0.0071780248237,0.623789516249,0.25785449328,2.40031270839,1.14433106452,0.0071780248237,7537.177057,7.0,
8.2705595795,0.999461976216,0.00845595219291,0.632498345524,0.256701754461,2.34595765985,1.13758357941,0.00845595219291,7685.84152036,7.0,
9.01748030937,0.999401037223,0.00786705446147,0.626036563919,0.255475765311,2.37596346193,1.18136800048,0.00786705446147,7527.38498081,7.0,
8.10101932765,0.999466462432,0.00786318839589,0.626808388509,0.255909258905,2.35203644247,1.14595925964,0.00786318839589,7591.6130573,7.0,
7.90809567216,0.99948304528,0.00818222807482,0.629481856828,0.258529816427,2.34689028964,1.11907711957,0.00818222807482,7648.54937773,7.0,
7.91143229863,0.999458931824,0.00783309592114,0.620440086331,0.255418247457,2.39388965472,1.18229453793,0.00783309592114,7310.75969728,7.0,
7.09574447762,0.999533972919,0.0079027649432,0.628899520376,0.259147499261,2.33899057701,1.10225889558,0.0079027649432,7612.84412959,7.0,
6.96864155145,0.99952273622,0.00730401737773,0.61726461121,0.256049770091,2.38756570324,1.16885387727,0.00730401737773,7300.42122981,7.0,
7.58812612917,0.999504243507,0.00813850699388,0.629574113201,0.258408479631,2.34483039691,1.11558929965,0.00813850699388,7652.8818611,7.0,
8.4154711286,0.999427859426,0.00878781969526,0.624095950542,0.25599071252,2.33786671668,1.17513304477,0.00878781969526,7354.19442199,7.0,
9.17033770175,0.999395064364,0.00696472579128,0.621466350627,0.257092297583,2.41655074995,1.20407567314,0.00696472579128,7579.41053995,7.0,
8.4152304199,0.999436143418,0.00914109429144,0.624458522987,0.255836960238,2.31603298475,1.18277076999,0.00914109429144,7462.027683,7.0,
7.94666528391,0.999463591113,0.00703502059744,0.619372251384,0.2572681538,2.41551381181,1.17611307305,0.00703502059744,7407.10720651,7.0,
7.11366581336,0.999511287873,0.00853516141251,0.623130148854,0.256329455877,2.34846917108,1.14964330355,0.00853516141251,7277.79926513,7.0,
8.42706089766,0.999443356163,0.00755799100229,0.619470707754,0.255425317517,2.37255770037,1.1985311857,0.00755799100229,7569.35005598,7.0,
8.93173151974,0.999440852783,0.00799579298835,0.627259492053,0.258560366269,2.3582671282,1.15618992517,0.00799579298835,7986.77630395,7.0,
7.7361985492,0.99948844075,0.00951708806845,0.635037161169,0.253652337006,2.30883555646,1.1196011113,0.00951708806845,7561.24783082,7.0,
8.01644051329,0.999484435129,0.00835432159854,0.633071557473,0.257735907635,2.32594659123,1.10955493453,0.00835432159854,7774.25902673,7.0,
7.8825742731,0.999478039597,0.00788029012387,0.62552888783,0.256124816612,2.37422853618,1.14938321807,0.00788029012387,7550.78710691,7.0,
8.60709817749,0.999424173116,0.00857098367794,0.628215622474,0.255899104569,2.33253255715,1.1577277863,0.00857098367794,7473.5434867,7.0,
9.35856590015,0.999389661693,0.00762331473003,0.620510065825,0.257597536199,2.37777627541,1.19860705533,0.00762331473003,7666.57683727,7.0,
6.60893296727,0.999553602349,0.00742560261372,0.621494395318,0.257915778745,2.38861366124,1.13394374731,0.00742560261372,7402.35367197,7.0,
8.41286208647,0.999446257315,0.00763007193163,0.623962741563,0.25719297275,2.38160703473,1.16913443117,0.00763007193163,7596.16813613,7.0,
6.92863560196,0.999547851387,0.00791892485192,0.628699986092,0.258501917443,2.35188484115,1.10510728185,0.00791892485192,7661.65466083,7.0,
7.85246303402,0.999475068483,0.0070608238312,0.623117753637,0.258106728772,2.39452509316,1.15808830352,0.0070608238312,7479.30907884,7.0,
8.29732627764,0.99945279525,0.00762001123297,0.625900402605,0.258105636216,2.37806341866,1.15328368148,0.00762001123297,7581.35929288,7.0,
8.35579283769,0.999401934484,0.00631536943604,0.605817265827,0.252886262123,2.4663953244,1.26917209307,0.00631536943604,6985.42963572,7.0,
7.96387404549,0.999474783417,0.00759930069657,0.629266626143,0.256643264113,2.3831268074,1.13059565851,0.00759930069657,7581.31253364,7.0,
8.0819978822,0.999454553587,0.00845959515586,0.628660980148,0.25600343233,2.34670063976,1.14478355321,0.00845959515586,7408.41500601,7.0,
9.19610581358,0.999382477051,0.00814032767795,0.62588900138,0.255349680183,2.35456753419,1.18650093609,0.00814032767795,7445.84923704,7.0,
7.93889410455,0.999473779969,0.00811297880919,0.630670254292,0.256275160263,2.34071738291,1.13079515744,0.00811297880919,7543.15000364,7.0,
8.10208832536,0.999480484468,0.00786940952459,0.630017331494,0.258182105945,2.34210321865,1.12049517218,0.00786940952459,7797.64263767,7.0,
