6.48876257629,0.999562290052,0.00716378819838,0.610307881448,0.25463929241,2.39271454462,1.1761707955,0.00716378819838,7411.85635993,1.0,
6.72678522848,0.999555270435,0.00820334097822,0.616305080812,0.254459605799,2.33690087441,1.15282350207,0.00820334097822,7562.49979022,1.0,
7.12425216324,0.999544500083,0.00748457574515,0.620414746232,0.255681890618,2.36548669582,1.13838332442,0.00748457574515,7819.94292375,1.0,
6.35815975016,0.999580249128,0.00803626058886,0.617438530826,0.254872943632,2.34139467375,1.13241391874,0.00803626058886,7573.44162938,1.0,
6.2596103155,0.999592717512,0.00760438947441,0.619101238729,0.255078767321,2.35229791194,1.1259422103,0.00760438947441,7684.2603418,1.0,
6.50738643584,0.999572833145,0.00828984662525,0.618761803208,0.254504639913,2.32486345692,1.13748478474,0.00828984662525,7616.61230416,1.0,
6.99730776349,0.999535791531,0.00793332759142,0.615989984549,0.253935600659,2.34593474509,1.16289371815,0.00793332759142,7536.51241149,1.0,
6.23487957539,0.99959474757,0.00823859510448,0.621767308797,0.254977376512,2.31696038672,1.11234137839,0.00823859510448,7692.2845614,1.0,
6.66206500315,0.999573218659,0.00928298655411,0.629780679903,0.256049479205,2.33458069687,1.10158161345,0.00928298655411,7804.76955973,1.0,
6.50758793681,0.999560524227,0.0103556724626,0.63116403196,0.254593141871,2.29153749481,1.10332094851,0.0103556724626,7403.59226287,1.0,
7.04867722106,0.999537316748,0.0100187545141,0.63417378114,0.256060192458,2.29089012459,1.10348210096,0.0100187545141,7616.94866971,1.0,
6.06543490142,0.999609855369,0.00939441524188,0.634823875611,0.257101616491,2.32171440689,1.06558131579,0.00939441524188,7773.08680761,1.0,
5.36907414414,0.999632134631,0.010045150031,0.630162903471,0.255135537011,2.28907948733,1.07094935947,0.010045150031,7297.40567379,1.0,
6.21938212169,0.999580947506,0.00981501508654,0.630341066406,0.254573530313,2.31599832443,1.10383267399,0.00981501508654,7420.56589987,1.0,
6.56364627834,0.999567050675,0.00968294380872,0.631155393631,0.255539761737,2.32496668387,1.09960840196,0.00968294380872,7579.94459655,1.0,
6.37136676123,0.999588843718,0.0101379390157,0.636501309356,0.256355845485,2.29359389635,1.06871521149,0.0101379390157,7747.90453576,1.0,
5.93094146373,0.99961925852,0.00938765818445,0.635990462185,0.257325077655,2.31144313891,1.0583992802,0.00938765818445,7788.43706235,1.0,
5.69384682737,0.999644267165,0.0102647997616,0.63953139292,0.256723433052,2.29663265335,1.03591960063,0.0102647997616,8002.76979956,1.0,
5.61124399544,0.999638609241,0.0089974554924,0.634239273679,0.257340825529,2.33085712531,1.05568167486,0.0089974554924,7763.16600942,1.0,
6.69443949148,0.999569094888,0.00944932148067,0.635293378765,0.256693916687,2.30431290884,1.08682758717,0.00944932148067,7767.63962675,1.0,
5.57806495289,0.999640509927,0.0100190468225,0.638248321285,0.256773856646,2.27927453152,1.03770604923,0.0100190468225,7758.07601022,1.0,
5.82321334603,0.99962265447,0.010261777899,0.637161948213,0.256547575449,2.27280433355,1.05043491833,0.010261777899,7715.80024243,1.0,
5.68488510821,0.999647993262,0.0102711372772,0.638913153291,0.257115701536,2.28003935421,1.03821584184,0.0102711372772,8074.7550937,1.0,
6.10081330042,0.999594713649,0.00985476061607,0.634593967743,0.256743696412,2.28041672753,1.06408407181,0.00985476061607,7526.32117707,1.0,
6.16523296556,0.999602174628,0.0100203158312,0.634801473949,0.25580816424,2.2962152125,1.07910700764,0.0100203158312,7748.44924848,1.0,
6.94094668729,0.999555005781,0.00984527921226,0.634422391514,0.255654992788,2.31400769542,1.10232963142,0.00984527921226,7798.69302752,1.0,
6.13892066032,0.999607508232,0.00959730591774,0.636756826112,0.256374531031,2.31546104808,1.06163223513,0.00959730591774,7820.22099494,1.0,
5.86510935897,0.99960608676,0.00942676026656,0.631489807468,0.255360837065,2.32087144222,1.08030852359,0.00942676026656,7444.45980365,1.0,
6.23472059741,0.999577290418,0.00953566927046,0.628756168975,0.254583952177,2.35253315923,1.10999005059,0.00953566927046,7374.50830336,1.0,
5.72993458708,0.99963281159,0.0107787883116,0.636825119798,0.255362811107,2.27742312809,1.06047251735,0.0107787883116,7802.23996889,1.0,
6.38666633808,0.999569282261,0.00970413300755,0.629218031012,0.254261524628,2.33994618029,1.11666712572,0.00970413300755,7413.77127193,1.0,
6.03961910036,0.99959218618,0.00982595228988,0.631236837509,0.255936565247,2.29855230282,1.08479252407,0.00982595228988,7404.66624477,1.0,
6.76690228266,0.99956395275,0.0100451357732,0.636097868035,0.25640033973,2.28798582216,1.08121624436,0.0100451357732,7759.15045679,1.0,
6.23167174768,0.999583019656,0.00970419377095,0.632233892105,0.255062225722,2.33439604496,1.09258099541,0.00970419377095,7472.18365441,1.0,
6.25493085424,0.999585243521,0.0112947900816,0.636876485526,0.255776763531,2.24608231613,1.06718559205,0.0112947900816,7540.28634232,1.0,
6.36749547831,0.999577506559,0.0104513810472,0.634483504805,0.255781879276,2.29653662574,1.07942013144,0.0104513810472,7535.42444491,1.0,
7.30983938392,0.999543171362,0.0094170522439,0.634681295514,0.257098387977,2.33307575669,1.09859244086,0.0094170522439,8000.42038799,1.0,
6.22183226712,0.999584764176,0.00950483701368,0.630017635692,0.256106342929,2.34116432659,1.09358584255,0.00950483701368,7491.71043882,1.0,
5.35203692348,0.999653179917,0.00980542696786,0.631902129816,0.255995742911,2.35472352695,1.05813351154,0.00980542696786,7715.68147388,1.0,
6.61744172056,0.99955832268,0.0102416860036,0.631042303455,0.25478500845,2.31416771097,1.110137673,0.0102416860036,7491.074228,1.0,
5.8318805452,0.99962557091,0.0103443073851,0.635273272085,0.256822751194,2.27323746587,1.05902770228,0.0103443073851,7787.47975828,1.0,
6.98688794082,0.999544857617,0.00966586318707,0.63426543,0.256904945583,2.29764051169,1.09400044166,0.00966586318707,7675.28193627,1.0,
6.13393870602,0.999600241393,0.009687800441,0.634103508007,0.256158124433,2.31905135666,1.07878542757,0.009687800441,7671.865634,1.0,
6.18590638468,0.999588234693,0.00986689660597,0.632799989602,0.255359288453,2.32578359378,1.09215334948,0.00986689660597,7511.25781234,1.0,
6.32852823599,0.999570523432,0.0102779916325,0.629413928922,0.255401526957,2.29609980314,1.10180389269,0.0102779916325,7367.54099359,1.0,
6.5013443062,0.999548636071,0.00916384554152,0.623207591486,0.254265680054,2.35025603181,1.1415626424,0.00916384554152,7201.688756,1.0,
6.0302891708,0.999596831622,0.0101659387679,0.63147507611,0.255249167207,2.32043035665,1.08909024489,0.0101659387679,7478.44212977,1.0,
6.03298672268,0.999609652572,0.00983603529521,0.63634757182,0.256292117842,2.31571785523,1.0624508026,0.00983603529521,7727.51586474,1.0,
5.92686215643,0.999613723718,0.00993179330034,0.635192965159,0.256329513023,2.30327610095,1.0623036634,0.00993179330034,7671.58903864,1.0,
6.18927488162,0.999604787083,0.00994772302342,0.638126661876,0.256976105117,2.27424883469,1.05635914334,0.00994772302342,7830.07812882,1.0,
7.39910600255,0.999539511973,0.00882889218732,0.633843277515,0.257454462671,2.31657179842,1.09057178436,0.00882889218732,8033.7877438,2.0,
6.78065097858,0.999570210932,0.00869144983715,0.63335699309,0.255543156837,2.3240618393,1.08048586377,0.00869144983715,7888.1275128,2.0,
6.52481771894,0.99956852161,0.00932040959141,0.623625578272,0.255493409897,2.29459359826,1.1273911327,0.00932040959141,7560.81280801,2.0,
6.94346496613,0.999561215224,0.00902191693658,0.632571936499,0.254791269219,2.32154022606,1.10003121574,0.00902191693658,7911.9587972,2.0,
6.37301621817,0.999599374255,0.00887826997542,0.634035333641,0.256448867433,2.30223696084,1.06927598336,0.00887826997542,7953.61101201,2.0,
6.94275657185,0.999551759865,0.00894412265705,0.629629812435,0.254226393849,2.33222498384,1.11007872068,0.00894412265705,7744.26043021,2.0,
6.62005422647,0.999572442928,0.00834884410182,0.627218682058,0.254795516849,2.36535347349,1.11514016397,0.00834884410182,7741.51856021,2.0,
8.20509874755,0.999473864938,0.00864874031977,0.628773680343,0.254737737512,2.31884785858,1.15239150719,0.00864874031977,7797.2900067,2.0,
7.61354700167,0.99952254338,0.00776304064947,0.631751575287,0.256191290926,2.37856625978,1.11593432905,0.00776304064947,7972.78899503,2.0,
7.33271989095,0.999527139117,0.00768345805941,0.624022304985,0.254982090428,2.38307825338,1.14930955719,0.00768345805941,7753.33029017,2.0,
8.02599072516,0.999475205521,0.00919885216165,0.627540919541,0.253821800971,2.33324029958,1.15438114801,0.00919885216165,7646.59630508,2.0,
6.77155613348,0.999556650091,0.00875201698331,0.625661325451,0.254093109624,2.35580633578,1.12768758556,0.00875201698331,7636.61083139,2.0,
6.44982432692,0.999575136137,0.00977473376791,0.628167461388,0.254374648508,2.28939962116,1.10131705283,0.00977473376791,7590.26207859,2.0,
6.39487279104,0.999577374793,0.009151365647,0.626585930779,0.253200320063,2.33748181333,1.11954902441,0.009151365647,7565.44119824,2.0,
7.02193823633,0.99956229128,0.00932587583406,0.635424242214,0.257029625961,2.30534868833,1.07898668692,0.00932587583406,8021.02836499,2.0,
6.91631138229,0.999559236983,0.00942088305719,0.63296912601,0.256014135063,2.28450119983,1.08609454889,0.00942088305719,7845.61580354,2.0,
7.25797173091,0.999537210571,0.00907135530898,0.632123818053,0.255662856434,2.30861360116,1.10272369386,0.00907135530898,7841.32215067,2.0,
7.07352030883,0.999546591783,0.00927006945195,0.630445573406,0.254660901685,2.3183222599,1.11711651636,0.00927006945195,7800.15274097,2.0,
6.78899901376,0.999574572649,0.00872641366816,0.633896939595,0.255505243631,2.31820992727,1.08759783307,0.00872641366816,7978.80076293,2.0,
6.53560720165,0.999571393829,0.00954153606503,0.627557658279,0.254466728625,2.29726604486,1.11090743568,0.00954153606503,7624.06225979,2.0,
7.42163835264,0.999494667561,0.00791336960482,0.616064351789,0.253117302053,2.39738864129,1.19439503563,0.00791336960482,7343.08869023,2.0,
6.81444394673,0.999559215968,0.00804431092261,0.627991637239,0.25512106102,2.3684235654,1.11358251803,0.00804431092261,7729.68790703,2.0,
5.85156023115,0.9996185498,0.00894187555216,0.62998329933,0.255395321195,2.32450555729,1.07836092254,0.00894187555216,7669.9085167,2.0,
6.57605405058,0.999588821604,0.0100710046858,0.63736339969,0.256866175713,2.25779495514,1.06703700321,0.0100710046858,7996.34548984,2.0,
6.84584862107,0.99955793789,0.00964383353587,0.633187388933,0.254035005982,2.29321876992,1.09790168396,0.00964383353587,7742.82115169,2.0,
7.27980027727,0.999538508733,0.00840071830974,0.631075395433,0.254913779632,2.35443234779,1.11494881054,0.00840071830974,7887.00999068,2.0,
7.29316336703,0.999529429316,0.00896658031143,0.628667145686,0.254869760554,2.34242319079,1.12211562483,0.00896658031143,7749.10142802,2.0,
6.60878925947,0.999570661995,0.0087925439757,0.626654657432,0.255604633739,2.33272873454,1.10795257141,0.0087925439757,7696.31331309,2.0,
7.03316961984,0.999531543554,0.00781261221559,0.613922981597,0.253990012166,2.3738323925,1.17565689556,0.00781261221559,7506.49077809,2.0,
6.43770358483,0.999562590849,0.00692339200984,0.611575190615,0.254098180758,2.4033581077,1.16852922175,0.00692339200984,7358.60252677,2.0,
6.89276113824,0.999550589536,0.00705762309043,0.61813639922,0.254652673685,2.38797636325,1.14409469289,0.00705762309043,7668.33652338,2.0,
6.83329129356,0.999555178648,0.00676761875792,0.615491895407,0.253974009662,2.41967981297,1.16421579642,0.00676761875792,7680.63012317,2.0,
7.45121188092,0.999502175359,0.00814027791694,0.612431688522,0.253085848885,2.35128878531,1.20287909604,0.00814027791694,7483.48649266,2.0,
6.95484445527,0.999545725605,0.00698481419333,0.616505435501,0.254081552446,2.40290132398,1.16087121866,0.00698481419333,7654.58166648,2.0,
6.75800483119,0.999559016711,0.00768502623193,0.617358320069,0.253871275992,2.37595471146,1.15381651042,0.00768502623193,7662.14774789,2.0,
5.82352187928,0.999605380467,0.00824306822222,0.611031254989,0.254652566979,2.35675090452,1.15646042536,0.00824306822222,7378.36797722,2.0,
8.33971274757,0.999442547715,0.00758237448124,0.612693539153,0.252988560793,2.37790163447,1.22537037279,0.00758237448124,7479.89594308,2.0,
6.94750247527,0.999531787879,0.00879860320007,0.612741059847,0.253682175552,2.30863818244,1.18305758627,0.00879860320007,7418.87959465,2.0,
7.31258332451,0.999527084374,0.00808660731878,0.618855415598,0.254598959046,2.32728819096,1.15690135972,0.00808660731878,7731.06508888,2.0,
7.25974754877,0.999520499306,0.00801867102904,0.615181198665,0.254410252983,2.3503066543,1.17246525558,0.00801867102904,7569.79307865,2.0,
6.69191468923,0.99954663242,0.00864152337264,0.610318244093,0.253771556538,2.34736721349,1.1879820379,0.00864152337264,7379.91183481,2.0,
7.29661352743,0.999527138623,0.00754754324339,0.61648873585,0.254049558703,2.37622612047,1.17495768238,0.00754754324339,7715.06854081,2.0,
6.31906711335,0.999573014491,0.0079063604933,0.6098965156,0.254060354299,2.37883253029,1.17574918977,0.0079063604933,7399.34041155,2.0,
6.74098234861,0.999541307968,0.00766239876163,0.606345408385,0.254492473149,2.37822514899,1.20033931409,0.00766239876163,7347.74768542,2.0,
7.06798072356,0.999519700047,0.00904395223644,0.611742820788,0.253221632959,2.32115834782,1.1906339259,0.00904395223644,7357.56194773,2.0,
5.9140740934,0.999614143701,0.00745575168625,0.618228234814,0.254691674425,2.37179062488,1.12723553723,0.00745575168625,7663.22578325,2.0,
6.93903194491,0.999562798961,0.0083459764834,0.620745733616,0.255504580733,2.35835838909,1.1421212398,0.0083459764834,7935.45691945,2.0,
6.85393233723,0.999539507177,0.00799039793365,0.611124918304,0.254269300964,2.36522350551,1.18779624145,0.00799039793365,7441.63664666,2.0,
6.18071012419,0.99959519199,0.00794612262835,0.616911728845,0.254806172925,2.35792388854,1.1362649066,0.00794612262835,7633.81911918,2.0,
7.15425623674,0.999523722812,0.00779174409292,0.612244645679,0.253488817915,2.37923141873,1.1948328291,0.00779174409292,7510.29871407,2.0,
7.39350988104,0.999546178132,0.00823802556368,0.637025171704,0.254049069309,2.32474239248,1.08993345636,0.00823802556368,8145.89417577,3.0,
7.96200257167,0.999489375131,0.0085240973783,0.62911326549,0.251584123014,2.32765900297,1.15368604217,0.0085240973783,7796.36455549,3.0,
6.6023537922,0.999577559636,0.0084846708914,0.630055291649,0.253280492857,2.31525679189,1.09865936624,0.0084846708914,7814.3943074,3.0,
7.3258427645,0.999525583982,0.00876419371233,0.626897064305,0.252727131859,2.30964241295,1.14330753444,0.00876419371233,7720.74706484,3.0,
6.68589406268,0.999581629082,0.00839917257341,0.635069891093,0.253079817819,2.3104477208,1.07663439269,0.00839917257341,7990.24514348,3.0,
7.72000402035,0.999509971163,0.00867578935822,0.632064787435,0.252467650711,2.29647312195,1.1231185391,0.00867578935822,7876.92299467,3.0,
6.53662920295,0.999586183748,0.00862367918314,0.633882241815,0.253470689543,2.28767898809,1.08285676181,0.00862367918314,7897.84227172,3.0,
6.87279732144,0.999566266574,0.00850410567337,0.633310911968,0.253560590034,2.29961232109,1.08373790571,0.00850410567337,7922.67918619,3.0,
7.89558480944,0.999506190307,0.0101291286446,0.639890252493,0.252919679899,2.22993075021,1.08653572486,0.0101291286446,7994.41783184,3.0,
7.13339581313,0.999561419749,0.0095685978863,0.642854903217,0.253727202801,2.25086802803,1.05348690896,0.0095685978863,8132.22142802,3.0,
7.13225904809,0.999559324236,0.00884652571868,0.638968211605,0.253900798924,2.2888407823,1.07888690287,0.00884652571868,8092.24582364,3.0,
7.83680741292,0.999507088861,0.00803755445055,0.633617910768,0.253979747254,2.31660048255,1.11286276818,0.00803755445055,7949.32114364,3.0,
7.32959590117,0.999531485631,0.00860940468942,0.629865325238,0.252966532114,2.31607249889,1.11661469681,0.00860940468942,7821.99952725,3.0,
6.83236714346,0.999563391782,0.00864265479214,0.630108217153,0.252688851277,2.30680974095,1.1090356995,0.00864265479214,7824.19473349,3.0,
6.77217803214,0.99958843342,0.0106399611965,0.648614120192,0.255950705863,2.21118534451,1.01076290585,0.0106399611965,8227.14263387,3.0,
7.15261813538,0.999543035586,0.0101903760594,0.63920161387,0.255233093435,2.25933910917,1.06691595767,0.0101903760594,7826.0593253,3.0,
7.75807513908,0.999511094422,0.00985932635407,0.640029657344,0.254415544291,2.28141143957,1.09154763855,0.00985932635407,7933.95057388,3.0,
6.45313097224,0.999588828003,0.00996274765305,0.637146405282,0.255099497185,2.2701778587,1.06945573961,0.00996274765305,7847.09100559,3.0,
6.7568110467,0.999583431199,0.00917612225006,0.642750585238,0.25456527028,2.3107314419,1.0558669881,0.00917612225006,8109.92471916,3.0,
7.14165034605,0.999554019014,0.0091990256638,0.640439677397,0.255080499844,2.29744386026,1.06925496347,0.0091990256638,8006.5317992,3.0,
7.20805047092,0.999544640386,0.00925963957752,0.638996094034,0.254505069491,2.30407247913,1.08301356532,0.00925963957752,7914.54550083,3.0,
6.87568719319,0.99955346097,0.00929706719814,0.63207027753,0.254846698784,2.32863701257,1.09905608637,0.00929706719814,7698.78537349,3.0,
6.88353365042,0.999550135208,0.00959440755237,0.636751029858,0.254837669678,2.28869775464,1.07772549383,0.00959440755237,7650.58227186,3.0,
7.08504669555,0.999538231591,0.00978711395634,0.633111005114,0.25382679016,2.29393147936,1.10971630887,0.00978711395634,7671.57340422,3.0,
7.89131753121,0.999493400656,0.009180243489,0.635566668306,0.254075273548,2.29724890523,1.11824772442,0.009180243489,7788.43716825,3.0,
7.55164851467,0.999519261219,0.0105423291893,0.642481698891,0.254187514252,2.25182847727,1.06928758053,0.0105423291893,7854.1311255,3.0,
6.95959905657,0.999560085562,0.00976847939524,0.642243196028,0.25389640885,2.26982925149,1.06481348597,0.00976847939524,7910.11199463,3.0,
7.20483877748,0.999539832555,0.00999315480075,0.640153858343,0.25449648233,2.26353885793,1.0782739437,0.00999315480075,7828.43799799,3.0,
6.60053545136,0.999577544858,0.00949955626538,0.638890636593,0.254827750663,2.29998028919,1.06365763391,0.00949955626538,7812.1318664,3.0,
6.31571311288,0.999603647657,0.0101911499888,0.64523472886,0.254468716557,2.24284084072,1.03304301732,0.0101911499888,7967.33639034,3.0,
6.32792856525,0.999582865154,0.00964114914488,0.630983011842,0.254045201195,2.29276369237,1.09416715109,0.00964114914488,7585.0114464,3.0,
6.32271660025,0.999594612892,0.00986795192912,0.637052641516,0.254739553554,2.28365465126,1.06788263076,0.00986795192912,7798.39593073,3.0,
6.84702476819,0.999567273462,0.00834488802381,0.637300998574,0.255208950332,2.33947897382,1.07520504052,0.00834488802381,7911.51844242,3.0,
6.96618577036,0.999558818151,0.00883055505882,0.638602069613,0.254650233177,2.31791906117,1.07476386455,0.00883055505882,7894.9476236,3.0,
7.47346903964,0.999518923467,0.00784610454822,0.632016486432,0.25444015866,2.376406052,1.11712497264,0.00784610454822,7767.47763761,3.0,
6.69701116567,0.999569177845,0.0104485621687,0.636969753594,0.255104013868,2.26073598376,1.07525312049,0.0104485621687,7772.3973053,3.0,
7.44391387356,0.999504055571,0.00899659124454,0.623412527354,0.254172953308,2.34146267794,1.1657130404,0.00899659124454,7504.82438696,3.0,
7.50420397696,0.999523083606,0.00930175272593,0.633716827824,0.255383721959,2.29940312056,1.1114698988,0.00930175272593,7867.24028296,3.0,
7.19756927985,0.999555702181,0.00934632996925,0.636626674693,0.256784045102,2.28319894203,1.08690272722,0.00934632996925,8099.76586284,3.0,
7.88542326558,0.99950509835,0.00891391485652,0.632117014432,0.25623466825,2.3372780901,1.1260864502,0.00891391485652,7966.49369032,3.0,
6.7703720133,0.999557461734,0.00891610264583,0.626936189076,0.254648773076,2.34275940374,1.11919965943,0.00891610264583,7649.31147727,3.0,
7.19735811457,0.999538085858,0.0095935394518,0.63459359071,0.254142665551,2.29319835269,1.10036560103,0.0095935394518,7790.62355981,3.0,
6.69845598074,0.999561258614,0.00887316864318,0.627981791441,0.254184352389,2.33551112966,1.11875220165,0.00887316864318,7633.56353562,3.0,
8.36002327167,0.999442740311,0.00830035740818,0.621432322072,0.2532971866,2.35360756253,1.1979053564,0.00830035740818,7500.75645177,3.0,
7.87255329749,0.999509532535,0.00879475187812,0.633686753115,0.257338518754,2.33085618991,1.10483172253,0.00879475187812,8025.40319777,3.0,
6.39328880983,0.999597719644,0.00942565255954,0.636117584136,0.256368353009,2.27319740904,1.06257498904,0.00942565255954,7946.15017416,3.0,
7.35788528362,0.999521237497,0.00951563040139,0.631597812134,0.253907538248,2.30439397896,1.11975463271,0.00951563040139,7684.11906658,3.0,
6.90209831604,0.999566809114,0.00875988587098,0.632126484286,0.255931930778,2.3145369455,1.09659410216,0.00875988587098,7966.5298022,3.0,
7.7182221623,0.999501772724,0.00859763433961,0.628282858932,0.254641040227,2.35987349927,1.14069865265,0.00859763433961,7745.49015138,3.0,
6.48884544779,0.999584530576,0.0091206838889,0.633132878691,0.255491561886,2.31695818734,1.08121527793,0.0091206838889,7808.85552721,3.0,
7.19550184129,0.999523105526,0.00660760246008,0.607572672662,0.255620196478,2.44282396655,1.21032883315,0.00660760246008,7544.14957945,4.0,
7.85230728269,0.999461203881,0.00694201613022,0.605455933509,0.252727512758,2.41739844425,1.23960518375,0.00694201613022,7286.92024229,4.0,
7.26404792727,0.999505278462,0.00808062370952,0.611061060727,0.254202243892,2.33567954555,1.18866095602,0.00808062370952,7341.57244848,4.0,
6.92006403575,0.999527833872,0.00712038081876,0.605684515097,0.253253981084,2.40847678974,1.21722673787,0.00712038081876,7328.05053959,4.0,
6.94603833157,0.999546033756,0.00765744446693,0.621403287453,0.254034675277,2.34266958846,1.14229592229,0.00765744446693,7650.4331214,4.0,
7.21557124074,0.999511749172,0.00675893304129,0.610929808745,0.253651504338,2.41084977656,1.19690896554,0.00675893304129,7389.25838244,4.0,
8.68371258521,0.999408429256,0.00681899303542,0.608907107614,0.252237138757,2.42606751152,1.24932144429,0.00681899303542,7339.62045117,4.0,
7.02921933114,0.999510394843,0.00719831127155,0.607048460763,0.253182388267,2.402798395,1.21187826442,0.00719831127155,7178.49924594,4.0,
7.41626620162,0.999514959374,0.00839740154519,0.621379017794,0.253007048182,2.34452006927,1.16447987382,0.00839740154519,7644.88526816,4.0,
7.51475354306,0.999488033112,0.00693755013486,0.60945960762,0.252913996192,2.4079513027,1.21671477079,0.00693755013486,7339.00314513,4.0,
7.67041738726,0.999505154111,0.00823516011246,0.620169493631,0.253767729708,2.31367549354,1.16482102414,0.00823516011246,7750.22150591,4.0,
6.59555663796,0.999568119685,0.00869461327548,0.624854385058,0.25644510114,2.34470916484,1.12228402552,0.00869461327548,7635.82800192,4.0,
7.05657755685,0.999523772626,0.00889412692553,0.617239540394,0.254556856539,2.34328323843,1.17653393213,0.00889412692553,7408.81290721,4.0,
7.21852513857,0.999507200568,0.00823797260132,0.617108849587,0.254707750903,2.38262298065,1.18147940365,0.00823797260132,7323.95217418,4.0,
6.95843474824,0.999531974073,0.00775393719036,0.619368029017,0.256472569062,2.37510347295,1.15780956371,0.00775393719036,7433.81895793,4.0,
7.18876436419,0.999534059052,0.00724645505491,0.620991582114,0.256584342184,2.41528242811,1.15660490686,0.00724645505491,7714.23859697,4.0,
8.05577276103,0.999470327584,0.00814421503146,0.620822055558,0.254977498401,2.38849452467,1.19282530929,0.00814421503146,7604.52302245,4.0,
7.04191920729,0.999533531289,0.00819286225635,0.622602207871,0.256061218177,2.38907280797,1.14285717737,0.00819286225635,7548.14416752,4.0,
7.24892955633,0.999504852644,0.0085236610625,0.614574036156,0.254216242772,2.36848502196,1.20109699638,0.0085236610625,7319.9611003,4.0,
7.77429234263,0.999456096885,0.00841171659824,0.608228716051,0.252333910066,2.38340129839,1.24339866893,0.00841171659824,7146.82435824,4.0,
6.69835112292,0.999558064925,0.00964085683922,0.624605760431,0.255630427345,2.30329970329,1.1236800358,0.00964085683922,7578.52206098,4.0,
6.67941268992,0.999568957016,0.00895338681833,0.628533296422,0.256042722976,2.32257976344,1.1157671364,0.00895338681833,7748.01068416,4.0,
6.65092084008,0.999567761419,0.00887883172325,0.627031176693,0.255706430746,2.33225825258,1.12011849416,0.00887883172325,7693.61224823,4.0,
6.47618012157,0.999557243284,0.00898965583427,0.615719226998,0.253672198023,2.36411132041,1.17391417798,0.00898965583427,7313.50994423,4.0,
7.74172601764,0.99946637035,0.00814077729083,0.61208550035,0.253052224208,2.38975770666,1.23113706946,0.00814077729083,7253.8673027,4.0,
7.98543104536,0.999472247816,0.00896392869776,0.620757670586,0.25340391344,2.29786034644,1.17745325008,0.00896392869776,7565.58246456,4.0,
7.89831159587,0.999498227464,0.00784119632515,0.631415911337,0.252347953991,2.34125564425,1.13366134018,0.00784119632515,7870.49987452,4.0,
7.75826552608,0.999485126742,0.00773595854848,0.618743401209,0.252517859789,2.36324101795,1.18726591217,0.00773595854848,7534.24140251,4.0,
7.98059478059,0.999470612786,0.00790951883765,0.622541554709,0.252446750019,2.36371347844,1.17447881558,0.00790951883765,7537.66984036,4.0,
7.82829967494,0.999504465124,0.00871441085973,0.634204136264,0.251764881013,2.31377547862,1.12056305265,0.00871441085973,7898.90447267,4.0,
7.74533249834,0.999504592389,0.00824836653898,0.630094583763,0.253020250339,2.31245141066,1.12824859904,0.00824836653898,7817.07642396,4.0,
6.88026203823,0.999574886623,0.00930165538446,0.641394334489,0.254553931722,2.25038416322,1.04450900207,0.00930165538446,8092.22237423,4.0,
7.86296122339,0.999481119183,0.00763865765102,0.618107227131,0.253054984553,2.35309318155,1.18702986128,0.00763865765102,7576.84634042,4.0,
8.43899377087,0.999460324387,0.00792662578439,0.629784862742,0.252053543357,2.33393015204,1.14909235171,0.00792662578439,7818.5902614,4.0,
8.0381561647,0.99950432272,0.0091841745801,0.638527650534,0.253827792397,2.29382249499,1.10396918243,0.0091841745801,8108.36902514,4.0,
6.87092292757,0.999556147402,0.00763536308997,0.626081189026,0.252899298963,2.35481508975,1.12806860117,0.00763536308997,7740.18696243,4.0,
7.00786868516,0.999540761983,0.00824020409271,0.62007153201,0.253121679999,2.32664652165,1.1503690077,0.00824020409271,7629.95479824,4.0,
7.97338133599,0.999489876011,0.00770873924987,0.626469940321,0.252445614985,2.35339182768,1.1507558219,0.00770873924987,7815.20132823,4.0,
7.11093111325,0.999533543074,0.00755352759237,0.62044380879,0.252750737478,2.36614332833,1.15268868488,0.00755352759237,7622.35520819,4.0,
9.09637568864,0.999418215607,0.00818182367413,0.629270106095,0.251468442732,2.33473927315,1.18227743445,0.00818182367413,7817.715265,4.0,
7.86231250625,0.999502122779,0.00827996077162,0.632025593,0.252049679884,2.31465039966,1.1310529416,0.00827996077162,7895.93135349,4.0,
7.20631451836,0.999546059223,0.00806153432013,0.635770499534,0.251351158471,2.33378648239,1.10077053582,0.00806153432013,7937.62753568,4.0,
8.57046590212,0.999453813573,0.00836544534829,0.631421214018,0.25164749929,2.31805948676,1.14672966834,0.00836544534829,7845.83920178,4.0,
7.17833487721,0.999528340365,0.00854171355076,0.620173976442,0.252780237776,2.3161506398,1.16523538164,0.00854171355076,7609.72714403,4.0,
7.77303574009,0.999518825456,0.00847014821019,0.636068788264,0.253937235,2.30859869797,1.1022921822,0.00847014821019,8077.21322507,4.0,
7.35035581591,0.999535491505,0.00866142357902,0.632163270808,0.253079723245,2.28389518443,1.09907154927,0.00866142357902,7912.05776197,4.0,
7.89821906006,0.999497791182,0.00822757162126,0.631703432153,0.251972010446,2.3246692352,1.13377996964,0.00822757162126,7863.34943673,4.0,
7.7943320243,0.99949443937,0.00821706226242,0.623268813794,0.252550235808,2.32324276129,1.16725667309,0.00821706226242,7708.67072505,4.0,
8.06404589776,0.999476229853,0.00762566374991,0.623907894095,0.251519502391,2.3719735513,1.18018051974,0.00762566374991,7698.14473626,4.0,
6.83445705154,0.999565853176,0.0082007968209,0.630387041023,0.25294843202,2.30955820547,1.10249875693,0.0082007968209,7871.20291769,4.0,
7.54260658169,0.999480923431,0.00602210796467,0.6052450298,0.254898848663,2.46732827013,1.23240768526,0.00602210796467,7265.38760617,5.0,
7.49554644211,0.999494497025,0.00792228560937,0.618088024577,0.253236157422,2.34999230997,1.1707133569,0.00792228560937,7413.95557089,5.0,
7.53553423608,0.999511865649,0.00831554761845,0.633365448746,0.252184469395,2.3134267192,1.11496693113,0.00831554761845,7718.75099166,5.0,
6.82663717118,0.999530203806,0.00727067851242,0.617426636788,0.253378575814,2.39184372063,1.16437453279,0.00727067851242,7265.56420693,5.0,
7.73152871582,0.999490558618,0.0076098632902,0.629253915031,0.251806472662,2.35815177026,1.13704288395,0.0076098632902,7588.26388853,5.0,
7.17067590768,0.999509566277,0.00765603962226,0.607636958408,0.252207316529,2.40151726055,1.22575428769,0.00765603962226,7310.56152183,5.0,
6.84821661982,0.999538932545,0.00791104070611,0.611713933129,0.25402986886,2.38425555187,1.19828854648,0.00791104070611,7426.50263089,5.0,
6.83375348942,0.999556996338,0.00788612167277,0.620400074303,0.254179790833,2.39605870721,1.16358785756,0.00788612167277,7713.05164018,5.0,
6.60380029853,0.999543792716,0.00792143001947,0.60398349923,0.253079857425,2.3949554548,1.22320894877,0.00792143001947,7237.7924621,5.0,
7.09796933416,0.999541347036,0.00786425767283,0.622623013867,0.255662137905,2.37578617578,1.14184242431,0.00786425767283,7737.92532456,5.0,
6.98872174456,0.999533302589,0.0082320641194,0.616838759131,0.25410738057,2.3714280504,1.18390804598,0.0082320641194,7487.4456838,5.0,
7.04396876687,0.999555400789,0.00860160359692,0.625938214024,0.257285813687,2.30976352564,1.11707012765,0.00860160359692,7921.72875362,5.0,
6.88923777066,0.999533722059,0.00759803369683,0.611276493596,0.25353122433,2.40331102325,1.20079257046,0.00759803369683,7387.52117443,5.0,
7.03544508277,0.999529175933,0.0081192256423,0.61607739084,0.254001361504,2.36261317603,1.17987971794,0.0081192256423,7471.43641734,5.0,
7.61052907775,0.999479011583,0.00742787369682,0.60607059712,0.253679298639,2.41097351542,1.24608534846,0.00742787369682,7303.94781225,5.0,
7.4208850193,0.999499349623,0.00767687847778,0.609769686669,0.253064845633,2.4185302031,1.22721021673,0.00767687847778,7411.29939461,5.0,
6.71345137327,0.999549832409,0.00772493140425,0.613412693384,0.253302601794,2.39916818888,1.19027272213,0.00772493140425,7456.65540054,5.0,
6.76770490401,0.999553570839,0.00761700355093,0.616752444403,0.256121585933,2.3701758227,1.1623336711,0.00761700355093,7579.84440086,5.0,
7.05762468537,0.999527381455,0.00732816516158,0.613373413529,0.253434604351,2.4308124132,1.19993896985,0.00732816516158,7466.56352511,5.0,
7.71551639575,0.99949485017,0.00707338610626,0.618181565959,0.255139241174,2.4174953073,1.18630044712,0.00707338610626,7636.90452674,5.0,
6.62750686287,0.999560272826,0.00742882178556,0.615515525686,0.254289047336,2.4121587295,1.17541746216,0.00742882178556,7536.0104019,5.0,
6.98392510349,0.999521987977,0.00739249375466,0.608157252324,0.253707536428,2.40825473102,1.21963194423,0.00739249375466,7305.15467716,5.0,
7.15274812041,0.999534776273,0.00786718211659,0.62239855238,0.255637192495,2.37069359568,1.1504765232,0.00786718211659,7687.43518682,5.0,
6.97849327533,0.999521642864,0.00691393578581,0.608174855928,0.252610172575,2.45254307519,1.22984954111,0.00691393578581,7294.29770421,5.0,
7.66772249306,0.999485455568,0.00686994737136,0.62162012541,0.254797416581,2.42423477854,1.17093853544,0.00686994737136,7450.94314076,5.0,
6.80388230024,0.999535857332,0.0078608303603,0.615271623456,0.253603811849,2.41982238643,1.18210009428,0.0078608303603,7329.48591073,5.0,
6.32671134479,0.999555933346,0.00876948757735,0.614830599171,0.251790633616,2.36649674946,1.17657089814,0.00876948757735,7123.53302902,5.0,
6.60113367245,0.999579883354,0.00921557883513,0.632463315555,0.255888136128,2.33765247982,1.09016974886,0.00921557883513,7856.26004379,5.0,
6.66723782767,0.999545304046,0.00803564730359,0.620314925544,0.252808754683,2.39357843769,1.16237015389,0.00803564730359,7331.32054511,5.0,
6.50731491991,0.999558091169,0.00873642408182,0.622461513069,0.252872369921,2.35351003415,1.14749363242,0.00873642408182,7362.67794111,5.0,
7.65143014947,0.999503377492,0.00878540434261,0.62979266735,0.255034715779,2.35333608188,1.13034623858,0.00878540434261,7703.41474447,5.0,
6.95477052326,0.999526102912,0.0083159222664,0.620929222959,0.252859478847,2.38070138955,1.16551830445,0.0083159222664,7337.79690589,5.0,
6.79999362155,0.999505706127,0.00767109345075,0.595601293952,0.251100492286,2.42705338526,1.27741029221,0.00767109345075,6878.43622444,5.0,
6.8945768214,0.999528784916,0.00903832217723,0.6200906933,0.252316890955,2.33964272746,1.17236402188,0.00903832217723,7315.67474293,5.0,
6.75970188488,0.999524679742,0.00860460190597,0.612493741027,0.250881770332,2.38072044245,1.20422702635,0.00860460190597,7110.55528961,5.0,
7.25017649455,0.999509313265,0.00711510517378,0.610861423821,0.253792086154,2.40665586357,1.19590846734,0.00711510517378,7387.72125886,5.0,
6.96320940299,0.999522345503,0.00781746073454,0.603434965007,0.254033502333,2.38018175331,1.21509527323,0.00781746073454,7288.90105591,5.0,
6.49968615138,0.999558504288,0.00686166647557,0.608592374156,0.254507974648,2.44212735293,1.18193266002,0.00686166647557,7360.93476968,5.0,
7.05969671447,0.999503228872,0.00714157885594,0.595710747325,0.252981206523,2.4117087739,1.26255503223,0.00714157885594,7105.53503853,5.0,
7.58964111084,0.999492882267,0.00800225205897,0.612586686438,0.253846380528,2.3716678591,1.1981203874,0.00800225205897,7483.07081825,5.0,
7.15148813536,0.999515603813,0.00843193615955,0.607756331516,0.254551372025,2.33819341724,1.1987833594,0.00843193615955,7381.80107095,5.0,
6.9703399761,0.999521143888,0.00717481017543,0.605107675348,0.253585181135,2.4157572089,1.21182124497,0.00717481017543,7278.05772137,5.0,
6.82918951673,0.999531346514,0.00750235758218,0.606758253869,0.253921237986,2.39478923691,1.20230261966,0.00750235758218,7285.89861623,5.0,
6.65822078031,0.999562140301,0.00740099344282,0.616746592559,0.255995848933,2.42145200985,1.15845876406,0.00740099344282,7603.10100465,5.0,
6.40108863675,0.999563222409,0.0083358002604,0.619617098796,0.254653074573,2.38454451606,1.15376770563,0.0083358002604,7327.59707723,5.0,
7.15569549483,0.99951865571,0.00821424099978,0.621421709207,0.255642279939,2.37072079943,1.15915000418,0.00821424099978,7433.01701504,5.0,
7.26256493816,0.999512032056,0.00761074985995,0.61564955104,0.25335248349,2.36297881027,1.18114695122,0.00761074985995,7441.562979,5.0,
7.29878316612,0.999535945035,0.00916528438167,0.637599838077,0.25429788881,2.30114567953,1.08964497656,0.00916528438167,7864.11882414,5.0,
6.98359482553,0.999552116756,0.00971246292999,0.634918298743,0.254332390566,2.27754579802,1.08739729853,0.00971246292999,7796.21788862,5.0,
7.46829935602,0.999481836023,0.00854873517155,0.609774943287,0.252376357413,2.37161262601,1.22580140123,0.00854873517155,7206.51499645,5.0,
7.78840852412,0.999450461869,0.00786898164983,0.607699279879,0.251403351567,2.5067330772,1.25034296237,0.00786898164983,7086.20901108,6.0,
6.87625593812,0.999550476621,0.00743548170385,0.621212303401,0.258067352853,2.37863887899,1.13394909515,0.00743548170385,7648.30222367,6.0,
8.29283985409,0.999466961967,0.00819977665289,0.626872092518,0.258054215669,2.35889625615,1.14481154344,0.00819977665289,7778.76404208,6.0,
7.19691331448,0.999533761173,0.00820232535594,0.624322605247,0.256122293066,2.36894094683,1.14120917008,0.00820232535594,7717.96031513,6.0,
7.5291412918,0.99950271169,0.00924577149463,0.627791687868,0.254372080866,2.34290140774,1.15192858651,0.00924577149463,7570.10978423,6.0,
6.70916138391,0.99955888231,0.00804847066796,0.627890578018,0.256255342608,2.37392093714,1.1171819921,0.00804847066796,7604.61605623,6.0,
7.87265235672,0.999490190554,0.00915701886192,0.631406841349,0.256460277853,2.32124536749,1.12806811796,0.00915701886192,7721.09457372,6.0,
7.07030499128,0.999558433217,0.00870877527866,0.633150265936,0.258309310885,2.32143748317,1.08461059335,0.00870877527866,8005.87293794,6.0,
7.32014250999,0.999522121087,0.0093729681311,0.632974072274,0.25632957836,2.30062770352,1.1077097555,0.0093729681311,7658.93532684,6.0,
8.01323334633,0.999486110827,0.00892459908767,0.631086059045,0.255676944296,2.34667608384,1.14862218279,0.00892459908767,7796.58031225,6.0,
6.61282459413,0.999565360868,0.00926363474313,0.632989385289,0.256411655078,2.31478758088,1.09308837194,0.00926363474313,7607.18132626,6.0,
6.8574859058,0.999551356445,0.00822976420952,0.627838444318,0.256763172133,2.36268996306,1.11666253517,0.00822976420952,7642.40540969,6.0,
6.93394416635,0.999533139282,0.00848349960221,0.626855391532,0.25573591018,2.35847180746,1.12955908013,0.00848349960221,7426.07788206,6.0,
7.07420599197,0.999534354919,0.00922528344289,0.633677935348,0.256741721839,2.3025394695,1.09365542562,0.00922528344289,7596.07175502,6.0,
6.16326023729,0.999613637971,0.00910797626303,0.63663875441,0.258320420607,2.29608762346,1.04864726169,0.00910797626303,7975.94624997,6.0,
7.20783616474,0.999526557911,0.00846765450829,0.628027105306,0.256499347059,2.3543709967,1.12637903733,0.00846765450829,7612.07369015,6.0,
8.18606729552,0.999454779169,0.00818263835014,0.62309390043,0.254464826126,2.37860132157,1.19154792848,0.00818263835014,7507.0438355,6.0,
7.9618131511,0.999489381632,0.00786386336544,0.628457182216,0.256826265303,2.36932723799,1.14247205443,0.00786386336544,7796.17084778,6.0,
7.67462595477,0.999506345378,0.00860113772513,0.629755639207,0.25685839864,2.34430579782,1.12754310405,0.00860113772513,7773.20025057,6.0,
6.37749393685,0.999563346034,0.00841681947261,0.622733860099,0.255076847458,2.38033870447,1.14235680747,0.00841681947261,7302.62022777,6.0,
8.2632631849,0.999467479613,0.00912886980587,0.631234580635,0.255827965866,2.32026354819,1.1476001815,0.00912886980587,7758.57966713,6.0,
8.76386647976,0.999441259704,0.00805573631134,0.62773172984,0.256730786461,2.35879030359,1.16787833014,0.00805573631134,7842.46060501,6.0,
6.1976014137,0.999587917109,0.00821129866929,0.627013065721,0.25561042761,2.37159703333,1.11122515003,0.00821129866929,7519.79128696,6.0,
7.35024250182,0.999511861273,0.00916926008153,0.62799641341,0.255934723526,2.31677369864,1.13212084839,0.00916926008153,7528.81112122,6.0,
8.08991533577,0.999489786666,0.00937932286238,0.631897607091,0.256192317219,2.31605391891,1.13716803682,0.00937932286238,7927.88566187,6.0,
6.47189375632,0.999578864292,0.00929943693228,0.63127767744,0.256748185585,2.30836708261,1.08744247921,0.00929943693228,7683.76982245,6.0,
7.1802991492,0.999539691231,0.00927538336892,0.632021204749,0.257036435343,2.31618053135,1.10394526325,0.00927538336892,7799.36042264,6.0,
6.54923461042,0.999584189721,0.00942438219154,0.633609555932,0.257298943191,2.30668492586,1.08318993906,0.00942438219154,7875.18841143,6.0,
7.91217650518,0.999488992894,0.00885640656635,0.62694208773,0.255508416924,2.36862571648,1.15347753458,0.00885640656635,7741.67208033,6.0,
7.27762339035,0.99952098481,0.00869578827927,0.627741491892,0.255875670104,2.35397231961,1.13459684586,0.00869578827927,7596.34580573,6.0,
6.84206987396,0.999558558035,0.00862266072656,0.631007313031,0.256693394606,2.3420887606,1.10002783323,0.00862266072656,7749.61792592,6.0,
7.3717555083,0.999543210382,0.00879930321762,0.633652128523,0.257091596432,2.31769135197,1.10759740784,0.00879930321762,8069.04306233,6.0,
6.96021177413,0.999568069251,0.00904826572877,0.630921174804,0.259797577206,2.27942516187,1.08087267797,0.00904826572877,8057.0446799,6.0,
6.13009544961,0.999610944552,0.00844892176326,0.632302252616,0.257173206818,2.35538133774,1.07458314186,0.00844892176326,7878.12283822,6.0,
6.36897484331,0.999575156962,0.00949798608688,0.62888920354,0.256344556789,2.29025775562,1.10520573152,0.00949798608688,7495.62502167,6.0,
6.49875934358,0.999575891156,0.00997248760719,0.632338235465,0.256252150629,2.30354776542,1.09102673198,0.00997248760719,7661.60361542,6.0,
7.53604161261,0.999524496744,0.00915157191235,0.632516339607,0.25684665657,2.32059912061,1.11489396555,0.00915157191235,7924.21711447,6.0,
6.47877354046,0.999572435608,0.00838645381052,0.628191690139,0.256978346643,2.36171420171,1.10411752967,0.00838645381052,7576.27984897,6.0,
7.23143231428,0.999529818919,0.00848521651634,0.629995953037,0.257731937682,2.34426574477,1.10412961006,0.00848521651634,7689.91027271,6.0,
7.62549571895,0.999498322575,0.0088552410366,0.628626357146,0.255229849806,2.36717007656,1.15018441929,0.0088552410366,7599.84969502,6.0,
7.2818302666,0.999507892076,0.00914040050615,0.625714353045,0.254697283903,2.35659705526,1.15224001906,0.00914040050615,7398.48500045,6.0,
7.78960907363,0.99950193725,0.00891031630806,0.63168871143,0.256357351109,2.31995762881,1.13158906947,0.00891031630806,7819.77454368,6.0,
7.71972834577,0.999489352705,0.00880330003125,0.6276992059,0.256583074218,2.35033953941,1.1375756293,0.00880330003125,7558.64796603,6.0,
7.79692737606,0.999490612676,0.00920739226974,0.630101180785,0.256824838519,2.32799203474,1.13233177206,0.00920739226974,7653.10482747,6.0,
6.76127209444,0.999561312008,0.00860889655027,0.630599284676,0.256916534832,2.34095226131,1.1023842348,0.00860889655027,7706.10848487,6.0,
6.98993606573,0.999552111682,0.0088419711017,0.630498792921,0.256685601773,2.35278054351,1.11541269765,0.0088419711017,7803.11411298,6.0,
5.70337874112,0.99961747391,0.00910147070115,0.627589548095,0.255806938123,2.34851044157,1.09662551118,0.00910147070115,7454.77803669,6.0,
7.01150536684,0.999541392517,0.00931968224766,0.629975766093,0.256142805422,2.33600952948,1.11464535105,0.00931968224766,7644.26292282,6.0,
5.93888722179,0.999627470928,0.00892874461011,0.635040254576,0.257845520741,2.32658597132,1.0502375247,0.00892874461011,7970.9870808,6.0,
7.25656122416,0.999519523086,0.00918081842382,0.627338216612,0.255017410704,2.34951743648,1.14226910381,0.00918081842382,7551.36701142,6.0,
6.51023233496,0.999570931548,0.00935911085996,0.632521196154,0.252927045049,2.31424178538,1.10685011469,0.00935911085996,7586.27900366,7.0,
7.10843482072,0.999543613145,0.00779727794417,0.629512073975,0.256795897627,2.35355763036,1.11913756621,0.00779727794417,7787.53983392,7.0,
7.93744941335,0.999474698692,0.00770072871389,0.624363392483,0.25466172195,2.35533084639,1.16703149455,0.00770072871389,7554.97336843,7.0,
9.31437122276,0.999385464029,0.00793559546685,0.624303384532,0.254715526838,2.36612925943,1.20132386617,0.00793559546685,7578.21418473,7.0,
7.87512231398,0.999483527366,0.00845734521988,0.630454640229,0.255061722061,2.34485669926,1.1436346715,0.00845734521988,7623.80074524,7.0,
7.19602854645,0.999525521426,0.00806926481117,0.627860804886,0.255486033092,2.36765717823,1.1330326765,0.00806926481117,7582.94728954,7.0,
7.79330301638,0.999492425042,0.0086172790693,0.631741483916,0.256502953763,2.32607476751,1.12051110696,0.0086172790693,7676.81915766,7.0,
7.97300998469,0.999484852449,0.00715406060817,0.617040418333,0.257876697634,2.38161783636,1.17934793901,0.00715406060817,7738.39811696,7.0,
6.7902587572,0.999558483124,0.00863672252885,0.632159450645,0.256627376547,2.33161987713,1.09239229967,0.00863672252885,7689.51782163,7.0,
6.90992810233,0.99954887314,0.0080777334618,0.627990933219,0.256128129683,2.32376177251,1.11246604805,0.0080777334618,7658.35456805,7.0,
6.61328558195,0.999578009263,0.00795653384973,0.627289832767,0.256225656497,2.37195853959,1.11529600105,0.00795653384973,7835.64501603,7.0,
5.91639981077,0.999606471989,0.00859590347306,0.632915360176,0.256488167273,2.33667856928,1.07070799321,0.00859590347306,7516.96687014,7.0,
7.81434802841,0.99949532469,0.00674814722788,0.61916493337,0.258319640792,2.40107645649,1.16113263837,0.00674814722788,7741.79798656,7.0,
6.73661021257,0.999555967481,0.00749525503596,0.62474356199,0.257859863865,2.3702434883,1.12308664686,0.00749525503596,7585.5448418,7.0,
7.3887849975,0.999516508293,0.00729015571843,0.622049798986,0.258337056157,2.36822616581,1.14370715386,0.00729015571843,7640.904415,7.0,
7.61069772004,0.999506055368,0.00834958048449,0.627268260189,0.256354652707,2.36546672181,1.13646640757,0.00834958048449,7703.81499256,7.0,
6.66375311735,0.99955415853,0.00818193406998,0.627089483271,0.255650729076,2.35967633531,1.11803825039,0.00818193406998,7473.06347297,7.0,
7.58368064465,0.999503449023,0.00683645200011,0.617440398768,0.257821498224,2.4004219555,1.17150969645,0.00683645200011,7636.17609059,7.0,
6.87505393896,0.99954396631,0.00705723839812,0.620423737136,0.257425456729,2.40577247408,1.14455688875,0.00705723839812,7537.69511931,7.0,
7.4837564612,0.999513185507,0.00831071746221,0.629101443804,0.256182403,2.35195156405,1.1363291743,0.00831071746221,7686.27202808,7.0,
8.16677877272,0.99945758898,0.00774332283461,0.622889006412,0.255249278243,2.38109879672,1.17765789195,0.00774332283461,7528.05237514,7.0,
7.32799597385,0.99951740065,0.00772992663829,0.62364570124,0.255735000632,2.35750730634,1.14472335657,0.00772992663829,7592.0551916,7.0,
7.17293083395,0.999531137402,0.00805071864462,0.626499826166,0.258011958164,2.35219633338,1.11803510949,0.00805071864462,7649.13440948,7.0,
7.16961090019,0.999509689798,0.00769969938578,0.617221373949,0.255137996828,2.39918156677,1.18035955117,0.00769969938578,7311.14787811,7.0,
6.43866107683,0.999577150894,0.00778007253167,0.625649140339,0.258597334749,2.3447219915,1.10391675352,0.00778007253167,7613.27580553,7.0,
6.3972103472,0.999561916095,0.00718975217206,0.614456063446,0.255349270076,2.39260437579,1.16800662392,0.00718975217206,7301.17905431,7.0,
6.91988935326,0.999547915505,0.00798117568447,0.625617456857,0.258177821645,2.35145898547,1.11838326643,0.00798117568447,7653.14578303,7.0,
7.64287626439,0.999480421581,0.00864003261188,0.620825321225,0.255630073019,2.34346892309,1.1732731923,0.00864003261188,7354.72537088,7.0,
8.29168593489,0.999453070264,0.00684347414417,0.618044779802,0.256834754565,2.42201677593,1.2007292692,0.00684347414417,7580.0463256,7.0,
7.62141665326,0.999489360356,0.00898429968743,0.621018186494,0.255694667783,2.32146404923,1.17962506324,0.00898429968743,7462.45636261,7.0,
7.23360630191,0.999511756353,0.00691406683801,0.616260441,0.256720042056,2.42087019136,1.17478928169,0.00691406683801,7407.6303195,7.0,
6.47257315766,0.999555355134,0.00839567614179,0.620147959845,0.255995148137,2.35357912485,1.14785314494,0.00839567614179,7278.21126914,7.0,
7.61641947765,0.999496928776,0.00743611385116,0.616738844256,0.255118643621,2.37716564792,1.19393912158,0.00743611385116,7569.77126922,7.0,
8.05121845266,0.999496001433,0.00785666533686,0.623879721553,0.25805323486,2.36402387101,1.15460101118,0.00785666533686,7987.21937188,7.0,
7.00951475958,0.999536516926,0.00933633121926,0.631648035459,0.253410213323,2.31508570006,1.1186615987,0.00933633121926,7561.66122556,7.0,
7.29197707238,0.999531058194,0.00821336943528,0.629920099483,0.257178682043,2.33178978487,1.10920603305,0.00821336943528,7774.78964793,7.0,
7.14890051506,0.999526643324,0.00774998180105,0.622380723844,0.255760498806,2.37973176496,1.14815684603,0.00774998180105,7551.16176565,7.0,
7.76136752954,0.999480773336,0.00841624529303,0.625184820995,0.255403691262,2.33811896674,1.1550559588,0.00841624529303,7473.8438757,7.0,
8.42562464091,0.999450525377,0.00749724382099,0.617380801836,0.257256394404,2.38280921187,1.19495435786,0.00749724382099,7666.87601579,7.0,
6.03377581399,0.999592474391,0.00729952108778,0.618319161491,0.257415570546,2.39395801961,1.1347239316,0.00729952108778,7402.80077224,7.0,
7.60740146385,0.999499306694,0.00749372629124,0.620473168611,0.25685087088,2.38738491818,1.16786939065,0.00749372629124,7596.6972779,7.0,
6.33950158229,0.999586320217,0.00778465304411,0.625131189561,0.258131846855,2.35782456156,1.10750970418,0.00778465304411,7662.10895321,7.0,
7.1180752164,0.99952419174,0.00694374192508,0.620174554388,0.257387538662,2.39993697788,1.15661505439,0.00694374192508,7479.80418357,7.0,
7.5266826901,0.999503642545,0.00749438912244,0.62250361629,0.257666908854,2.38379756697,1.1526065382,0.00749438912244,7581.7475887,7.0,
7.60027282361,0.999456043125,0.00620331184006,0.602814729188,0.252486923587,2.47154943917,1.2655130374,0.00620331184006,6985.87355463,7.0,
7.22592220516,0.999523474004,0.00747347607696,0.626163224779,0.256293183861,2.38852841002,1.12946461145,0.00747347607696,7581.7080916,7.0,
7.32867392553,0.999505423647,0.00830116068858,0.625322444873,0.255760394264,2.35251397141,1.14377142156,0.00830116068858,7408.87008812,7.0,
8.34906587149,0.99943939345,0.00799993300615,0.62282834093,0.254842507813,2.36017717469,1.18280873016,0.00799993300615,7446.36389646,7.0,
7.2092345911,0.999522159018,0.00796412320113,0.627140596617,0.255975690003,2.34723509378,1.13109667262,0.00796412320113,7543.4034928,7.0,
7.35396108857,0.999528469181,0.00773711122804,0.626462339245,0.25792528212,2.34800822412,1.12112213326,0.00773711122804,7797.89021897,7.0,
