1887.05595238,0.896387476787,0.223572845805,0.662548790283,0.0875286206913,1.59516414161,11.85,0.223572845805,9106.31212266,1.0,
1843.62321429,0.900537414331,0.243271683673,0.688303525193,0.0919600193551,1.50384240791,11.2470238095,0.243271683673,9267.62099747,1.0,
1720.5375,0.911293185124,0.236909722222,0.694950461845,0.0920477100165,1.52428411109,10.3077380952,0.236909722222,9701.58678864,1.0,
1639.5875,0.91152212216,0.250998441043,0.705403144644,0.0879172308229,1.4725328624,9.91845238095,0.250998441043,9268.11113636,1.0,
1633.76904762,0.914834573838,0.243389314059,0.697485702528,0.0894954096011,1.48556381808,9.95238095238,0.243389314059,9588.64296769,1.0,
1483.68869048,0.920050996521,0.241645408163,0.69152764845,0.0933534703595,1.49129466084,9.46964285714,0.241645408163,9280.74233073,1.0,
1705.49583333,0.907619057413,0.25029053288,0.693735412804,0.0947149003032,1.48287407882,10.6196428571,0.25029053288,9227.17931167,1.0,
1795.61547619,0.904613136351,0.241130243764,0.691801194843,0.100964555431,1.48067883352,10.9083333333,0.241130243764,9412.27862776,1.0,
1631.64404762,0.912468854097,0.243880385488,0.663987912601,0.0786427184089,1.57677775809,10.480952381,0.243880385488,9322.37362776,1.0,
1500.2797619,0.914051947261,0.241898384354,0.674470156171,0.0879281134093,1.53932923965,9.95714285714,0.241898384354,8726.82032313,1.0,
1442.39583333,0.920730587338,0.250760345805,0.676700313044,0.087935123774,1.50502531064,9.45297619048,0.250760345805,9098.62345424,1.0,
1601.92916667,0.91338763958,0.23127196712,0.66901982308,0.085680860132,1.59418555722,10.368452381,0.23127196712,9239.96657357,1.0,
1506.87738095,0.912576206605,0.238985969388,0.67930394519,0.0872922380216,1.54382523263,9.9869047619,0.238985969388,8618.23379216,1.0,
1559.08690476,0.911153354713,0.231468253968,0.665849981515,0.0931159784696,1.57414648069,10.5166666667,0.231468253968,8775.17050914,1.0,
1401.43690476,0.921602556118,0.229120606576,0.663199315596,0.0882913428317,1.59690699201,9.47023809524,0.229120606576,8940.0505878,1.0,
1869.23928571,0.897597687664,0.234836309524,0.661948182844,0.0791236698881,1.57222782202,11.7916666667,0.234836309524,9130.18499894,1.0,
1592.00952381,0.914186538634,0.23435728458,0.68425168416,0.0904387165525,1.56136337372,10.0547619048,0.23435728458,9274.85710353,1.0,
1544.9672619,0.917619024811,0.23868622449,0.662107614165,0.0828148896807,1.58563729178,10.0244047619,0.23868622449,9370.05666853,1.0,
1893.74642857,0.897723756221,0.219662698413,0.66349855583,0.092411860601,1.60691927822,11.769047619,0.219662698413,9257.9975496,1.0,
1753.675,0.905183081901,0.23037627551,0.674427039648,0.0918982882882,1.56495870548,11.0535714286,0.23037627551,9246.84829932,1.0,
1616.51488095,0.911413367414,0.229835600907,0.682908350546,0.0995741090346,1.55770756742,10.1077380952,0.229835600907,9123.55473471,1.0,
1494.05595238,0.91777261513,0.22598143424,0.677065001912,0.0923031414667,1.56525158641,9.58095238095,0.22598143424,9071.59619437,1.0,
1653.79404762,0.912984922397,0.244679705215,0.682013273355,0.0915921487692,1.53335982434,10.1226190476,0.244679705215,9502.91658163,1.0,
1789.03571429,0.900363774627,0.224915674603,0.673801682127,0.0931311205768,1.55495994191,11.0797619048,0.224915674603,8979.09603883,1.0,
1933.11369048,0.894429378069,0.234366496599,0.677644421964,0.0930218280096,1.556880477,11.8398809524,0.234366496599,9155.22111403,1.0,
1785.59285714,0.902941586267,0.236483134921,0.668781401663,0.0835108555081,1.58071106587,11.2738095238,0.236483134921,9194.70094246,1.0,
1922.54761905,0.89546115155,0.222380952381,0.656425997613,0.0923329265079,1.60014844161,12.2321428571,0.222380952381,9195.37400475,1.0,
1650.91785714,0.906012881575,0.230307539683,0.674177785984,0.0924971779453,1.58156015644,10.8285714286,0.230307539683,8782.68152494,1.0,
1682.64821429,0.90347952985,0.221057256236,0.654656206019,0.0851125138406,1.64293290248,11.3041666667,0.221057256236,8717.33752099,1.0,
1542.22202381,0.914941579372,0.23420989229,0.661190712476,0.0810707169002,1.58041713895,10.2779761905,0.23420989229,9065.31836637,1.0,
1744.16607143,0.900434942526,0.230175736961,0.667942969141,0.0916899122422,1.60480974045,11.2494047619,0.230175736961,8762.13683222,1.0,
1682.94345238,0.903942325929,0.222677862812,0.671751034347,0.0978110081247,1.57152769607,10.7041666667,0.222677862812,8765.95177695,1.0,
1449.14166667,0.920556873455,0.225304705215,0.668058732057,0.0975165475308,1.57302670427,9.48571428571,0.225304705215,9126.41241497,1.0,
1629.17380952,0.907891648067,0.245193452381,0.673129619751,0.0877570996632,1.55300941801,10.5392857143,0.245193452381,8850.14688244,1.0,
1284.38869048,0.927662512218,0.247289540816,0.68433561927,0.0915219871034,1.49793328157,8.66130952381,0.247289540816,8876.51001036,1.0,
1450.13571429,0.918476890413,0.247694160998,0.681808689244,0.084295171582,1.52553200066,9.52738095238,0.247694160998,8897.83518849,1.0,
1659.2797619,0.912967148773,0.239423894558,0.680202773596,0.0919645098589,1.55574138708,10.3142857143,0.239423894558,9536.52024093,1.0,
1592.85119048,0.911162881881,0.237025226757,0.667291942646,0.0827848741529,1.57863971555,10.3023809524,0.237025226757,8969.8955102,1.0,
1531.94761905,0.91512044551,0.240832624717,0.65921733073,0.0762855777733,1.62006290439,10.1476190476,0.240832624717,9025.41101757,1.0,
1519.4672619,0.913858004108,0.230755385488,0.662338011173,0.0912648992688,1.59842217017,10.2720238095,0.230755385488,8815.0846968,1.0,
1542.92380952,0.915497513032,0.215868055556,0.648494337619,0.0828351251168,1.60878311512,10.4154761905,0.215868055556,9123.67263322,1.0,
1543.17857143,0.915678733914,0.234011479592,0.679569806312,0.0902038739864,1.54486659083,9.95238095238,0.234011479592,9147.72974348,1.0,
1704.57738095,0.905832280162,0.23310303288,0.670914055081,0.0913086887002,1.57586890309,10.980952381,0.23310303288,9050.7521255,1.0,
1654.73690476,0.90694880741,0.241796343537,0.673335541204,0.0870220844868,1.55235423448,10.7726190476,0.241796343537,8887.91809276,1.0,
1433.86666667,0.917563246008,0.235924744898,0.664605963164,0.0804780493105,1.57133920938,9.5880952381,0.235924744898,8698.79713542,1.0,
1678.10654762,0.901986306898,0.222439058957,0.658172414646,0.0872167504534,1.60595060431,11.0196428571,0.222439058957,8566.25702567,1.0,
1625.30416667,0.907101313881,0.24047973356,0.669996888384,0.0867831915273,1.5724051137,10.6625,0.24047973356,8749.6812345,1.0,
1619.51190476,0.911132424519,0.241108276644,0.670557901141,0.0841097124594,1.56188734466,10.3904761905,0.241108276644,9115.51354698,1.0,
1630.10952381,0.909586240388,0.227996031746,0.669184579234,0.0919719836212,1.5890205682,10.65,0.227996031746,9014.72038549,1.0,
1484.70952381,0.91981758222,0.236890589569,0.691907844609,0.0946601413808,1.51312931709,9.30595238095,0.236890589569,9261.72753968,1.0,
1348.03035714,0.929191895071,0.222389455782,0.665695059395,0.0913486914387,1.60230529874,8.81964285714,0.222389455782,9514.2670076,2.0,
1153.98154762,0.939487995654,0.239834183673,0.696736485155,0.0991483357829,1.50191854084,7.51845238095,0.239834183673,9446.15280054,2.0,
1606.9202381,0.910193604935,0.219693168934,0.677740463711,0.101369122112,1.54471930168,10.3166666667,0.219693168934,8947.68494366,2.0,
1546.65714286,0.917148143093,0.221983418367,0.670395842772,0.100098073939,1.5839322111,9.84285714286,0.221983418367,9339.98777742,2.0,
1600.97678571,0.915739618719,0.216170634921,0.67438215391,0.100939862388,1.56938882428,9.9505952381,0.216170634921,9492.54645807,2.0,
1676.29880952,0.908181137832,0.201007653061,0.656102284309,0.0967074910972,1.63205380345,10.7726190476,0.201007653061,9137.72597258,2.0,
1572.98154762,0.91407804552,0.205999858277,0.653527559815,0.103076628196,1.64637393073,10.1672619048,0.205999858277,9156.86391236,2.0,
1810.35595238,0.902716720597,0.202817460317,0.667332217307,0.100478026321,1.60011465932,11.1702380952,0.202817460317,9302.06043474,2.0,
1702.44880952,0.911870022713,0.208296485261,0.666624406967,0.101349532543,1.6257504955,10.3404761905,0.208296485261,9662.88420635,2.0,
1985.13095238,0.89322114822,0.198725907029,0.660765590964,0.0992528359986,1.65893656922,12.2654761905,0.198725907029,9308.76606399,2.0,
1643.45238095,0.909148114393,0.225454223356,0.679219127665,0.0980621805233,1.56388938116,10.494047619,0.225454223356,9052.04485863,2.0,
1923.19583333,0.893155566481,0.210862386621,0.659525332642,0.0937107948602,1.63296457461,12.1720238095,0.210862386621,8995.69083307,2.0,
1190.52142857,0.933528397668,0.223453798186,0.68048899762,0.102354046258,1.54869383524,7.91428571429,0.223453798186,8954.03035856,2.0,
1639.32559524,0.908215349917,0.215965844671,0.663764458097,0.0989758142785,1.59905462694,10.7541666667,0.215965844671,8939.0181428,2.0,
1010.02678571,0.947620774051,0.246820436508,0.695919267062,0.0956250702344,1.49173887433,6.79107142857,0.246820436508,9556.3840796,2.0,
1173.15952381,0.937717113459,0.246335034014,0.69034406569,0.0979593762766,1.47898776907,7.625,0.246335034014,9337.2954932,2.0,
1681.63095238,0.909875234145,0.218902352608,0.673665785949,0.0989158020579,1.57012274466,10.4678571429,0.218902352608,9333.31158588,2.0,
1916.83571429,0.89672407351,0.214073837868,0.670800964256,0.0971135268542,1.57981806683,11.7833333333,0.214073837868,9285.07091518,2.0,
1922.71666667,0.898781844881,0.210703656463,0.673051219861,0.0993727588862,1.59158687203,11.6416666667,0.210703656463,9501.75092226,2.0,
1373.10654762,0.923610111329,0.21039824263,0.674533511635,0.102252188194,1.56840374449,8.92202380952,0.21039824263,8970.46456216,2.0,
1973.09821429,0.887637804357,0.191267006803,0.638902382773,0.0900537724046,1.69468604095,12.6946428571,0.191267006803,8782.89181663,2.0,
1703.86011905,0.908786564785,0.22251984127,0.670987505635,0.0970589252503,1.58763955983,10.5041666667,0.22251984127,9346.14398748,2.0,
1835.94642857,0.898983273065,0.195299744898,0.646549522527,0.101871682084,1.64268966155,11.7202380952,0.195299744898,9091.89802473,2.0,
1512.54285714,0.921663539919,0.224958900227,0.688850379904,0.102980035955,1.49614528172,9.07738095238,0.224958900227,9642.14578231,2.0,
1787.5125,0.902640843318,0.202746598639,0.649500196354,0.101161948947,1.61039209679,11.4779761905,0.202746598639,9184.48843334,2.0,
1817.0547619,0.903491871129,0.204134070295,0.664241053592,0.106288874327,1.63119764487,11.325,0.204134070295,9424.43436331,2.0,
1459.21369048,0.921074188595,0.223178854875,0.675649453778,0.0996499598882,1.57855907048,9.35416666667,0.223178854875,9236.50115903,2.0,
1625.58869048,0.91083223727,0.213703939909,0.670297072914,0.0955714861922,1.60870918989,10.3875,0.213703939909,9117.45495226,2.0,
1608.21547619,0.911084264869,0.205621456916,0.659482119078,0.0984395605594,1.63057295668,10.2880952381,0.205621456916,9042.4203412,2.0,
1908.13452381,0.895077933591,0.205208333333,0.666696011833,0.0953237040582,1.61758005871,11.6666666667,0.205208333333,9095.4890664,2.0,
1612.49821429,0.915868944188,0.21668579932,0.674255428021,0.103124682907,1.57448429809,9.85892857143,0.21668579932,9582.81025271,2.0,
1874.53988095,0.900201566188,0.20335388322,0.656189939507,0.0978410857796,1.65047491199,11.5470238095,0.20335388322,9393.21165683,2.0,
1419.12797619,0.922504858508,0.22464569161,0.682880444136,0.0973681931776,1.54179663985,9.05773809524,0.22464569161,9163.04828842,2.0,
1876.08392857,0.90003282118,0.203448837868,0.655838025601,0.100384479899,1.64022324932,11.5541666667,0.203448837868,9385.92710858,2.0,
1510.35892857,0.919653073774,0.222704081633,0.679598342569,0.0976501654182,1.56592659257,9.52916666667,0.222704081633,9367.65091633,2.0,
1762.91488095,0.901323231412,0.213493480726,0.666156782509,0.0973612923156,1.57460321259,11.1613095238,0.213493480726,8940.14093511,2.0,
1890.24166667,0.897199912869,0.19697845805,0.656284910027,0.104294436272,1.62135514759,11.7619047619,0.19697845805,9204.90456491,2.0,
1657.80952381,0.90883435249,0.212307256236,0.668339236263,0.0984582333358,1.54271552367,10.3178571429,0.212307256236,9087.80641688,2.0,
1538.49285714,0.919203026825,0.229541524943,0.697158640022,0.108165702868,1.47956035478,9.1619047619,0.229541524943,9513.12104308,2.0,
1493.4422619,0.918847498391,0.219527352608,0.680444946796,0.0970977671485,1.55128594611,9.3505952381,0.219527352608,9208.90400271,2.0,
1331.025,0.926474083099,0.234346655329,0.690687556258,0.096259748264,1.49617348522,8.59166666667,0.234346655329,9004.33685339,2.0,
1580.3702381,0.917107199282,0.229156037415,0.686908063761,0.0960749257892,1.51843201007,9.75,0.229156037415,9523.76033907,2.0,
1649.41547619,0.908389286913,0.216654620181,0.671301277181,0.0992428619628,1.57874684799,10.3797619048,0.216654620181,9004.19413726,2.0,
1548.75654762,0.913203488088,0.202454648526,0.650671559807,0.0977176370433,1.6332807201,10.1541666667,0.202454648526,8928.6254738,2.0,
1536.97202381,0.91430097415,0.211226615646,0.679316370483,0.103289918926,1.54367653058,9.88630952381,0.211226615646,8946.78758548,2.0,
2073.04702381,0.889560943597,0.193863378685,0.654858643692,0.110766557374,1.62616891138,12.7089285714,0.193863378685,9395.49557371,2.0,
1422.77142857,0.926423638008,0.238470804989,0.692234384507,0.0998010284424,1.53111918718,8.84642857143,0.238470804989,9647.21611926,2.0,
1863.9952381,0.896428479264,0.201653202948,0.661844262371,0.0997432497601,1.61116549044,11.7214285714,0.201653202948,8988.29451531,2.0,
1503.55654762,0.918378121412,0.210438633787,0.661462475478,0.103575655386,1.61405398776,9.79583333333,0.210438633787,9215.54965251,2.0,
1906.42261905,0.895104064177,0.207923752834,0.658918648147,0.0924226716795,1.62056312836,12.1202380952,0.207923752834,9087.20916631,2.0,
2088.07857143,0.892788120449,0.222035856009,0.66503897934,0.0944690771526,1.57467718615,12.4523809524,0.222035856009,9738.0932979,3.0,
2396.74583333,0.870475228663,0.202859268707,0.659356427999,0.100332656004,1.59437296794,14.5660714286,0.202859268707,9255.48757945,3.0,
1768.14642857,0.904707026111,0.237487244898,0.680568847656,0.0975531851514,1.51411636883,10.85,0.237487244898,9279.4472449,3.0,
2283.44107143,0.875408184269,0.215408163265,0.673101030455,0.0980865345184,1.54611918705,13.7386904762,0.215408163265,9168.12212594,3.0,
1914.64166667,0.898796039776,0.224375708617,0.679520438021,0.0918806184633,1.5542854367,11.6678571429,0.224375708617,9460.59272109,3.0,
1939.67619048,0.896499781501,0.230797902494,0.676682482715,0.0953237681715,1.51132740744,11.6928571429,0.230797902494,9370.39659722,3.0,
1948.41785714,0.896050045312,0.23179138322,0.686685110236,0.0851035153848,1.52293083668,11.8035714286,0.23179138322,9371.90334999,3.0,
1707.16071429,0.908845651797,0.223769132653,0.66342917077,0.0940941476436,1.56877890213,10.7928571429,0.223769132653,9365.34107001,3.0,
1811.81547619,0.905398055633,0.229051162132,0.68419175624,0.0989323116356,1.4790030613,10.744047619,0.229051162132,9575.8721503,3.0,
1653.85119048,0.914773100244,0.226571712018,0.682588868245,0.0962047057534,1.49488132855,10.0095238095,0.226571712018,9703.87222045,3.0,
1836.39166667,0.905122539456,0.244378543084,0.681845426909,0.0845528787321,1.50205784782,11.075,0.244378543084,9677.70246032,3.0,
1654.1125,0.914221085677,0.228027210884,0.681570643577,0.0976472816116,1.51493531627,10.0160714286,0.228027210884,9645.51782782,3.0,
1551.15059524,0.916110684999,0.225537131519,0.673416090092,0.0904210413259,1.55634503797,9.99821428571,0.225537131519,9252.88274102,3.0,
1718.8125,0.90753630086,0.224026360544,0.671484771785,0.0944488313831,1.53483590396,10.6708333333,0.224026360544,9297.91847585,3.0,
860.907142857,0.956371442769,0.269255952381,0.714653611403,0.0954159401407,1.40035328525,5.67976190476,0.269255952381,9761.11415816,3.0,
1183.20595238,0.937167403724,0.258115787982,0.703423907113,0.0924249713047,1.44519726658,7.53928571429,0.258115787982,9350.54843644,3.0,
2016.8077381,0.893403159021,0.224955357143,0.664326623176,0.0941998293517,1.55728322991,12.3077380952,0.224955357143,9464.34420289,3.0,
1579.13809524,0.914651284502,0.232133645125,0.67791245421,0.0908066850766,1.55546457982,10.1083333333,0.232133645125,9251.09467687,3.0,
2275.56547619,0.882673600062,0.228764172336,0.676730935894,0.0885712917258,1.5632272414,13.3964285714,0.228764172336,9697.58501665,3.0,
1948.61666667,0.898114964556,0.227110969388,0.671214078683,0.0892209667223,1.56223390493,11.7678571429,0.227110969388,9569.16954365,3.0,
2040.74940476,0.892096364705,0.224557114512,0.678311762418,0.10298620252,1.54804721807,12.3089285714,0.224557114512,9457.35607329,3.0,
1686.02619048,0.906905864874,0.22681122449,0.659128905459,0.0848629057348,1.60294306419,10.955952381,0.22681122449,9058.04415816,3.0,
1544.18035714,0.915335186544,0.230716411565,0.681502100006,0.0966837385118,1.53191458774,9.8744047619,0.230716411565,9125.45377737,3.0,
1791.36607143,0.900906596925,0.223712443311,0.662454459104,0.0892482383524,1.58126414854,11.4994047619,0.223712443311,9037.73815095,3.0,
1798.40416667,0.902958816633,0.216128117914,0.672039642457,0.0861391065572,1.57929275674,11.2839285714,0.216128117914,9268.40116683,3.0,
1447.33928571,0.922517594497,0.245216128118,0.695664310201,0.0963564801878,1.47652024369,9.15476190476,0.245216128118,9340.89494296,3.0,
1970.73690476,0.89533935401,0.217011054422,0.675722765694,0.0972174772336,1.54439734833,12.0285714286,0.217011054422,9414.88983808,3.0,
1604.01845238,0.914105009367,0.245072987528,0.690916159349,0.0911167818724,1.48205348023,9.91130952381,0.245072987528,9333.86119163,3.0,
1866.70595238,0.899610914231,0.232679988662,0.677301325202,0.0890467147164,1.55742547544,11.5880952381,0.232679988662,9293.19607887,3.0,
2049.90238095,0.891980779291,0.22156037415,0.68065674181,0.0995010180653,1.52464573345,12.2047619048,0.22156037415,9487.56468254,3.0,
1840.45833333,0.896816654638,0.222160572562,0.667555244554,0.0952348861775,1.56773026039,11.6988095238,0.222160572562,8919.79482887,3.0,
1767.70357143,0.903496513679,0.235661139456,0.675300815704,0.0931398872029,1.52905417084,11.0107142857,0.235661139456,9161.40137188,3.0,
2036.3922619,0.893617475866,0.222551729025,0.66961100974,0.0965769349057,1.58140025215,12.1779761905,0.222551729025,9571.97878658,3.0,
1633.75357143,0.912828248452,0.226439909297,0.668983597558,0.0887160952505,1.574722426,10.4773809524,0.226439909297,9372.49237564,3.0,
1983.58869048,0.894545031496,0.220333049887,0.665686225939,0.091729645945,1.6007507998,12.0244047619,0.220333049887,9408.27462984,3.0,
1399.65297619,0.923916488515,0.254553571429,0.692558734888,0.0913402633548,1.46136230263,8.86726190476,0.254553571429,9144.70555564,3.0,
1756.93928571,0.90139375619,0.233244047619,0.670182621451,0.0900549455588,1.55989659341,11.2476190476,0.233244047619,8908.97230442,3.0,
1869.06071429,0.900708123768,0.232934382086,0.668218106097,0.0889045965896,1.53082292903,11.6130952381,0.232934382086,9412.49753401,3.0,
1976.58035714,0.897623844925,0.237491496599,0.67613260423,0.0944345902621,1.52139035519,11.7482142857,0.237491496599,9661.73891378,3.0,
1431.11964286,0.924828036399,0.239499007937,0.683924080413,0.093088325141,1.54405259551,8.9494047619,0.239499007937,9519.85659412,3.0,
1472.98511905,0.91885438973,0.228664965986,0.668967669262,0.0951455533753,1.57364219173,9.39821428571,0.228664965986,9060.16588054,3.0,
1675.40535714,0.909536339229,0.227866354875,0.67675965645,0.0958319439232,1.53653801508,10.4994047619,0.227866354875,9262.61044829,3.0,
1861.30595238,0.897476739255,0.218599773243,0.660290937957,0.0891686709697,1.60003367908,11.9892857143,0.218599773243,9077.48124114,3.0,
1765.2702381,0.901855375407,0.226638321995,0.673704005321,0.0973074659145,1.54903750089,11.1678571429,0.226638321995,8993.20897817,3.0,
1490.0297619,0.922667648391,0.242902494331,0.684884933853,0.0796433851943,1.55888134519,9.50714285714,0.242902494331,9633.08067177,3.0,
1681.67559524,0.910817979554,0.225151643991,0.684420211344,0.096797338109,1.53335496968,10.3017857143,0.225151643991,9430.67089259,3.0,
1579.00059524,0.913838436435,0.23856505102,0.676205242838,0.0830166131667,1.53167408552,10.1791666667,0.23856505102,9170.65295077,3.0,
1607.52916667,0.91530890418,0.223570719955,0.666305238872,0.083453671395,1.58866453375,10.1922619048,0.223570719955,9482.56775909,3.0,
1913.50238095,0.896590763005,0.235878684807,0.662116145329,0.0773918680898,1.58917129317,12.330952381,0.235878684807,9250.33056122,3.0,
1719.325,0.907654518058,0.232670776644,0.662927798063,0.0870207467098,1.5539034131,10.9047619048,0.232670776644,9309.19934488,3.0,
1868.05178571,0.899601175519,0.195373441043,0.643710794629,0.090943160459,1.68775896164,11.7255952381,0.195373441043,9315.03436836,4.0,
1724.34880952,0.903372690561,0.192221513605,0.654021375029,0.099172140033,1.63995073356,10.9880952381,0.192221513605,8937.00578763,4.0,
1307.22916667,0.928250989526,0.221026077098,0.682591674405,0.0941877951973,1.52616954781,8.47797619048,0.221026077098,9112.45448138,4.0,
2022.72738095,0.886717171651,0.192501417234,0.644945994241,0.0950759744475,1.65969446207,12.7380952381,0.192501417234,8938.52988095,4.0,
1649.8,0.912712551351,0.205483276644,0.66600755108,0.101129783285,1.57371451584,10.1095238095,0.205483276644,9451.34740398,4.0,
1770.91964286,0.903100503269,0.201512188209,0.653189072081,0.0976078282087,1.63029968936,11.3208333333,0.201512188209,9140.03471168,4.0,
1854.90357143,0.897927588507,0.190639880952,0.653373842169,0.0975384082177,1.65991705878,11.8273809524,0.190639880952,9094.95797619,4.0,
1965.05238095,0.890144688549,0.197170493197,0.655166489146,0.0936938454646,1.60987249028,12.2619047619,0.197170493197,8943.82053536,4.0,
2000.99464286,0.895866721586,0.202337018141,0.667911632353,0.100312989015,1.5508114312,11.9446428571,0.202337018141,9615.830359,4.0,
1989.73988095,0.889982361731,0.184001558957,0.642702770339,0.0957923325138,1.66720539523,12.5672619048,0.184001558957,9049.61749194,4.0,
1357.53988095,0.928969277009,0.23554350907,0.691284289482,0.101890541572,1.48064753517,8.56607142857,0.23554350907,9525.42124548,4.0,
1489.29642857,0.917745630969,0.201740362812,0.646504177256,0.0908394116152,1.66248989956,9.81428571429,0.201740362812,9064.52911458,4.0,
1599.2202381,0.90789105997,0.206101899093,0.645436640616,0.0827949994249,1.6459538199,10.6904761905,0.206101899093,8688.61789222,4.0,
1620.4422619,0.906925724237,0.201222363946,0.639605752806,0.093639952317,1.66588890961,10.8755952381,0.201222363946,8717.4048403,4.0,
1775.02857143,0.900966091313,0.198345379819,0.650672723608,0.0876728217928,1.64442985334,11.4095238095,0.198345379819,8963.86532596,4.0,
2073.01666667,0.888393760583,0.200004960317,0.635349521356,0.0943790120541,1.68498893132,12.9702380952,0.200004960317,9295.18342439,4.0,
1466.60357143,0.918550489679,0.200557681406,0.641425413798,0.0860008847873,1.68541749831,9.95,0.200557681406,9013.38316504,4.0,
1609.30952381,0.910151763715,0.207991071429,0.646847771014,0.0864606555455,1.66465626556,10.5654761905,0.207991071429,8967.57811224,4.0,
1728.66428571,0.900696636211,0.1923944161,0.636800481863,0.0913769402294,1.67127172955,11.3726190476,0.1923944161,8714.49576637,4.0,
1697.33988095,0.89869552118,0.188093820862,0.627110071788,0.0886607621261,1.71692187592,11.5636904762,0.188093820862,8370.82616187,4.0,
801.254761905,0.955188852246,0.248308531746,0.683924847869,0.0901140349237,1.51340858032,5.87857142857,0.248308531746,8890.81938244,4.0,
1677.58452381,0.907771794791,0.206840277778,0.664281717076,0.105408635956,1.6091414675,10.5738095238,0.206840277778,9098.98040852,4.0,
1583.46607143,0.911991500942,0.201785005669,0.653938874569,0.0901376179928,1.655605045,10.3946428571,0.201785005669,8998.18349251,4.0,
1663.73869048,0.902840163349,0.197984693878,0.637141511778,0.089810274527,1.67852454148,11.2767857143,0.197984693878,8571.59827567,4.0,
1898.16190476,0.888490171334,0.184712301587,0.63217118997,0.0929972164544,1.70402033144,12.5964285714,0.184712301587,8517.28168048,4.0,
1771.84880952,0.902642272702,0.191598639456,0.6554362232,0.105336893838,1.5702565853,11.0702380952,0.191598639456,9108.01719104,4.0,
1925.53333333,0.897925036957,0.191818310658,0.657490121277,0.0989442580307,1.62811484633,11.9166666667,0.191818310658,9439.95668793,4.0,
1902.78928571,0.893820147816,0.185184240363,0.647789701905,0.103438793355,1.65181912434,12.0976190476,0.185184240363,8965.30265306,4.0,
2136.08333333,0.882697738994,0.184427437642,0.656901560022,0.105910463983,1.63651276863,13.119047619,0.184427437642,9105.0390462,4.0,
1835.13988095,0.903376533629,0.2069763322,0.669839666483,0.0984319862399,1.55362271465,11.4375,0.2069763322,9503.59567115,4.0,
1608.06547619,0.914826173018,0.201552579365,0.676787893747,0.105661126311,1.56554878411,9.87738095238,0.201552579365,9445.93798859,4.0,
1000.87738095,0.948213955818,0.229240362812,0.693643702615,0.106614254877,1.49133403639,6.43571428571,0.229240362812,9667.28465845,4.0,
1922.68869048,0.893314433039,0.194395549887,0.658653733218,0.103143161519,1.62749682185,12.0029761905,0.194395549887,9013.74883229,4.0,
1846.54166667,0.90198088697,0.196591553288,0.660597438294,0.107956118824,1.60140749231,11.3333333333,0.196591553288,9419.29389881,4.0,
1665.65892857,0.913993016534,0.216098356009,0.666744766614,0.0926141229583,1.57594679724,10.3970238095,0.216098356009,9694.10059391,4.0,
1881.17321429,0.897641549261,0.195362811791,0.661226377234,0.107306161418,1.62957993588,11.7720238095,0.195362811791,9188.50495722,4.0,
1479.62261905,0.918388082039,0.208633078231,0.67159540368,0.101230469529,1.58721265231,9.57857142857,0.208633078231,9074.11380067,4.0,
1555.68154762,0.917672677521,0.216675878685,0.680917288267,0.0963381498663,1.57284918553,9.6244047619,0.216675878685,9451.60986403,4.0,
1669.0875,0.907841310462,0.196174178005,0.653093930009,0.0926990984439,1.6522673293,10.731547619,0.196174178005,9065.99700087,4.0,
2150.39464286,0.885539837856,0.192287414966,0.671237294756,0.105251838605,1.58535960965,12.968452381,0.192287414966,9394.34741789,4.0,
1645.61369048,0.91331621912,0.203987386621,0.661397211256,0.104779693053,1.57324951749,10.1529761905,0.203987386621,9495.46807549,4.0,
1920.58214286,0.899269341394,0.192860685941,0.658372299494,0.104235273499,1.62790685405,11.725,0.192860685941,9535.31442708,4.0,
1682.14940476,0.911184203802,0.205887896825,0.677895425179,0.110502154345,1.55183048483,10.3267857143,0.205887896825,9460.86333661,4.0,
1821.89285714,0.89973535895,0.207904620181,0.663740009685,0.103370414915,1.55623251972,11.4083333333,0.207904620181,9089.85881909,4.0,
1331.89047619,0.931389136156,0.22237244898,0.681850328388,0.100953482343,1.53017790672,8.42976190476,0.22237244898,9694.25679103,4.0,
1161.08630952,0.938766107468,0.222297335601,0.707953647296,0.110325493598,1.48575319145,7.28869047619,0.222297335601,9412.57683718,4.0,
1538.22738095,0.918061492103,0.213737953515,0.678382136031,0.103327106482,1.5532144577,9.59642857143,0.213737953515,9389.87239194,4.0,
1622.33333333,0.911618619771,0.205436507937,0.657852426951,0.101796210957,1.58836430645,10.3071428571,0.205436507937,9185.55439484,4.0,
1848.07202381,0.898963343683,0.188508361678,0.641856238635,0.0988111121244,1.66729212536,11.7398809524,0.188508361678,9148.62911467,4.0,
1415.5422619,0.924348230063,0.210884353741,0.676281324596,0.104802360963,1.56285717947,8.94821428571,0.210884353741,9360.05432655,4.0,
1920.06904762,0.892885006944,0.180085034014,0.638309561433,0.102231974945,1.72295833278,12.2476190476,0.180085034014,8974.65013783,5.0,
1645.04285714,0.907638088006,0.183278769841,0.642926080144,0.104950323433,1.6475102183,10.6488095238,0.183278769841,8915.3734003,5.0,
1713.51428571,0.908554937539,0.188992346939,0.661990530713,0.10488200109,1.61213490687,10.6678571429,0.188992346939,9374.18429812,5.0,
2030.94761905,0.883330940331,0.164211309524,0.62188984679,0.103642120686,1.74955590035,13.055952381,0.164211309524,8703.88269522,5.0,
1430.31071429,0.923159031741,0.192377409297,0.665987343134,0.106149371816,1.61169495363,9.1869047619,0.192377409297,9280.09974171,5.0,
1667.3922619,0.904285483806,0.181260629252,0.631770442491,0.0964216672223,1.72245488601,11.0779761905,0.181260629252,8723.47128375,5.0,
1563.56011905,0.911581554974,0.192257653061,0.637765684101,0.0918768715456,1.69109587783,10.3660714286,0.192257653061,8853.89511134,5.0,
1751.11428571,0.904800080711,0.195070153061,0.637905513189,0.0977629260735,1.66784135173,11.4428571429,0.195070153061,9208.10267467,5.0,
1635.12619048,0.903914636533,0.185441468254,0.617699630941,0.0834595573448,1.74072122188,11.4023809524,0.185441468254,8518.49680804,5.0,
1650.10178571,0.911464893376,0.196326530612,0.661639824214,0.0934324205321,1.64507817528,10.4232142857,0.196326530612,9323.09141449,5.0,
1755.74583333,0.901176238615,0.181267715419,0.628466334124,0.0944367871222,1.70670426334,11.7160714286,0.181267715419,8892.46721097,5.0,
939.101785714,0.951035310576,0.221641156463,0.673041453822,0.0992218809659,1.55432694803,6.45535714286,0.221641156463,9555.41842377,5.0,
1088.23988095,0.938888472517,0.207651643991,0.6498853661,0.0907731340481,1.64444041466,7.83988095238,0.207651643991,8857.93795396,5.0,
1513.74940476,0.914610757439,0.185815617914,0.633702977201,0.0959650198547,1.68868317765,10.2803571429,0.185815617914,8879.15752737,5.0,
1694.19345238,0.902864992758,0.184025651927,0.621818699097,0.0892492596718,1.72982947213,11.5470238095,0.184025651927,8737.55505749,5.0,
1154.68809524,0.934848680519,0.205287698413,0.649015545723,0.0858659186827,1.67932746331,8.38571428571,0.205287698413,8856.53748406,5.0,
1491.03988095,0.916122404233,0.185590986395,0.623720099016,0.0946549907565,1.72404791221,10.381547619,0.185590986395,8895.36730309,5.0,
1311.99404762,0.928539346875,0.19981505102,0.652922820707,0.0968593344186,1.63820972401,8.72142857143,0.19981505102,9177.87480159,5.0,
1435.42261905,0.919669680991,0.187575821995,0.635721343949,0.0923578192497,1.72752778979,9.8630952381,0.187575821995,8933.98972045,5.0,
1774.03095238,0.903733036754,0.190349348073,0.640554432294,0.106810935321,1.68743998947,11.2726190476,0.190349348073,9224.10017715,5.0,
1317.32321429,0.926915915062,0.194838435374,0.649219045411,0.0919866819379,1.69239190065,9.01011904762,0.194838435374,9006.83494127,5.0,
1894.19047619,0.890984886975,0.180737670068,0.631311409112,0.0942134749843,1.70902272868,12.4726190476,0.180737670068,8691.34748299,5.0,
1819.57738095,0.902089518008,0.191631235828,0.642398674678,0.0909542582859,1.66010088562,11.5238095238,0.191631235828,9306.78632653,5.0,
1763.93392857,0.898780821901,0.177536848073,0.62421639001,0.0948221363142,1.75424160202,11.8517857143,0.177536848073,8731.15499725,5.0,
1933.57261905,0.891093421793,0.167228599773,0.623560238664,0.0990509025746,1.77824474897,12.6654761905,0.167228599773,8877.20765306,5.0,
1483.05654762,0.914271537485,0.183832908163,0.622162128426,0.0906246387722,1.76020395984,10.3505952381,0.183832908163,8672.30554076,5.0,
1723.40952381,0.896798683196,0.180740504535,0.62932776937,0.0895787028619,1.71944092658,11.7738095238,0.180740504535,8349.74580357,5.0,
1121.87797619,0.940262827832,0.248180272109,0.680154895534,0.0826557676566,1.54370309014,7.89583333333,0.248180272109,9320.50318426,5.0,
1771.60833333,0.897245547544,0.179577664399,0.624136619563,0.0939560327267,1.73716547327,11.9857142857,0.179577664399,8630.85313492,5.0,
1359.10952381,0.921916467992,0.198704648526,0.642716228475,0.0906527283521,1.66683118416,9.62142857143,0.198704648526,8697.00075397,5.0,
1120.1375,0.938960115666,0.224046201814,0.666521627265,0.09015513181,1.60347212623,7.92678571429,0.224046201814,9161.26965109,5.0,
1789.2875,0.896220149832,0.181052295918,0.620796824757,0.0953550575362,1.73401422377,11.8922619048,0.181052295918,8640.04556379,5.0,
1909.43571429,0.881142444375,0.169059665533,0.603900636711,0.0890516688997,1.78449491437,13.0904761905,0.169059665533,8032.45407596,5.0,
1458.04880952,0.915219507437,0.187497165533,0.642347834355,0.0964210742151,1.67648359926,10.0488095238,0.187497165533,8601.39229911,5.0,
1436.46845238,0.913227671328,0.178682681406,0.613489243129,0.0906947614144,1.745731245,10.543452381,0.178682681406,8281.83240017,5.0,
1723.10297619,0.90358171154,0.169587585034,0.637934607215,0.100070038214,1.73660863402,11.1053571429,0.169587585034,8941.16455047,5.0,
1049.37321429,0.941144934646,0.234356575964,0.678048817678,0.0909705034202,1.55517271543,7.48988095238,0.234356575964,8872.07538132,5.0,
1656.75238095,0.907668161194,0.200029053288,0.635104175981,0.0950351321901,1.68924535379,10.7619047619,0.200029053288,8985.8628288,5.0,
1276.42857143,0.925284029723,0.182346938776,0.647341660508,0.0963633242422,1.69803451909,9.02619047619,0.182346938776,8549.35677438,5.0,
1072.90714286,0.941659709708,0.220007794785,0.673775787575,0.0953995959826,1.57565432665,7.4630952381,0.220007794785,9167.28298363,5.0,
1216.23630952,0.932693679778,0.23406462585,0.681195151915,0.0930620830255,1.51705064355,8.1755952381,0.23406462585,8978.59501143,5.0,
1423.56607143,0.920301083642,0.215246598639,0.654930984803,0.0877183217174,1.62264599007,9.5494047619,0.215246598639,8916.73133193,5.0,
1188.48928571,0.933729264287,0.211592261905,0.658276411667,0.100952896256,1.60877721016,8.13928571429,0.211592261905,8937.56359836,5.0,
1690.47797619,0.90632353892,0.189827806122,0.624527838037,0.0808654398181,1.76006047403,11.2339285714,0.189827806122,9031.33546211,5.0,
1618.78095238,0.906139900973,0.189680413832,0.63102047626,0.0918398570939,1.7139678623,11.2416666667,0.189680413832,8627.19184099,5.0,
1345.63809524,0.924051552446,0.202860685941,0.65161638973,0.101179155032,1.65413233882,8.97976190476,0.202860685941,8864.1567719,5.0,
1960.3452381,0.888745196259,0.176217403628,0.637514662487,0.0999520897862,1.67723582387,12.4369047619,0.176217403628,8812.3296503,5.0,
1372.18154762,0.927214113224,0.194079506803,0.674445611357,0.106702969455,1.60910132276,9.15535714286,0.194079506803,9413.40944276,5.0,
1210.4952381,0.934566319373,0.215220379819,0.683487033999,0.100190035818,1.55145506651,8.0119047619,0.215220379819,9238.65478352,5.0,
1058.58392857,0.938251651736,0.193503401361,0.641276985927,0.101970507434,1.66182926953,7.7755952381,0.193503401361,8559.36750151,5.0,
1736.70833333,0.897132661853,0.23995606576,0.619753800928,0.0614407902808,1.69563409172,12.5047619048,0.23995606576,8441.49544749,6.0,
1736.01190476,0.906813015387,0.254080215419,0.672724260961,0.0819300722671,1.52207860928,11.0761904762,0.254080215419,9314.66938209,6.0,
1545.4827381,0.917641966669,0.264927012472,0.689972023025,0.083437391113,1.49722338377,9.88869047619,0.264927012472,9372.05918482,6.0,
1642.425,0.911126092618,0.251021825397,0.659354895675,0.0762706471366,1.55089241884,10.8154761905,0.251021825397,9240.17087479,6.0,
1869.25238095,0.895936111537,0.259378543084,0.672656103434,0.0762838298971,1.53349517494,11.9619047619,0.259378543084,8981.40436331,6.0,
1727.47738095,0.905735260747,0.249850481859,0.672065223705,0.080311857116,1.55502578912,11.0142857143,0.249850481859,9164.5206622,6.0,
1605.10654762,0.913500228622,0.260168650794,0.684578666657,0.0781364812609,1.49482999243,10.1220238095,0.260168650794,9271.08391449,6.0,
1637.54166667,0.91533106438,0.270600907029,0.6838344024,0.0833805246954,1.46056270082,10.2142857143,0.270600907029,9667.9678497,6.0,
1864.52380952,0.898410423913,0.265673185941,0.677907991105,0.0721607052822,1.47569307043,11.5928571429,0.265673185941,9176.74766121,6.0,
2055.91666667,0.889925700647,0.258354591837,0.678294743135,0.0775399980048,1.50951777963,12.9880952381,0.258354591837,9338.76789931,6.0,
1932.91607143,0.893459908318,0.255971513605,0.675129391361,0.0807621029666,1.50701975053,12.1755952381,0.255971513605,9072.76829764,6.0,
1909.46904762,0.897112998012,0.241804846939,0.667019274517,0.0851366595529,1.55543643067,11.9571428571,0.241804846939,9282.42085884,6.0,
1849.06785714,0.896191970567,0.239423894558,0.655125230867,0.0808198643546,1.57106992595,12.2261904762,0.239423894558,8906.18898774,6.0,
1508.05833333,0.916949678867,0.268241213152,0.691976733287,0.0848599580846,1.45050914556,9.67023809524,0.268241213152,9075.33418828,6.0,
1707.41666667,0.911021202743,0.257991071429,0.691546916337,0.0808993140156,1.47618227987,10.3964285714,0.257991071429,9594.51419501,6.0,
1969.58452381,0.892590502061,0.248201530612,0.676009645591,0.0828292470166,1.53140980233,12.2654761905,0.248201530612,9168.5571092,6.0,
2426.14285714,0.864271468364,0.22677154195,0.644279275041,0.0806596618876,1.61158202825,15.3071428571,0.22677154195,8937.48288549,6.0,
1924.27559524,0.897675130426,0.24928925737,0.668481777457,0.0747000824179,1.54587548092,12.2089285714,0.24928925737,9402.79079303,6.0,
2038.4952381,0.891391377362,0.245220379819,0.659791631451,0.0804035915909,1.54964065482,12.530952381,0.245220379819,9388.05974206,6.0,
1948.97559524,0.888707299751,0.243455924036,0.663960575028,0.0745523606901,1.56251192807,12.731547619,0.243455924036,8755.84221522,6.0,
1908.78630952,0.89699834248,0.247760770975,0.671179249763,0.0836170025269,1.51910047749,11.9886904762,0.247760770975,9264.22927695,6.0,
1827.78511905,0.903728728403,0.252468112245,0.687341090973,0.0830893467326,1.5065062138,11.3029761905,0.252468112245,9492.92238388,6.0,
1736.15833333,0.903651581674,0.252235685941,0.673866339798,0.0773733305047,1.54963068554,11.2952380952,0.252235685941,9009.79156427,6.0,
1684.92380952,0.906275497011,0.247733134921,0.67836020136,0.0815783882136,1.5224876267,10.8869047619,0.247733134921,8991.15128401,6.0,
1911.84285714,0.899090885536,0.257169075964,0.677109246586,0.0838185530514,1.49893473543,11.6714285714,0.257169075964,9473.09302686,6.0,
1762.44345238,0.904150135007,0.24827239229,0.67696765637,0.0791776425021,1.52144588973,11.0625,0.24827239229,9194.84325973,6.0,
1616.0375,0.913128900339,0.245265731293,0.677451229435,0.090327958089,1.53942918705,10.406547619,0.245265731293,9304.7726039,6.0,
1433.16904762,0.923786354817,0.266850198413,0.690506615128,0.0769177944624,1.47911301011,9.33095238095,0.266850198413,9404.34680874,6.0,
1974.80297619,0.893086418032,0.241515731293,0.661429166945,0.0747406410219,1.59382015427,12.543452381,0.241515731293,9236.03646763,6.0,
1969.6875,0.892226541268,0.25773100907,0.673243357731,0.0797717946834,1.50873679249,12.2220238095,0.25773100907,9139.29327567,6.0,
1789.75892857,0.903558473402,0.242896825397,0.666949072375,0.0851494586477,1.55667050376,11.4625,0.242896825397,9281.2172627,6.0,
2028.96309524,0.895177685495,0.238378684807,0.666487333594,0.0825801504828,1.54501152584,12.319047619,0.238378684807,9678.33555697,6.0,
1383.08928571,0.929235901675,0.274514597506,0.707886192824,0.0849377394094,1.4191121065,8.60595238095,0.274514597506,9735.89582589,6.0,
2074.49702381,0.889847199986,0.25633361678,0.672805279391,0.0748376989875,1.54375462336,12.9529761905,0.25633361678,9417.34609951,6.0,
1827.35,0.89844349458,0.247234977324,0.667718764249,0.0805141673962,1.51605474891,11.769047619,0.247234977324,8996.7156335,6.0,
1801.98392857,0.900390010685,0.26004180839,0.674670777401,0.0769695850609,1.52252028098,11.5375,0.26004180839,9043.58213621,6.0,
1835.58928571,0.903260378561,0.255385487528,0.678413527721,0.0833887486326,1.50897744905,11.4785714286,0.255385487528,9487.26725624,6.0,
1874.58333333,0.896630339714,0.250397534014,0.66170374855,0.0762320751566,1.55369704315,11.9416666667,0.250397534014,9067.37686933,6.0,
1506.14702381,0.919336547137,0.271085600907,0.694728181271,0.0845818982958,1.4751876257,9.17916666667,0.271085600907,9336.86419723,6.0,
2110.35059524,0.884022679305,0.250954506803,0.662812215434,0.0702450038238,1.56259591735,13.4363095238,0.250954506803,9098.37459122,6.0,
1781.41488095,0.898459114691,0.259366496599,0.669803719613,0.0727992539663,1.54123086284,11.8089285714,0.259366496599,8773.39145275,6.0,
1637.7452381,0.912663969912,0.263817318594,0.682139201413,0.0846772373275,1.47990292462,10.2952380952,0.263817318594,9376.11451105,6.0,
1924.33690476,0.893767776142,0.255838293651,0.685413845137,0.0787420359016,1.5261285454,12.0464285714,0.255838293651,9056.87310268,6.0,
1737.89761905,0.905112109191,0.266096938776,0.682222936488,0.0782092381169,1.50361981619,10.9583333333,0.266096938776,9157.95827381,6.0,
1832.9875,0.900634375379,0.244613803855,0.674591556875,0.080567249237,1.55494796124,11.7232142857,0.244613803855,9227.29372883,6.0,
2134.95595238,0.885527627256,0.247498582766,0.671606926517,0.0792398546816,1.55736952481,13.2369047619,0.247498582766,9325.55928819,6.0,
1753.96011905,0.901006923218,0.245250141723,0.675126800874,0.078690493587,1.54660745612,11.2077380952,0.245250141723,8862.67813714,6.0,
1629.38095238,0.909729750938,0.251684382086,0.683343707945,0.0793544184966,1.54361065324,10.605952381,0.251684382086,9025.01637755,6.0,
1789.21011905,0.906094449701,0.254065334467,0.67897964466,0.0789164500363,1.52703531196,10.968452381,0.254065334467,9526.70164939,6.0,
2032.25714286,0.886696237772,0.246907596372,0.667791000564,0.0797470024153,1.55729305227,12.794047619,0.246907596372,8968.18032738,6.0,
1829.18928571,0.897243705206,0.24750212585,0.653499611467,0.0734756684714,1.55225977972,11.8761904762,0.24750212585,8900.61912698,7.0,
1554.00952381,0.916833706528,0.235486819728,0.667740170055,0.0867177666329,1.55364063284,10.0083333333,0.235486819728,9343.54948661,7.0,
2103.26785714,0.885852313864,0.227295918367,0.673569664652,0.0864992290349,1.54225102,12.7916666667,0.227295918367,9212.92374965,7.0,
1551.52797619,0.914586769141,0.236458333333,0.664942687103,0.0783644074821,1.58263317307,10.2398809524,0.236458333333,9083.61487714,7.0,
1978.93511905,0.890924629004,0.228647959184,0.668068116118,0.0881807213785,1.5828873001,12.3351190476,0.228647959184,9072.94724888,7.0,
1672.19583333,0.907697640324,0.245158730159,0.672026658353,0.0845356834765,1.55986422224,10.7529761905,0.245158730159,9058.55052695,7.0,
1327.79107143,0.927740214622,0.251785714286,0.684164504016,0.0857112114795,1.51730553777,8.70773809524,0.251785714286,9187.96227014,7.0,
1504.04880952,0.920585335503,0.243625992063,0.677883091496,0.0881343164158,1.52534763951,9.61547619048,0.243625992063,9465.40195578,7.0,
1638.23452381,0.911084734483,0.243694019274,0.691498517316,0.0880232098101,1.52246967618,10.2702380952,0.243694019274,9213.27187535,7.0,
1875.06130952,0.899046258725,0.235885062358,0.687152499563,0.0985769285087,1.50482876389,11.2910714286,0.235885062358,9288.52711425,7.0,
1744.93333333,0.906607994625,0.237653061224,0.665605128149,0.0869206707125,1.56936873321,11.2845238095,0.237653061224,9343.97812925,7.0,
1622.93333333,0.908910186118,0.235413123583,0.674133045377,0.0847598125717,1.56756847102,10.444047619,0.235413123583,8908.42380811,7.0,
1629.48154762,0.914175380155,0.251314484127,0.695307190634,0.0907571192127,1.50373748794,9.88035714286,0.251314484127,9478.04859809,7.0,
2076.1047619,0.885968602225,0.220111961451,0.65454883012,0.094049022715,1.61364721219,13.0678571429,0.220111961451,9103.21544076,7.0,
1540.58690476,0.917777150294,0.266909013605,0.690455531413,0.0807177930995,1.46692163443,9.70595238095,0.266909013605,9356.5210034,7.0,
1659.075,0.909328649906,0.239808673469,0.658381750409,0.0805974296165,1.58917096851,10.8738095238,0.239808673469,9152.49899766,7.0,
1727.5375,0.9034294783,0.241161422902,0.671660097123,0.08787439064,1.55912415039,11.0910714286,0.241161422902,8946.85174506,7.0,
2185.86666667,0.883388478326,0.231327947846,0.657130391079,0.0842486286724,1.58838179471,13.3488095238,0.231327947846,9372.43007937,7.0,
1874.59404762,0.897213130512,0.233038548753,0.664261062873,0.0858743168652,1.59138645179,11.7892857143,0.233038548753,9118.84006661,7.0,
1647.70238095,0.910359485041,0.233039965986,0.66236744891,0.0844621295921,1.58689913979,10.7285714286,0.233039965986,9187.11996705,7.0,
1912.12678571,0.893975268463,0.221207482993,0.653351748928,0.0862555453382,1.61855179932,12.0767857143,0.221207482993,9018.60762232,7.0,
1812.35,0.901340489977,0.230417375283,0.670930655127,0.0921923993312,1.5656697467,11.3714285714,0.230417375283,9188.19882511,7.0,
1434.13035714,0.922641595321,0.259534438776,0.697833249168,0.0895180303526,1.49581838399,8.93273809524,0.259534438776,9260.72894992,7.0,
1946.64166667,0.889243888119,0.221723356009,0.656948157841,0.0862217255482,1.62555585642,12.4523809524,0.221723356009,8787.96498724,7.0,
1803.80952381,0.902486605261,0.238338293651,0.664581385208,0.0901607027263,1.54424690223,11.1916666667,0.238338293651,9249.03459999,7.0,
1073.14047619,0.938532862402,0.193224206349,0.638080492228,0.0993531890393,1.70088232841,7.74761904762,0.193224206349,8725.72843644,7.0,
2008.04345238,0.89178322777,0.23547973356,0.669359599552,0.0902454013954,1.55363200603,12.1589285714,0.23547973356,9279.34207279,7.0,
1790.61071429,0.898763218052,0.245928287982,0.670653036426,0.0859825319295,1.52331317402,11.2761904762,0.245928287982,8831.40855619,7.0,
2265.27857143,0.877037121788,0.217745890023,0.643192062888,0.0829713869167,1.65301519363,14.2178571429,0.217745890023,9211.22945543,7.0,
1553.00238095,0.913332211094,0.239632227891,0.66895344743,0.0867362594291,1.52778992322,10.1904761905,0.239632227891,8948.99487812,7.0,
2047.14107143,0.88711081237,0.22347718254,0.655231388849,0.080936988465,1.62113502701,12.9172619048,0.22347718254,9069.17580649,7.0,
1932.95357143,0.889915126321,0.235554846939,0.66599490954,0.0870202243577,1.55412074997,12.2226190476,0.235554846939,8782.08681406,7.0,
1955.55357143,0.893806305784,0.223663548753,0.657523145765,0.0905709947979,1.57974402453,12.2714285714,0.223663548753,9214.16959503,7.0,
1799.53988095,0.907160262033,0.241873582766,0.678259679036,0.0890123102216,1.53128154609,10.9660714286,0.241873582766,9689.35882733,7.0,
1547.63690476,0.91410912087,0.247351899093,0.68155283217,0.0810841064697,1.51272725892,10.1488095238,0.247351899093,9009.32043332,7.0,
1761.80119048,0.906252656041,0.2390625,0.687002280369,0.0898636649794,1.52608069223,10.705952381,0.2390625,9396.09997768,7.0,
1697.28988095,0.907059257008,0.238418367347,0.679925106462,0.0854342076433,1.55132391527,10.8970238095,0.238418367347,9129.15879969,7.0,
1689.50714286,0.907330250559,0.242621882086,0.677552618102,0.0883922188911,1.51356597202,10.680952381,0.242621882086,9114.8962996,7.0,
1573.18214286,0.916371227599,0.240053854875,0.667682274575,0.0830508934926,1.54498577397,10.1119047619,0.240053854875,9410.38136586,7.0,
1730.67857143,0.90449064076,0.241725481859,0.66716872061,0.0834803557339,1.55764890855,11.0226190476,0.241725481859,9061.66868941,7.0,
1886.87202381,0.897091836388,0.217517715419,0.661815807828,0.0957223050182,1.60276697366,11.9113095238,0.217517715419,9172.33759611,7.0,
1750.69642857,0.905769301441,0.224788123583,0.666257240344,0.0985724481945,1.56976343455,10.8654761905,0.224788123583,9289.56743197,7.0,
1788.24404762,0.902022212248,0.219193594104,0.662675029956,0.0936844949273,1.59834706702,11.3369047619,0.219193594104,9125.79444728,7.0,
1933.1327381,0.89556888113,0.237793367347,0.667748085854,0.0909119340326,1.54829684078,11.7732142857,0.237793367347,9258.84635603,7.0,
2200.30059524,0.869359418661,0.167249858277,0.613226285943,0.0969395953336,1.7816574972,14.2267857143,0.167249858277,8429.11932974,7.0,
2029.80119048,0.890509656074,0.230711451247,0.688195828774,0.0902795657764,1.53744812156,12.1595238095,0.230711451247,9273.59582625,7.0,
1843.80952381,0.898603011865,0.242137896825,0.682494628839,0.0953857730777,1.50086203694,11.2928571429,0.242137896825,9095.80371209,7.0,
1915.38809524,0.894429997919,0.223509778912,0.676265249463,0.0910560223739,1.54354053926,11.8380952381,0.223509778912,9078.33478635,7.0,
2032.39107143,0.889405700508,0.221174178005,0.669428694424,0.095168529691,1.55548319195,12.5672619048,0.221174178005,9191.85716279,7.0,
2035.4625,0.89303272744,0.233495606576,0.683350676806,0.0955965737526,1.52502816537,12.0910714286,0.233495606576,9522.31186021,7.0,
