697.158781694,0.961596248075,0.250385203556,0.727969064555,0.10587177968,1.54439911903,5.06447124304,0.250385203556,9076.70145158,1.0,
705.54089363,0.961779819494,0.268692949716,0.751141043506,0.110320984155,1.43839435673,4.88242115028,0.268692949716,9230.45415667,1.0,
654.9067718,0.966059811268,0.25748203228,0.747252901366,0.110612020666,1.48662651517,4.55349412492,0.25748203228,9649.0871083,1.0,
615.782312925,0.966607614052,0.27273100166,0.759138779935,0.106499851613,1.43201056336,4.35807050093,0.27273100166,9220.40003203,1.0,
618.389223871,0.967630260747,0.264633575924,0.752206509049,0.109698773015,1.44577418674,4.2774427953,0.264633575924,9551.70392448,1.0,
541.553880643,0.970791420064,0.267478046624,0.757420486276,0.10726790382,1.43311537817,3.8932436611,0.267478046624,9269.90869234,1.0,
684.447047001,0.962866331113,0.271679514275,0.754473562916,0.106452384201,1.43327833963,4.71559987631,0.271679514275,9215.20121025,1.0,
652.064471243,0.965285780876,0.271044711245,0.762329306539,0.110780396611,1.39953648957,4.41589363018,0.271044711245,9391.89311614,1.0,
595.590754484,0.967893192052,0.27098576542,0.727912612943,0.0995981258058,1.53115036265,4.49860853432,0.27098576542,9275.12500868,1.0,
585.953463203,0.966370872709,0.26660918134,0.726322192952,0.103111646205,1.5103010042,4.51546072975,0.26660918134,8711.9222478,1.0,
599.527674706,0.966909458598,0.270012597579,0.733475741277,0.104809768812,1.48442496353,4.52025355597,0.270012597579,9058.89794044,1.0,
641.482142857,0.965265787352,0.25885182951,0.732539735925,0.103655702091,1.54086698572,4.5821737786,0.25885182951,9232.66784869,1.0,
539.121985158,0.968678875292,0.268471580176,0.73115438395,0.102272676601,1.49394793879,4.11410018553,0.268471580176,8606.36375913,1.0,
586.788806432,0.966421236416,0.261464233892,0.730902571278,0.103198746237,1.52792466601,4.55009276438,0.261464233892,8737.49870156,1.0,
584.072278912,0.967175116795,0.24869729966,0.72054068034,0.106125899362,1.57540328252,4.45245825603,0.24869729966,8898.48090314,1.0,
665.187461348,0.963418625301,0.260990157434,0.724579308261,0.102212899755,1.53490576535,4.87793753865,0.260990157434,9092.17723797,1.0,
620.70593692,0.966437902172,0.257672255668,0.736988610013,0.110475468762,1.51940064371,4.47510822511,0.257672255668,9246.34439546,1.0,
559.916512059,0.970084321586,0.26747346912,0.734519843089,0.102880546113,1.53091940955,4.20021645022,0.26747346912,9356.68677969,1.0,
678.550247372,0.963276642452,0.248252241949,0.731175434341,0.109762340748,1.55227190721,4.81849103278,0.248252241949,9238.67386694,1.0,
634.610003092,0.965596245411,0.256515413975,0.73487806065,0.110145138008,1.51223465388,4.62391774892,0.256515413975,9222.36859073,1.0,
576.605983302,0.968323181374,0.255218880716,0.742005591818,0.108819615151,1.5070450673,4.19751082251,0.255218880716,9101.07344538,1.0,
556.371134818,0.969291281623,0.254524474517,0.738765407923,0.111344877546,1.50579575253,4.14386209029,0.254524474517,9054.63926432,1.0,
595.426252319,0.96852246187,0.266715957902,0.736591216287,0.106787258699,1.49745695167,4.32111935683,0.266715957902,9457.95458752,1.0,
620.155998763,0.965357239567,0.251958323246,0.738765600929,0.10888326158,1.50279760534,4.45531849103,0.251958323246,8950.69275853,1.0,
676.51399196,0.962881116842,0.258295883851,0.729466454252,0.105417158445,1.53067399374,4.93405998763,0.258295883851,9112.61383799,1.0,
685.869975263,0.962602776096,0.262287909767,0.72425850917,0.101364433296,1.54674272224,5.02705627706,0.262287909767,9168.6109695,1.0,
677.928416821,0.963080714771,0.25167512752,0.727965485986,0.109835666015,1.54636749934,4.92346938776,0.25167512752,9181.22348011,1.0,
599.576530612,0.965807446063,0.257726863023,0.733429962664,0.106267248793,1.53561972205,4.52798392084,0.257726863023,8767.64765396,1.0,
634.308828077,0.96354425655,0.251001529245,0.723699403849,0.104286627525,1.5904363346,4.81501236858,0.251001529245,8699.73470201,1.0,
593.758658009,0.967130335184,0.256329863705,0.717150193546,0.0986725651228,1.55588134578,4.72881880025,0.256329863705,9032.03605993,1.0,
678.042903525,0.961216504131,0.258209986924,0.730944159413,0.104751066309,1.5566033823,4.96838280767,0.258209986924,8741.55612884,1.0,
620.755179344,0.964457851926,0.247166465113,0.728990452614,0.110644019068,1.5360628857,4.54924242424,0.247166465113,8733.72154967,1.0,
554.04321274,0.969571130375,0.248343553,0.736342733182,0.110718625376,1.52665627542,4.15793135436,0.248343553,9104.36559438,1.0,
564.299397032,0.967941426213,0.267928996527,0.734763053612,0.106827634196,1.52530905089,4.29707792208,0.267928996527,8801.99741278,1.0,
501.018320965,0.971672058373,0.27245204879,0.748686812867,0.105162590411,1.45011309349,3.83495670996,0.27245204879,8842.86281086,1.0,
581.101808905,0.967205881182,0.269838616562,0.740118904119,0.105584299549,1.49662584183,4.3566017316,0.269838616562,8859.23346132,1.0,
723.51631107,0.961947047301,0.264073506926,0.742414992817,0.108836994724,1.51424960835,4.92586580087,0.264073506926,9507.23258828,1.0,
648.037878788,0.96369270868,0.25741871213,0.723760062327,0.104667690454,1.56215298661,4.82529375387,0.25741871213,8926.18292598,1.0,
591.460265925,0.967034508149,0.26672839963,0.724597738639,0.0982704385681,1.59600904234,4.50432900433,0.26672839963,8970.9000643,1.0,
589.667671614,0.966537722414,0.259354279323,0.729913532318,0.102248765677,1.54595709103,4.47286641929,0.259354279323,8809.22478628,1.0,
611.652520099,0.966507796457,0.244544571075,0.712068104378,0.103233440786,1.55593366981,4.65793135436,0.244544571075,9129.16116234,1.0,
600.163265306,0.967205383867,0.260705419937,0.742096479678,0.108061441717,1.49031160189,4.33982683983,0.260705419937,9149.72904535,1.0,
648.468460111,0.96407880837,0.261018913244,0.732991914713,0.105597135539,1.53585862931,4.73546691404,0.261018913244,9026.26598244,1.0,
629.4894094,0.964492789108,0.269891180175,0.732080891987,0.100838213145,1.52717004494,4.75471552257,0.269891180175,8863.5177291,1.0,
591.954004329,0.96587813468,0.26286466335,0.726518464075,0.104834547361,1.52180350262,4.48322510823,0.26286466335,8673.90707465,1.0,
667.999613482,0.960942614029,0.247296224809,0.718670041575,0.106698027289,1.57429645331,4.91318800247,0.247296224809,8552.47119328,1.0,
600.103509586,0.965586747351,0.263520597,0.730763069562,0.104133890942,1.54590737646,4.54243970315,0.263520597,8719.23183251,1.0,
642.628710575,0.964654232076,0.263945743165,0.734229522814,0.104508938565,1.52386224478,4.6430890538,0.263945743165,9091.36685822,1.0,
597.613636364,0.966859798963,0.258817958369,0.733288450833,0.107460329792,1.52647576648,4.39455782313,0.258817958369,9016.4455506,1.0,
588.030689549,0.968126338376,0.260476365449,0.745996552451,0.111325699831,1.46544240326,4.20879715523,0.260476365449,9225.09437379,1.0,
544.454004329,0.97140092418,0.245198054625,0.732974959979,0.112107816685,1.54448138618,3.98709029066,0.245198054625,9515.17875113,2.0,
531.737399505,0.971728340982,0.243633611875,0.744168798804,0.114952681005,1.50659394833,3.90081941868,0.243633611875,9399.18830869,2.0,
599.608225108,0.966474851032,0.244324384755,0.736296884863,0.112137584495,1.48826044442,4.41697588126,0.244324384755,8942.91566229,2.0,
573.006493506,0.969247004893,0.243407593121,0.738647488458,0.1121985783,1.54216569778,4.19140383426,0.243407593121,9318.12130649,2.0,
639.935142239,0.966205947104,0.231910958148,0.731843255369,0.119048961479,1.53277391995,4.46374458874,0.231910958148,9468.50814494,2.0,
634.231679035,0.965251501349,0.22503484162,0.723447663698,0.116752553912,1.58495224475,4.59933518862,0.22503484162,9126.66384198,2.0,
634.345701917,0.965331003784,0.229828791302,0.723561930093,0.113352943877,1.59618923792,4.6402288188,0.229828791302,9148.61699011,2.0,
688.491187384,0.962997222653,0.230002628898,0.732251407423,0.118806848585,1.5323391227,4.85451453309,0.230002628898,9301.6639461,2.0,
741.520640074,0.961501224859,0.226818610167,0.724712503552,0.115981924179,1.59581359648,5.03780148423,0.226818610167,9630.79035779,2.0,
744.119356834,0.95991226411,0.2234345796,0.721275911212,0.116652748593,1.61304989156,5.23407544836,0.2234345796,9283.41865209,2.0,
648.878401361,0.964062043295,0.246936992315,0.738976898515,0.110107432591,1.52483419977,4.65267470625,0.246936992315,9029.98542087,2.0,
676.391388374,0.962419872357,0.239748565699,0.72909110202,0.111034934261,1.58151411174,4.85892084106,0.239748565699,8998.68682212,2.0,
540.96482684,0.96967104415,0.237208254022,0.733710390589,0.114066883361,1.52360213884,4.06794990724,0.237208254022,8919.60867865,2.0,
656.692949907,0.963217100962,0.239381970953,0.724684165126,0.111033630692,1.5617237402,4.84863945578,0.239381970953,8928.25278622,2.0,
547.494743352,0.971244771988,0.252950685531,0.742518319293,0.111392726348,1.49790328866,3.97634508349,0.252950685531,9520.56700005,2.0,
519.440398887,0.972180387704,0.252526949668,0.741100510285,0.110409158326,1.47043777287,3.7774427953,0.252526949668,9324.91933819,2.0,
633.15530303,0.966023686903,0.241559380963,0.740385679034,0.115764189261,1.51118564448,4.45817872604,0.241559380963,9317.3597878,2.0,
787.927489177,0.957467050907,0.235801227221,0.728258461728,0.113103760052,1.54491480753,5.41171923315,0.235801227221,9263.83969862,2.0,
692.708333333,0.963460762586,0.238007859156,0.738361602368,0.116170172076,1.52546470652,4.78285405071,0.238007859156,9479.32122853,2.0,
560.633039579,0.968725648633,0.230808436969,0.729126304663,0.115650367916,1.54744160611,4.19132653061,0.230808436969,8956.9714191,2.0,
819.422309833,0.953338553774,0.216640248611,0.704204844792,0.108718177791,1.66064289299,5.94055349412,0.216640248611,8780.51342401,2.0,
665.284632035,0.96419660756,0.244162964984,0.735283126805,0.110244474064,1.55555001611,4.73361162647,0.244162964984,9292.07392361,2.0,
662.380024737,0.963655988458,0.22697122153,0.724743668276,0.115271025344,1.56393696805,4.7741187384,0.22697122153,9112.64327506,2.0,
670.404529994,0.965008382391,0.23820603043,0.736513040814,0.117986224503,1.47132166663,4.63365800866,0.23820603043,9581.43766097,2.0,
654.27945269,0.964436858587,0.231124810637,0.726547440337,0.112567102288,1.53238121526,4.75827149041,0.231124810637,9199.00648572,2.0,
684.856601732,0.963564525969,0.228881821605,0.728198914164,0.115408258915,1.57775322816,4.88226654298,0.228881821605,9400.37294232,2.0,
606.430658627,0.967027269408,0.238069482164,0.736733178738,0.113759764246,1.55139041141,4.4114873222,0.238069482164,9198.32216693,2.0,
563.820732839,0.969109505968,0.238619798569,0.733653710197,0.115405106575,1.54978586074,4.11696042053,0.238619798569,9124.96808153,2.0,
671.279066172,0.962897563961,0.22887178217,0.728516064828,0.114365996743,1.5679368103,4.81802721088,0.22887178217,9045.97487904,2.0,
699.515151515,0.961453814234,0.233102866153,0.734346648614,0.115367141439,1.55359056864,4.9025974026,0.233102866153,9073.72723945,2.0,
597.89216141,0.968734782161,0.23591100366,0.738688542181,0.118680341821,1.52865607359,4.17246444032,0.23591100366,9561.48726451,2.0,
663.410791589,0.96469235701,0.228652193435,0.731619572654,0.116431728722,1.59155090844,4.71598639456,0.228652193435,9394.71932149,2.0,
658.498531231,0.963934756899,0.242451826967,0.739129659825,0.112348535566,1.50247014327,4.68174087817,0.242451826967,9130.03613187,2.0,
694.934910328,0.962961392033,0.22992862392,0.727022159692,0.119042754192,1.57565187683,4.90538033395,0.22992862392,9381.22338393,2.0,
638.817176871,0.965780217348,0.236766184238,0.739096993855,0.117976503478,1.52803276223,4.55465367965,0.236766184238,9332.81328865,2.0,
658.494975263,0.963118249873,0.238237499278,0.73650805063,0.115240865541,1.51373645817,4.66226035869,0.238237499278,8929.29559415,2.0,
787.199520717,0.957165430073,0.221719103113,0.722296026077,0.118394733746,1.56635343639,5.49296536797,0.221719103113,9190.49388265,2.0,
616.573129252,0.966048886494,0.236764116593,0.73568494073,0.117083573325,1.4710056031,4.42949907236,0.236764116593,9078.64849063,2.0,
561.610853432,0.97035194982,0.24886955963,0.754805742679,0.120142053758,1.43785056702,3.87987012987,0.24886955963,9469.34542139,2.0,
571.11672851,0.968865844906,0.23793798947,0.735387454621,0.114823523399,1.51868306401,4.18970315399,0.23793798947,9174.0091125,2.0,
631.422309833,0.964757073078,0.243564483195,0.738218183985,0.113376673339,1.48703527273,4.49853123067,0.243564483195,8955.38281511,2.0,
660.114486704,0.965126699175,0.244849327683,0.739047042704,0.115950607891,1.50522518636,4.67246444032,0.244849327683,9464.08640742,2.0,
660.478200371,0.963175167329,0.233826769168,0.730350330992,0.117086258755,1.53961696451,4.71598639456,0.233826769168,8970.67309838,2.0,
618.381338899,0.965337831626,0.223988111014,0.714737962939,0.113042992773,1.57660041117,4.57119666048,0.223988111014,8923.47663858,2.0,
706.153370439,0.960360656044,0.227265317214,0.730133398698,0.119990184567,1.51099876705,4.97510822511,0.227265317214,8908.66998979,2.0,
789.031462585,0.958150099353,0.221525879847,0.728318076399,0.120991557643,1.55355824599,5.23987322202,0.221525879847,9429.6736303,2.0,
633.750386518,0.96699318834,0.249667144926,0.745696832114,0.108516047716,1.52461285812,4.46405380334,0.249667144926,9600.6139953,2.0,
716.795531849,0.960175081776,0.227134828463,0.72866364738,0.115457995806,1.55663734959,5.12716450216,0.227134828463,8995.35772919,2.0,
618.539424861,0.96638851665,0.23054901319,0.727745392402,0.11451569704,1.56261680068,4.51917130489,0.23054901319,9201.32597973,2.0,
724.998917749,0.960120951453,0.235714792467,0.72637119503,0.111513093425,1.55511577026,5.20315398887,0.235714792467,9089.97260668,2.0,
753.151824366,0.961260852183,0.250218429419,0.742472549294,0.110728849291,1.50361102941,5.05766852195,0.250218429419,9720.81043099,3.0,
918.209724799,0.950409204308,0.234530760637,0.736474649165,0.111073001193,1.51983665166,6.15607606679,0.234530760637,9258.30855394,3.0,
643.844233148,0.965143318149,0.263916831983,0.750190230285,0.108630517665,1.45509946144,4.51399196042,0.263916831983,9235.83640155,3.0,
897.052489177,0.95096835344,0.24510412615,0.739132694774,0.111641131525,1.48777553291,5.98276128633,0.24510412615,9148.69044673,3.0,
680.366419295,0.963960788698,0.250611533054,0.740955139243,0.114182613182,1.48971355752,4.71103896104,0.250611533054,9440.02700555,3.0,
724.029529994,0.961218342136,0.253829793429,0.749333089487,0.111608604943,1.45253203044,4.91697588126,0.253829793429,9334.69028744,3.0,
713.614718615,0.961846088764,0.262700709817,0.752714080013,0.112127958911,1.43242998883,4.83085961657,0.262700709817,9351.7898361,3.0,
640.681277056,0.965764924685,0.250314222361,0.738841680635,0.108703991053,1.49462073943,4.56810451453,0.250314222361,9356.99400159,3.0,
787.077149041,0.958813616915,0.254658955138,0.753436594079,0.114929671672,1.39202401454,5.04019789734,0.254658955138,9555.06517065,3.0,
672.304112554,0.965248463705,0.251373095902,0.753768887514,0.114501215575,1.42970815398,4.53308596166,0.251373095902,9673.01282509,3.0,
735.666357452,0.96188082582,0.267572847574,0.753009652896,0.108715236859,1.43589249945,4.92316017316,0.267572847574,9649.55790995,3.0,
704.574134199,0.963335140152,0.246875799569,0.742130541941,0.112585910759,1.48375092383,4.81965058751,0.246875799569,9607.39732165,3.0,
643.308596166,0.965173894311,0.251908400961,0.741620920463,0.109592016621,1.49015288986,4.53865182437,0.251908400961,9236.96054352,3.0,
679.99598021,0.96331794384,0.247626964431,0.742380941554,0.110803100269,1.47366041608,4.73469387755,0.247626964431,9270.39345837,3.0,
371.129174397,0.980979944083,0.271491262919,0.762581963373,0.112333650194,1.38868252917,2.8810296846,0.271491262919,9734.47376994,3.0,
473.565321583,0.974599553126,0.269224764876,0.752650035652,0.109196430961,1.42633024417,3.50548855906,0.269224764876,9309.81957075,3.0,
757.727504638,0.959899810741,0.250417030955,0.731823672537,0.108301610635,1.49813525987,5.21420841064,0.250417030955,9448.29997442,3.0,
645.612244898,0.965039088969,0.258251411545,0.740256740252,0.107065560803,1.48746509682,4.60745207174,0.258251411545,9233.34412429,3.0,
876.547000618,0.954593952131,0.260289345119,0.739622195749,0.110107511203,1.49846880298,5.73423005566,0.260289345119,9652.31551484,3.0,
766.037105751,0.959830985048,0.252450136039,0.738378574293,0.108661919812,1.50112085795,5.11471861472,0.252450136039,9536.30129382,3.0,
752.604514533,0.960103772808,0.255887961245,0.740386605353,0.108945706715,1.49188348912,5.19465058751,0.255887961245,9432.02612762,3.0,
611.036564626,0.966144863995,0.251187784666,0.728959857543,0.104877741536,1.55654897093,4.61108534323,0.251187784666,9024.28875363,3.0,
632.584260977,0.965182887046,0.250811281954,0.738343796051,0.109537424005,1.50334344189,4.55859616574,0.250811281954,9085.25184879,3.0,
734.474025974,0.959241094411,0.253571038946,0.734425672549,0.104095115446,1.51523193277,5.22912801484,0.253571038946,9009.73817111,3.0,
713.08812616,0.961538952616,0.244419950614,0.728760780189,0.109057271783,1.51390741484,5.05071119357,0.244419950614,9270.264003,3.0,
663.385667904,0.964348596986,0.267423451221,0.754897441958,0.111175802655,1.42250082514,4.56903215832,0.267423451221,9304.00352351,3.0,
699.697124304,0.962802369697,0.24780509269,0.743201063264,0.113543391218,1.47188914807,4.8354978355,0.24780509269,9405.13036177,3.0,
644.987554113,0.965306560274,0.263246831172,0.748796485482,0.109487401668,1.43615767901,4.57227891156,0.263246831172,9295.99349234,3.0,
679.024814471,0.963379393238,0.259904643535,0.743503000628,0.111187987661,1.49545758615,4.75224180581,0.259904643535,9270.03462706,3.0,
744.262213976,0.960671107615,0.253496986162,0.752798369935,0.113512178872,1.43604425082,4.97773654917,0.253496986162,9461.79149046,3.0,
682.95253556,0.961683216222,0.24948169027,0.73432046381,0.109030786594,1.51135859055,4.88311688312,0.24948169027,8911.92407367,3.0,
651.911178108,0.964263879248,0.259730746181,0.743570936954,0.108031520082,1.48782783525,4.68529684601,0.259730746181,9121.49784709,3.0,
786.999072356,0.958779690021,0.248744114501,0.738649158367,0.113553917291,1.52487103119,5.20423623995,0.248744114501,9546.25368839,3.0,
690.817717996,0.96310889176,0.249420856075,0.730675391154,0.110113745775,1.53796646132,4.88311688312,0.249420856075,9363.04135521,3.0,
772.842996289,0.958811546282,0.246274927439,0.733169088289,0.110761174501,1.55555632244,5.28501855288,0.246274927439,9382.42263319,3.0,
558.604978355,0.969356948727,0.266203719639,0.74225070247,0.108680994682,1.46587289275,4.08116883117,0.266203719639,9107.8978312,3.0,
684.346320346,0.961434326938,0.259224149124,0.7313729442,0.104201535001,1.52602286322,5.00834879406,0.259224149124,8872.47992856,3.0,
745.309291899,0.960281934642,0.258189645116,0.732595889515,0.106389754896,1.48516315789,5.23044217687,0.258189645116,9382.46201368,3.0,
724.424397032,0.9623597349,0.264100015814,0.742149326719,0.107871806137,1.4639810994,4.90615337044,0.264100015814,9624.25066349,3.0,
672.65847248,0.96444177121,0.254948413559,0.738380179692,0.10714165991,1.53338652331,4.77288188002,0.254948413559,9459.62727948,3.0,
624.595701917,0.965348662651,0.244801317671,0.729389686083,0.109711091825,1.55996089295,4.56570810142,0.244801317671,9014.05273988,3.0,
643.177952999,0.965225350155,0.251472761196,0.740225393037,0.110608853766,1.48645837822,4.54019789734,0.251472761196,9248.26871351,3.0,
709.812770563,0.960973997022,0.254658465118,0.734083079568,0.107937052695,1.51161708703,5.12012987013,0.254658465118,9094.10029725,3.0,
750.803494125,0.958176755577,0.254569879056,0.738517675713,0.109220955276,1.49879793476,5.28153988868,0.254569879056,8975.91165496,3.0,
631.413651824,0.967178849019,0.260891400469,0.733307937386,0.104851796767,1.52606734989,4.47302102659,0.260891400469,9619.80872857,3.0,
607.329931973,0.967766336808,0.24778116537,0.741847451804,0.112013377403,1.47844669404,4.3109152752,0.24778116537,9420.34758302,3.0,
659.726345083,0.963939930869,0.262561161672,0.743013123612,0.107603264548,1.47362605602,4.69171304886,0.262561161672,9148.169419,3.0,
614.626777984,0.967528132854,0.246675656264,0.733210950592,0.109358369815,1.52316971568,4.49922696351,0.246675656264,9462.03308783,3.0,
677.381880025,0.963316870603,0.263084957236,0.731870155427,0.103385081555,1.53559409578,5.0241187384,0.263084957236,9232.60724743,3.0,
629.271954236,0.966120789225,0.257606377852,0.736022246843,0.104701766495,1.50683394596,4.57204700062,0.257606377852,9286.87251415,3.0,
790.880333952,0.957477173923,0.216660016736,0.701762552361,0.113049087909,1.64889497226,5.57220160792,0.216660016736,9302.47144381,4.0,
728.688002474,0.95905705545,0.211316551414,0.714616320548,0.11800689469,1.61568378451,5.2806122449,0.211316551414,8900.0096551,4.0,
576.245670996,0.968264073753,0.23675793756,0.729702498708,0.114403739566,1.49531292753,4.23716759431,0.23675793756,9080.04270503,4.0,
792.48770872,0.955623752193,0.218889679614,0.713487702773,0.113942615386,1.60707198399,5.59284168213,0.218889679614,8930.59812773,4.0,
655.267238714,0.965302563482,0.228019864408,0.733669441011,0.120066215128,1.50798770054,4.5093537415,0.228019864408,9440.33818688,4.0,
663.264687693,0.963808723436,0.227897263785,0.723489418934,0.110822719695,1.56725471054,4.76762523191,0.227897263785,9163.33767831,4.0,
824.858920841,0.954695179621,0.216662538547,0.713844062821,0.117008127977,1.60326554652,5.75347866419,0.216662538547,9105.46176538,4.0,
827.903061224,0.9537826247,0.224537829834,0.716916863267,0.1136651507,1.54702545609,5.69434137291,0.224537829834,8956.62135563,4.0,
910.618351886,0.95260786738,0.223451276136,0.729406548591,0.12023715094,1.50573462342,5.81764069264,0.223451276136,9610.49899406,4.0,
749.159863946,0.9586883216,0.211989635765,0.715764482788,0.117418118552,1.59489285858,5.36440940012,0.211989635765,9067.49177015,4.0,
555.943722944,0.970751685836,0.24618068822,0.744683805895,0.115285149929,1.44655679529,4.024427953,0.24618068822,9498.66846518,4.0,
578.432591218,0.967979044673,0.223472370901,0.707019387415,0.112180588721,1.62151973046,4.40089672233,0.223472370901,9034.79075877,4.0,
633.527520099,0.963429997928,0.22759273426,0.710105951827,0.111246136017,1.60524891204,4.86348175634,0.22759273426,8663.93221505,4.0,
669.018166357,0.96151414195,0.224464470249,0.703213072267,0.110145665979,1.63430780797,5.12020717378,0.224464470249,8694.09910634,4.0,
725.882807669,0.959467997592,0.219824147824,0.699969590932,0.110122286131,1.62276332292,5.34059987631,0.219824147824,8954.44049818,4.0,
779.131261596,0.957984525303,0.225492544238,0.702908014607,0.110235168529,1.65021617136,5.60837971552,0.225492544238,9275.02997224,4.0,
679.41674397,0.962204149604,0.218396779215,0.698096642861,0.108225287976,1.67421992481,5.15592145949,0.218396779215,8988.50873457,4.0,
606.934059988,0.966011904322,0.230158001105,0.709746716653,0.10823399425,1.64059513802,4.67107297464,0.230158001105,8932.40846413,4.0,
765.114641311,0.956023768493,0.212964476846,0.693030703274,0.112240886332,1.65211814835,5.56748608534,0.212964476846,8703.49372715,4.0,
666.991032777,0.960228790459,0.214549775327,0.692656092723,0.107648825364,1.67150868828,5.23438466296,0.214549775327,8383.08732367,4.0,
395.029529994,0.977668409745,0.255411303218,0.728621239489,0.105753894925,1.52460388888,3.304576376,0.255411303218,8840.62673352,4.0,
683.059059988,0.962262209143,0.220523609596,0.713261990276,0.116520484832,1.60559008215,5.0058750773,0.220523609596,9051.44752308,4.0,
622.579854669,0.965339105374,0.223057825902,0.714357638023,0.112004226031,1.61559760801,4.71235312307,0.223057825902,8979.73463746,4.0,
646.922387137,0.962229706254,0.226435522064,0.701988171289,0.104421824641,1.64385550555,5.04591836735,0.226435522064,8565.09624286,4.0,
760.550943105,0.955419609724,0.212077313497,0.690007926907,0.110709609189,1.66968581982,5.7530148423,0.212077313497,8530.12852586,4.0,
707.442949907,0.961188454282,0.215449607487,0.718638635014,0.119125831233,1.51690963308,4.98469387755,0.215449607487,9114.85854608,4.0,
763.841372913,0.959578004009,0.21624822063,0.729721139587,0.123944933465,1.55451005867,5.16558441558,0.21624822063,9450.33646978,4.0,
735.205550402,0.959053187899,0.213322287087,0.716814857548,0.119432010191,1.58678223369,5.24543908472,0.213322287087,8977.96930647,4.0,
869.285095857,0.952458605901,0.213996482947,0.719357847975,0.118365722833,1.57545156884,5.85265924552,0.213996482947,9142.40224057,4.0,
712.145717378,0.962518371578,0.230405269996,0.741587920274,0.117455922807,1.4996341381,4.88752319109,0.230405269996,9501.0126509,4.0,
734.598562152,0.960923906379,0.216207142609,0.725362300751,0.122079905861,1.53539232247,5.03702844774,0.216207142609,9401.12340881,4.0,
459.093305504,0.976162882341,0.241404116321,0.75089280172,0.11744470587,1.45599852652,3.34763450835,0.241404116321,9632.58375897,4.0,
714.837971552,0.960384044636,0.224542801744,0.723510508209,0.115192904659,1.5628276651,5.08982683983,0.224542801744,9022.0968418,4.0,
737.347093383,0.960853395123,0.222654216716,0.73010375606,0.11918964529,1.5357818973,5.09400123686,0.222654216716,9417.76554697,4.0,
705.092223253,0.963529572701,0.237363399146,0.738119514725,0.113604388503,1.50669777152,4.86835188621,0.237363399146,9668.01857488,4.0,
722.834802103,0.960716891166,0.224402644062,0.732186920503,0.118224299376,1.56638402452,5.07923623995,0.224402644062,9199.74482985,4.0,
550.279684601,0.969538761126,0.227469787038,0.729050563111,0.116400085176,1.54585127262,4.10296846011,0.227469787038,9035.58764857,4.0,
583.908163265,0.968929190497,0.23509148698,0.735028622289,0.115535651482,1.53240008201,4.24752628324,0.23509148698,9398.14116172,4.0,
605.041898578,0.96652674604,0.217633160674,0.70901717633,0.113540159736,1.61592815864,4.59214594929,0.217633160674,9040.11376171,4.0,
988.881802721,0.947570036808,0.222705429785,0.727399274656,0.119938013153,1.52229823053,6.3626314162,0.222705429785,9430.62135632,4.0,
660.144403216,0.965247392335,0.225305643425,0.731102932628,0.120157085563,1.52344823055,4.62275819419,0.225305643425,9495.508385,4.0,
719.308828077,0.962361893524,0.219305658818,0.732851248001,0.120785845355,1.55278753271,4.92586580087,0.219305658818,9555.61589854,4.0,
786.290970934,0.958223790023,0.219247226917,0.73955717962,0.122971783121,1.52276959892,5.18027210884,0.219247226917,9413.49306435,4.0,
682.936379097,0.962349155377,0.230473848898,0.726648929103,0.11522824633,1.51193727145,4.88072047001,0.230473848898,9071.45875899,4.0,
606.280534941,0.968573639904,0.233395216888,0.736599872344,0.118225735977,1.51538445393,4.33371985158,0.233395216888,9646.93633621,4.0,
494.361935683,0.973609422797,0.229939727057,0.744488884101,0.123148481484,1.48623317107,3.59941249227,0.229939727057,9362.35406983,4.0,
651.126777984,0.965261898924,0.235325991447,0.739144570285,0.116547244787,1.50763543654,4.63837353123,0.235325991447,9369.60029964,4.0,
735.562384045,0.959800668409,0.222515385673,0.722931006453,0.11532944277,1.54792195618,5.2106524428,0.222515385673,9151.84690226,4.0,
762.947124304,0.958297872396,0.212552417802,0.717027979356,0.120934225748,1.60525954314,5.44851576994,0.212552417802,9147.58032915,4.0,
584.791202845,0.96865871135,0.227661492438,0.742420709306,0.120745602791,1.50140053779,4.09778911565,0.227661492438,9331.85059526,4.0,
782.396490414,0.956412477654,0.202010329909,0.700486826802,0.118416281133,1.69363012837,5.58681199753,0.202010329909,8978.60175605,5.0,
707.095624613,0.960166057798,0.199075803088,0.712943896338,0.122604720575,1.61294220157,5.14989177489,0.199075803088,8878.3657622,5.0,
785.662337662,0.9579837353,0.206108618463,0.721441494062,0.122136315322,1.56932058343,5.39332096475,0.206108618463,9348.93939907,5.0,
782.172696351,0.955230445719,0.191694942018,0.696310920243,0.118902357686,1.68912256754,5.72247990105,0.191694942018,8735.54259041,5.0,
667.979128015,0.963712687502,0.200884945112,0.718749058187,0.126427220676,1.60788594964,4.83039579468,0.200884945112,9210.29417356,5.0,
707.072742733,0.959457304003,0.203038105105,0.69241480993,0.112157723824,1.69132581805,5.32243351886,0.203038105105,8719.18643594,5.0,
631.865800866,0.964266049408,0.211318571253,0.695437969151,0.112289020803,1.66540534079,4.86750154607,0.211318571253,8844.07747604,5.0,
675.600262832,0.963167996295,0.216082677519,0.703295870019,0.111873358453,1.65631255097,5.12469078541,0.216082677519,9175.41373606,5.0,
577.681895485,0.966111585848,0.20984653911,0.678857682699,0.1059286174,1.70485073412,4.78254483612,0.20984653911,8526.75105631,5.0,
715.452844774,0.961548268398,0.215115282353,0.713463448375,0.117572175574,1.61524686822,5.02674706246,0.215115282353,9305.78705684,5.0,
709.838899196,0.960142050084,0.203641307819,0.69345802156,0.114346978869,1.67010658693,5.37414965986,0.203641307819,8903.70466414,5.0,
413.127860235,0.978234567279,0.226553676651,0.716280748932,0.111599099308,1.56451059493,3.39996907854,0.226553676651,9488.24660767,5.0,
552.4322047,0.96865357524,0.214249118155,0.702345955431,0.109775777202,1.66426786334,4.43375077304,0.214249118155,8814.77030396,5.0,
687.448824985,0.961334702558,0.208013613187,0.699562474245,0.113548851198,1.6474296468,5.13790970934,0.208013613187,8891.67295161,5.0,
772.413883735,0.95573939081,0.206585443814,0.682003655529,0.107777646019,1.69648906853,5.86781076067,0.206585443814,8727.38892233,5.0,
626.764455782,0.964415330969,0.212858513001,0.694146520044,0.108248459908,1.70141102647,4.96250773036,0.212858513001,8811.08000796,5.0,
625.251391466,0.964716528443,0.200489666266,0.689012793622,0.111557387264,1.71143931354,4.97526283241,0.200489666266,8865.40499419,5.0,
601.282699443,0.967037720212,0.211841040177,0.706491250068,0.115701301101,1.63281564778,4.52775200989,0.211841040177,9123.75234809,5.0,
635.757189239,0.964191829882,0.203878154821,0.691609720147,0.114917418212,1.71856124024,4.99914965986,0.203878154821,8882.11928253,5.0,
775.090058751,0.95785330677,0.209558885397,0.706195045728,0.116584785956,1.66177796398,5.4666821274,0.209558885397,9196.62783877,5.0,
582.889069264,0.967437432631,0.20597650428,0.70130043376,0.113288933824,1.69441367407,4.59191403834,0.20597650428,8954.59870641,5.0,
774.229978355,0.955515926889,0.205096631473,0.69638630654,0.113156944624,1.67963987923,5.76167285096,0.205096631473,8702.22489904,5.0,
676.648500309,0.963448199586,0.211344805252,0.706184278272,0.116246552398,1.62572358277,4.92756648114,0.211344805252,9262.39720198,5.0,
746.719155844,0.957221307737,0.198856955359,0.690697815645,0.114765400914,1.7273944742,5.64664502165,0.198856955359,8731.75039542,5.0,
737.909090909,0.958785668285,0.197074609064,0.6992545674,0.119040911296,1.70731721509,5.38991960421,0.197074609064,8952.09336407,5.0,
607.136672851,0.964785361823,0.200597900936,0.683276687647,0.111525098656,1.75752120718,4.94743351886,0.200597900936,8625.36247824,5.0,
698.019480519,0.958362011269,0.207466452033,0.688817482318,0.109638438322,1.68393753251,5.42285095857,0.207466452033,8382.00285115,5.0,
461.790197897,0.975193329746,0.252654761235,0.726313128096,0.105800008351,1.56489830397,3.76298701299,0.252654761235,9290.7850132,5.0,
684.233611626,0.960334854198,0.20180386415,0.692224683422,0.113669616902,1.71385322504,5.33781694496,0.20180386415,8625.64903006,5.0,
630.3538188,0.963595257897,0.211090855356,0.696635923421,0.110405496661,1.66954823605,4.98770871985,0.211090855356,8661.17567481,5.0,
397.429962894,0.978259189912,0.234499315693,0.72064061491,0.112259539326,1.60270224251,3.451144094,0.234499315693,9137.87989184,5.0,
669.634431045,0.961076629593,0.199592547144,0.689404915899,0.115237998454,1.7223932653,5.2162183055,0.199592547144,8602.68375783,5.0,
750.92965368,0.953314197749,0.196122356712,0.67120938447,0.108397525743,1.76327038635,5.92022263451,0.196122356712,8042.37709824,5.0,
616.433673469,0.96407521638,0.207423927855,0.697919401313,0.114587262434,1.65074218091,4.93166357452,0.207423927855,8575.96565597,5.0,
638.973639456,0.96138786393,0.196867868416,0.679398311109,0.11086231642,1.73582253282,5.26584724799,0.196867868416,8273.31426484,5.0,
686.60953927,0.96168941743,0.191529076211,0.701047813353,0.123454301174,1.68659677187,5.06532158318,0.191529076211,8959.33213253,5.0,
487.58982684,0.972483377419,0.240923848878,0.721321693437,0.106615916168,1.55825813037,3.93336425479,0.240923848878,8849.09482763,5.0,
653.315862709,0.963546606703,0.21896060105,0.708660272994,0.112566695587,1.6642145433,4.89842300557,0.21896060105,8964.6574116,5.0,
610.557436611,0.96427372727,0.199793885621,0.695484780854,0.114304920015,1.67266608841,4.85737476809,0.199793885621,8546.60132286,5.0,
510.950293754,0.971935966475,0.225844653513,0.719163340544,0.108331980973,1.58302595786,4.09376932591,0.225844653513,9105.43173008,5.0,
498.604823748,0.972178184632,0.242605884486,0.731090262679,0.111026323302,1.50626480152,3.8718305504,0.242605884486,8942.6638828,5.0,
532.560683364,0.969927369322,0.223413556545,0.713481368762,0.109889607799,1.62394112758,4.25796227582,0.223413556545,8853.18863253,5.0,
491.079854669,0.97233515458,0.219000710983,0.713685043342,0.115571455171,1.612561436,3.98075139147,0.219000710983,8874.6459841,5.0,
654.036487322,0.963802445489,0.211725634483,0.678173870805,0.104691712858,1.73867254403,5.05256648114,0.211725634483,9034.74036774,5.0,
668.77288188,0.961225106848,0.213226769034,0.693454310938,0.109991535775,1.6936809625,5.24041434756,0.213226769034,8623.50743074,5.0,
552.439239332,0.968679971596,0.218369134914,0.69958010718,0.111151067051,1.65671243113,4.39162028448,0.218369134914,8821.81361956,5.0,
740.128092146,0.958068302316,0.201588829016,0.699565319847,0.115798244196,1.64820726931,5.4179808287,0.201588829016,8824.47711016,5.0,
731.069959802,0.961090651375,0.208068543238,0.716593861528,0.122487878266,1.59013622461,5.12391774892,0.208068543238,9396.68540434,5.0,
555.922155226,0.96976893106,0.228381523099,0.727977474857,0.115171385441,1.54475701755,4.19890228819,0.228381523099,9196.93237323,5.0,
593.193104515,0.96494127221,0.198250131278,0.687498946269,0.112392985902,1.69547805075,4.86502782931,0.198250131278,8465.39474814,5.0,
669.851731602,0.96014993852,0.269017020284,0.684936435911,0.0783743793482,1.72453714468,5.6646567718,0.269017020284,8404.65116891,6.0,
707.271490414,0.961898069803,0.281668321739,0.73621014025,0.0966391986885,1.4908362924,5.04158936302,0.281668321739,9281.30788602,6.0,
714.161410019,0.96177686048,0.28566212846,0.741193374864,0.0967184397482,1.47403071294,4.99752628324,0.28566212846,9340.235363,6.0,
736.649659864,0.960027405145,0.276466269029,0.722662875381,0.0933141486312,1.52704310449,5.31369820656,0.276466269029,9214.43382076,6.0,
728.537337662,0.959215355299,0.284983845115,0.729505272665,0.0940928130917,1.50455618055,5.34856215213,0.284983845115,8931.72403906,6.0,
710.035095857,0.961029798157,0.277795263127,0.724720342832,0.0930789020295,1.52233750552,5.18939393939,0.277795263127,9109.97457379,6.0,
706.020562771,0.961702123876,0.284501521978,0.73549478364,0.0981134846498,1.45709058045,5.06818181818,0.284501521978,9217.23747005,6.0,
592.755797774,0.96926611513,0.29693331836,0.743693529984,0.0945373966681,1.41555079447,4.21389919604,0.29693331836,9643.53837773,6.0,
736.444805195,0.959672460472,0.292610552823,0.73779652754,0.0953371399247,1.43063578897,5.20670995671,0.292610552823,9130.79267691,6.0,
841.508348794,0.954768430864,0.287186927394,0.738768631291,0.0943490788872,1.46898928756,5.82637600495,0.287186927394,9302.22369981,6.0,
778.286100804,0.956952409371,0.28343238192,0.742311671269,0.10042338227,1.44581507407,5.39788188002,0.28343238192,9039.99526382,6.0,
769.635745207,0.958368581471,0.269437075021,0.730777925795,0.0977557869438,1.50827684599,5.40166975881,0.269437075021,9243.82154225,6.0,
723.528756957,0.959305294302,0.269965675172,0.728170961527,0.0985124866937,1.51589912168,5.3172541744,0.269965675172,8889.71605206,6.0,
632.407854051,0.965039259604,0.291218967629,0.753788139752,0.0994392572304,1.40387860356,4.45423623995,0.291218967629,9044.54605054,6.0,
639.363172542,0.966527190121,0.283607629818,0.744474929375,0.104430498949,1.42892775482,4.41512059369,0.283607629818,9550.48552614,6.0,
739.942254174,0.959507184829,0.278806568869,0.735713149175,0.0971330348467,1.48821151508,5.17138218924,0.278806568869,9136.95143957,6.0,
1029.92115028,0.942309267957,0.261234737191,0.717310924074,0.0986398387674,1.54931052333,7.00417439703,0.261234737191,8926.22708884,6.0,
825.392393321,0.956022848856,0.279308970876,0.731979078038,0.0964659568784,1.4903664973,5.70238095238,0.279308970876,9384.33222546,6.0,
773.444650588,0.958510566663,0.269975762414,0.722050558761,0.0975218997963,1.51545770006,5.50788497217,0.269975762414,9321.95673957,6.0,
784.716063698,0.955049454887,0.273875198446,0.73259415609,0.0950677669424,1.52020465368,5.68282312925,0.273875198446,8728.57345422,6.0,
787.594387755,0.957323517734,0.279581398113,0.734612110651,0.0991816798374,1.4702803698,5.4662183055,0.279581398113,9226.97868066,6.0,
819.904839208,0.956643070617,0.276002518846,0.737340869065,0.0997738134975,1.47832445264,5.60103586889,0.276002518846,9455.44263239,6.0,
661.760822511,0.963167934371,0.280847968439,0.736911616645,0.0963903505916,1.50728352785,4.91527520099,0.280847968439,8983.48777359,6.0,
604.242192331,0.966208852617,0.272465040297,0.736447382311,0.0971808038135,1.48491644902,4.51136363636,0.272465040297,8941.2860122,6.0,
767.008967223,0.959290991343,0.28016265749,0.733885987293,0.0983158027448,1.47228905606,5.3900742115,0.28016265749,9420.36820074,6.0,
638.057050093,0.965119260745,0.276826385949,0.733742539388,0.0990012964571,1.47905289163,4.65151515152,0.276826385949,9146.26615888,6.0,
676.019635127,0.963478070115,0.271181677821,0.733232715163,0.10160180645,1.4956609275,4.92006802721,0.271181677821,9255.91886973,6.0,
584.550092764,0.968772029252,0.287874090857,0.738401613027,0.0961187324122,1.45628562768,4.3167903525,0.287874090857,9359.69383639,6.0,
790.011131725,0.95708759852,0.267795531801,0.718942122465,0.0946418112772,1.57333997487,5.67517006803,0.267795531801,9204.49610577,6.0,
766.239795918,0.957773853188,0.283903721437,0.733812172713,0.0966414565901,1.48608149954,5.49134199134,0.283903721437,9073.04897284,6.0,
673.362786023,0.963640665807,0.271776143836,0.733559236638,0.100133447002,1.51011741452,4.82583487941,0.271776143836,9260.32911026,6.0,
905.365800866,0.952960697863,0.267761266254,0.73011177883,0.102122186364,1.49627905951,6.08147804576,0.267761266254,9623.50374838,6.0,
634.409709338,0.967418288354,0.29186839955,0.747726384646,0.0997291619257,1.39549978994,4.33209647495,0.29186839955,9726.48251169,6.0,
754.22309833,0.959841902944,0.285040125709,0.731691520324,0.0946576929239,1.50443644644,5.35868893012,0.285040125709,9390.67278598,6.0,
723.405844156,0.959617674137,0.277359587507,0.736662855329,0.0971481544658,1.44859975597,5.15460729746,0.277359587507,8956.96110474,6.0,
713.925015461,0.960404780395,0.285828866741,0.736064263925,0.0986433112332,1.47477523765,5.08116883117,0.285828866741,9015.21254712,6.0,
701.830550402,0.962862741705,0.287548215581,0.740958543372,0.0992267259408,1.45229913172,4.96660482375,0.287548215581,9449.14329471,6.0,
683.439857761,0.962139645222,0.27763646078,0.727898636752,0.0947923634976,1.52179917799,5.05303030303,0.27763646078,9025.79838154,6.0,
667.363636364,0.964022263102,0.287714989718,0.738496554912,0.0975901600098,1.46920897048,4.69233147805,0.287714989718,9275.96101591,6.0,
845.249226964,0.953298303341,0.284450165488,0.72634049901,0.0894103106944,1.52715135116,6.04684601113,0.284450165488,9049.4488148,6.0,
704.007266543,0.959674520594,0.288425590481,0.727109575886,0.0887233387237,1.52351693096,5.31431663575,0.288425590481,8729.11273124,6.0,
710.546227582,0.961868213666,0.284344512388,0.744601449226,0.100249603049,1.44887857661,5.02922077922,0.284344512388,9316.98060723,6.0,
691.848407545,0.961660328653,0.284238919045,0.737159727932,0.0965149926008,1.4967145919,4.94905689549,0.284238919045,9022.65390958,6.0,
726.18537415,0.960077250456,0.291517342024,0.743560297295,0.0943930351696,1.46404888158,5.17362399505,0.291517342024,9095.21099905,6.0,
799.633116883,0.956494465552,0.274550505815,0.735315248504,0.0992108556185,1.49344663067,5.55071119357,0.274550505815,9190.28180197,6.0,
794.729823748,0.957248748118,0.277370750403,0.735424256793,0.0995088919137,1.51481545484,5.50224180581,0.277370750403,9294.91019666,6.0,
688.203153989,0.960908994985,0.270633500772,0.732089695001,0.0987972885404,1.53103123185,5.05921459493,0.270633500772,8802.57688084,6.0,
576.850185529,0.967882590228,0.276765515899,0.735182199764,0.0981411484946,1.51499783625,4.38296227582,0.276765515899,8980.33480308,6.0,
607.920377242,0.967926732441,0.283043413576,0.743905883098,0.101764515233,1.47465757827,4.31277056277,0.283043413576,9477.05711798,6.0,
737.146258503,0.958677327665,0.279395238306,0.734850984854,0.0974829465986,1.51303065486,5.35714285714,0.279395238306,8919.39239215,6.0,
693.633580705,0.960850677258,0.271934121515,0.718235135875,0.093980539188,1.52424693064,5.22850958565,0.271934121515,8858.81966951,7.0,
626.672155226,0.966367955858,0.262726286472,0.727928055268,0.102631578318,1.51500139556,4.60474644403,0.262726286472,9316.74478091,7.0,
796.288033395,0.956633051919,0.25650635458,0.73513158361,0.109269702148,1.48100244185,5.46150278293,0.25650635458,9180.81705806,7.0,
603.768243661,0.966704704261,0.259450132023,0.719725819803,0.0983558200882,1.55017262145,4.57683982684,0.259450132023,9067.11397064,7.0,
765.303030303,0.957710281137,0.252924941551,0.727161479349,0.10561774455,1.53902798249,5.41790352505,0.252924941551,9048.33433374,7.0,
616.630643166,0.965746253605,0.271694991737,0.727779975491,0.0984020562546,1.53958590843,4.77164502165,0.271694991737,9000.92264443,7.0,
512.282467532,0.971982186875,0.270189291633,0.738556037456,0.103674175363,1.49015931643,3.96072974644,0.270189291633,9142.50196811,7.0,
666.427875696,0.964698575596,0.261567126148,0.728757057803,0.105434088816,1.50910312399,4.74281076067,0.261567126148,9439.42442897,7.0,
644.499458874,0.964821199392,0.26492824529,0.73713793253,0.106555132488,1.49696969491,4.64386209029,0.26492824529,9161.08471269,7.0,
634.317022263,0.965710694837,0.262850261542,0.745701721056,0.109172917473,1.44721509328,4.46559987631,0.262850261542,9249.41009729,7.0,
693.85868893,0.962813697274,0.263071296433,0.725368600057,0.102680432533,1.54075532093,4.97201607916,0.263071296433,9329.49282481,7.0,
576.311379097,0.967549467131,0.263290311486,0.735958024682,0.105930160557,1.51340050708,4.33101422387,0.263290311486,8879.84461498,7.0,
665.898036487,0.964751229967,0.267806826166,0.741196039415,0.105097523547,1.50095432586,4.63860544218,0.267806826166,9445.23115255,7.0,
779.568181818,0.957188342781,0.252864716894,0.726644585023,0.106733604138,1.54782222987,5.4570191713,0.252864716894,9104.6251471,7.0,
659.7605906,0.964621938482,0.285911285721,0.741133176996,0.0986419743265,1.45151184438,4.62855596784,0.285911285721,9324.07486126,7.0,
650.497526283,0.964380489545,0.265919400453,0.725781175638,0.100993205936,1.53744737174,4.79839208411,0.265919400453,9131.19689138,7.0,
669.189471243,0.962469263063,0.264821743618,0.726732610744,0.101110868813,1.53105205054,4.94318181818,0.264821743618,8915.77322098,7.0,
786.060296846,0.957911458606,0.266057526344,0.730729756097,0.101358140521,1.51359168307,5.40986394558,0.266057526344,9338.17460547,7.0,
696.134817563,0.961693013375,0.259483298014,0.723231961065,0.101328411931,1.56327184111,5.03710575139,0.259483298014,9086.26439841,7.0,
755.940553494,0.958650811679,0.256481112572,0.722624295822,0.0998465304837,1.54248955488,5.39370748299,0.256481112572,9142.22542706,7.0,
717.712816945,0.960128669206,0.248989279891,0.714318253194,0.101570706046,1.58192236528,5.23770871985,0.248989279891,9000.58044929,7.0,
649.310142239,0.964600732761,0.260569959276,0.730093226252,0.102148446762,1.51596216428,4.7073283859,0.260569959276,9171.79086002,7.0,
637.780534941,0.965370263422,0.273849263239,0.741175903496,0.103950075311,1.48131074191,4.49760358689,0.273849263239,9208.31516273,7.0,
724.082714904,0.95861817875,0.250221967125,0.717562803879,0.1038377907,1.58732145764,5.35513296228,0.250221967125,8748.80192594,7.0,
673.432745826,0.963415325874,0.268427657649,0.737752354517,0.105522507043,1.47468187661,4.71846011132,0.268427657649,9203.75487713,7.0,
480.004174397,0.972468073063,0.20902317398,0.70045676832,0.115517680339,1.66184939743,3.94573283859,0.20902317398,8718.81198514,7.0,
758.88729128,0.958875045385,0.261194328465,0.730183508542,0.105059864336,1.51466218938,5.25061842919,0.261194328465,9226.60338939,7.0,
764.739486704,0.956484830907,0.262443640525,0.722025374637,0.101123521267,1.52176713703,5.46227581942,0.262443640525,8787.76501611,7.0,
921.246598639,0.949980798789,0.248346194328,0.710115514959,0.102613727136,1.60257823752,6.39749536178,0.248346194328,9208.92953435,7.0,
740.61185838,0.958534819551,0.259208838986,0.721105811225,0.100655369276,1.50132341415,5.35366419295,0.259208838986,8930.47360452,7.0,
808.922232529,0.955306864028,0.250152181101,0.718775488026,0.102261592367,1.58111575325,5.68630179344,0.250152181101,9049.73677658,7.0,
757.537646877,0.956635253957,0.268457501064,0.728916701512,0.101126259959,1.50489894788,5.43189548547,0.268457501064,8734.82315279,7.0,
772.580859617,0.957934012123,0.249557727038,0.714959597928,0.101095845599,1.55083608367,5.55813234385,0.249557727038,9182.90456759,7.0,
727.822820037,0.962360670875,0.266290632461,0.7282688811,0.102278004769,1.51110735967,5.01066790353,0.266290632461,9668.9408203,7.0,
588.93537415,0.967191121407,0.268760823467,0.728806566443,0.101181765223,1.49370522115,4.56323438466,0.268760823467,8975.24388827,7.0,
663.154298083,0.964574661641,0.264500828301,0.740023575216,0.106967835682,1.47953506242,4.66403834261,0.264500828301,9359.89487644,7.0,
652.01461039,0.964215279516,0.261529836818,0.728852741705,0.101653599458,1.53845108111,4.80743661101,0.261529836818,9110.79490497,7.0,
651.934214595,0.964103998026,0.265387334306,0.730519306486,0.101135893017,1.48026804367,4.80217996289,0.265387334306,9081.00995843,7.0,
696.825602968,0.962756410499,0.259617264711,0.725649063011,0.102879533653,1.52418665926,4.97201607916,0.259617264711,9356.24528553,7.0,
707.715058751,0.960854099988,0.264452483641,0.72584023732,0.102365347273,1.52860264297,5.05071119357,0.264452483641,9039.45315527,7.0,
760.112554113,0.958524191229,0.243555638931,0.723665980624,0.106768399762,1.56538465761,5.40398886827,0.243555638931,9163.5405423,7.0,
751.247990105,0.959468220241,0.248943564607,0.727401515298,0.107746441439,1.52218447572,5.17161410019,0.248943564607,9267.28678178,7.0,
731.702844774,0.959940878386,0.249297466639,0.724574411333,0.103708361439,1.55419803466,5.11100803958,0.249297466639,9132.84057062,7.0,
817.588744589,0.955685136514,0.258640009385,0.726857565703,0.104169044015,1.52444595963,5.5180890538,0.258640009385,9225.23475298,7.0,
880.095701917,0.947998446614,0.195325751456,0.678466781913,0.111694792404,1.74385774944,6.44959802103,0.195325751456,8462.86282481,7.0,
772.52775201,0.958104265651,0.256940894787,0.739404929372,0.109850933857,1.50465150926,5.27342300557,0.256940894787,9220.14689197,7.0,
704.594619666,0.961070878555,0.269730142858,0.746274846296,0.1043868862,1.44852659515,4.88342609771,0.269730142858,9050.08748258,7.0,
773.065785405,0.957300962164,0.24667283566,0.732778860845,0.109388217962,1.50719075338,5.37221706865,0.24667283566,9052.97409524,7.0,
785.411332715,0.957250443296,0.251316707742,0.732843251254,0.109565962999,1.49044891048,5.3564471243,0.251316707742,9186.67676244,7.0,
687.000154607,0.963696187036,0.260844023897,0.738034568899,0.10880331912,1.47862349122,4.86116264688,0.260844023897,9463.25017058,7.0,
