25.6914365547,0.998265165425,0.0117146879216,0.738724523502,0.216450598136,2.19258344846,1.03617897807,0.0117146879216,7403.75373337,1.0,
27.5336551878,0.998177839951,0.0135471964308,0.744569182276,0.214137220703,2.13242768519,1.02553440866,0.0135471964308,7554.47386519,1.0,
29.834802492,0.9980906565,0.0120444606759,0.742188622954,0.217011636481,2.17030914044,1.04397534464,0.0120444606759,7811.99705594,1.0,
25.4578629932,0.998317881659,0.0131037651096,0.746931406961,0.215424996005,2.13240024471,0.966684922141,0.0131037651096,7566.43102165,1.0,
25.0327761344,0.998369745101,0.0122966429986,0.74136882536,0.216562135029,2.15755763159,0.991314115086,0.0122966429986,7676.65879673,1.0,
26.6764752051,0.998247395522,0.0137033551009,0.749618629831,0.212223413119,2.11438612955,0.994992535023,0.0137033551009,7609.72443522,1.0,
28.6856581738,0.998095146462,0.0130107770553,0.743262620412,0.214987469862,2.14226610753,1.05016185745,0.0130107770553,7528.81858427,1.0,
25.2496790757,0.998357403102,0.0135839200839,0.752694048809,0.211032997534,2.10702298134,0.951345091254,0.0135839200839,7685.11792498,1.0,
28.1497948875,0.99819497077,0.0146565989314,0.745917034534,0.212887955083,2.15458048139,1.03120988447,0.0146565989314,7796.9689479,1.0,
27.2012369537,0.998161193494,0.0167549882916,0.754720531079,0.20584648077,2.09713686344,1.01941591784,0.0167549882916,7395.87203094,1.0,
30.9688877881,0.997965179383,0.0158233320002,0.748243982758,0.21018193722,2.11326693472,1.09212968131,0.0158233320002,7609.13909875,1.0,
25.1054393174,0.998383513771,0.0149555186165,0.755112586922,0.208668074609,2.13322533307,0.967016311324,0.0149555186165,7764.82759123,1.0,
21.315259251,0.998538310931,0.0163232549288,0.756496568985,0.209895641283,2.08396805541,0.895186833733,0.0163232549288,7290.77583989,1.0,
25.5138799743,0.998279227741,0.0157548990625,0.748607808131,0.207103290043,2.13301690605,1.03280055255,0.0157548990625,7412.95242806,1.0,
27.6771484484,0.998172523115,0.0154023492157,0.74904923942,0.21151513964,2.13864364478,1.02269667076,0.0154023492157,7571.95542248,1.0,
27.2410350505,0.998240377087,0.0159136916923,0.748606684554,0.213444338135,2.11473151659,1.00771264721,0.0159136916923,7740.03963072,1.0,
24.9096510995,0.99839947039,0.0149638202418,0.758503340633,0.207904902522,2.11801163358,0.956819989396,0.0149638202418,7781.07062057,1.0,
24.3391820617,0.998478155627,0.0162492281444,0.757114070701,0.208821846778,2.11109039674,0.937140704359,0.0162492281444,7996.03893258,1.0,
23.2156331975,0.998503293643,0.0143559544584,0.758584543469,0.209427307803,2.13209757782,0.924108388681,0.0143559544584,7754.95223158,1.0,
28.4199852096,0.99816873137,0.0150719576249,0.755578629593,0.206950894641,2.11650768189,1.03579352012,0.0150719576249,7759.01127206,1.0,
23.020724033,0.998515081011,0.0161406053014,0.762536532294,0.206085378784,2.08021436582,0.902289027181,0.0161406053014,7750.89924801,1.0,
24.3809318664,0.998418662786,0.0166614792216,0.763386351836,0.20417875057,2.07238941188,0.925083370542,0.0166614792216,7708.37809945,1.0,
24.0877396467,0.998507226426,0.0162839775599,0.752637453353,0.210938186271,2.09983315126,0.951242186192,0.0162839775599,8067.55805687,1.0,
25.7468169197,0.998287998469,0.0158489972479,0.759018344166,0.208226612722,2.08209387476,0.947084124016,0.0158489972479,7518.90580877,1.0,
25.7013468354,0.99833983459,0.0159503847726,0.750277856801,0.207660834947,2.11724592982,1.02003509237,0.0159503847726,7740.02712791,1.0,
30.1659126109,0.998063942355,0.0154853172453,0.745100252634,0.210813675393,2.14374277419,1.09960686778,0.0154853172453,7789.95338202,1.0,
26.0667871295,0.998331766981,0.0155998156978,0.763582457894,0.202888639384,2.1142567713,0.955203159011,0.0155998156978,7812.10620283,1.0,
24.1795257298,0.99837452759,0.0152430448607,0.756781253836,0.206194896552,2.12450305872,0.953881090584,0.0152430448607,7437.1310921,1.0,
25.4273089105,0.998274292391,0.0153062033935,0.751001423486,0.208390717406,2.16027467355,1.01259802143,0.0153062033935,7366.67066028,1.0,
24.073639909,0.998455906468,0.0176438842912,0.75258161894,0.20536399417,2.09392097156,0.992167006195,0.0176438842912,7794.84961747,1.0,
26.4088313473,0.998217027881,0.015582278945,0.755497469035,0.20510865245,2.14230521884,1.02585707708,0.015582278945,7405.28614329,1.0,
25.1436083747,0.998300579793,0.0159940451829,0.760031989382,0.207228869347,2.09179849771,0.95072242842,0.0159940451829,7397.15228345,1.0,
29.32573987,0.998108496234,0.0162075882416,0.759125330135,0.205417967047,2.09465303196,1.01548633979,0.0162075882416,7751.39522991,1.0,
25.9989046715,0.998258674054,0.0156874016775,0.759050666278,0.205104329648,2.13413480846,0.987899062343,0.0156874016775,7464.7375848,1.0,
26.9101133002,0.99821406804,0.0185811382927,0.763088736575,0.202879977684,2.04678837152,0.972972595859,0.0185811382927,7533.3890378,1.0,
27.0890739242,0.998200879031,0.0168909100417,0.75979757857,0.205079520928,2.09938688698,0.982952642742,0.0168909100417,7527.91471072,1.0,
31.7337444885,0.998014696249,0.0149939646664,0.75384206595,0.209264694911,2.14572777383,1.06703131105,0.0149939646664,7991.6042238,1.0,
25.7948212591,0.998276774968,0.0151026664268,0.746406764345,0.211822049344,2.15979044508,1.01219163364,0.0151026664268,7483.88503817,1.0,
21.418570701,0.998610855684,0.0157622790495,0.752045399685,0.211712636443,2.16370068747,0.902332631021,0.0157622790495,7708.75578244,1.0,
27.8652902969,0.998138366021,0.0165766685544,0.753545280186,0.207293414192,2.11956560094,1.03806266395,0.0165766685544,7483.59153079,1.0,
24.4488230452,0.99842879702,0.0162995840755,0.741601780992,0.21533036137,2.10464112223,0.997212842552,0.0162995840755,7779.72126745,1.0,
30.6897586789,0.997998847835,0.0154067599885,0.753067143584,0.210770154586,2.10879914409,1.04858339845,0.0154067599885,7667.44967792,1.0,
25.4247763995,0.998341439372,0.0156888679257,0.757227624144,0.204703363617,2.12496148473,0.992369328012,0.0156888679257,7664.21064554,1.0,
25.6763810208,0.9982891336,0.0158665327413,0.755051605192,0.205110707954,2.13686257366,1.01561540716,0.0158665327413,7503.41215811,1.0,
26.2403618072,0.998217459377,0.016712006464,0.753512350399,0.209930340096,2.0984780962,0.991226907406,0.016712006464,7359.89890472,1.0,
26.6501995312,0.998147628674,0.0147753650029,0.746986355432,0.210588516013,2.15739040157,1.04777236703,0.0147753650029,7193.00424676,1.0,
25.3192934783,0.998305651845,0.0166222949583,0.759238392402,0.206550814513,2.11712185807,0.968017455489,0.0166222949583,7471.2151202,1.0,
25.4256746386,0.998353326118,0.0157837489882,0.756991155961,0.208277708224,2.12411684365,0.968838951833,0.0157837489882,7719.79422002,1.0,
25.3530062231,0.998346148393,0.0162414726014,0.762418135846,0.205064173708,2.10049676626,0.942554557124,0.0162414726014,7664.31267631,1.0,
26.5588390216,0.9983024951,0.0163585630634,0.764665900429,0.20320192496,2.07309838803,0.961752455768,0.0163585630634,7822.30412013,1.0,
32.3872230284,0.997982411226,0.014347464608,0.753243416603,0.20881973341,2.13051306185,1.04556078026,0.014347464608,8025.65924392,2.0,
28.6210477479,0.998184100384,0.0140868854676,0.756419273148,0.207997854788,2.1298235374,0.982980549199,0.0140868854676,7880.06009711,2.0,
26.8486406067,0.998222742201,0.0154941855233,0.752039482075,0.208551127836,2.09090024201,1.01668980577,0.0154941855233,7552.84687272,2.0,
29.5654162248,0.998129788495,0.0147444340081,0.756679515755,0.204078219452,2.13120595978,1.03252497628,0.0147444340081,7903.7365101,2.0,
26.8400872774,0.998311127246,0.0146382894862,0.76019311798,0.206971327687,2.10014160602,0.958326938103,0.0146382894862,7945.54448652,2.0,
29.1863697885,0.998113583672,0.0147051133566,0.754633909788,0.206302197842,2.1349469661,1.0191508065,0.0147051133566,7735.36267227,2.0,
27.2017758972,0.998241234057,0.013737714754,0.752235487895,0.207236071844,2.1687751711,1.01564680192,0.013737714754,7732.6421686,2.0,
34.9922681671,0.997753349449,0.0142335572362,0.75370567175,0.205860647411,2.12013911528,1.14218165709,0.0142335572362,7787.00736548,2.0,
32.887275353,0.99793503222,0.012433612061,0.748148866689,0.210659027627,2.19766235605,1.10127951108,0.012433612061,7962.48773576,2.0,
30.8478173662,0.998008254458,0.012420358308,0.744878430383,0.211210468837,2.19386344583,1.10602884132,0.012420358308,7743.24972616,2.0,
34.0714161132,0.997769573327,0.0151494405801,0.754645204273,0.203760040653,2.13414139132,1.11781408718,0.0151494405801,7637.32622879,2.0,
28.2278492493,0.998149895665,0.0144531801004,0.753736708004,0.204327240789,2.1555443518,1.03241335045,0.0144531801004,7628.16612698,2.0,
26.3083000781,0.998265342583,0.0163495416048,0.761220865673,0.20371796324,2.07799917899,0.952663671374,0.0163495416048,7582.57412795,2.0,
25.7546132863,0.998296083716,0.0150822711,0.751292638873,0.20669647392,2.14107237019,1.01226663225,0.0150822711,7556.88090138,2.0,
30.0705545013,0.998123723124,0.0152784358126,0.758524611553,0.205848505279,2.11254368002,1.01255092929,0.0152784358126,8012.76531583,2.0,
29.6314987163,0.998109857778,0.0152629330803,0.752731111335,0.210793714786,2.09452543641,1.01112769995,0.0152629330803,7837.81265176,2.0,
31.821902732,0.997968871037,0.0148885316121,0.756604207946,0.206000240347,2.11242919933,1.0416765502,0.0148885316121,7832.92898263,2.0,
29.7968148267,0.998087578026,0.0149784753252,0.749171480116,0.209387197339,2.13192967128,1.07279573868,0.0149784753252,7789.68739418,2.0,
29.1638632305,0.998170521183,0.0143321622934,0.757095906262,0.206050428473,2.1204256473,1.01806594296,0.0143321622934,7969.89256874,2.0,
26.8895444968,0.998234775541,0.0159064436339,0.756818963725,0.205022778909,2.091169966,0.990363551376,0.0159064436339,7615.91365078,2.0,
30.0213432076,0.99795306597,0.0129705542104,0.742947595292,0.208614061896,2.20315706103,1.12554592008,0.0129705542104,7332.5961168,2.0,
28.3804574566,0.998162364714,0.0129190154792,0.747751243338,0.211598734306,2.18051870865,1.03571852152,0.0129190154792,7721.37998483,2.0,
23.4967907574,0.998466662824,0.0148167208248,0.758295288626,0.206283121371,2.12021214388,0.927509488196,0.0148167208248,7661.32245186,2.0,
28.2830377574,0.998229675241,0.0163009186811,0.756189711944,0.207886979344,2.06924134974,1.01404392476,0.0163009186811,7987.41202831,2.0,
29.335517595,0.998103740298,0.0158814537322,0.755289102566,0.206131097129,2.0986107087,1.02931747781,0.0158814537322,7734.37703438,2.0,
31.0871065189,0.998026982612,0.0135598744778,0.751723148606,0.207939464555,2.16436977034,1.07105681755,0.0135598744778,7877.39185129,2.0,
30.9637250935,0.997999905928,0.0146808662132,0.753022908305,0.207872603765,2.14632143831,1.0508630072,0.0146808662132,7740.07968004,2.0,
27.6589796004,0.998201413246,0.0144625810331,0.754410356338,0.209205184176,2.12877268118,0.985439805771,0.0144625810331,7688.5772003,2.0,
28.5529926187,0.998096042247,0.0130352095946,0.749199245269,0.211694829545,2.15659559648,1.03882660323,0.0130352095946,7497.62119977,2.0,
25.2828807836,0.998280261367,0.0115354585563,0.743648817544,0.214602375337,2.19208840543,1.0063033711,0.0115354585563,7349.98747467,2.0,
28.1268819417,0.998164259905,0.0112991368718,0.737016421184,0.219501197866,2.19758429416,1.0358580538,0.0112991368718,7660.01087065,2.0,
27.6809489591,0.99819605118,0.0109490796073,0.738717302624,0.21572349441,2.22601763432,1.06219302897,0.0109490796073,7671.47970503,2.0,
30.586391416,0.997954044522,0.0133653490038,0.740350459397,0.214423678529,2.14721280416,1.12544301501,0.0133653490038,7474.0652848,2.0,
27.9476684155,0.998172429941,0.0114671935836,0.743102278036,0.211693030036,2.20480560164,1.0546931685,0.0114671935836,7645.28915901,2.0,
27.5231920104,0.998202014749,0.0127578867451,0.747187107418,0.211056582823,2.1683184703,1.02943608026,0.0127578867451,7653.1337404,2.0,
21.900107091,0.998514495509,0.0140806854576,0.749484042695,0.211932911073,2.1340605882,0.953342147123,0.0140806854576,7370.50492085,2.0,
35.4185550036,0.99762930708,0.0125032199624,0.737514414263,0.211981543334,2.1852619901,1.21437740693,0.0125032199624,7469.2540911,2.0,
28.0980336412,0.998104378785,0.0144557494403,0.739343195825,0.215544935493,2.1076889284,1.08153394821,0.0144557494403,7410.48991884,2.0,
30.3763098594,0.99803355644,0.0133704584797,0.747914670119,0.212574011685,2.121219711,1.05472979572,0.0133704584797,7722.81525009,2.0,
30.2529720377,0.997999767675,0.0130187594699,0.740293496929,0.217372584689,2.15119428502,1.07410210973,0.0130187594699,7561.51970414,2.0,
26.8851788804,0.998176692075,0.0143093037403,0.740688038979,0.21482287251,2.14122198888,1.06312091868,0.0143093037403,7371.77330612,2.0,
30.505722568,0.998020851708,0.0122253594936,0.738745485996,0.216656069368,2.18177998081,1.10656255232,0.0122253594936,7705.93174545,2.0,
24.5916692248,0.998336487396,0.0132818492748,0.7438077923,0.213573637859,2.16544297295,1.01234860747,0.0132818492748,7390.72229987,2.0,
26.5079533404,0.998194249951,0.0126212922347,0.73393639805,0.218047512514,2.17741906472,1.06867081543,0.0126212922347,7339.06698816,2.0,
28.402889016,0.998067624534,0.0153568900831,0.750361293055,0.209882113964,2.09868046201,1.0486793269,0.0153568900831,7348.35991525,2.0,
23.3243515237,0.998476493768,0.0121253740293,0.742592871203,0.216894401534,2.17157449689,0.981185815148,0.0121253740293,7653.91950946,2.0,
28.887230005,0.99817809824,0.0135027251684,0.745181473984,0.214221718706,2.1608918903,1.05321761456,0.0135027251684,7926.99449274,2.0,
27.5286965591,0.998148290106,0.0133057621127,0.744853369621,0.213454519021,2.15084334805,1.05855646872,0.0133057621127,7432.46975024,2.0,
24.6668684071,0.998382895699,0.0131435157154,0.748784219412,0.213149229653,2.14755191725,0.970110439806,0.0131435157154,7626.04946432,2.0,
28.9056517553,0.998073381808,0.0127908261157,0.739441178462,0.21439511165,2.17725477539,1.10564687169,0.0127908261157,7500.86101938,2.0,
31.8850062092,0.998040798805,0.0133328535079,0.757438517687,0.204209098799,2.13713570548,1.05849716749,0.0133328535079,8137.37735541,3.0,
33.7125286041,0.997835122568,0.0142140076418,0.758017359497,0.200060528868,2.12622989176,1.13036850477,0.0142140076418,7786.25999915,3.0,
26.8891415974,0.998277829861,0.0140817379536,0.759384155444,0.205238613656,2.10741275384,0.976136490484,0.0140817379536,7806.3310295,3.0,
30.2137303259,0.998040760484,0.0145058312626,0.755275320123,0.204607151562,2.10766820047,1.08095837752,0.0145058312626,7710.10320463,3.0,
27.8286543506,0.998256893316,0.0138290616593,0.762604446131,0.202900289885,2.10856007636,0.966079700843,0.0138290616593,7982.04394998,3.0,
32.7639183457,0.997917961007,0.0143638328402,0.760986523411,0.202496320259,2.09052716598,1.0655557571,0.0143638328402,7867.72406832,3.0,
27.1656091282,0.998278510956,0.0142705877917,0.763098693836,0.202319823548,2.08217935228,0.973117360607,0.0142705877917,7889.72000963,3.0,
29.1006411509,0.998161726377,0.0138193049381,0.75703689652,0.207092701436,2.1047110985,0.982963107663,0.0138193049381,7914.75152944,3.0,
33.7385130044,0.997887433979,0.0162782863729,0.76095667343,0.204812544621,2.03594303501,1.05191298767,0.0162782863729,7984.74791995,3.0,
30.7183732628,0.998109448389,0.0156268646926,0.766165794722,0.200965280802,2.05547501298,0.986686875593,0.0156268646926,8123.73519828,3.0,
30.3054344338,0.998125629038,0.0141312032939,0.755859708592,0.205600545423,2.10593897943,1.04710086789,0.0141312032939,8083.67984884,3.0,
33.6902383211,0.997878523206,0.0128112298082,0.748933598119,0.209566924284,2.13646400265,1.10386783502,0.0128112298082,7939.72916739,3.0,
30.8134453313,0.998028354513,0.0143605074725,0.757026852941,0.20421050201,2.11396919431,1.0346214489,0.0143605074725,7813.67118932,3.0,
28.3000746498,0.998189668265,0.0142589710323,0.756004034488,0.205280179572,2.10699479929,1.01794385221,0.0142589710323,7815.77679042,3.0,
29.632812064,0.998197773164,0.01712270676,0.766021494763,0.204725221493,2.02344695245,0.941610970028,0.01712270676,8220.68418799,3.0,
30.9223799325,0.998022684029,0.0165456265787,0.756847887384,0.207981115862,2.07149991018,1.01044224759,0.0165456265787,7818.80228351,3.0,
33.6224465591,0.997878602537,0.0158296673885,0.756316014457,0.205486176556,2.09924945722,1.09311338394,0.0158296673885,7924.11105059,3.0,
26.8573526539,0.998287033269,0.0162790670233,0.760569954849,0.204196020473,2.07416884564,0.98627351119,0.0162790670233,7839.00004158,3.0,
28.6116450159,0.998233996325,0.0148213688976,0.762782434943,0.201746072279,2.12337918174,1.01173640956,0.0148213688976,8100.23955473,3.0,
30.7001468577,0.998080675563,0.0148026918667,0.761911679336,0.20379019189,2.10653557219,1.02586056538,0.0148026918667,7997.23237135,3.0,
31.244333245,0.998024083023,0.0149165364381,0.756952111855,0.203012174419,2.12364792173,1.06997718647,0.0149165364381,7905.87685032,3.0,
28.9452911341,0.99811825322,0.0151825798817,0.752537714661,0.208616955203,2.14010599158,1.02578033432,0.0151825798817,7690.8089815,3.0,
29.1645870542,0.99809201646,0.0159275400852,0.765679060568,0.201245374651,2.08508439688,0.984841561087,0.0159275400852,7642.50421161,3.0,
29.8632339398,0.998051381749,0.016120710371,0.757779626604,0.202849592036,2.09972017476,1.05477688787,0.016120710371,7662.42686153,3.0,
34.0101823687,0.997814133968,0.0147386543638,0.751809446715,0.203782449975,2.12129799205,1.13306147793,0.0147386543638,7779.31034093,3.0,
32.8895165904,0.997904065666,0.0175161305403,0.769421385148,0.197560933612,2.05096677968,1.0224734191,0.0175161305403,7845.76130299,3.0,
30.0682696601,0.998097427318,0.0159946097732,0.765359800915,0.199114331143,2.07635693955,1.02367165262,0.0159946097732,7901.79789885,3.0,
31.4114597868,0.997991743058,0.0163102746093,0.759974489597,0.201618381057,2.0761132322,1.05629081319,0.0163102746093,7820.38316879,3.0,
28.097065636,0.998200027784,0.0153830719537,0.762662449264,0.203425166255,2.10409298835,0.985697940503,0.0153830719537,7804.8500457,3.0,
27.3203626444,0.998283813955,0.0167446387983,0.771381664734,0.197921002378,2.04142230189,0.952384606798,0.0167446387983,7959.68125874,3.0,
25.8226160909,0.998296071026,0.0160709650263,0.764917339156,0.201280114148,2.07935799606,0.959179829212,0.0160709650263,7577.37048458,3.0,
26.4901472763,0.998299946707,0.0162451313316,0.764043675712,0.200442241717,2.08548217955,0.975614988558,0.0162451313316,7790.98961455,3.0,
29.2961747223,0.998146538571,0.0132122236077,0.753733120823,0.208399573995,2.1583747459,1.02993316403,0.0132122236077,7903.10745553,3.0,
29.9394813585,0.998101967698,0.0143633071155,0.761757406087,0.201634696815,2.12798997696,1.01887523023,0.0143633071155,7887.00302916,3.0,
31.8397210052,0.997948046786,0.0125299273265,0.75089981641,0.206713270236,2.19546786782,1.092103519,0.0125299273265,7758.43558346,3.0,
28.3405233158,0.998175086998,0.017199692154,0.764085384878,0.202475178302,2.05935933639,0.98688919741,0.017199692154,7764.94823092,3.0,
31.4924303734,0.997899494701,0.0149232544277,0.752081818435,0.203948970668,2.14414275682,1.12314770888,0.0149232544277,7496.45105753,3.0,
32.58696001,0.997926678709,0.0150461347188,0.754223121055,0.207813580689,2.10863006852,1.08739256014,0.0150461347188,7858.12588585,3.0,
31.7172744461,0.998040147303,0.0152901266892,0.758378799718,0.204255149335,2.09474733001,1.05871344254,0.0152901266892,8091.24767533,3.0,
34.2991083887,0.997844867074,0.014486459745,0.750701558818,0.208227638678,2.15186055124,1.12817087124,0.014486459745,7957.06913241,3.0,
27.9561955824,0.998170720375,0.0147424851961,0.755922608787,0.207635155335,2.13736323465,1.00599814422,0.0147424851961,7640.84195996,3.0,
30.8034164481,0.998020939696,0.0156926267522,0.756825071895,0.205670671038,2.10015871096,1.04896885639,0.0156926267522,7781.83197851,3.0,
27.3338623933,0.998207711116,0.0144813236936,0.75084053553,0.207818615461,2.14198423829,1.03652257632,0.0144813236936,7624.94086208,3.0,
35.4683872161,0.997632925682,0.0135781501864,0.745174150116,0.20758033615,2.16250334083,1.20174101412,0.0135781501864,7491.30794452,3.0,
34.726267302,0.99783430987,0.0140283111118,0.748479515067,0.212680236784,2.15279706849,1.09811736061,0.0140283111118,8016.90002204,3.0,
27.265374714,0.998282754687,0.0153753218013,0.758349670935,0.207147957748,2.07918064465,0.969008134732,0.0153753218013,7938.22909495,3.0,
31.5213100687,0.997946814265,0.0156546181036,0.757466002064,0.202647067985,2.10857037331,1.0694312664,0.0156546181036,7675.73709535,3.0,
29.5935093068,0.998140886957,0.01418404534,0.753145155133,0.206654219282,2.12834017313,1.04111144444,0.01418404534,7958.862152,3.0,
33.1708590305,0.997856315732,0.013978702356,0.749621439683,0.20631142019,2.17305966276,1.11932975666,0.013978702356,7736.32664914,3.0,
27.0741212954,0.998264824451,0.014660409181,0.751403955706,0.209411530301,2.13232253441,0.998459912374,0.014660409181,7800.98176853,3.0,
28.7153558771,0.99809439469,0.0104836772938,0.724502155732,0.223723238711,2.26199318264,1.14616879221,0.0104836772938,7534.49046425,4.0,
31.7494523358,0.997818562388,0.0114961673277,0.736022485832,0.214498387958,2.21624407116,1.15407852877,0.0114961673277,7277.22171934,4.0,
29.171125886,0.99801126981,0.0130796252601,0.735441768484,0.219729142767,2.1376521243,1.07595440085,0.0130796252601,7334.13443419,4.0,
26.9829613635,0.998156624038,0.0116337176327,0.734103879863,0.216439609161,2.2102099659,1.10604977117,0.0116337176327,7319.01623897,4.0,
28.3351774851,0.998146194729,0.0122169764443,0.741944185145,0.216651210328,2.15032763856,1.05418387565,0.0122169764443,7642.52376796,4.0,
28.4380197578,0.998073481755,0.0106926154103,0.72829768046,0.222175377353,2.22564480296,1.11594086622,0.0106926154103,7380.80821847,4.0,
35.7438832533,0.997561478291,0.0110293949259,0.730230177996,0.21737807956,2.23679269215,1.23868218731,0.0110293949259,7329.22376243,4.0,
27.3072344003,0.998095553665,0.0117701325939,0.729488168489,0.219928399962,2.21003766187,1.11194849863,0.0117701325939,7169.44462864,4.0,
31.2561900011,0.99795310477,0.013424650007,0.73892546785,0.214587815756,2.16277141172,1.13323066082,0.013424650007,7634.70706047,4.0,
29.8269224061,0.997965278937,0.0113141101863,0.733858406092,0.217015975179,2.21270676327,1.14029448289,0.0113141101863,7329.1954818,4.0,
32.0808537283,0.99792825445,0.013183174043,0.738770342007,0.215666899853,2.12915950144,1.11936115142,0.013183174043,7742.20345175,4.0,
27.6086049562,0.998190343087,0.0141819808623,0.744386679114,0.213463157618,2.15563434398,1.03980507339,0.0141819808623,7628.01994482,4.0,
28.9776137886,0.998042154856,0.01507380673,0.751384070841,0.20613992669,2.13372071735,1.06838303008,0.01507380673,7400.31022133,4.0,
28.9334361221,0.998022287838,0.0135522859203,0.745400722094,0.210503100238,2.18155210649,1.08941229,0.0135522859203,7314.73421438,4.0,
28.3064948792,0.998093709435,0.0124905507434,0.73761299844,0.215055527514,2.19293373281,1.0949639309,0.0124905507434,7424.47263896,4.0,
29.8427872272,0.998063378954,0.0115694818718,0.73782545291,0.215941100567,2.23453466212,1.11645190322,0.0115694818718,7704.81675303,4.0,
34.2967345956,0.997741999316,0.0130218558913,0.735860125988,0.212845243838,2.21437739161,1.21563494168,0.0130218558913,7594.56380292,4.0,
29.4188811604,0.998049146691,0.013280699183,0.746299407075,0.213290313949,2.19409613557,1.05198449796,0.013280699183,7540.05569891,4.0,
29.1507873109,0.998006109253,0.0140632347163,0.738700136183,0.212831794589,2.17317500188,1.13591665736,0.0140632347163,7309.96428941,4.0,
31.1064195317,0.997820870143,0.0141821090674,0.742604102622,0.209857354012,2.17288260366,1.14402697159,0.0141821090674,7137.4973996,4.0,
27.7544911955,0.998167291997,0.0159641672438,0.753883039152,0.210166831299,2.09718184509,0.996265767148,0.0159641672438,7572.1999861,4.0,
28.3811533739,0.998166359895,0.0148609854575,0.75830326588,0.205007757972,2.11773139926,1.02921806106,0.0148609854575,7739.10332873,4.0,
27.5853675978,0.998205279312,0.0147001893193,0.755837221029,0.2061980343,2.12797230939,1.02088623933,0.0147001893193,7685.20088982,4.0,
25.3678071106,0.998263773488,0.0149114382726,0.742741045647,0.210831349337,2.16219471649,1.05307110565,0.0149114382726,7305.48809014,4.0,
31.7408065664,0.997809163783,0.0134960799573,0.738657416703,0.212078675012,2.18989752581,1.18059838422,0.0134960799573,7244.02501599,4.0,
33.3937915109,0.997790210605,0.0149248327823,0.745257303126,0.210356709232,2.10213275257,1.14513102082,0.0149248327823,7556.02914301,4.0,
33.424690936,0.997873905371,0.0124626866072,0.750437615917,0.208197519158,2.15597007211,1.11596179606,0.0124626866072,7860.79859771,4.0,
31.6385450968,0.997897503164,0.0129283310209,0.749751907531,0.206669617301,2.15863783089,1.12026287883,0.0129283310209,7524.23904319,4.0,
32.9721667969,0.997809700148,0.0128043883957,0.746201984043,0.208914677214,2.17152958279,1.13921136351,0.0128043883957,7527.08298539,4.0,
33.3765121812,0.997884900756,0.0138969167006,0.750825795031,0.205917522434,2.13358996408,1.11290778311,0.0138969167006,7890.19450713,4.0,
32.5642615951,0.997914338453,0.0132047182447,0.74821405169,0.211436977252,2.12408566689,1.08956577552,0.0132047182447,7806.50621305,4.0,
29.4218985461,0.998180522918,0.0151091741302,0.763045699512,0.205647165106,2.05365450048,0.952902620416,0.0151091741302,8085.07895498,4.0,
32.6039759725,0.997845712843,0.0126748962772,0.747737830296,0.208923518766,2.15074180208,1.11732921248,0.0126748962772,7567.16703386,4.0,
36.4699290478,0.997664809483,0.0126960463238,0.747795098137,0.207442742541,2.15054397289,1.1512547441,0.0126960463238,7808.73837304,4.0,
34.9874804655,0.99783995745,0.0148365830042,0.75307218447,0.202690355189,2.12109232293,1.13071384718,0.0148365830042,8099.03802795,4.0,
28.1841006446,0.998177286893,0.0126641435148,0.754963720963,0.204291978083,2.15420294616,1.03065349947,0.0126641435148,7731.55395381,4.0,
28.6935277948,0.998117841239,0.0139977854487,0.754296861664,0.206019196261,2.11567221929,1.02433791929,0.0139977854487,7622.64436103,4.0,
33.79603519,0.997835378948,0.0123399672721,0.743430318608,0.211440294477,2.1720989651,1.12696042864,0.0123399672721,7806.57016587,4.0,
29.1035870263,0.99808884976,0.0123693394607,0.746474136859,0.209895999086,2.17012690518,1.05183450075,0.0123693394607,7614.30362661,4.0,
39.2446559134,0.99748597507,0.0130960125722,0.747465905498,0.205767488492,2.15413987896,1.24370011721,0.0130960125722,7805.26343058,4.0,
34.2413298125,0.997829269017,0.0131369819049,0.748488506582,0.206574072039,2.13811612027,1.13819103366,0.0131369819049,7887.26254239,4.0,
30.5447148658,0.998073748645,0.0129878625158,0.755083941708,0.204048091017,2.14638899662,1.05927157169,0.0129878625158,7928.82416233,4.0,
37.0612372328,0.997635043674,0.0135824623413,0.753973454007,0.204171604498,2.12767753766,1.14404964559,0.0135824623413,7835.71870464,4.0,
29.3130232461,0.998071812902,0.0141640244313,0.747342962652,0.209127649962,2.11619434822,1.08690070882,0.0141640244313,7601.32593397,4.0,
33.42448687,0.997928680268,0.0135206736717,0.752318187959,0.207919543498,2.12625160254,1.0887093961,0.0135206736717,8068.52236466,4.0,
31.3178231568,0.998018950749,0.0140165054823,0.755213976277,0.208734928162,2.08776001562,1.01064980186,0.0140165054823,7904.52479404,4.0,
33.9446771921,0.997839176956,0.0132174427259,0.752695309023,0.205448371198,2.13538843365,1.11953905509,0.0132174427259,7854.1625067,4.0,
32.646768781,0.997879876356,0.0135777754275,0.750751695554,0.207174836936,2.12210564754,1.115279832,0.0135777754275,7699.37420786,4.0,
34.0527990177,0.99778537761,0.0125213700395,0.748915249341,0.204491011336,2.17772733178,1.16758525423,0.0125213700395,7688.28713699,4.0,
28.5520560083,0.998184493283,0.0136164828825,0.760611908131,0.204686711619,2.10220004127,0.987665345761,0.0136164828825,7863.51414902,4.0,
30.2878865044,0.997912738468,0.00969066358769,0.729799594871,0.220563957888,2.27401929149,1.16490972261,0.00969066358769,7255.36237685,5.0,
30.1442502233,0.997964390066,0.0134726225723,0.749579271578,0.207291646627,2.14156808029,1.07976537646,0.0134726225723,7404.24485353,5.0,
31.2180593152,0.997975043037,0.0133460035567,0.751373894298,0.206163661611,2.12969272345,1.09148608863,0.0133460035567,7708.43096432,5.0,
26.6079142714,0.998166342568,0.0119238571808,0.740058190515,0.211769080751,2.20125229603,1.08247404699,0.0119238571808,7255.50404112,5.0,
32.1793216638,0.997876866188,0.0123696884411,0.750802422725,0.205423287268,2.16981179241,1.11062991851,0.0123696884411,7578.33614041,5.0,
28.0639441592,0.998078089839,0.0124722149479,0.730850012084,0.216200719739,2.20966572387,1.12008497516,0.0124722149479,7301.11006016,5.0,
27.5184147737,0.998145142991,0.0129794202069,0.733835694934,0.216022240393,2.19216122186,1.1053608305,0.0129794202069,7417.99804722,5.0,
28.1355625942,0.998174091088,0.012792921008,0.737974047045,0.211446018941,2.21545989841,1.12453256684,0.012792921008,7704.74379144,5.0,
25.197708531,0.998257405751,0.013311511245,0.733823248915,0.215395677273,2.19155045359,1.06488076966,0.013311511245,7230.15163141,5.0,
29.7875080231,0.998072993507,0.012641790706,0.739254364785,0.216159892339,2.19072312416,1.07597358654,0.012641790706,7729.19892351,5.0,
28.6903743651,0.998081729959,0.0135254577981,0.736610427701,0.212999696966,2.18205703384,1.13384634704,0.0135254577981,7478.25337581,5.0,
30.0086213512,0.998104084913,0.0135073596066,0.733454467148,0.219530135402,2.14231580691,1.07928399007,0.0135073596066,7914.09423941,5.0,
27.227573673,0.998155094043,0.0124954620345,0.736479705947,0.214261299789,2.20663339588,1.09128899927,0.0124954620345,7379.23341849,5.0,
28.4877874365,0.998091270964,0.0134325894675,0.741632210564,0.213026185517,2.16317277354,1.0820868449,0.0134325894675,7462.57788466,5.0,
30.3218695931,0.997921357548,0.0121638407227,0.728146027743,0.217140928441,2.22181655453,1.18897904225,0.0121638407227,7293.721827,5.0,
29.7250760451,0.997992164991,0.0126028116122,0.73270382052,0.213314159376,2.22853918935,1.16193768488,0.0126028116122,7402.42212878,5.0,
26.2262934643,0.998239336717,0.0126317479875,0.733587059106,0.213429941207,2.21431852892,1.10108067757,0.0126317479875,7447.95904239,5.0,
27.5898396076,0.998177974099,0.0122242482735,0.736312029076,0.218685399966,2.18114032261,1.0741108305,0.0122242482735,7571.30101194,5.0,
27.7795930541,0.998137414455,0.0119568301845,0.73564098077,0.212807008198,2.24238044162,1.1189146481,0.0119568301845,7457.40371046,5.0,
31.7347194703,0.99791949404,0.0113166823371,0.739423764453,0.214336412919,2.23028097504,1.14203165988,0.0113166823371,7626.80825991,5.0,
26.0802171122,0.998267665796,0.012354233238,0.744847209599,0.209601614811,2.20897472431,1.05898378635,0.012354233238,7527.69398869,5.0,
27.5873995368,0.998109321601,0.0123099638901,0.73821692522,0.21239673514,2.20550530344,1.11109211922,0.0123099638901,7295.57982535,5.0,
29.9307309399,0.998050941445,0.0127596040494,0.743081762029,0.212745869211,2.18110860124,1.09347791204,0.0127596040494,7678.28682042,5.0,
27.2477029497,0.998129727913,0.0114603747249,0.733558974314,0.212848189507,2.25652922493,1.14809433778,0.0114603747249,7284.62359986,5.0,
31.972667369,0.997851415049,0.0111216697787,0.739865907479,0.211390738677,2.24270324123,1.15268146174,0.0111216697787,7440.28613076,5.0,
27.576114863,0.998116520862,0.0129083538085,0.736008033038,0.213928247231,2.23151848741,1.09136923034,0.0129083538085,7320.41928605,5.0,
24.1623650025,0.998301961447,0.0144065257379,0.739994039657,0.211682208463,2.16877565223,1.03298717698,0.0144065257379,7114.58237674,5.0,
27.3952967154,0.998254849322,0.014763493835,0.743261374759,0.211704393803,2.16715215363,1.0430788497,0.014763493835,7848.83227491,5.0,
26.8153359937,0.998169033121,0.0131374214661,0.743177627984,0.207930865549,2.20337835836,1.07657183122,0.0131374214661,7322.15830275,5.0,
25.9233741,0.998237394777,0.0143194126421,0.744272634593,0.207352189515,2.16344189768,1.05554954792,0.0143194126421,7353.55270245,5.0,
32.6410444689,0.997879178605,0.0142167009461,0.748507875755,0.20824462988,2.16940667463,1.10059405872,0.0142167009461,7695.2239555,5.0,
28.3678908299,0.998064554047,0.0136629306093,0.746067079218,0.208840730522,2.18219525733,1.08063919741,0.0136629306093,7328.36718896,5.0,
24.8281171513,0.998192645128,0.0132792867065,0.735728923728,0.214432919587,2.20167797041,1.08420773567,0.0132792867065,6868.45576021,5.0,
27.95485084,0.998087047866,0.0150086225302,0.744820187419,0.208390266256,2.1393485312,1.09140411341,0.0150086225302,7306.53797555,5.0,
26.0600180694,0.998165228613,0.0144196759266,0.738866146741,0.208068355137,2.18192794349,1.0895779846,0.0144196759266,7101.3622661,5.0,
29.3110942122,0.998013690814,0.0114826177088,0.732934305141,0.219307252456,2.21436190844,1.10022953061,0.0114826177088,7378.08738567,5.0,
27.3002577859,0.998125491304,0.0127172134668,0.729975039418,0.221865955751,2.1818873199,1.07244690796,0.0127172134668,7281.79279228,5.0,
25.3144011274,0.998278596747,0.0112473748159,0.737485926932,0.217766343824,2.23814715492,1.02473558631,0.0112473748159,7352.68391345,5.0,
26.8557759391,0.998107833595,0.0119775504472,0.729802134184,0.220047324033,2.19922483628,1.10532245912,0.0119775504472,7096.41916239,5.0,
31.6466100631,0.997883163843,0.012835285873,0.732656013046,0.219368730505,2.18263144969,1.13366844338,0.012835285873,7474.82565206,5.0,
28.1878558073,0.998088898621,0.0139564202146,0.737173224096,0.21737614736,2.13385220652,1.06495576826,0.0139564202146,7374.58477161,5.0,
26.767328166,0.998159100194,0.01173436594,0.732590843587,0.219861548296,2.21469240254,1.06611911871,0.01173436594,7269.99400943,5.0,
26.2929428057,0.99819364418,0.0123949426501,0.738364522753,0.217194717383,2.18635541119,1.04481951499,0.0123949426501,7277.69092143,5.0,
26.7927439722,0.998236016692,0.0117618409649,0.728460019638,0.221925476136,2.24569612743,1.07918282916,0.0117618409649,7594.26001802,5.0,
25.2742681532,0.998273307492,0.0136339489558,0.738699089428,0.212124189025,2.19821164534,1.06923592119,0.0136339489558,7318.58120017,5.0,
29.9972163309,0.997979803509,0.0133502736216,0.74123702416,0.213970935502,2.18304944623,1.10469805213,0.0133502736216,7424.26372839,5.0,
29.1247767483,0.998040545103,0.0126419839689,0.740582942176,0.212059229408,2.16783351482,1.09679005972,0.0126419839689,7431.60978812,5.0,
31.1040439945,0.998019848277,0.014795116962,0.756228184904,0.20377009033,2.11830908658,1.06386567227,0.014795116962,7853.8797957,5.0,
29.5958499609,0.998099990573,0.0159479187658,0.756781982259,0.205636444415,2.08467534711,1.01614911816,0.0159479187658,7788.31005684,5.0,
29.4808404727,0.997951827798,0.0146935998146,0.742367228612,0.208162390651,2.16281953148,1.13141325278,0.0146935998146,7196.8872001,5.0,
31.0225501619,0.997808491967,0.0124189792942,0.701492054268,0.216017932671,2.37378631133,1.30755183624,0.0124189792942,7077.61620119,6.0,
28.6341777362,0.9981262543,0.0119535675686,0.737910523252,0.218381985629,2.19698338726,1.06561854663,0.0119535675686,7640.66548725,6.0,
36.123091896,0.997675573134,0.0132043170928,0.744385557,0.213976767733,2.17635986873,1.14241014121,0.0132043170928,7770.08659891,6.0,
29.5873698861,0.998081159539,0.0131883183141,0.741696073305,0.214211718583,2.18535035756,1.08895706592,0.0131883183141,7709.44460924,6.0,
32.1572999805,0.997873737996,0.014823378186,0.739968179649,0.209964132603,2.17037784156,1.16700096277,0.014823378186,7561.70923579,6.0,
27.7205429899,0.998175503455,0.0127916803356,0.742352503457,0.213684635612,2.19495794526,1.06995974493,0.0127916803356,7596.47667872,6.0,
34.561545948,0.997759493236,0.0146917781429,0.742586093662,0.211979244581,2.1489338459,1.1507245214,0.0146917781429,7712.68933641,6.0,
30.2280480828,0.998110514631,0.0137926214968,0.741154733128,0.217316783634,2.14929719542,1.05351412067,0.0137926214968,7998.86103192,6.0,
31.337788483,0.997952138888,0.0150390986258,0.748489281905,0.208309335176,2.12303576838,1.09256746386,0.0150390986258,7651.19454257,6.0,
34.7639985768,0.997767892503,0.0144314410175,0.747430171526,0.205341421899,2.16920968421,1.19497893062,0.0144314410175,7787.0610471,6.0,
27.1008452168,0.998216852376,0.0152245167332,0.758967236954,0.204496723851,2.11735678756,1.01053992019,0.0152245167332,7598.94673542,6.0,
28.601335324,0.99812676787,0.0132891217854,0.746557927065,0.210764375412,2.17945382388,1.06341742479,0.0132891217854,7634.07511795,6.0,
28.9628844115,0.998047759777,0.0137728816513,0.748823614054,0.208242359886,2.1696691015,1.0694347547,0.0137728816513,7417.70577249,6.0,
30.2388548585,0.998007771709,0.0152808561275,0.761950510056,0.204052958449,2.09918944521,1.01592412234,0.0152808561275,7589.04228774,6.0,
25.8179714098,0.998380119174,0.0147335565694,0.755668841425,0.209282928108,2.10874777647,0.955386295139,0.0147335565694,7968.90384378,6.0,
30.5403649467,0.99799194981,0.0135307965306,0.744000391625,0.212499635954,2.17544202651,1.09439533683,0.0135307965306,7604.26075831,6.0,
34.9177945527,0.997670830354,0.0132298216461,0.742680956423,0.208175689959,2.19588217942,1.22038776023,0.0132298216461,7495.59789537,6.0,
34.4209444941,0.997789937432,0.0124373135505,0.740734842159,0.212628537606,2.20018901371,1.16542948038,0.0124373135505,7787.14107937,6.0,
33.0843734303,0.997869598043,0.0136626121287,0.740822164288,0.21382108042,2.17353845358,1.13752825529,0.0136626121287,7764.63734377,6.0,
25.1693259195,0.998274733199,0.0137934768726,0.748612855817,0.207100467171,2.18528284215,1.04985488642,0.0137934768726,7294.16377634,6.0,
36.5836042585,0.997639749384,0.0147195478654,0.745963891333,0.207223028365,2.14645680415,1.19849863258,0.0147195478654,7749.81787861,6.0,
38.2127623207,0.997560728821,0.0128081314338,0.741842731369,0.211930425992,2.18434710877,1.22319933583,0.0128081314338,7832.66956019,6.0,
24.8051954847,0.998349112128,0.0133018876449,0.749041867712,0.207523143476,2.1834119915,1.01916824803,0.0133018876449,7512.5550837,6.0,
30.5399446057,0.997969662634,0.0150513396245,0.751667691176,0.207493092617,2.12120470094,1.07438815092,0.0150513396245,7520.83221094,6.0,
35.5777979712,0.997753587008,0.0149242961487,0.740866741406,0.209883720032,2.1499220898,1.19787945806,0.0149242961487,7918.60107766,6.0,
27.0582582185,0.998237678689,0.0149066751913,0.745496178375,0.211440054288,2.13293730543,1.0200752079,0.0149066751913,7676.67171167,6.0,
31.029047134,0.998008835219,0.0149345080307,0.747312305588,0.209689039294,2.13761522432,1.07916713177,0.0149345080307,7791.51283545,6.0,
27.6985056092,0.998239938895,0.0149584533884,0.743282707671,0.213859676084,2.13475171482,1.04677819948,0.0149584533884,7868.44447892,6.0,
34.0560030279,0.997797896548,0.0140628785566,0.738275063179,0.212525938401,2.19992191728,1.17103344589,0.0140628785566,7732.43814533,6.0,
31.0899320478,0.997951452878,0.0139766115401,0.745287362197,0.209666698,2.17371778519,1.11313975554,0.0139766115401,7588.04431582,6.0,
28.6386863733,0.998150416038,0.0137824553371,0.748622017789,0.209774925154,2.16181439168,1.0434207038,0.0137824553371,7741.78191422,6.0,
31.2373304683,0.99806203215,0.014156053315,0.751572739157,0.207876511396,2.13527617881,1.09920745661,0.014156053315,8059.19510825,6.0,
29.7186697689,0.998154172761,0.0145283749613,0.749481614959,0.215697612832,2.0909609636,1.00556559413,0.0145283749613,8050.12516983,6.0,
25.0323331194,0.998409821748,0.0135028627735,0.748103524261,0.211256663921,2.17574178832,0.989259502149,0.0135028627735,7870.78957036,6.0,
25.7253568538,0.998282125993,0.0154817162111,0.75088576378,0.20807067587,2.0988212904,1.02318503377,0.0154817162111,7487.42701456,6.0,
27.3482098007,0.998213535207,0.0162851013438,0.754824190301,0.207328479696,2.111173339,1.01269046157,0.0162851013438,7654.15313948,6.0,
32.4732254981,0.997948904654,0.0146062639053,0.746230285558,0.209872575185,2.14560471634,1.11890767149,0.0146062639053,7915.93506341,6.0,
26.8801469973,0.998224364832,0.0134575704012,0.748653628269,0.211917983798,2.17157369555,1.02044671262,0.0134575704012,7568.93009587,6.0,
30.7515767149,0.997998570231,0.0134090288833,0.742591530204,0.21641679032,2.16930280128,1.06507437071,0.0134090288833,7682.06004646,6.0,
31.883051013,0.997899796607,0.0140129451449,0.741534031781,0.210005172944,2.19391973643,1.17019450801,0.0140129451449,7590.07248998,6.0,
30.3761930011,0.997944935484,0.0145903659896,0.738623135941,0.210258818407,2.18616444273,1.148710024,0.0145903659896,7390.25014394,6.0,
33.2440890635,0.99787193988,0.0143376280325,0.746873363753,0.20797431193,2.14274810441,1.15124776748,0.0143376280325,7810.56298781,6.0,
33.4655372691,0.997783959144,0.0140166626844,0.744879650825,0.211957438867,2.17141497835,1.1222599347,0.0140166626844,7550.44691131,6.0,
33.3453668304,0.997819073826,0.0146723389514,0.747027643529,0.21103899682,2.14715832495,1.12914062064,0.0146723389514,7644.43323138,6.0,
28.2189715075,0.998167052409,0.0138309455656,0.747924792855,0.208917055757,2.16150663792,1.05231065469,0.0138309455656,7697.36350444,6.0,
29.6595045906,0.998097471733,0.0140757644624,0.747502089105,0.210330460976,2.17211658646,1.08910008651,0.0140757644624,7794.49302806,6.0,
22.1498855835,0.998512961329,0.0147017535343,0.748936127592,0.208233612215,2.15949740071,0.981728246916,0.0147017535343,7447.37279684,6.0,
29.4597833064,0.99807125256,0.0149759565385,0.749368657736,0.208148294463,2.15244449323,1.06231163141,0.0149759565385,7636.81348148,6.0,
24.6596162164,0.998451871117,0.0141054755621,0.747733671936,0.213787503167,2.14983710637,0.956896732154,0.0141054755621,7964.19215203,6.0,
30.5393550818,0.997975732416,0.014727688486,0.743662769399,0.208600512719,2.17239104388,1.12706856617,0.014727688486,7543.1846411,6.0,
26.2629799911,0.998267412636,0.0152150166838,0.748184278993,0.204958929537,2.13404429271,1.04773399565,0.0152150166838,7578.60192442,7.0,
30.0966086677,0.998065839639,0.0125321330354,0.746695043305,0.209161864186,2.17254765483,1.09424708378,0.0125321330354,7779.75507984,7.0,
33.127759251,0.99780494369,0.0125026852939,0.747956121653,0.208560228694,2.16341847984,1.14363453703,0.0125026852939,7545.5199338,7.0,
40.1592080845,0.997347368772,0.0126600887617,0.737311237041,0.210368611832,2.19455118716,1.27033159848,0.0126600887617,7569.22874471,7.0,
33.3099151644,0.997812838218,0.0137180102087,0.750910482068,0.205309702232,2.15839201353,1.13848579561,0.0137180102087,7614.45247047,7.0,
29.8391070631,0.998030550231,0.0130008035926,0.745614832473,0.206921926092,2.18853901679,1.10643697327,0.0130008035926,7575.08532487,7.0,
33.1593859882,0.997838326422,0.0136291353092,0.747166434506,0.210686706094,2.14695736618,1.10477653904,0.0136291353092,7669.36830482,7.0,
33.3684541916,0.997841725777,0.0110627980361,0.721452216112,0.223438872663,2.22467658161,1.19220398225,0.0110627980361,7729.89161678,7.0,
28.8576439276,0.998121861309,0.013929373258,0.752534543552,0.210205058299,2.14023472728,1.01720607524,0.013929373258,7682.05116514,7.0,
28.9615588547,0.998107326719,0.0130374237483,0.750648451759,0.211550654556,2.12836051379,1.03020176369,0.0130374237483,7650.5218335,7.0,
27.5085201903,0.998242998728,0.0127703731416,0.748306189651,0.210957079123,2.18196498097,1.03955565943,0.0127703731416,7827.79730178,7.0,
23.7491087375,0.998418927057,0.0139649535849,0.760199485483,0.206986843289,2.1318586881,0.933504144109,0.0139649535849,7510.02111231,7.0,
33.164550427,0.99785589587,0.0106156819385,0.733855621891,0.222656949537,2.22133328192,1.12656973824,0.0106156819385,7733.46742816,7.0,
28.0268983368,0.998150630406,0.012061722255,0.746848116345,0.212920927872,2.18004269894,1.04738167662,0.012061722255,7576.96694946,7.0,
31.0162084194,0.99796847231,0.0115975573286,0.738376631423,0.218301301454,2.18606589184,1.10290680638,0.0115975573286,7633.30063485,7.0,
32.1480123626,0.997911342274,0.0133259956256,0.742789315274,0.211550211442,2.18916323135,1.11618155941,0.0133259956256,7695.39650336,7.0,
26.9114528102,0.998197628219,0.0130278335866,0.746242011903,0.211213759768,2.17617642934,1.03478888765,0.0130278335866,7465.12352919,7.0,
31.2943346403,0.997948691991,0.010811568691,0.731469093973,0.220770836777,2.2238667506,1.14105493386,0.010811568691,7627.43939712,7.0,
27.4979889909,0.998174104348,0.0110988582742,0.735198855955,0.21869728108,2.22857187364,1.07608521237,0.0110988582742,7529.52057671,7.0,
31.5944895211,0.99794229177,0.0132618997575,0.744058691447,0.211011699862,2.17306852751,1.13562015125,0.0132618997575,7676.63145806,7.0,
34.4889891583,0.997706561197,0.0122831776694,0.737219700207,0.214189487942,2.205134486,1.18732732879,0.0122831776694,7518.62779049,7.0,
30.6729834096,0.997977930339,0.0122904363143,0.739992286416,0.214663250599,2.17716284241,1.09832665904,0.0122904363143,7584.15321179,7.0,
30.4017326422,0.998010878402,0.0128470831611,0.744793663106,0.215392323238,2.16682808368,1.05613209522,0.0128470831611,7641.60616449,7.0,
28.3313874393,0.998060176318,0.0124752836074,0.742300244998,0.211454525697,2.20531689469,1.09940454596,0.0124752836074,7302.17575198,7.0,
26.4224758609,0.998263089346,0.0125014044905,0.747885943422,0.21488011591,2.15091036848,0.998737232796,0.0125014044905,7605.78424414,7.0,
25.1627783669,0.998275073473,0.0116757419316,0.73765239942,0.217154266261,2.19576559716,1.04412010939,0.0116757419316,7293.43711342,7.0,
29.2001660434,0.998090353729,0.0127665645773,0.745914312935,0.215045457951,2.16213793799,1.04750376737,0.0127665645773,7645.01446235,7.0,
31.8345844728,0.997833246291,0.0139952613018,0.742367090991,0.212170270902,2.15437926766,1.13206382207,0.0139952613018,7345.75543548,7.0,
35.3039501591,0.997668181593,0.0108087188782,0.731722154543,0.217360051703,2.24948932851,1.22769227549,0.0108087188782,7569.63748253,7.0,
31.637967782,0.997877691885,0.0144711384114,0.734645299318,0.211966231845,2.14865064494,1.19467021544,0.0144711384114,7453.26832909,7.0,
29.0047754925,0.998039862491,0.0110568776655,0.734521713273,0.217770148831,2.23754294603,1.11013632305,0.0110568776655,7398.27176781,7.0,
25.983920648,0.998213083185,0.013648508865,0.743061991531,0.212878969235,2.1619148763,1.05629255735,0.013648508865,7270.22275214,7.0,
31.229469568,0.997934751958,0.0114846647615,0.721101304963,0.222429073045,2.21469539806,1.20543861975,0.0114846647615,7560.32947237,7.0,
34.3736657225,0.997845874122,0.0124178657378,0.732330735427,0.218771928695,2.1982800545,1.1743822208,0.0124178657378,7978.25138166,7.0,
28.8512498605,0.998090414873,0.0152053030931,0.748893471226,0.204276722222,2.13387183001,1.07743169895,0.0152053030931,7554.02504485,7.0,
30.7469285455,0.998020735232,0.0130827362165,0.745370902152,0.21297882698,2.15197867853,1.06550168834,0.0130827362165,7766.89556165,7.0,
29.32685264,0.998056195307,0.012273082463,0.73562730882,0.216489055343,2.20302828987,1.09990337389,0.012273082463,7543.3583044,7.0,
32.5509833538,0.997820006108,0.0133373999937,0.735797392268,0.214041473713,2.16869514869,1.16110921192,0.0133373999937,7465.50837604,7.0,
35.427110077,0.997687061018,0.011823260473,0.724388406444,0.219332372778,2.22229071872,1.22987769995,0.011823260473,7658.17121445,7.0,
23.2182877993,0.998430190827,0.0117335646705,0.735974930482,0.218452600833,2.20915660665,1.02429605961,0.0117335646705,7394.88882671,7.0,
31.996264023,0.997891701389,0.0123460773584,0.744243283133,0.211158357961,2.19408380753,1.12492325724,0.0123460773584,7587.7376252,7.0,
25.7256254535,0.99831957896,0.0127684802307,0.748072731173,0.212993760372,2.16294460901,1.00158892393,0.0127684802307,7653.96422107,7.0,
29.2022433304,0.998045870448,0.0114009806403,0.74434165994,0.212534033643,2.20623740239,1.08843381984,0.0114009806403,7471.47259659,7.0,
31.9805840822,0.997888591775,0.0121337236159,0.742031028968,0.213563907676,2.20008789155,1.12482209633,0.0121337236159,7572.84340631,7.0,
29.5481595691,0.997881932606,0.0104649672565,0.730550829861,0.213980861298,2.27427893997,1.18672908411,0.0104649672565,6974.69534724,7.0,
30.1100892309,0.998012215338,0.0122614213927,0.751781886564,0.208811865421,2.19318702359,1.05744369872,0.0122614213927,7573.33634472,7.0,
30.0123520958,0.997972435182,0.0136320599023,0.750077427874,0.209738807795,2.15514792438,1.07933457052,0.0136320599023,7400.64430988,7.0,
35.4044081738,0.997619669304,0.0131984025752,0.747331979101,0.208288055442,2.16598678412,1.17037066752,0.0131984025752,7436.62336774,7.0,
29.7756111514,0.998024152643,0.0129973064634,0.75154752044,0.208945362497,2.15167272304,1.07086496065,0.0129973064634,7534.54339942,7.0,
31.1858465424,0.997998353786,0.0124677879912,0.742717358703,0.215792187176,2.16438734257,1.07662415583,0.0124677879912,7789.87064238,7.0,
