3.8490022735,0.999740171819,0.00779599357579,0.633028411062,0.249494876586,2.36244723423,1.03803096693,0.00779599357579,7406.60465766,1.0,
3.92564587018,0.999740266205,0.00890322004669,0.639093656018,0.249084713031,2.30710130926,1.01487556056,0.00890322004669,7556.8602895,1.0,
4.08132392221,0.999738849472,0.00812742786112,0.643391332516,0.249939335147,2.33545593537,0.999261559558,0.00812742786112,7813.90254193,1.0,
3.75373887817,0.999751996647,0.00872189741149,0.639882485695,0.249385017244,2.31279947807,1.00274796323,0.00872189741149,7567.71828648,1.0,
3.6805723053,0.999760335631,0.00825195510914,0.642273310809,0.249441247719,2.32222060274,0.992224321524,0.00825195510914,7678.35714809,1.0,
3.81789185471,0.999749187896,0.00898234522155,0.641162022307,0.248730674904,2.2965530373,1.00442438942,0.00898234522155,7610.84966167,1.0,
4.05704896286,0.999730653358,0.0085996967418,0.638682808629,0.248735851866,2.31614331041,1.02218470279,0.0085996967418,7531.06734561,1.0,
3.66553092226,0.999761563226,0.00893609706504,0.644516861877,0.248765571804,2.28841376068,0.983425903593,0.00893609706504,7686.37446749,1.0,
3.83645224759,0.999754050168,0.0101398001909,0.653558525618,0.247597367143,2.30398961219,0.966246471387,0.0101398001909,7799.09017816,1.0,
3.77856434582,0.999744629252,0.0112630009674,0.654418334592,0.245929602649,2.26152813543,0.968707232317,0.0112630009674,7398.04290028,1.0,
3.98688070608,0.999738092614,0.0109154572782,0.658215000188,0.246948685191,2.25983708024,0.960362732486,0.0109154572782,7611.0860893,1.0,
3.52731861142,0.999772936249,0.0102437376175,0.658571292257,0.247800848258,2.29213699933,0.937145575387,0.0102437376175,7767.08336544,1.0,
3.26271852835,0.999776288851,0.0108985162119,0.652556287258,0.246876957291,2.26120769163,0.953676122456,0.0108985162119,7292.11809725,1.0,
3.64500098265,0.999754222751,0.0106739843977,0.65381824433,0.245961426849,2.2855014478,0.96869472584,0.0106739843977,7415.11431953,1.0,
3.80618389434,0.999748752516,0.0105316908483,0.654373779389,0.246717186079,2.29580641739,0.96699953994,0.0105316908483,7574.4236167,1.0,
3.66744765146,0.999763152801,0.0110337548274,0.660134235816,0.246971391754,2.26419405268,0.938035545193,0.0110337548274,7742.08126165,1.0,
3.45462884797,0.99977806081,0.0102181339009,0.659410486344,0.247953992533,2.28262060437,0.932060241018,0.0102181339009,7782.66416477,1.0,
3.32263527094,0.999792252937,0.0111798367105,0.662957736725,0.2473803433,2.26734289693,0.913203377642,0.0111798367105,7996.68183181,1.0,
3.31350822301,0.99978643087,0.00978928091266,0.657433948983,0.248459095064,2.30187143196,0.932711694449,0.00978928091266,7757.29584277,1.0,
3.81858864412,0.999754015337,0.0102868987588,0.658706123633,0.247595437085,2.27461978663,0.950309088635,0.0102868987588,7761.67467589,1.0,
3.29174014222,0.99978769284,0.0108967055934,0.661141266583,0.247402182506,2.2515001225,0.918698969109,0.0108967055934,7752.14916593,1.0,
3.41008189509,0.999778857416,0.0111710427656,0.660421444544,0.247329095647,2.24398394239,0.92687608315,0.0111710427656,7709.98898876,1.0,
3.31619990709,0.999794496391,0.011166217142,0.662619111648,0.247755880058,2.25086904957,0.913850922799,0.011166217142,8068.32588901,1.0,
3.54962000411,0.999764014788,0.0107236041051,0.657987026978,0.247960022163,2.25095855995,0.937695972021,0.0107236041051,7520.69680124,1.0,
3.57826798699,0.99976892342,0.0109083386666,0.65846345007,0.246838414898,2.26628951578,0.945600176877,0.0109083386666,7742.45109925,1.0,
3.94067530507,0.999747165082,0.0107322690534,0.65830537858,0.246571685218,2.28365456699,0.96027541048,0.0107322690534,7792.82356192,1.0,
3.56290389219,0.999772032358,0.010438486966,0.659937162962,0.24713310589,2.28683777801,0.934798936056,0.010438486966,7814.3388753,1.0,
3.47626058584,0.999766351964,0.0102649630239,0.654541341239,0.246644182796,2.29172555426,0.954739396295,0.0102649630239,7438.94905058,1.0,
3.66959284719,0.999751028425,0.0103752962126,0.65183037432,0.246107934741,2.32302846653,0.977228497794,0.0103752962126,7369.36212975,1.0,
3.36435643012,0.99978423631,0.0117094186935,0.660151362323,0.246259634006,2.24842237176,0.932574123207,0.0117094186935,7796.2496352,1.0,
3.73817568473,0.999747716082,0.0105461250244,0.652020506201,0.245905014177,2.31035774218,0.98132436887,0.0105461250244,7408.52270135,1.0,
3.55588653052,0.99975972543,0.0106752951685,0.654386876508,0.247019778711,2.26954156721,0.957672723375,0.0106752951685,7399.48929067,1.0,
3.85760885101,0.999751232123,0.0109185085266,0.659325476711,0.247188009178,2.25907080232,0.947899358596,0.0109185085266,7753.27778578,1.0,
3.64122827,0.999756173918,0.010558102725,0.655279406262,0.246260081734,2.30507270006,0.961558217648,0.010558102725,7466.71907048,1.0,
3.61610019028,0.999760034708,0.0122626575989,0.660182802389,0.246631667816,2.2173688832,0.938026053671,0.0122626575989,7534.49282755,1.0,
3.68815960497,0.999755105973,0.0113529883528,0.657618223022,0.246740198628,2.26751206663,0.949701519537,0.0113529883528,7529.98066429,1.0,
4.106228337,0.999743174214,0.0102569610736,0.65838082707,0.248074872115,2.30304404294,0.957503104286,0.0102569610736,7994.04096815,1.0,
3.63092036501,0.999757496196,0.0103521790751,0.653696895165,0.247648822757,2.31035490345,0.960880746279,0.0103521790751,7486.16565133,1.0,
3.22696753676,0.9997907289,0.0106821969575,0.65505271515,0.247283577832,2.32580375346,0.939683496811,0.0106821969575,7709.88715974,1.0,
3.83667580086,0.999743731949,0.0111337133346,0.653780823206,0.246231692515,2.28521839447,0.975244657948,0.0111337133346,7485.54068799,1.0,
3.40826142109,0.999781008458,0.0112437178036,0.659169449162,0.247762048962,2.24364507003,0.93112080363,0.0112437178036,7781.56831951,1.0,
3.96256677565,0.999741668552,0.0105110789454,0.65758291267,0.248030221274,2.26834650179,0.957014346715,0.0105110789454,7669.39223062,1.0,
3.57412008004,0.999766888532,0.0105508729148,0.657751472299,0.246947408103,2.28966989294,0.947191626021,0.0105508729148,7665.9872165,1.0,
3.60426750013,0.999759900112,0.0107448687089,0.656457277864,0.24640957121,2.29516162905,0.957078777403,0.0107448687089,7505.63698794,1.0,
3.70532999232,0.999748357528,0.0111835758516,0.652481246368,0.246829951527,2.26659706246,0.970968447946,0.0111835758516,7362.16484072,1.0,
3.82415056458,0.999734317306,0.00997018493237,0.64644777087,0.246375992552,2.31942070385,1.00327100195,0.00997018493237,7196.69994037,1.0,
3.55358232388,0.999762239669,0.0110596225529,0.654299397499,0.246581370908,2.29170865409,0.96120502135,0.0110596225529,7472.90831861,1.0,
3.50670268979,0.999772935959,0.0106976471733,0.659681144237,0.247274442436,2.28610726257,0.934414808562,0.0106976471733,7721.6985349,1.0,
3.46541970395,0.999773973419,0.0108029824074,0.65841832806,0.247311894613,2.2739668586,0.936668654303,0.0108029824074,7665.81752497,1.0,
3.56364635258,0.999772268508,0.0108000526929,0.661478766145,0.247718679483,2.24515551372,0.927608047024,0.0108000526929,7824.07121698,1.0,
4.15326151043,0.999741326527,0.00959257756087,0.657281513248,0.248905988911,2.28737840572,0.953702810384,0.00959257756087,8027.86583519,2.0,
3.88446650944,0.999753601783,0.00940281616365,0.655797513863,0.247929927441,2.29552960135,0.951739963553,0.00940281616365,7882.34584301,2.0,
3.81967681925,0.999747231398,0.0101051884383,0.646463144833,0.248056595939,2.26558692908,0.993186538565,0.0101051884383,7555.55048905,2.0,
3.96855815958,0.999749026275,0.00979548046106,0.65541538558,0.246807300995,2.29230902253,0.964614152865,0.00979548046106,7906.18782553,2.0,
3.67499095514,0.999768807806,0.00961134247545,0.656874154319,0.248359206278,2.27371137098,0.941944377445,0.00961134247545,7947.76372181,2.0,
3.99516032856,0.999741884412,0.00968020671949,0.651711344642,0.246719832387,2.30385620434,0.978107971092,0.00968020671949,7738.95370666,2.0,
3.84705729306,0.999751361753,0.0090558299347,0.649662226218,0.247448502482,2.3359103845,0.982043267942,0.0090558299347,7736.11521446,2.0,
4.58637073216,0.999705694464,0.00935666758338,0.65131000856,0.247231128748,2.2897709325,1.00295700005,0.00935666758338,7791.69280734,2.0,
4.26951613335,0.999732056208,0.00841833396798,0.654932985869,0.248182876269,2.34865929922,0.97266865877,0.00841833396798,7967.02489692,2.0,
4.18721011774,0.999729789896,0.00832892816954,0.646630916557,0.248123741983,2.35311619345,1.00577665219,0.00832892816954,7747.8993091,2.0,
4.52034658573,0.999704213034,0.00997782209392,0.650187167908,0.246143942859,2.30380005378,1.007456205,0.00997782209392,7641.08395806,2.0,
3.93417573386,0.999742241502,0.00949857773988,0.648251244604,0.246718753996,2.32649300881,0.992504377267,0.00949857773988,7631.37737708,2.0,
3.78544625788,0.999750472588,0.0105811814322,0.650105419106,0.246768474123,2.26172864731,0.976145012596,0.0105811814322,7585.09498434,2.0,
3.76874464008,0.999750759961,0.00988956500419,0.64864549287,0.245948628164,2.30938737077,0.988699840096,0.00988956500419,7560.3254361,2.0,
3.96932875954,0.999752387999,0.0101227802461,0.658727773773,0.248677262433,2.27610961126,0.94446164085,0.0101227802461,8015.06713919,2.0,
3.93646933233,0.999748949858,0.0102156946757,0.656084056721,0.247980156808,2.25529848061,0.953602535241,0.0102156946757,7839.85269228,2.0,
4.10629868593,0.999737973973,0.00981563830648,0.654894144279,0.247797022096,2.27956177404,0.966412852191,0.00981563830648,7835.51294344,2.0,
4.03403983759,0.999741230256,0.0100338160043,0.65346382005,0.2468833601,2.28861732726,0.976677542835,0.0100338160043,7794.48768158,2.0,
3.87020320791,0.999757295394,0.00945350145086,0.656821599551,0.247529008089,2.28963256158,0.953538551214,0.00945350145086,7972.91158885,2.0,
3.81677743832,0.99974952057,0.0103229019889,0.649753399255,0.246969474116,2.2689588493,0.980987698987,0.0103229019889,7618.80959313,2.0,
4.30683222115,0.999706550446,0.00858206637766,0.638575237718,0.246595635947,2.36683852497,1.04730697593,0.00858206637766,7338.12417138,2.0,
3.92617047221,0.999745858001,0.00873081822886,0.65079241836,0.247881939346,2.33877129445,0.978122152543,0.00873081822886,7724.20945702,2.0,
3.47402505315,0.999773373098,0.00967651430923,0.652264530036,0.247651010255,2.29656187998,0.956298685927,0.00967651430923,7664.46778196,2.0,
3.73711319255,0.999766153095,0.0108874754649,0.660600628828,0.24853573648,2.22824230917,0.933334226653,0.0108874754649,7990.33788417,2.0,
3.92018690483,0.999746680159,0.0104041243728,0.655622070796,0.246300325941,2.26467829166,0.963991955656,0.0104041243728,7737.44030443,2.0,
4.13069748173,0.999737946066,0.00909371614304,0.65363599059,0.247280096144,2.32560942706,0.976018272856,0.00909371614304,7881.21607249,2.0,
4.15721757696,0.999731570888,0.00971578361255,0.65124485068,0.247182566122,2.31353286652,0.984846170338,0.00971578361255,7743.48396375,2.0,
3.84852881403,0.999749804846,0.00954194723249,0.649142986693,0.248056668232,2.30440507701,0.978963548087,0.00954194723249,7690.93530643,2.0,
4.10865861339,0.999726139207,0.00842903038519,0.635438451262,0.248787679507,2.34588121862,1.0386073815,0.00842903038519,7501.18394929,2.0,
3.83206649426,0.999739445515,0.00748771285836,0.633542584795,0.249251272153,2.37435986128,1.0345896759,0.00748771285836,7353.4666992,2.0,
3.99901031338,0.999739075826,0.0076412216881,0.64088893372,0.24905668329,2.35831690296,1.00776551696,0.0076412216881,7662.93181605,2.0,
3.99078172178,0.999740022852,0.00732884939974,0.638009864916,0.248670261448,2.39007744474,1.02455590842,0.00732884939974,7675.041636,2.0,
4.30717938754,0.999712025547,0.00879687519338,0.634323600245,0.248114307841,2.32195208737,1.05546667024,0.00879687519338,7478.20685485,2.0,
4.04411313448,0.999735644944,0.00756156586917,0.638889070699,0.248721807029,2.37311605876,1.02153112773,0.00756156586917,7648.79980867,2.0,
3.94532737936,0.999742359226,0.00830272638377,0.639508964462,0.24857921571,2.34713025346,1.01687067857,0.00830272638377,7656.44960882,2.0,
3.54892879795,0.999759342652,0.00889236006898,0.632650043491,0.249706368923,2.32857802424,1.02867254918,0.00889236006898,7373.20868868,2.0,
4.71248347358,0.999684770793,0.00818871007315,0.635040637289,0.248043012872,2.34693339702,1.06678123493,0.00818871007315,7474.48082991,2.0,
4.06028088206,0.999726169475,0.0094994135343,0.635284411861,0.248463954171,2.27863024444,1.04006192939,0.0094994135343,7413.64478445,2.0,
4.19448397384,0.999728532334,0.00873361128773,0.641331589871,0.248764169808,2.29856574053,1.01635869468,0.00873361128773,7725.34681987,2.0,
4.19410107466,0.999722781214,0.00866565898719,0.637416901828,0.248905861433,2.32156247874,1.03199815529,0.00866565898719,7564.38328442,2.0,
3.95959604081,0.999731557271,0.00930530458502,0.632385794631,0.248730370417,2.31825826872,1.04844138036,0.00930530458502,7374.90221388,2.0,
4.19409973468,0.999727996926,0.00816765554879,0.638873471321,0.248782097216,2.34640326868,1.02977736238,0.00816765554879,7709.43700082,2.0,
3.78491886423,0.999744068164,0.00853861327894,0.632108248099,0.249035393153,2.34957373661,1.04075045559,0.00853861327894,7394.19002599,2.0,
4.00466994068,0.999727313791,0.00827333683175,0.628481763932,0.249595287552,2.34877938114,1.06099084794,0.00827333683175,7342.79123812,2.0,
4.14355469797,0.999718238207,0.00972168179894,0.633041754479,0.248304659467,2.29345976253,1.05197669329,0.00972168179894,7352.71669263,2.0,
3.53389590145,0.99976926947,0.00806837495556,0.640924274641,0.248849738632,2.34264417022,0.996824248271,0.00806837495556,7657.8200266,2.0,
3.99470026889,0.999748121436,0.00907529182896,0.643843957716,0.249219036133,2.32870867652,1.00159736739,0.00907529182896,7929.61530898,2.0,
4.0295589457,0.999729076257,0.00863058714928,0.632992156415,0.249110260635,2.33654553038,1.04776122903,0.00863058714928,7436.48407358,2.0,
3.68238339944,0.999758648627,0.00857754142959,0.638704673103,0.249157992122,2.33026278198,1.00841987368,0.00857754142959,7628.46585804,2.0,
4.16632553019,0.999722435984,0.00842390942546,0.634441953399,0.248274333601,2.34986075491,1.04975400207,0.00842390942546,7504.95039747,2.0,
4.14355034303,0.999745465757,0.00891920732663,0.659773152647,0.246140828364,2.29589898722,0.951314855014,0.00891920732663,8139.5187356,3.0,
4.47900966572,0.999712537986,0.00919163098349,0.650706695036,0.244836404386,2.29958625355,1.00663088921,0.00919163098349,7790.63368507,3.0,
3.83063494935,0.999754725759,0.00916221305587,0.651692598576,0.246401128206,2.28830226688,0.9705373095,0.00916221305587,7808.78241844,3.0,
4.18743970092,0.999728633591,0.00944730856981,0.648561155766,0.24603334262,2.28180636661,1.00243786961,0.00944730856981,7715.36377095,3.0,
3.83650350181,0.999759753222,0.0090778702011,0.657057505037,0.24571253595,2.28313130375,0.949119186722,0.0090778702011,7984.40620105,3.0,
4.3504867476,0.999723653214,0.00934328385338,0.653783172331,0.245228672478,2.26958408149,0.983746382055,0.00934328385338,7871.30971961,3.0,
3.77048594361,0.99976112246,0.00932529091896,0.655767150965,0.246106750837,2.26047882734,0.954701430205,0.00932529091896,7891.99135921,3.0,
3.93473673867,0.999751499511,0.00918565308235,0.655448506602,0.245951489212,2.27255007148,0.956256141573,0.00918565308235,7916.85218156,3.0,
4.37860231191,0.999725940999,0.010924147862,0.662308751335,0.245023097579,2.2020193601,0.947801316753,0.010924147862,7988.33272403,3.0,
3.99964535206,0.99975389937,0.0103166102509,0.665434967095,0.2453642445,2.22330909914,0.922690098444,0.0103166102509,8125.9343061,3.0,
4.00701155509,0.99975222916,0.00957444408176,0.662009819685,0.245626440789,2.2601032224,0.941151779493,0.00957444408176,8086.01096758,3.0,
4.37255520716,0.999724773566,0.00868045315757,0.656553458586,0.246453307134,2.28724072523,0.969307096532,0.00868045315757,7943.42933698,3.0,
4.17722269122,0.999732799798,0.00928535073732,0.651572510292,0.245929626923,2.28898359439,0.982738270712,0.00928535073732,7816.53854831,3.0,
3.93738554341,0.999748207385,0.00929910167338,0.651700923299,0.24590306874,2.27958756253,0.977055417091,0.00929910167338,7818.58816612,3.0,
3.78715919851,0.999769661639,0.0115244246381,0.672008501954,0.246418790774,2.18346004317,0.885825918779,0.0115244246381,8220.74124564,3.0,
4.02517040074,0.999742647008,0.0110448532272,0.66211072445,0.246714079123,2.23075278188,0.935075530185,0.0110448532272,7820.2110777,3.0,
4.30696208751,0.999728379273,0.0106939739865,0.663376767268,0.245635259421,2.25166879289,0.947905165175,0.0106939739865,7928.14474067,3.0,
3.71063966161,0.999763388834,0.0108209828197,0.66007656107,0.246414959507,2.24189295914,0.939351405192,0.0108209828197,7841.1150302,3.0,
3.81602079648,0.999764552372,0.00994545412099,0.665855093336,0.245864023572,2.28151809264,0.921727099748,0.00994545412099,8103.65038856,3.0,
4.01185178485,0.999749276141,0.00996736208196,0.663156348673,0.246457989031,2.2688877061,0.934906581087,0.00996736208196,8000.43841851,3.0,
4.04576253774,0.999744223107,0.0100426624778,0.662342080552,0.246079639226,2.27409141537,0.942851878651,0.0100426624778,7908.68038074,3.0,
3.94401464598,0.999743671811,0.010093681198,0.654909824926,0.246591320237,2.29970375682,0.965669833485,0.010093681198,7693.23695583,3.0,
3.92825726716,0.999743083316,0.0104009256861,0.659193218445,0.24635719347,2.26056849012,0.947608359686,0.0104009256861,7644.94227512,3.0,
4.04619680281,0.99973609854,0.0106021328393,0.655656781202,0.245570688654,2.26537905429,0.972301169356,0.0106021328393,7666.0633864,3.0,
4.39460825695,0.999717671709,0.00994356255313,0.658882289009,0.245757244473,2.26702926763,0.970432121098,0.00994356255313,7782.74231986,3.0,
4.20377394097,0.999732186791,0.011407350021,0.665426302903,0.245304387986,2.2232917196,0.932841672473,0.011407350021,7848.27637849,3.0,
3.92413113487,0.999751770332,0.0105612572333,0.665187789701,0.245129471851,2.2412909433,0.929586415286,0.0105612572333,7904.193593,3.0,
4.04288571314,0.999741585767,0.0108290111422,0.663482726624,0.245666619051,2.23441962723,0.939262854871,0.0108290111422,7822.44920133,3.0,
3.77071351682,0.999758487868,0.0103304872561,0.661708357441,0.24635085022,2.27124653641,0.933647893552,0.0103304872561,7806.48172336,3.0,
3.59668433206,0.999774114115,0.0110082692587,0.668015727005,0.245511903039,2.2148524492,0.906044536456,0.0110082692587,7961.31244149,3.0,
3.70923826625,0.999755319619,0.0104598864873,0.653110447153,0.246094447765,2.26472944438,0.967225438173,0.0104598864873,7579.77650381,3.0,
3.65719569063,0.999765338202,0.010700882788,0.659622184842,0.24623665488,2.25536745738,0.939926703114,0.010700882788,7792.4991356,3.0,
3.88056828536,0.999754565192,0.00906174023037,0.660533800486,0.246934376599,2.30983356556,0.940215245395,0.00906174023037,7905.51605647,3.0,
3.94564953279,0.999749927358,0.00957943206395,0.661198379157,0.246262833624,2.28896929635,0.941645003663,0.00957943206395,7889.03008213,3.0,
4.2090704338,0.999728855333,0.00853927056523,0.655346365239,0.246837220776,2.34502109413,0.973001085384,0.00853927056523,7761.69231901,3.0,
3.83398646174,0.999753173916,0.011336841254,0.659681902768,0.246281922233,2.23296353177,0.944982334602,0.011336841254,7766.59843039,3.0,
4.26053078827,0.999715938467,0.00977263414969,0.646175676397,0.246892647017,2.31112758413,1.01802440103,0.00977263414969,7499.33426978,3.0,
4.20849614086,0.999732333178,0.0100727505109,0.657011124109,0.247222453196,2.26992158555,0.967681924568,0.0100727505109,7861.32191388,3.0,
4.03283229262,0.999750861095,0.0101498455794,0.659986274338,0.248395860297,2.25359093295,0.947267893195,0.0101498455794,8093.42540689,3.0,
4.39364838488,0.999724036939,0.00969023566888,0.65564902107,0.247999214147,2.30708383315,0.977566172661,0.00969023566888,7960.46135037,3.0,
3.93008298941,0.999742935322,0.00968314366345,0.649188443104,0.247106106879,2.31414311243,0.987036143717,0.00968314366345,7644.04139298,3.0,
4.07789591932,0.999738093991,0.0103716993717,0.657251723556,0.246267748225,2.26425767491,0.962766432617,0.0103716993717,7784.91811308,3.0,
3.88025026353,0.999745660288,0.00962507167026,0.650832330061,0.246881551957,2.3055308,0.981628879241,0.00962507167026,7627.97997137,3.0,
4.69906145593,0.999686549011,0.00900860708749,0.64445318383,0.24648371084,2.32218337619,1.0395353174,0.00900860708749,7495.5114547,3.0,
4.37466321845,0.999727256786,0.00957598451553,0.657336592768,0.249079934029,2.30058861617,0.961793830734,0.00957598451553,8019.63786414,3.0,
3.67161442979,0.999768800745,0.0102192940133,0.659262583751,0.247859233068,2.24440605714,0.934269420771,0.0102192940133,7940.25905885,3.0,
4.16477294045,0.999728808661,0.0103224945728,0.654879429508,0.246059664697,2.27426343101,0.976684912723,0.0103224945728,7678.55420298,3.0,
3.92707629844,0.999753339375,0.00951262873731,0.65555279912,0.247900140419,2.28488322507,0.959317101713,0.00951262873731,7960.44979454,3.0,
4.34479931572,0.99971932951,0.00934711402307,0.651446655558,0.247160361516,2.32940615495,0.99365876972,0.00934711402307,7739.90322655,3.0,
3.7397039315,0.999760372391,0.00990966207561,0.656444741185,0.24741205785,2.28722730598,0.94954340194,0.00990966207561,7803.02315264,3.0,
4.18913611513,0.999722150749,0.00716799776403,0.630674519556,0.250623082894,2.41117741556,1.06045340444,0.00716799776403,7538.52082165,4.0,
4.55273780172,0.999687393367,0.00748612425813,0.62689831655,0.248395035616,2.3874343705,1.09012881671,0.00748612425813,7281.90630934,4.0,
4.23032474406,0.999711681954,0.00871843816831,0.633072579678,0.249263945221,2.30639959357,1.04821726876,0.00871843816831,7336.22319295,4.0,
4.0945309848,0.999720426642,0.00771088744571,0.628047713568,0.248664486194,2.37775836371,1.07139176985,0.00771088744571,7322.85369753,4.0,
4.01457730343,0.999737422671,0.00826090726203,0.643601739159,0.248259871133,2.31370673348,1.00430725286,0.00826090726203,7644.58686641,4.0,
4.2007765182,0.999715541457,0.00730465329058,0.633479705966,0.248747811357,2.38019503752,1.05086138357,0.00730465329058,7383.84503186,4.0,
4.92392421969,0.99966431747,0.00734857140563,0.630973624483,0.247699748906,2.39516996129,1.08901886691,0.00734857140563,7334.25078774,4.0,
4.14558052384,0.999711040899,0.00774137132002,0.62889790877,0.248632120631,2.37240574802,1.0681886602,0.00774137132002,7173.32688916,4.0,
4.21915054225,0.999723853364,0.00904568556893,0.644344834137,0.247289917095,2.31326528046,1.01468975005,0.00904568556893,7639.25242949,4.0,
4.36445659359,0.999702441661,0.00747197197543,0.631377214129,0.248301232085,2.37782151585,1.06790726448,0.00747197197543,7333.71325374,4.0,
4.35683155116,0.999718707193,0.00890846194227,0.643115112669,0.247897703449,2.28337683856,1.01752548195,0.00890846194227,7744.23806111,4.0,
3.8385506557,0.999748469284,0.00944457061131,0.648354903321,0.248482979686,2.31445004041,0.986172191849,0.00944457061131,7630.35801663,4.0,
4.12926448518,0.999721133622,0.00964692150057,0.639799347163,0.24739290184,2.31335212607,1.03560258884,0.00964692150057,7403.64644991,4.0,
4.20623280359,0.99971264958,0.00895766255906,0.639844835462,0.247674228347,2.3519597276,1.03768234889,0.00895766255906,7318.96101366,4.0,
4.03369814279,0.999728496756,0.00843669316202,0.643044867194,0.249139122393,2.34323693664,1.0137849288,0.00843669316202,7428.45622607,4.0,
4.12987998249,0.99973212528,0.00789486050996,0.644481493712,0.249340282633,2.38336443393,1.01102780904,0.00789486050996,7708.59818954,4.0,
4.54890389666,0.999700690869,0.00886195533479,0.644546152652,0.247364931132,2.35607290194,1.03494689214,0.00886195533479,7599.02967209,4.0,
4.07713916582,0.999729735112,0.00891075417897,0.645680358012,0.248177883205,2.35913173869,1.00507573118,0.00891075417897,7542.8754191,4.0,
4.23075119258,0.999710818195,0.00924826468138,0.637244731546,0.247356381524,2.3376776356,1.05311478266,0.00924826468138,7315.02830169,4.0,
4.54852914902,0.999681567973,0.00912820128511,0.630296029738,0.24606095268,2.35300917149,1.09316588055,0.00912820128511,7142.11375486,4.0,
3.9108905728,0.999741790677,0.0104696478568,0.647064646262,0.247824564498,2.27435669731,0.993002514695,0.0104696478568,7573.15908309,4.0,
3.86209912276,0.999750591254,0.0097116815406,0.651073462542,0.247839697435,2.29380110791,0.981136883386,0.0097116815406,7742.53900307,4.0,
3.86959720212,0.99974833605,0.00964342252748,0.649612279314,0.247595306339,2.30338220373,0.986357890693,0.00964342252748,7688.0481046,4.0,
3.8761752738,0.999734819137,0.00976188914217,0.638143099084,0.246768268789,2.33420315463,1.03660991853,0.00976188914217,7308.57215734,4.0,
4.49279693949,0.999690107588,0.00883174970329,0.634439768034,0.246443505934,2.3591763534,1.07788787944,0.00883174970329,7248.98154211,4.0,
4.52025602544,0.999701048313,0.00957396116812,0.642278019345,0.247619339324,2.26935396292,1.03050865627,0.00957396116812,7560.22476534,4.0,
4.4283926051,0.999718451057,0.00844872210959,0.653345651218,0.245370886713,2.31280595427,0.989530739133,0.00844872210959,7864.39675414,4.0,
4.44808159583,0.999704597228,0.0083296507872,0.640171928571,0.246534428056,2.33487351198,1.0419802219,0.0083296507872,7528.90123837,4.0,
4.52124716371,0.999699870362,0.00852153536512,0.644424131583,0.246232008618,2.33413126726,1.02687485484,0.00852153536512,7532.21634257,4.0,
4.38484002876,0.999722232568,0.00939219652651,0.656518614662,0.244692156772,2.2845024657,0.976303018527,0.00939219652651,7893.0493189,4.0,
4.36407146111,0.999720662451,0.00889805806861,0.652093575764,0.246195429909,2.28382306751,0.987434452663,0.00889805806861,7811.42748464,4.0,
3.89227557574,0.999759320461,0.0100265534303,0.663496032436,0.24652744932,2.2239176105,0.920298793125,0.0100265534303,8085.98122573,4.0,
4.49673927123,0.999703054454,0.00824828463884,0.639816352858,0.246805717629,2.32493931895,1.04232917493,0.00824828463884,7571.65620571,4.0,
4.69213431956,0.999699725704,0.00855022845073,0.651933283461,0.245404626728,2.30521117189,1.00085982026,0.00855022845073,7813.08699485,4.0,
4.44089204677,0.999725937664,0.00993895762601,0.661895898626,0.245592364642,2.2633274027,0.956168707902,0.00993895762601,8102.04916769,4.0,
3.97648023083,0.999742939385,0.00825734133829,0.647926825348,0.246242077466,2.32635724866,0.993260572439,0.00825734133829,7734.579715,4.0,
4.08054740401,0.999732406142,0.00889121223426,0.641502799014,0.24701062127,2.29891890015,1.01703884601,0.00889121223426,7624.55872011,4.0,
4.49458279734,0.999712234287,0.00833826646336,0.648776607438,0.24594353195,2.32392566182,1.00556080381,0.00833826646336,7809.48966394,4.0,
4.13450749049,0.999728599424,0.00816458893874,0.642186996207,0.246447060291,2.33756106712,1.01769119276,0.00816458893874,7617.03407829,4.0,
5.00526701327,0.999679632212,0.00881518456158,0.651431888899,0.244650976564,2.30518651099,1.02216169981,0.00881518456158,7811.79298074,4.0,
4.3970460149,0.999721354353,0.00893797290438,0.65457979073,0.245047115013,2.28457454198,0.984326704901,0.00893797290438,7890.09513493,4.0,
4.08382979579,0.999742559067,0.00867735336448,0.657580408192,0.244295624273,2.30544401329,0.963759804184,0.00867735336448,7931.66775193,4.0,
4.75248376391,0.999696906731,0.00901670326446,0.653323547372,0.244890037148,2.28950871667,0.998355509996,0.00901670326446,7840.0402325,4.0,
4.15553567919,0.999726774003,0.00918598612976,0.641943839582,0.246771688283,2.28724633634,1.0239123832,0.00918598612976,7604.6253634,4.0,
4.33130058423,0.999731676336,0.00915054562775,0.658719583959,0.246278935843,2.27971849803,0.960632068393,0.00915054562775,8071.0816931,4.0,
4.17464189044,0.999735991601,0.00934952191501,0.653866841033,0.245973465498,2.25660833992,0.968670047882,0.00934952191501,7906.32551951,4.0,
4.42693258562,0.999718302908,0.00888713537505,0.653757764947,0.244954296252,2.29621227521,0.989214168945,0.00888713537505,7857.52050114,4.0,
4.43438968394,0.999712175746,0.00885777842148,0.644929341483,0.246000957793,2.29544616509,1.02309343231,0.00885777842148,7703.34039059,4.0,
4.55910661325,0.999703673927,0.00822601581435,0.645731195811,0.245021177755,2.34315548189,1.02947363367,0.00822601581435,7692.76556669,4.0,
3.93919942917,0.999749591305,0.0088353146817,0.651804318789,0.246052207903,2.28296688093,0.973775146951,0.0088353146817,7865.58620129,4.0,
4.37537899091,0.999698674545,0.00653298777712,0.627709197208,0.250214162638,2.43657055076,1.08015668829,0.00653298777712,7260.20448272,5.0,
4.31963862983,0.999708479196,0.00850614983186,0.638957591878,0.247738995366,2.32308980409,1.03265050205,0.00850614983186,7408.79996136,5.0,
4.24859737632,0.999724582004,0.00893523066775,0.655282695202,0.245330183556,2.2852094422,0.974193220596,0.00893523066775,7713.02415881,5.0,
3.9960505217,0.999724809047,0.00782966151,0.639171976301,0.247846630467,2.36262601155,1.02518435886,0.00782966151,7260.52530705,5.0,
4.36010087813,0.99971249763,0.00818193580457,0.650937032785,0.24555108894,2.32934495081,0.993815659002,0.00818193580457,7582.73347413,5.0,
4.2590764637,0.999708512973,0.00828162684792,0.629852503117,0.246660316478,2.37107018075,1.08088083561,0.00828162684792,7305.78219394,5.0,
4.05892303604,0.999726545226,0.00858967395799,0.634427399391,0.247782039859,2.35377242011,1.05499019582,0.00858967395799,7421.57318235,5.0,
3.98337889264,0.999741587268,0.00855042351053,0.643367741179,0.247562978467,2.36490303201,1.01846558932,0.00855042351053,7707.44576549,5.0,
4.02545950135,0.999721731624,0.00859416991922,0.625705006104,0.247615541683,2.36516702193,1.08647368727,0.00859416991922,7233.09878665,5.0,
4.08643974112,0.999735755162,0.00851467363809,0.645622567926,0.24889072114,2.34526209851,1.00197278501,0.00851467363809,7732.35079673,5.0,
4.08754098104,0.999726854155,0.00891151780523,0.639466528578,0.247681401537,2.34120267824,1.03806692305,0.00891151780523,7482.35317618,5.0,
4.015219377,0.99974637994,0.00936085748345,0.650157633803,0.249920086898,2.27812003586,0.976555604688,0.00936085748345,7915.82591748,5.0,
4.0937015374,0.999722746413,0.00823821374608,0.633876213357,0.247330024057,2.37294282931,1.05834773811,0.00823821374608,7382.61925627,5.0,
4.1265112737,0.99972365768,0.00879754558707,0.638480622526,0.247504957584,2.33265524761,1.03901306033,0.00879754558707,7466.31292351,5.0,
4.45485418788,0.999694834846,0.00806339088282,0.628727505556,0.248018295369,2.37958317848,1.09216167748,0.00806339088282,7299.09503584,5.0,
4.35002724625,0.999706326464,0.00834527852138,0.63255510142,0.247060183575,2.38750526486,1.07574480535,0.00834527852138,7406.2636779,5.0,
3.99321869808,0.999732060446,0.00836566496026,0.635909322943,0.247082135969,2.36893027833,1.04831888389,0.00836566496026,7451.7404557,5.0,
3.96142801629,0.99973849822,0.00827295245912,0.639925792708,0.249442308718,2.3396714131,1.02195779957,0.00827295245912,7574.39173974,5.0,
4.15876681674,0.999721325675,0.00795285414899,0.635646357143,0.247391164841,2.4000811254,1.05510867235,0.00795285414899,7461.72750948,5.0,
4.41594352433,0.999710673922,0.00766668285648,0.640833904604,0.248484157609,2.38692821695,1.03758531204,0.00766668285648,7631.45892548,5.0,
3.93677350771,0.999738619352,0.00806542609544,0.63790495254,0.247867918589,2.38239221073,1.03622389273,0.00806542609544,7530.77950405,5.0,
4.15138542727,0.999715670223,0.00802543532783,0.630448298396,0.247896059663,2.37760479498,1.07467404995,0.00802543532783,7300.28141895,5.0,
4.11561757428,0.99973212405,0.00850118841049,0.645096180091,0.248814648154,2.3404997384,1.00841786372,0.00850118841049,7681.94743846,5.0,
4.15973137875,0.999714675399,0.00750143070201,0.630555208966,0.246736717135,2.42176912239,1.08122554537,0.00750143070201,7289.51470669,5.0,
4.36016743046,0.999707209227,0.00745157684355,0.644310040146,0.247963415391,2.39345756978,1.0222656599,0.00745157684355,7445.84776187,5.0,
4.02592179432,0.999725179902,0.0085381560571,0.637976590043,0.246833171816,2.38910859871,1.04138761591,0.0085381560571,7324.62769974,5.0,
3.83237591789,0.999730837839,0.00950295999351,0.636904457216,0.245058182412,2.33689418187,1.04284227546,0.00950295999351,7119.03255862,5.0,
3.79478167265,0.999758305923,0.0100271979615,0.656467793857,0.247355261814,2.30671971437,0.954201059477,0.0100271979615,7850.34534021,5.0,
3.94200311322,0.999730980746,0.0087112139961,0.642471538243,0.245794602285,2.36390259053,1.02466489343,0.0087112139961,7326.46864861,5.0,
3.85571657644,0.999737986209,0.00947226274671,0.644868018433,0.245539580225,2.32403299742,1.01177752765,0.00947226274671,7357.80891144,5.0,
4.31996647818,0.99971940237,0.00954504195402,0.65297003692,0.247015412839,2.32313533323,0.986847541584,0.00954504195402,7697.75765964,5.0,
4.07691784585,0.99972201072,0.00900538488558,0.643001958384,0.245753970401,2.35152322988,1.02635371442,0.00900538488558,7332.82903541,5.0,
4.19855014204,0.999694622127,0.00830381308436,0.6168656223,0.245965730867,2.39781978852,1.1362393025,0.00830381308436,6874.31038417,5.0,
4.05452901949,0.99972270555,0.00978265158746,0.642392818698,0.245093037657,2.31066377118,1.03131141573,0.00978265158746,7310.82481244,5.0,
4.05687889711,0.999714553577,0.00931182774131,0.634485006257,0.244391537371,2.35110144527,1.0638901172,0.00931182774131,7106.11079038,5.0,
4.23050619964,0.999713483671,0.00767129029492,0.632746790004,0.248732035712,2.37710152758,1.05434823391,0.00767129029492,7382.61553275,5.0,
4.13573792678,0.999716106255,0.00848075885027,0.62598649779,0.249285104037,2.3498852027,1.07430678387,0.00848075885027,7283.91165078,5.0,
3.88443513159,0.999735960148,0.0074406762434,0.630744662162,0.249581798756,2.41220134585,1.04694116149,0.0074406762434,7355.73720151,5.0,
4.24598653767,0.999701031439,0.00773451663956,0.617355671848,0.249133924002,2.38244256051,1.11833963124,0.00773451663956,7101.02330949,5.0,
4.37058822873,0.999707762414,0.00865654091417,0.634941560458,0.248547138955,2.34189546378,1.05172533544,0.00865654091417,7477.76760126,5.0,
4.20080532776,0.999715260074,0.00912134387128,0.630054559185,0.249548723942,2.30913212959,1.05868016473,0.00912134387128,7376.52476527,5.0,
4.14253207018,0.999715218361,0.00776799744537,0.62706687548,0.248882897257,2.38617482363,1.07238011649,0.00776799744537,7273.13210976,5.0,
4.06620895196,0.999720764657,0.0081191801779,0.628828987643,0.248900152117,2.36551147129,1.06410272731,0.0081191801779,7280.92100492,5.0,
3.91520273892,0.999742350958,0.0080603641197,0.640090409492,0.24903082738,2.39054928787,1.01979574244,0.0080603641197,7597.90596778,5.0,
3.80194676708,0.999740391629,0.00904959549341,0.642515265848,0.247297115435,2.35439812877,1.01601610656,0.00904959549341,7322.44146074,5.0,
4.12745506602,0.99972216139,0.00892446662331,0.644492965149,0.248173707846,2.33992613789,1.01554264709,0.00892446662331,7427.7800165,5.0,
4.22091607708,0.999716207204,0.0081886298206,0.637121721975,0.247574874456,2.33442893943,1.04123731486,0.0081886298206,7436.56039604,5.0,
4.10801866145,0.999738625191,0.00988629395589,0.660224599666,0.246070726753,2.2720914084,0.951569116149,0.00988629395589,7858.46793395,5.0,
3.97931685605,0.999744606414,0.0104925149394,0.657194611643,0.24622983823,2.24979297001,0.956207120652,0.0104925149394,7790.55208505,5.0,
4.38038984474,0.999695889744,0.00923977618422,0.631457238128,0.246481669563,2.34227422553,1.07891921709,0.00923977618422,7201.98273168,5.0,
4.51489577192,0.999681197441,0.00862105157582,0.63276933821,0.24576262869,2.47037167564,1.08424373783,0.00862105157582,7080.94119082,6.0,
3.9544869218,0.999741274622,0.00811908909539,0.645663875278,0.250901028763,2.34641921663,0.991429936932,0.00811908909539,7642.18638769,6.0,
4.60053554519,0.999704061483,0.00895551918685,0.651377368877,0.249695651993,2.32725184008,0.992985876615,0.00895551918685,7772.73186523,6.0,
4.11622279841,0.99973313321,0.00894867618252,0.648217062525,0.248434751272,2.33722393833,0.996510804702,0.00894867618252,7712.06349138,6.0,
4.26147156563,0.999718315284,0.0100964004774,0.652021150364,0.246182498448,2.31073867167,0.99894208608,0.0100964004774,7564.19567182,6.0,
3.86836330421,0.999745461731,0.00878444259041,0.651979505072,0.247891771961,2.34234949119,0.976553259724,0.00878444259041,7598.70438767,6.0,
4.38333623662,0.999715924313,0.00998994882535,0.655891045961,0.247824411787,2.28937671006,0.977168310375,0.00998994882535,7715.02969136,6.0,
3.98745198406,0.999750766051,0.00948859797323,0.657534621518,0.249573085981,2.29092033961,0.946796332029,0.00948859797323,7999.37568647,6.0,
4.12316880617,0.9997306139,0.010217565425,0.657247899356,0.247601443395,2.26933123653,0.96332084919,0.010217565425,7652.85720919,6.0,
4.4524691358,0.999714229176,0.009727810657,0.655657300771,0.24679942108,2.31432079333,0.989908166729,0.009727810657,7790.22719805,6.0,
3.80531234925,0.999749694121,0.0100878802816,0.656844126223,0.247359813541,2.2847371243,0.956500911186,0.0100878802816,7601.26893631,6.0,
3.93126496311,0.999742598841,0.00896756343167,0.652001569002,0.248556797129,2.33076804457,0.974988721838,0.00896756343167,7636.41028311,6.0,
3.98715406192,0.999731336521,0.00924694252127,0.650607538725,0.247507023527,2.32730175159,0.987582408747,0.00924694252127,7420.30611362,6.0,
4.01503646978,0.999735512808,0.0100477283614,0.657370927273,0.247786654809,2.27265221903,0.956814131425,0.0100477283614,7590.18326975,6.0,
3.54287778492,0.999777722006,0.00991408550623,0.660787160723,0.249238251657,2.26583177896,0.92047957871,0.00991408550623,7969.42361849,6.0,
4.10111575637,0.999730415399,0.00923012804101,0.652088254774,0.248257871789,2.32312425336,0.982338175126,0.00923012804101,7606.29909172,6.0,
4.60018458219,0.999693378343,0.0089179385162,0.646894772184,0.246540187257,2.34645579813,1.03132660217,0.0089179385162,7501.35333375,6.0,
4.43756610566,0.999715177393,0.00859234133105,0.653217654722,0.248351553379,2.33643427432,0.98833815726,0.00859234133105,7789.99916142,6.0,
4.29354308481,0.99972360982,0.00938601284047,0.654397466792,0.248424626492,2.31191668192,0.977568070965,0.00938601284047,7767.12419665,6.0,
3.76541948062,0.999741995191,0.00917867623806,0.646484270787,0.246802769101,2.34919049343,1.00201454771,0.00917867623806,7297.14122054,6.0,
4.56888723625,0.999705329847,0.00995955812689,0.655698987753,0.247108919446,2.2879401706,0.989820844723,0.00995955812689,7752.5044672,6.0,
4.81814779082,0.999692577606,0.00879053885735,0.652466665948,0.248108343222,2.32613417554,1.00562724447,0.00879053885735,7836.32013709,6.0,
3.64413915242,0.999757508817,0.00895179977213,0.65052668263,0.247747848668,2.34028791213,0.975921012667,0.00895179977213,7513.92025494,6.0,
4.1858067124,0.999721801078,0.00998433486106,0.651345557056,0.247672677837,2.28671567753,0.989654910579,0.00998433486106,7523.01727335,6.0,
4.47405520269,0.999717605842,0.0102330169862,0.656767659305,0.24751158677,2.2830940982,0.979840564757,0.0102330169862,7921.58738285,6.0,
3.7326117543,0.999756926585,0.010145520687,0.655563499794,0.248060087318,2.27699126944,0.953039967126,0.010145520687,7677.88817267,6.0,
4.05879797127,0.999739592001,0.0101066951495,0.656262775128,0.248054505445,2.28542510748,0.962394476604,0.0101066951495,7793.09418016,6.0,
3.7460766513,0.999761969885,0.0102846320258,0.658100027171,0.248283399836,2.27561988114,0.94575617284,0.0102846320258,7868.85593162,6.0,
4.44178190492,0.999712909582,0.00965689342154,0.650915217892,0.24762181667,2.33631136259,1.00096143539,0.00965689342154,7735.80379035,6.0,
4.13191217327,0.999727827343,0.00949252485285,0.652032225179,0.247449000223,2.32190773433,0.987230105769,0.00949252485285,7590.53880745,6.0,
3.90794049597,0.999747667525,0.00940563308936,0.655063152591,0.248304231753,2.31035988811,0.961163370317,0.00940563308936,7743.58648158,6.0,
4.13767464401,0.999743403048,0.00957768417668,0.657660465291,0.248364379219,2.2867890438,0.96177239106,0.00957768417668,8062.55806919,6.0,
3.93131063408,0.999755840003,0.00987890428392,0.655620434362,0.251252992716,2.2484318929,0.944976193029,0.00987890428392,8050.65041351,6.0,
3.56169344393,0.999773773336,0.00923407602959,0.656598428249,0.248435536231,2.32416231675,0.942707719176,0.00923407602959,7871.91868881,6.0,
3.70168781601,0.999752891654,0.0103518843497,0.652946694139,0.247886448399,2.25937071135,0.967615037251,0.0103518843497,7489.97045419,6.0,
3.75447039538,0.99975478938,0.0108654112347,0.656082915969,0.247327825043,2.27365662307,0.956818039699,0.0108654112347,7655.55972739,6.0,
4.21746093959,0.999733673936,0.00998387107283,0.656876548674,0.248296962692,2.28905297396,0.966991500063,0.00998387107283,7917.80664891,6.0,
3.75787305033,0.999751807386,0.00914965343966,0.651965772857,0.248713099377,2.33100324838,0.969039547266,0.00914965343966,7570.41134399,6.0,
4.08710135606,0.999734058987,0.00926587490604,0.654310455527,0.249381772189,2.31255085672,0.963626476211,0.00926587490604,7684.12528737,6.0,
4.29876442711,0.999716966404,0.00966280215396,0.652527222463,0.246982100935,2.33532653187,0.997036523378,0.00966280215396,7593.98293412,6.0,
4.16164073806,0.999718546509,0.00997059097282,0.649614290084,0.246831863516,2.32466511393,1.00273769005,0.00997059097282,7393.03358203,6.0,
4.34127461096,0.999722197346,0.0097246420382,0.656156526599,0.247772531339,2.28794081049,0.978203779636,0.0097246420382,7813.50061756,6.0,
4.34156382323,0.99971258952,0.00962540862039,0.65195497191,0.24821658317,2.31823272915,0.989290101124,0.00962540862039,7552.81279074,6.0,
4.36333625896,0.999714711566,0.010045766423,0.654333550554,0.248258895565,2.29656449231,0.982641792178,0.010045766423,7647.14157983,6.0,
3.86438244805,0.99974908062,0.00938418069024,0.654647851412,0.248546609337,2.30968431209,0.962701666935,0.00938418069024,7700.35062098,6.0,
3.97529747548,0.99974507928,0.00964386934097,0.654367805872,0.248073780623,2.32174271737,0.972209939076,0.00964386934097,7797.0560686,6.0,
3.40900309982,0.999771182626,0.00992710112798,0.651476892686,0.247387054044,2.31775301405,0.965458898358,0.00992710112798,7449.10157405,6.0,
4.00831881689,0.999737626275,0.0101625313868,0.653941774265,0.247463517854,2.30529916173,0.973990772007,0.0101625313868,7638.51201363,6.0,
3.44930522056,0.999783461062,0.00974265802463,0.659185951508,0.249069076297,2.29580967984,0.923641707313,0.00974265802463,7964.59283546,6.0,
4.13692179879,0.999725872699,0.0100233851896,0.651226847464,0.246896433976,2.31761380803,0.994319826339,0.0100233851896,7545.58551949,6.0,
3.79089852334,0.999749962844,0.0101835970597,0.655908567262,0.244435040733,2.28416487785,0.96958681728,0.0101835970597,7580.53362291,7.0,
4.03597655482,0.999740668015,0.00850850830163,0.653783704558,0.248220603977,2.32209317236,0.974267589466,0.00850850830163,7781.35196399,7.0,
4.47528898894,0.999703596869,0.00835686151493,0.647597937922,0.247487011441,2.32426136381,1.01501335513,0.00835686151493,7549.21345897,7.0,
5.13532912133,0.999660926219,0.00864736545134,0.648116507484,0.246889839862,2.33426943911,1.03662197835,0.00864736545134,7572.47034175,7.0,
4.42283716121,0.999709716309,0.00921176488471,0.653868926397,0.246417723322,2.31442669536,0.993988516375,0.00921176488471,7618.02635218,7.0,
4.10229784174,0.999729302969,0.00880775706761,0.651980491479,0.247319922923,2.33562690129,0.986349180826,0.00880775706761,7577.18683498,7.0,
4.3635876168,0.999715579658,0.00939522598719,0.65549709596,0.248061007379,2.29529739051,0.975280279073,0.00939522598719,7670.89606651,7.0,
4.48427980561,0.999710037683,0.00782565976911,0.642401131706,0.251093600407,2.34721647579,1.02151292634,0.00782565976911,7732.40352174,7.0,
3.88915163656,0.999746921619,0.00940393570537,0.655729138363,0.247950911396,2.30182243458,0.958118601597,0.00940393570537,7683.56918154,7.0,
3.96230034303,0.999741109272,0.00877367115439,0.651457899401,0.248400339619,2.29374577114,0.975226009898,0.00877367115439,7652.3441196,7.0,
3.82431169713,0.99975578087,0.00866957909506,0.650874172208,0.248189175706,2.34120378997,0.977688222472,0.00866957909506,7829.55316467,7.0,
3.48851481124,0.999767786256,0.00935049389527,0.656059216385,0.247452205002,2.30810541975,0.945959291419,0.00935049389527,7511.3201936,7.0,
4.40179278108,0.99971549788,0.00737496974705,0.643554368156,0.251419164547,2.36827661185,1.01118492166,0.00737496974705,7735.84687413,7.0,
3.88306958068,0.9997438569,0.00817292167568,0.648431296626,0.250162490186,2.33924258393,0.983988360044,0.00817292167568,7579.76221991,7.0,
4.19202522288,0.999725470033,0.00795880256932,0.646381929937,0.251020137893,2.3361987329,0.996881309071,0.00795880256932,7634.79976596,7.0,
4.29911952172,0.999720770099,0.00911171806899,0.651313714676,0.247909972103,2.33396200745,0.990371241357,0.00911171806899,7698.04439221,7.0,
3.86634964982,0.999741128007,0.00893284777389,0.651004738356,0.247410806819,2.3282504162,0.979979922639,0.00893284777389,7467.569711,7.0,
4.30997815833,0.999717570053,0.00746857411038,0.642227295712,0.250962060891,2.36738897061,1.01858507084,0.00746857411038,7630.0454054,7.0,
3.98858973844,0.999735220458,0.00771688809662,0.644638270411,0.249939818352,2.37402107426,1.0023665157,0.00771688809662,7531.77804957,7.0,
4.22298455897,0.999725084251,0.00903868946066,0.652673100782,0.248124108465,2.3207572151,0.987792003895,0.00903868946066,7680.37723451,7.0,
4.59437242054,0.999694628187,0.00845221126324,0.646781999286,0.247323871666,2.34891336443,1.02295306945,0.00845221126324,7522.46905446,7.0,
4.18117138786,0.999724442628,0.00841422208961,0.647465543073,0.248456002313,2.32601075226,0.999644347073,0.00841422208961,7586.64012696,7.0,
4.08073477783,0.999733051181,0.00879012557779,0.650567485534,0.249926546253,2.32109514461,0.978199536367,0.00879012557779,7643.18048687,7.0,
4.17885835969,0.999714004193,0.00839836780602,0.64054959844,0.248013027508,2.36818854024,1.03441860517,0.00839836780602,7305.6970482,7.0,
3.73630842311,0.999754430123,0.00848016297728,0.649652157625,0.250716524019,2.3141262546,0.969464209144,0.00848016297728,7607.31824104,7.0,
3.83110863215,0.999737461392,0.00781924837442,0.636986093034,0.248908598054,2.36258246342,1.03257434654,0.00781924837442,7296.15518127,7.0,
3.96181884369,0.999740967598,0.00871989105408,0.649709067284,0.25026203948,2.32023115113,0.978672660842,0.00871989105408,7647.22274989,7.0,
4.36161025352,0.999703269805,0.00942052644191,0.644526378082,0.248290267801,2.31184145012,1.02303536653,0.00942052644191,7349.34379533,7.0,
4.65503318683,0.999692709054,0.00747874071847,0.642245245756,0.249616608128,2.38918136275,1.03981258152,0.00747874071847,7574.19282979,7.0,
4.32717199532,0.999709859686,0.00978689427818,0.645697873582,0.248147139826,2.28849143482,1.02146837201,0.00978689427818,7456.91858684,7.0,
4.17904439353,0.999717713333,0.00755192909875,0.64039588732,0.250113408394,2.38794310924,1.02582263583,0.00755192909875,7402.0199053,7.0,
3.80949275071,0.999738108871,0.0091570769622,0.643985914439,0.248577655638,2.32208741254,1.00690167676,0.0091570769622,7272.93955114,7.0,
4.3436645763,0.999712883193,0.00810426988486,0.641308637108,0.248572350073,2.3438723149,1.03556015615,0.00810426988486,7564.17357782,7.0,
4.49267823962,0.999718541766,0.00857775690417,0.648845346506,0.250397572861,2.3312595708,0.999578018081,0.00857775690417,7980.98598385,7.0,
4.01974381823,0.999734007853,0.010138464749,0.655326145563,0.244833550915,2.2845263071,0.976610543853,0.010138464749,7556.04760139,7.0,
4.1272326294,0.999734373859,0.00894962706362,0.653731225081,0.248967262333,2.30116152558,0.969385262011,0.00894962706362,7768.77917399,7.0,
4.11432851387,0.999727370389,0.00844708302137,0.646536966663,0.248279680681,2.34802907958,1.00341504976,0.00844708302137,7545.55063218,7.0,
4.37635014114,0.999707005304,0.00916459172486,0.649435964075,0.2476530256,2.30573064402,1.00283595523,0.00916459172486,7468.22051144,7.0,
4.70670079148,0.999692818683,0.00818511956527,0.642491570424,0.250442993766,2.34886209461,1.03249450608,0.00818511956527,7661.03662919,7.0,
3.59138091601,0.999757252094,0.00797532070266,0.642648968766,0.250470749273,2.36174810301,0.996860316057,0.00797532070266,7397.2478199,7.0,
4.32968881206,0.999714818501,0.00816735216463,0.64455637081,0.249419985493,2.35605603775,1.01740253881,0.00816735216463,7590.99250387,7.0,
3.69680895017,0.999758578092,0.00847106158005,0.648953516523,0.250416747827,2.32782360478,0.973225308642,0.00847106158005,7656.16821428,7.0,
4.10118711029,0.999725641719,0.00756439785073,0.643841892867,0.250165636945,2.36854699049,1.01131244305,0.00756439785073,7474.02023174,7.0,
4.26100748602,0.999718786524,0.00816495600578,0.646815424125,0.250204224082,2.35145401369,1.00256561434,0.00816495600578,7575.98754071,7.0,
4.48772433492,0.999678605429,0.00672112850607,0.625043687745,0.247194468836,2.44031057987,1.11134772918,0.00672112850607,6981.48378653,7.0,
4.12032157278,0.99972806985,0.00812714288068,0.649777815213,0.248572229194,2.3577809405,0.987749571207,0.00812714288068,7575.94622564,7.0,
4.18482316735,0.999717357317,0.009025860588,0.649305726383,0.247694161005,2.32207881159,0.997642752497,0.009025860588,7402.90403773,7.0,
4.68756688732,0.999685013499,0.0086858000351,0.645975056021,0.247598616413,2.32954878861,1.02839428007,0.0086858000351,7440.83333172,7.0,
4.11347249022,0.999727142169,0.00864986501891,0.650650709596,0.248210128518,2.31682353301,0.987597930178,0.00864986501891,7537.65185672,7.0,
4.15717559093,0.999733239477,0.00841473931454,0.650458750111,0.250431288252,2.31718570055,0.978541789498,0.00841473931454,7791.90748624,7.0,
