6.12262055174,0.999586957262,0.0076069866961,0.623859176272,0.252319198417,2.37273757841,1.12030327526,0.0076069866961,7411.3024945,1.0,
6.36258205949,0.999579325354,0.00869893809501,0.629939661525,0.252170733236,2.31677679682,1.09704168569,0.00869893809501,7562.07943691,1.0,
6.74255118783,0.999568879791,0.00793834409675,0.63446386648,0.25332930748,2.34497384092,1.08120826827,0.00793834409675,7819.49863336,1.0,
6.00279160554,0.999603683178,0.00850834095754,0.63096867799,0.252481854406,2.3217590548,1.07815421557,0.00850834095754,7572.94294745,1.0,
5.92097655405,0.999614720079,0.00807103091002,0.633091682544,0.252611357695,2.33188034139,1.0700422936,0.00807103091002,7683.65707765,1.0,
6.15695459261,0.999595812744,0.00877379243354,0.632170799521,0.252258134784,2.30514467455,1.08297290664,0.00877379243354,7616.17035045,1.0,
6.62504936267,0.99956046213,0.00839941946914,0.629278904794,0.251840178039,2.32632645906,1.1079011364,0.00839941946914,7536.08385586,1.0,
5.89862737671,0.999616586311,0.00874935670351,0.635915568676,0.252053413148,2.2963075453,1.05688883539,0.00874935670351,7691.95804061,1.0,
6.31141202169,0.999595663832,0.00979444658842,0.643453270117,0.253600580444,2.31501952958,1.04692367396,0.00979444658842,7804.42809883,1.0,
6.15036477471,0.999584634837,0.0109239773417,0.644760072066,0.251842504303,2.27197315015,1.04930158401,0.0109239773417,7403.35340528,1.0,
6.6667898729,0.999562364834,0.0105693342216,0.648263511945,0.253133784445,2.27084699891,1.04717806649,0.0105693342216,7616.6152336,1.0,
5.72727533079,0.999631591479,0.00991747690968,0.648867612639,0.254153057181,2.30195633414,1.01129842883,0.00991747690968,7772.77329954,1.0,
5.08811982447,0.999651370663,0.0105818220927,0.643222145174,0.252643545996,2.27049241038,1.02058386776,0.0105818220927,7297.12535493,1.0,
5.88023414852,0.99960377735,0.0103435387348,0.643688816586,0.251913256476,2.29670008817,1.05057757395,0.0103435387348,7420.16886546,1.0,
6.21557875641,0.999589983219,0.0102029562483,0.644792150337,0.252873830093,2.30578230724,1.04584972137,0.0102029562483,7579.46211369,1.0,
6.02779053718,0.999610997955,0.0106932366556,0.650470464113,0.253363457006,2.27389904419,1.01423747911,0.0106932366556,7747.56486225,1.0,
5.60807442313,0.999639965629,0.00990253891812,0.65003583669,0.254384975619,2.29171994764,1.0043627087,0.00990253891812,7788.02226621,1.0,
5.36340922673,0.9996648878,0.0108333307507,0.653621599988,0.253715774206,2.27665737912,0.982178875308,0.0108333307507,8002.20374942,1.0,
5.30434899343,0.999658360444,0.00949205489564,0.648287529716,0.254595862822,2.31072305012,1.00126301301,0.00949205489564,7762.85176269,1.0,
6.32592112131,0.999592797319,0.00996838760247,0.649210727285,0.253925398705,2.28446421153,1.03174424893,0.00996838760247,7767.30163934,1.0,
5.26304992246,0.999660789194,0.0105663025349,0.652036743539,0.253873163913,2.25958754442,0.984871587711,0.0105663025349,7757.56472393,1.0,
5.50324121132,0.999643367255,0.0108394099689,0.651072555457,0.253701497641,2.25284629812,0.996800516213,0.0108394099689,7715.34370041,1.0,
5.36682596218,0.999667672095,0.0108231000577,0.652970617986,0.254117645396,2.26019074882,0.98444021675,0.0108231000577,8074.38875769,1.0,
5.75595053643,0.999617604278,0.0103956464701,0.648440357893,0.254158970759,2.26045827307,1.00984389428,0.0103956464701,7525.9515898,1.0,
5.82245080011,0.999624264742,0.0105734394645,0.648866874639,0.252806852779,2.27638169483,1.02427535608,0.0105734394645,7747.86278346,1.0,
6.55688313002,0.999579615866,0.0103932548014,0.648419491887,0.252809367951,2.29394616546,1.04649946269,0.0103932548014,7798.45936357,1.0,
5.79242375664,0.999629644914,0.0101332487854,0.650934414197,0.253300090306,2.29550497207,1.00698718036,0.0101332487854,7819.8799699,1.0,
5.54900770136,0.999627300005,0.00994670804568,0.645175146398,0.252472224917,2.30150380651,1.02750258364,0.00994670804568,7444.12949536,1.0,
5.89702137009,0.99960016914,0.0100475392212,0.642096298416,0.252022530229,2.3335026073,1.05677249053,0.0100475392212,7374.19861182,1.0,
5.4189719544,0.999652725192,0.0113677262512,0.650661987013,0.252548383621,2.25746755465,1.00672450946,0.0113677262512,7801.94197343,1.0,
6.04357450803,0.999592399863,0.0102268366013,0.642714025442,0.251507263101,2.32072831896,1.06283875653,0.0102268366013,7413.40239087,1.0,
5.71468726388,0.999614105647,0.01036597939,0.645267324237,0.252885124816,2.27911355858,1.03074905285,0.01036597939,7404.26835721,1.0,
6.41040360257,0.999586908153,0.0105967328465,0.65007444559,0.25351871403,2.26821171575,1.02646756182,0.0105967328465,7758.84428182,1.0,
5.88820936527,0.999605979055,0.0102255195086,0.645953195741,0.252333245056,2.3148701577,1.03856205802,0.0102255195086,7471.75966275,1.0,
5.93017719547,0.999606760789,0.0119252708163,0.650844694277,0.252966912019,2.2258122806,1.01286505718,0.0119252708163,7539.97063064,1.0,
6.0194387658,0.999600580426,0.0110126670496,0.648111282616,0.252999888939,2.27702605942,1.02592387332,0.0110126670496,7535.04860062,1.0,
6.90688965204,0.999568325109,0.00993333785038,0.648763387089,0.254368872856,2.31306030443,1.04229091094,0.00993333785038,7999.89797898,1.0,
5.88080200095,0.999607503715,0.0100270673064,0.643702210265,0.25349978922,2.32174954083,1.03975436914,0.0100270673064,7491.32671144,1.0,
5.0516049886,0.999672632985,0.010338673231,0.645377840245,0.253449280904,2.33550760122,1.00614547001,0.010338673231,7715.32321574,1.0,
6.26989301418,0.999581501492,0.0107983185321,0.644311341001,0.252241223285,2.29501201073,1.05681432993,0.0107983185321,7490.75416076,1.0,
5.49828693373,0.999646975697,0.0109218271072,0.649388060451,0.253926646482,2.25347194913,1.00455199284,0.0109218271072,7787.19279097,1.0,
6.61089377244,0.999569324943,0.0101950773543,0.648180855325,0.25401091913,2.2780962353,1.03906703948,0.0101950773543,7674.82870819,1.0,
5.79799309583,0.999622116192,0.0102248108498,0.648201883253,0.253240071982,2.29901941437,1.02381288524,0.0102248108498,7671.47843512,1.0,
5.84008689171,0.999611234024,0.0104100332653,0.646591072114,0.252584761392,2.30592423088,1.0377534612,0.0104100332653,7510.87263647,1.0,
5.99677143,0.999593024031,0.0108441818146,0.642923092657,0.252701179543,2.27687296683,1.04845428016,0.0108441818146,7367.30277305,1.0,
6.14953760747,0.999573034581,0.00966357873715,0.636535635443,0.251969409174,2.33111389724,1.08724947539,0.00966357873715,7201.25152776,1.0,
5.70945845716,0.999618265434,0.0107189617668,0.645012535951,0.252657120875,2.30101949158,1.03564135442,0.0107189617668,7478.13282138,1.0,
5.71559766245,0.999630165424,0.0103729048949,0.650071977375,0.253565725962,2.29608817002,1.00924829806,0.0103729048949,7727.03950518,1.0,
5.60391889778,0.999634753843,0.0104904825053,0.649164864121,0.253503264879,2.28315317177,1.00821305251,0.0104904825053,7671.23253843,1.0,
5.85318956091,0.999626214338,0.0104984333811,0.652445849126,0.253792885405,2.25414171561,1.00146326042,0.0104984333811,7829.38779606,1.0,
6.99743280581,0.999564492298,0.00931987466387,0.648184655462,0.254468474997,2.29646268112,1.03422507943,0.00931987466387,8033.45742677,2.0,
6.41752994929,0.999593196338,0.00918796818253,0.647275018004,0.252758655991,2.30420769907,1.02603596712,0.00918796818253,7887.53289951,2.0,
6.17147957778,0.99959187318,0.00985257172856,0.637499196268,0.252760302183,2.27515022379,1.07231862563,0.00985257172856,7560.55307677,2.0,
6.57001980771,0.999584792663,0.00952208533458,0.646404896923,0.252004731538,2.3017773252,1.0449471537,0.00952208533458,7911.53965986,2.0,
6.01772111286,0.999621699221,0.00940351534608,0.648656279116,0.253378864408,2.28130610254,1.01266257237,0.00940351534608,7953.40989053,2.0,
6.56270283441,0.999576274951,0.00945161346043,0.643292391418,0.251674390477,2.31246522839,1.05528730358,0.00945161346043,7743.86017888,2.0,
6.26589835799,0.999595295047,0.00881542721836,0.640722525515,0.252409973135,2.34591400789,1.06107344695,0.00881542721836,7741.12084427,2.0,
7.79378387286,0.999500228277,0.00915201197894,0.642534571557,0.25210126102,2.29891598027,1.09591783905,0.00915201197894,7797.11775106,2.0,
7.1874015963,0.999549225161,0.00821206289634,0.646023661661,0.253397582105,2.35825513779,1.05854339361,0.00821206289634,7972.0423719,2.0,
6.93718853976,0.999552614824,0.00810633329171,0.637506990217,0.252529409058,2.36399995159,1.09443086218,0.00810633329171,7752.80263867,2.0,
7.59856345415,0.999503117881,0.00971166935367,0.641056096298,0.251360535986,2.31380624855,1.09873114738,0.00971166935367,7646.04792079,2.0,
6.41701557075,0.999579852581,0.00923647256793,0.63901501076,0.251610086339,2.33658978626,1.07379173061,0.00923647256793,7636.43028656,2.0,
6.11450661611,0.999597205161,0.0103176686204,0.641404881125,0.251898926156,2.27028277019,1.04902929228,0.0103176686204,7589.9076188,2.0,
6.04403697887,0.99960053829,0.00966578871493,0.639813783811,0.250796846282,2.31810046122,1.06620492671,0.00966578871493,7565.01476919,2.0,
6.63802919853,0.999586184996,0.00986303537907,0.649717959319,0.254369205558,2.28483658829,1.02260446482,0.00986303537907,8020.31636238,2.0,
6.55497059943,0.999582242483,0.00996867631706,0.647051753504,0.253276563018,2.26426860013,1.03073070616,0.00996867631706,7845.20781307,2.0,
6.85249708523,0.999563030333,0.00959071170309,0.646200818583,0.252928407385,2.28830406049,1.04660327811,0.00959071170309,7840.70893655,2.0,
6.6952753469,0.999570816629,0.0098130467764,0.644546698521,0.251639039299,2.29816906045,1.06140860965,0.0098130467764,7799.78757819,2.0,
6.42028732259,0.999597662578,0.0092391602002,0.648105927852,0.252616379317,2.29769970673,1.03170196204,0.0092391602002,7978.50720453,2.0,
6.17939796455,0.99959473653,0.0100890986059,0.641247322529,0.251879588563,2.27744917641,1.05639392223,0.0100890986059,7623.73436157,2.0,
7.03472580983,0.999520987123,0.00835775631923,0.629497258406,0.250773528434,2.37811124472,1.1385278034,0.00835775631923,7342.70771635,2.0,
6.46435719127,0.999581835723,0.00849966401401,0.641583738461,0.252643850611,2.34871360106,1.05920700682,0.00849966401401,7729.22418248,2.0,
5.53190344003,0.999639372096,0.00945189055528,0.643858804426,0.252555126658,2.304906145,1.02462640433,0.00945189055528,7669.58565083,2.0,
6.20986510484,0.999611687857,0.010637042216,0.651538117592,0.254097710081,2.23742207251,1.01129910005,0.010637042216,7995.72892178,2.0,
6.47166051642,0.999582081991,0.010201742337,0.646991962856,0.251220744136,2.2733710756,1.04313038389,0.010201742337,7742.48553723,2.0,
6.8860120135,0.999563437486,0.00888669984186,0.645017356007,0.252174742536,2.33450541624,1.0591193007,0.00888669984186,7886.38561042,2.0,
6.89727777627,0.999554925699,0.009480972562,0.64266948966,0.252199958993,2.32251815206,1.06587759491,0.009480972562,7748.28357937,2.0,
6.25414327557,0.999593679806,0.0092919842741,0.640445838605,0.253058693231,2.31308814716,1.05331123079,0.0092919842741,7695.90378734,2.0,
6.6597718164,0.999556395414,0.0082682765957,0.62730900751,0.251719175484,2.35439254877,1.12024197047,0.0082682765957,7506.17757807,2.0,
6.10410180534,0.999585239075,0.0073352275216,0.624852148434,0.252026639344,2.38363766834,1.11386157333,0.0073352275216,7358.28654953,2.0,
6.52349976093,0.999574651583,0.00748454038717,0.632063892739,0.252010274822,2.36791049743,1.0882856159,0.00748454038717,7668.09435823,2.0,
6.45844776708,0.999579562482,0.00717194918579,0.62922265765,0.251579911224,2.39977501319,1.10796355989,0.00717194918579,7680.32527902,2.0,
7.05259213003,0.999528780572,0.0086323717438,0.625792725083,0.250793012676,2.33133858283,1.14670617619,0.0086323717438,7483.06327952,2.0,
6.57187080977,0.999570722497,0.00740384840649,0.630246741307,0.251681343241,2.38260011676,1.10443092706,0.00740384840649,7654.26898191,2.0,
6.39929401041,0.999582391119,0.00813866471936,0.630840997561,0.251622810525,2.35629881808,1.09866671022,0.00813866471936,7661.55456376,2.0,
5.5101203252,0.999626586682,0.0087357216164,0.624368877901,0.252574173025,2.33733271707,1.102002228,0.0087357216164,7377.76617372,2.0,
7.90673191525,0.999471449595,0.00803701960218,0.626264579793,0.250703243539,2.35793989558,1.167458744,0.00803701960218,7479.34308277,2.0,
6.56001392559,0.999557873087,0.00932941310564,0.626283896766,0.251488871968,2.28889496117,1.12663221218,0.00932941310564,7418.40588084,2.0,
6.91548373398,0.999552725311,0.00857472299305,0.632851742507,0.251887465239,2.30710726202,1.1001319843,0.00857472299305,7730.38019418,2.0,
6.87069633073,0.999546170662,0.00850149238031,0.628720183668,0.251971999796,2.33042937003,1.11671783976,0.00850149238031,7569.38306523,2.0,
6.32816008874,0.999571235011,0.00914719862598,0.623536909118,0.251613779436,2.32817704424,1.13304460416,0.00914719862598,7379.20681658,2.0,
6.91445945169,0.999551863321,0.00800773295443,0.630116523629,0.251503324682,2.35641435225,1.11891183543,0.00800773295443,7714.36829665,2.0,
5.98450420643,0.999595579709,0.00836589986324,0.623256870227,0.251961448895,2.35966062996,1.12083063074,0.00836589986324,7398.58929139,2.0,
6.38639673465,0.999565393704,0.00810425750411,0.619483553618,0.252409788673,2.35953328071,1.14543287114,0.00810425750411,7347.04101247,2.0,
6.69461576102,0.999545028085,0.00957857767412,0.624791535589,0.251181970624,2.30192078699,1.13591362378,0.00957857767412,7356.86477466,2.0,
5.58307101668,0.999635706955,0.00791029445423,0.632036933218,0.252107462204,2.35157304057,1.07207586759,0.00791029445423,7662.54850562,2.0,
6.55596892787,0.999586909453,0.00886105056656,0.634907006965,0.252991676826,2.33760679899,1.0847308328,0.00886105056656,7934.9856545,2.0,
6.48658711512,0.999564172837,0.00845535479794,0.62442815225,0.252073459393,2.34584565827,1.13234183643,0.00845535479794,7441.38486067,2.0,
5.84725328792,0.999617012864,0.00842087528606,0.630600439475,0.252429559094,2.33808257255,1.08112682687,0.00842087528606,7633.44671365,2.0,
6.7694796543,0.999549306733,0.00825552160798,0.625588627827,0.25132161667,2.35947610275,1.13850005963,0.00825552160798,7509.78071314,2.0,
6.98016745158,0.999571531858,0.00872824012779,0.651223603975,0.250914931447,2.30394924691,1.03386239669,0.00872824012779,8145.54666182,3.0,
7.54642753024,0.999516016705,0.00904900834146,0.642754655763,0.24873138287,2.30725065135,1.0977744346,0.00904900834146,7796.18828243,3.0,
6.25015197548,0.999600080027,0.00898903732585,0.643760102777,0.250414068285,2.29500207105,1.04448669652,0.00898903732585,7814.10799896,3.0,
6.94776003693,0.999550044789,0.0092749158214,0.640275094868,0.250175181895,2.28964969991,1.08869215171,0.0092749158214,7720.34167694,3.0,
6.3326982097,0.999603709725,0.00890651217074,0.649203326484,0.249925737589,2.28977297541,1.02190550067,0.00890651217074,7989.82676091,3.0,
7.31650904548,0.999535562984,0.00919050564729,0.645761413782,0.249429949264,2.27629691604,1.06806532585,0.00919050564729,7876.58133304,3.0,
6.1777031331,0.999608891973,0.00914238919609,0.647704310523,0.250441720613,2.26714858809,1.02877834983,0.00914238919609,7897.55080596,3.0,
6.48664014153,0.999590607785,0.00900759925885,0.647319439217,0.250207524027,2.27948400193,1.02936343026,0.00900759925885,7922.12609986,3.0,
7.481180435,0.999532099148,0.0107518001878,0.65422880592,0.249402952058,2.20879984511,1.03051636312,0.0107518001878,7994.2603989,3.0,
6.74357211402,0.999585374552,0.0101398259664,0.657354419407,0.250311826312,2.22967820389,0.997648267547,0.0101398259664,8131.97436223,3.0,
6.73089969708,0.999584105771,0.00936193959259,0.653185047918,0.250513425623,2.26813324997,1.02322735733,0.00936193959259,8091.91575695,3.0,
7.4321437593,0.999532527548,0.00849322448614,0.647520309493,0.251396236299,2.29602445463,1.05645589825,0.00849322448614,7949.09329942,3.0,
6.96551784316,0.999554743164,0.00911949914125,0.643451680721,0.250191659915,2.29611106397,1.06266133061,0.00911949914125,7821.74433783,3.0,
6.46006809307,0.999587163213,0.00915740146564,0.643730377327,0.249881248154,2.28672798728,1.05485347147,0.00915740146564,7823.82488722,3.0,
6.40443332108,0.999610765259,0.0112528714428,0.663236945972,0.252415177366,2.19036603691,0.956029248204,0.0112528714428,8226.78345373,3.0,
6.77825630819,0.999566935705,0.0107648658219,0.653059920411,0.252219013102,2.2392122028,1.01281068833,0.0107648658219,7825.75534315,3.0,
7.33195762989,0.999537931295,0.0104169540658,0.654281021751,0.251350928527,2.26082045879,1.03508133289,0.0104169540658,7933.66879786,3.0,
6.08884921728,0.999612023571,0.0105428769674,0.651232438131,0.25208593507,2.24979429224,1.01471404558,0.0105428769674,7846.78476417,3.0,
6.39525013139,0.999605702389,0.00970820398135,0.65736236526,0.251215297012,2.28962909942,0.999805346091,0.00970820398135,8109.52167953,3.0,
6.77077331971,0.999577163205,0.00972085214349,0.654572024429,0.251939143523,2.27702664427,1.01426253801,0.00972085214349,8006.22342063,3.0,
6.81956723738,0.999569161656,0.009789267999,0.653151911444,0.251473889219,2.28352959968,1.02742449834,0.009789267999,7914.16680332,3.0,
6.50333697209,0.999577630306,0.00980942501115,0.645576058446,0.252207404729,2.30919130706,1.04512368466,0.00980942501115,7698.54946251,3.0,
6.51628168076,0.999574113381,0.0101364183033,0.650331310165,0.252031592675,2.26895850148,1.02447336609,0.0101364183033,7650.16669439,3.0,
6.70954034605,0.999562692496,0.0103327171979,0.646945216595,0.250903743448,2.27416634665,1.05470915909,0.0103327171979,7671.34930774,3.0,
7.46906535471,0.999520496913,0.00970220788151,0.649584363948,0.250924274401,2.27713682979,1.06236442747,0.00970220788151,7788.25678056,3.0,
7.14110305224,0.999545378792,0.0111424775091,0.656595264165,0.251158190437,2.23117777212,1.01389381428,0.0111424775091,7853.82334624,3.0,
6.58526590731,0.999583735973,0.0103495501211,0.656689244361,0.250573788477,2.24885019765,1.00901672704,0.0103495501211,7909.89607381,3.0,
6.81553655902,0.999564679831,0.0105694104192,0.654398954993,0.251242767839,2.24304705908,1.02271633489,0.0105694104192,7828.12713979,3.0,
6.2396612485,0.999600642551,0.0100413427539,0.652773066397,0.25209067896,2.27941825414,1.00901627956,0.0100413427539,7812.13637006,3.0,
5.97399826512,0.99962509517,0.0107718531395,0.659519527385,0.251354381077,2.22175152876,0.977969876077,0.0107718531395,7967.38553967,3.0,
5.97744073068,0.99960595155,0.0101784710029,0.644544981971,0.251399994723,2.27311408675,1.04044393621,0.0101784710029,7584.66520136,3.0,
5.99180775533,0.999615824698,0.0104227517614,0.650937459973,0.251759925978,2.26351672649,1.01403029576,0.0104227517614,7798.29132571,3.0,
6.46128076455,0.999591645201,0.00882314111898,0.651703896043,0.252232786156,2.31870642987,1.01869393492,0.00882314111898,7911.37475408,3.0,
6.59114624527,0.999582558983,0.00932247289493,0.652451709554,0.25170160479,2.29774003172,1.0204207612,0.00932247289493,7894.72629435,3.0,
7.08254511552,0.999544067282,0.00829592088015,0.646075427757,0.251773275973,2.35605311853,1.06076222443,0.00829592088015,7767.1257361,3.0,
6.35606339095,0.999591097681,0.0110342699212,0.65079394327,0.251938547196,2.24096263631,1.02185985769,0.0110342699212,7772.13412949,3.0,
7.06334329051,0.99952940616,0.00949606895288,0.636653502575,0.251929827846,2.32224509979,1.1107967811,0.00949606895288,7504.74576802,3.0,
7.10767538261,0.999548273011,0.00984571108556,0.647939407423,0.252435777563,2.27902490305,1.05474473377,0.00984571108556,7867.04685902,3.0,
6.79599979505,0.999580468117,0.0098680221875,0.650725912344,0.254202501825,2.2629886109,1.03063248425,0.0098680221875,8099.33035989,3.0,
7.45409893028,0.999532139399,0.00941014442068,0.646059688064,0.253553319126,2.31741054242,1.06958496878,0.00941014442068,7965.99330109,3.0,
6.41594631669,0.999580600364,0.00941780369071,0.640490452044,0.252006187924,2.32360078293,1.06540751691,0.00941780369071,7648.80236832,3.0,
6.81434961766,0.999562640199,0.0101394340057,0.648295347382,0.251478506456,2.27315410531,1.0455939864,0.0101394340057,7790.15463526,3.0,
6.33859331451,0.999584805814,0.0093699961746,0.641550344889,0.251642704738,2.31594132262,1.0642894875,0.0093699961746,7633.1345556,3.0,
7.92273425647,0.999471863478,0.0087720054982,0.634998407862,0.250985657447,2.33389052633,1.14042288226,0.0087720054982,7500.3981404,3.0,
7.45647907773,0.999535431312,0.00929807420554,0.6477840418,0.254735826326,2.31054219736,1.04816587914,0.00929807420554,8025.00586964,3.0,
6.02723029191,0.999620734543,0.00996888965184,0.650480299487,0.253303228874,2.25276980205,1.00711851582,0.00996888965184,7945.76845751,3.0,
6.95819057781,0.999547225613,0.0100556482294,0.645652935065,0.250973737381,2.28431595827,1.0636415361,0.0100556482294,7683.79777623,3.0,
6.52331338541,0.999590573931,0.00926437740292,0.646477328693,0.252962662244,2.29407089541,1.04012130295,0.00926437740292,7966.3610791,3.0,
7.31652515477,0.999527679027,0.00908623711064,0.64214574961,0.251949810078,2.33980696029,1.08448561362,0.00908623711064,7745.09661388,3.0,
6.145215172,0.999606514817,0.00964507830703,0.647038876837,0.252853603133,2.29662356726,1.02650559764,0.00964507830703,7808.50378546,3.0,
6.80832049251,0.999548742348,0.00697612370982,0.620660541612,0.254022485261,2.4239622809,1.15434623024,0.00697612370982,7543.73498784,4.0,
7.4441825442,0.999489179918,0.00735897444155,0.618281041863,0.250939925263,2.39780709711,1.18393966534,0.00735897444155,7286.5130165,4.0,
6.85808275744,0.999532912929,0.0085835325548,0.624626149689,0.251910871305,2.3155164364,1.13217559751,0.0085835325548,7341.34358152,4.0,
6.5456410837,0.999553374077,0.00754120058591,0.618988061032,0.251259009663,2.38855193723,1.16064406727,0.00754120058591,7327.92442655,4.0,
6.56553359447,0.999570896979,0.00811072649419,0.635113178053,0.251514733119,2.32244370664,1.08642029448,0.00811072649419,7650.33510592,4.0,
6.81846352734,0.999538607528,0.00716932043056,0.624640498745,0.251234048814,2.39109261028,1.14019958962,0.00716932043056,7389.05434154,4.0,
8.24486924739,0.999438301508,0.00722886187546,0.622037538854,0.250147107361,2.40650449739,1.19241404632,0.00722886187546,7339.30360105,4.0,
6.6528976248,0.99953659334,0.00762970031853,0.620120320611,0.251320704803,2.38314226294,1.15615807777,0.00762970031853,7178.28345296,4.0,
7.01065539971,0.999541467321,0.00891889830088,0.635436455063,0.250446356754,2.3232555934,1.10639693154,0.00891889830088,7644.55167301,4.0,
7.12709826286,0.999514418278,0.00735613098592,0.622924569228,0.250815108807,2.38789919208,1.15956563987,0.00735613098592,7338.62079017,4.0,
7.2627975436,0.999531430815,0.00873825494173,0.634031997837,0.251174571832,2.29301370978,1.10788211849,0.00873825494173,7749.88013902,4.0,
6.24192728849,0.999591259269,0.00918219738632,0.638868124723,0.253895642345,2.32478978794,1.06643649774,0.00918219738632,7635.51994823,4.0,
6.68648996716,0.999548721001,0.00938704653353,0.630755169896,0.252208154934,2.32415898832,1.12117720419,0.00938704653353,7408.35294866,4.0,
6.83922280735,0.999533080231,0.0086883855546,0.630259867701,0.252537082547,2.36378905749,1.12726181689,0.0086883855546,7323.7146404,4.0,
6.58184290714,0.999557284959,0.00818045419458,0.633052079972,0.254379144046,2.35549453642,1.10133704861,0.00818045419458,7433.49399812,4.0,
6.80770050863,0.999558717122,0.00764307157019,0.634662036305,0.254327330132,2.3959398267,1.10066582824,0.00764307157019,7713.51894169,4.0,
7.63288205696,0.999498121182,0.00859899642801,0.63453906,0.252739036504,2.3686245238,1.13520749995,0.00859899642801,7604.3386019,4.0,
6.67872238124,0.999557571889,0.00864664533426,0.636266778351,0.253557031607,2.36969020048,1.08785044136,0.00864664533426,7547.82844327,4.0,
6.86711559377,0.999530906753,0.00898629740668,0.62750556091,0.252219527181,2.35002528104,1.14662562974,0.00898629740668,7319.54719331,4.0,
7.37534061637,0.999484020606,0.00886838223707,0.620959801187,0.250384774957,2.36486554628,1.18859234124,0.00886838223707,7146.9874055,4.0,
6.33892870096,0.999581753305,0.010163903414,0.637742986443,0.253403208917,2.28464375447,1.07088378021,0.010163903414,7578.06039651,4.0,
6.32591776521,0.999591754296,0.00944894825057,0.642335670524,0.253361421016,2.30303500599,1.06088796638,0.00944894825057,7747.72549643,4.0,
6.29991603033,0.999590562209,0.00935791697915,0.640357975732,0.25328034499,2.31311102123,1.06653248226,0.00935791697915,7693.40111113,4.0,
6.13839109819,0.999580320169,0.00947742049159,0.628665302008,0.251408938538,2.34554393742,1.12071182473,0.00947742049159,7313.21026082,4.0,
7.35017947314,0.999493355208,0.00858115048909,0.624881861413,0.251028448439,2.37138407789,1.1766587142,0.00858115048909,7253.80301098,4.0,
7.56656928751,0.999499928479,0.00948436007095,0.634185042433,0.251137913069,2.27795978661,1.1207590339,0.00948436007095,7565.54897986,4.0,
7.47923859446,0.999524832077,0.00830900319546,0.645271505063,0.249508452632,2.32050928851,1.07711852253,0.00830900319546,7870.18024071,4.0,
7.34920530864,0.999512257489,0.00819740837693,0.632039725734,0.250104268458,2.34386562569,1.13188294543,0.00819740837693,7533.97762228,4.0,
7.54208876173,0.999499696304,0.00838146133825,0.636139753838,0.249948135547,2.34357964261,1.11795668883,0.00838146133825,7537.59032215,4.0,
7.40724416827,0.999531091288,0.00924140482326,0.648159478315,0.248761644808,2.29299501874,1.06451814991,0.00924140482326,7898.44515584,4.0,
7.34018992404,0.999530483473,0.00874224373217,0.643796903684,0.250375942703,2.29206908353,1.07260747413,0.00874224373217,7816.69183288,4.0,
6.51388497654,0.999597504588,0.00983550481941,0.655421636396,0.25146759797,2.22987063468,0.990487688588,0.00983550481941,8091.82267728,4.0,
7.46242698521,0.999507546616,0.00809640639151,0.631714659558,0.25036994732,2.33356214419,1.13107949464,0.00809640639151,7576.77448427,4.0,
7.99462374854,0.999488722208,0.00841183021602,0.643677506943,0.249214343949,2.31316416449,1.09191289081,0.00841183021602,7818.27633543,4.0,
7.60583746936,0.999530965176,0.00971321048405,0.652726759537,0.250824906781,2.27285115876,1.04696059109,0.00971321048405,8108.06784944,4.0,
6.48859137916,0.999580839016,0.00809542715841,0.639760856025,0.250099115789,2.33470066611,1.07311514047,0.00809542715841,7740.05690299,4.0,
6.62754339384,0.999565677719,0.00872711073688,0.633428487107,0.250808027367,2.30683184715,1.09567082995,0.00872711073688,7629.81094628,4.0,
7.55737021227,0.99951647412,0.00816305634874,0.639981742828,0.249862126371,2.33341269394,1.0952255871,0.00816305634874,7814.90663743,4.0,
6.73958193263,0.999557880849,0.00800646931647,0.633979980969,0.250172212976,2.34633534547,1.09794022604,0.00800646931647,7621.96871895,4.0,
8.62190715635,0.999448559572,0.00867769197965,0.643207087436,0.248621998487,2.31407472977,1.12395180548,0.00867769197965,7817.67601964,4.0,
7.44304527314,0.999528670895,0.00878468442349,0.64621205338,0.249094442716,2.29369600021,1.07393044949,0.00878468442349,7895.89056938,4.0,
6.82213331287,0.999570258578,0.00854328777399,0.649644820473,0.248172086096,2.31309945964,1.04578841657,0.00854328777399,7937.59579311,4.0,
8.13698757638,0.999481435155,0.0088655693899,0.645032663311,0.248815702668,2.29760769357,1.09081097069,0.0088655693899,7845.77271931,4.0,
6.79542366423,0.999553492222,0.00904783648806,0.633483453319,0.250403413164,2.29633955579,1.11025913358,0.00904783648806,7609.58513433,4.0,
7.36258519185,0.99954421655,0.00896209513,0.650156654167,0.250943798746,2.28811639967,1.04624976871,0.00896209513,8076.90360043,4.0,
6.9502992636,0.999560745906,0.00918455032302,0.646016819634,0.250211121954,2.26334509217,1.04395732739,0.00918455032302,7911.55586248,4.0,
7.47096580334,0.999524941199,0.00873174028545,0.645707519664,0.248910488385,2.30400994552,1.07742034796,0.00873174028545,7863.06306801,4.0,
7.37495309848,0.999521616162,0.0087013105746,0.63685374664,0.249698305501,2.30359668461,1.11158188519,0.0087013105746,7708.25322361,4.0,
7.64377730608,0.999503513121,0.00808547325444,0.637625105654,0.248664436719,2.35201218094,1.12360523203,0.00808547325444,7697.92231878,4.0,
6.45688136247,0.999589817949,0.0086942805614,0.644224432731,0.249996007973,2.28935247163,1.04777455766,0.0086942805614,7870.80690941,4.0,
7.13990358143,0.999508613516,0.00638089238025,0.618471349749,0.253170926368,2.44798820635,1.1754760239,0.00638089238025,7265.02897998,5.0,
7.1010654281,0.999521073896,0.00838739601882,0.631585257416,0.250751201986,2.33050086762,1.1149247864,0.00838739601882,7413.52238429,5.0,
7.13742364589,0.999537647746,0.00879662430755,0.647443988671,0.249280934047,2.29268677,1.05825722999,0.00879662430755,7718.63010741,5.0,
6.44728067371,0.999556290356,0.00767289317431,0.630784659918,0.251264731353,2.37259000959,1.10884621469,0.00767289317431,7265.22638796,5.0,
7.32467690248,0.999517329366,0.0080490070397,0.643203691751,0.249020203127,2.33801716895,1.0805755312,0.0080490070397,7587.66546662,5.0,
6.80234484126,0.999534754138,0.00808281646521,0.620513518441,0.250178186802,2.38296491933,1.17151873231,0.00808281646521,7310.4898601,5.0,
6.47852083613,0.999563804882,0.0083406312659,0.624833298675,0.252105147916,2.36548271777,1.14313819242,0.0083406312659,7426.18602734,5.0,
6.47326719426,0.999580341653,0.00832177713296,0.633865877333,0.251944809127,2.37675690394,1.1082546458,0.00832177713296,7712.60744494,5.0,
6.2659162572,0.999567114297,0.00834396504212,0.616337333697,0.251381957756,2.37755043009,1.1715393164,0.00834396504212,7237.44066515,5.0,
6.72401498969,0.999565490353,0.00830763348012,0.636425128071,0.253381671326,2.35612202262,1.08590703464,0.00830763348012,7737.54285757,5.0,
6.6211061667,0.999557838373,0.00867904865055,0.629938894894,0.252119760361,2.35248293573,1.12906158246,0.00867904865055,7487.21263989,5.0,
6.67673892503,0.999578551384,0.00907918506098,0.639827337488,0.255255160604,2.29001688523,1.06099334798,0.00907918506098,7921.18990206,5.0,
6.51854794449,0.999558783234,0.00801472274882,0.624480176292,0.251353336916,2.38462669789,1.14619403504,0.00801472274882,7387.04603089,5.0,
6.6674830198,0.999553782165,0.00857201597258,0.629261346282,0.251923560335,2.34361310777,1.12559674288,0.00857201597258,7471.11924328,5.0,
7.21128160357,0.999506325318,0.00783506708856,0.61908474113,0.251937251402,2.39240119877,1.1898813081,0.00783506708856,7303.68216565,5.0,
7.04132480108,0.999524933707,0.00809323285891,0.622809931379,0.251176985563,2.3999716174,1.17165566126,0.00809323285891,7410.93164935,5.0,
6.37021361141,0.999572823997,0.00813399905806,0.626219834634,0.251337692973,2.38103404844,1.13686899412,0.00813399905806,7456.22661731,5.0,
6.40290920335,0.999577609579,0.00804316911591,0.630276195062,0.254002707317,2.35111914726,1.107009532,0.00804316911591,7579.38974896,5.0,
6.70537654232,0.999550943639,0.00772717981788,0.626411571478,0.25125354922,2.41242888429,1.14607478156,0.00772717981788,7466.11738051,5.0,
7.31953848677,0.999520762218,0.00746195168999,0.631337446366,0.253145317697,2.39850567943,1.13111529306,0.00746195168999,7636.68269016,5.0,
6.27570533515,0.999583581661,0.00783995858863,0.629018783672,0.252144578493,2.39310816154,1.12010504151,0.00783995858863,7535.40797906,5.0,
6.62186196085,0.999546761979,0.00779662600517,0.621300778128,0.25168674638,2.38965069127,1.16472665333,0.00779662600517,7305.02992377,5.0,
6.78181153877,0.999558874001,0.00830573536982,0.636000913434,0.253295232845,2.35138412331,1.09505039858,0.00830573536982,7686.92798159,5.0,
6.61942006112,0.999546237135,0.00730266704636,0.621317663131,0.25039662669,2.43407662976,1.17500885452,0.00730266704636,7293.98131685,5.0,
7.25456457822,0.999513151221,0.00725007754194,0.635115920785,0.252611229412,2.40498753036,1.11454756055,0.00725007754194,7450.48767123,5.0,
6.45222868657,0.999559814116,0.00829175211048,0.628341856276,0.251485857601,2.40095557407,1.12778604,0.00829175211048,7328.94824253,5.0,
5.99644186079,0.999579093375,0.00924567101661,0.627579380798,0.249517245337,2.34837358151,1.1247069284,0.00924567101661,7123.17202594,5.0,
6.24891715373,0.999602263657,0.00970838906487,0.646120166213,0.253324319278,2.31822830118,1.03613380644,0.00970838906487,7855.54526799,5.0,
6.31762908854,0.999569121709,0.00848130249049,0.633698736386,0.250385339298,2.37446352829,1.10800137197,0.00848130249049,7330.89323561,5.0,
6.16733121213,0.999581142794,0.00922125652219,0.635736550806,0.250326535723,2.33451050165,1.09395407197,0.00922125652219,7362.03174496,5.0,
7.25498386722,0.999529077024,0.00927706796067,0.643567449974,0.25236265221,2.3335522489,1.07472495067,0.00927706796067,7702.88222491,5.0,
6.60387392602,0.999550000272,0.00877215561746,0.633974633672,0.250503050121,2.36193719278,1.11234662894,0.00877215561746,7337.58616202,5.0,
6.4646077802,0.999530068203,0.00807937141581,0.607668616361,0.249367404408,2.41012409195,1.22600258509,0.00807937141581,6878.17731461,5.0,
6.54015833194,0.999553007395,0.00953057447876,0.633138680988,0.250048645576,2.32073586969,1.1184750947,0.00953057447876,7315.66257541,5.0,
6.41124822155,0.999549170694,0.00909576955246,0.625336813454,0.248446443493,2.36226827262,1.15174122396,0.00909576955246,7110.37891012,5.0,
6.86592104524,0.999535315328,0.00753087087418,0.624155760075,0.251897903817,2.38710798935,1.13988814336,0.00753087087418,7387.64998488,5.0,
6.60353137989,0.999546994625,0.00827188046202,0.61636395753,0.252235430367,2.36138104097,1.16059954299,0.00827188046202,7288.5140054,5.0,
6.13919701012,0.999582950104,0.00727732141593,0.621828412785,0.25240700545,2.42283593234,1.12736272369,0.00727732141593,7360.21131213,5.0,
6.68721757004,0.999529418486,0.00757639801285,0.608552438332,0.25145169865,2.39322694368,1.20732654938,0.00757639801285,7105.21793227,5.0,
7.21012620957,0.999518201215,0.0084773807176,0.625622323847,0.251823916101,2.35232391642,1.14337021093,0.0084773807176,7482.45871536,5.0,
6.77127382637,0.999541326074,0.00892699906543,0.620861624286,0.252593923231,2.31906304708,1.14380963653,0.00892699906543,7381.2936961,5.0,
6.60911436723,0.999545921412,0.00759677481527,0.618122263522,0.251764906348,2.396840604,1.15705035339,0.00759677481527,7277.44051729,5.0,
6.46377949426,0.999556380731,0.0079440573503,0.620064367891,0.25184691226,2.37568074317,1.14723397914,0.0079440573503,7285.20140103,5.0,
6.30683810232,0.999585240892,0.00781079979001,0.630357597069,0.25385266245,2.40227385734,1.10312875953,0.00781079979001,7602.96577852,5.0,
6.07755257837,0.999585296389,0.00878961629406,0.63285971468,0.252321179362,2.36570942996,1.10019933008,0.00878961629406,7327.54646697,5.0,
6.77624085714,0.999544159398,0.0086671495642,0.634983660709,0.253335989714,2.35132786525,1.10335697446,0.0086671495642,7432.66393332,5.0,
6.87205062971,0.999538255315,0.008039264447,0.628725147043,0.251303885009,2.34395501847,1.1262341785,0.008039264447,7441.31390706,5.0,
6.90902077673,0.999560707432,0.00968528972518,0.651562863502,0.251320307948,2.28072160605,1.0344602303,0.00968528972518,7863.7768124,5.0,
6.59423542518,0.999577058547,0.010271160855,0.648865528314,0.251403714683,2.2575425465,1.03256962625,0.010271160855,7795.67395095,5.0,
7.10241905586,0.999507186667,0.00901976889245,0.622641377141,0.250277769177,2.35352888608,1.17191945087,0.00901976889245,7206.00044522,5.0,
7.38594119975,0.999478839482,0.00829834419401,0.620330855506,0.249863804667,2.48825595839,1.19509490049,0.00829834419401,7085.93771955,6.0,
6.51047450582,0.999574376503,0.00784747228171,0.635120086777,0.255961885772,2.35902769851,1.07760426234,0.00784747228171,7648.07408202,6.0,
7.83310351494,0.999496481399,0.00865917544194,0.640940916966,0.255559049452,2.33913292292,1.08749223342,0.00865917544194,7778.28345671,6.0,
6.81633642997,0.999558396309,0.00865956834657,0.638180418977,0.253697461444,2.34913882496,1.0848474014,0.00865956834657,7717.61125998,6.0,
7.12522354435,0.999529365303,0.00976144942388,0.641489603546,0.251924984754,2.32314543886,1.09559408709,0.00976144942388,7569.71366186,6.0,
6.33906965724,0.999583185968,0.00849437455739,0.641603484468,0.25375575265,2.35433710612,1.06225009626,0.00849437455739,7604.07684456,6.0,
7.45171699291,0.999517434998,0.00965576520012,0.645164839432,0.253914548542,2.30154594354,1.07214231841,0.00965576520012,7720.86531018,6.0,
6.69000291086,0.999582170904,0.00918649704334,0.646990521156,0.25587769348,2.30161540826,1.02963415581,0.00918649704334,8005.60755164,6.0,
6.92127010109,0.999548147908,0.00988981517162,0.646664874425,0.253898012686,2.28060665392,1.05236749495,0.00988981517162,7658.71725488,6.0,
7.57786905878,0.999514005877,0.00941523020243,0.645182586495,0.252851758052,2.32648020319,1.090860641,0.00941523020243,7796.17694153,6.0,
6.27797294132,0.999587358166,0.00977366314511,0.646977762632,0.253613845753,2.29479914827,1.03827097211,0.00977366314511,7606.96888846,6.0,
6.5009192363,0.99957466015,0.00868484200014,0.641714802427,0.254278208721,2.34276661688,1.06114929485,0.00868484200014,7641.96441639,6.0,
6.56444241388,0.999557992609,0.00895120146756,0.640418435859,0.253342419687,2.33903648711,1.07458466561,0.00895120146756,7425.65339281,6.0,
6.70396944068,0.999558700728,0.00974540543278,0.647529957737,0.254067933921,2.28247718313,1.03881354192,0.00974540543278,7595.65086555,6.0,
5.81375111283,0.999635529707,0.00960853578167,0.650634000035,0.255673445861,2.27582331615,0.994326174171,0.00960853578167,7975.54026223,6.0,
6.81795362359,0.999552150282,0.00893148512134,0.641982927232,0.253982609067,2.33463152753,1.07016825929,0.00893148512134,7611.78205661,6.0,
7.75490790745,0.999483466978,0.00863870138264,0.636739597745,0.25185529269,2.3591665861,1.13481036123,0.00863870138264,7506.61939232,6.0,
7.54671682622,0.99951598823,0.00829614277803,0.642493956124,0.254250283479,2.34928846037,1.0851557153,0.00829614277803,7795.92624502,6.0,
7.26775763843,0.999532491713,0.00908077701472,0.643806028375,0.254212776299,2.32420860836,1.07078264967,0.00908077701472,7772.78558137,6.0,
6.03086517398,0.999587065835,0.0088804927259,0.636302965614,0.252474361186,2.36096890413,1.0878054696,0.0088804927259,7302.38295215,6.0,
7.83190650527,0.999495270707,0.00964297585276,0.645453551517,0.252975165326,2.29972007845,1.08944637967,0.00964297585276,7758.46242082,6.0,
8.30159967477,0.999470699283,0.00849802428025,0.641760129089,0.254153654297,2.33872783795,1.1095427177,0.00849802428025,7841.97827838,6.0,
5.86764742405,0.999609833538,0.00865986059056,0.640630644394,0.2532465706,2.35198652349,1.05700697018,0.00865986059056,7519.35494688,6.0,
6.95659150714,0.999537977685,0.00967533292506,0.64159425355,0.253387329995,2.2972265749,1.0770420034,0.00967533292506,7528.37465968,6.0,
7.66254574647,0.999516728721,0.00989327281753,0.645901239992,0.253660716575,2.29552070714,1.07956444957,0.00989327281753,7927.69828421,6.0,
6.1126714996,0.999602211724,0.00981476575247,0.645034106826,0.254191490961,2.28863399874,1.03332407795,0.00981476575247,7683.23166046,6.0,
6.80534519633,0.999563712596,0.00979001464098,0.646214532861,0.254146923705,2.2960708315,1.04771750393,0.00979001464098,7799.07058616,6.0,
6.17865917465,0.9996076968,0.00995241652324,0.64771491874,0.25453851623,2.28647802682,1.0275726143,0.00995241652324,7874.76950234,6.0,
7.48623561938,0.99951647784,0.00934420781078,0.64058377943,0.253053360587,2.34893145064,1.09742271513,0.00934420781078,7741.28045045,6.0,
6.87440504704,0.999547488626,0.00918770991672,0.64172614054,0.253089579154,2.33419431784,1.07826899425,0.00918770991672,7595.73711577,6.0,
6.47166789985,0.999582440646,0.00910188170618,0.644890130627,0.254212999323,2.32187185361,1.04449542239,0.00910188170618,7749.32820555,6.0,
6.98741886903,0.999567012408,0.00927489325432,0.64754931656,0.254548745922,2.29768444105,1.05157948223,0.00927489325432,8068.78566907,6.0,
6.57157502532,0.99959218051,0.00956170359832,0.645455994074,0.25726713363,2.25896132456,1.02354842441,0.00956170359832,8056.9128948,6.0,
5.79902946009,0.999631944999,0.00892038438037,0.646226875323,0.25462286227,2.33513425515,1.01976632134,0.00892038438037,7877.88070138,6.0,
6.0220533929,0.999598283526,0.0100265257596,0.642814538351,0.253747697546,2.27045109427,1.05003903146,0.0100265257596,7495.34333351,6.0,
6.1536072166,0.999598403748,0.0105143126862,0.646031767188,0.253589189557,2.28393628645,1.03686745031,0.0105143126862,7661.37114884,6.0,
7.13438100393,0.999549818095,0.00967014100986,0.646565191108,0.254305623581,2.30019324203,1.05807935659,0.00967014100986,7923.82104106,6.0,
6.10923261388,0.999596799272,0.00884337914216,0.64185667806,0.254504892831,2.34222719654,1.04973004635,0.00884337914216,7575.82562945,6.0,
6.83970966586,0.999555265337,0.00895415213463,0.643847671743,0.255276397179,2.32440654316,1.04877422854,0.00895415213463,7689.51011696,6.0,
7.21414905701,0.999525357868,0.00934309914726,0.642133737474,0.252773825274,2.34758919386,1.09462350242,0.00934309914726,7599.41588145,6.0,
6.89017357983,0.999534342999,0.00963555922233,0.639315147623,0.252186519982,2.33726203952,1.09655907824,0.00963555922233,7398.2059512,6.0,
7.38051662042,0.999528070019,0.00941349747818,0.645695702079,0.253812837382,2.29960028693,1.07452738814,0.00941349747818,7819.3681936,6.0,
7.31458331422,0.999516137978,0.00929924128866,0.641563720337,0.253842197541,2.33056166403,1.08166357943,0.00929924128866,7558.41943461,6.0,
7.38379709814,0.999517562997,0.00972835295333,0.644211484334,0.254046569293,2.30812848151,1.07539191998,0.00972835295333,7652.46478181,6.0,
6.39805292394,0.999584866774,0.00908235633409,0.644433852097,0.254401751239,2.32100757832,1.04698788738,0.00908235633409,7705.88799532,6.0,
6.61957198067,0.999575824,0.00932434223546,0.644353246823,0.254035197071,2.33297746012,1.06001157631,0.00932434223546,7802.7531659,6.0,
5.38800990095,0.999638599738,0.00960061292059,0.641207678467,0.253272180893,2.32918501304,1.04300755056,0.00960061292059,7454.23601369,6.0,
6.64211760184,0.999565537802,0.00983861009208,0.643952576609,0.253259014848,2.31634706156,1.05932402291,0.00983861009208,7643.98159989,6.0,
5.60686287035,0.999648278257,0.00941231412047,0.648863149114,0.255525206917,2.30652626572,0.99616822662,0.00941231412047,7970.5367991,6.0,
6.87131251103,0.999545021786,0.0096879896441,0.641120917349,0.25255126519,2.32964472052,1.08622071829,0.0096879896441,7551.19862914,6.0,
6.16778182474,0.999593473648,0.00987417682553,0.645951374368,0.250184655909,2.29472567422,1.05334479181,0.00987417682553,7585.76006287,7.0,
6.72827679159,0.999567988464,0.00823843260751,0.643645928763,0.254081077518,2.33366093818,1.06258123165,0.00823843260751,7786.95873724,7.0,
7.5106935474,0.999502900576,0.00813615249237,0.638062218853,0.25227665165,2.3355786766,1.11008551124,0.00813615249237,7554.34640032,7.0,
8.84723583619,0.999416251071,0.00837007989614,0.637680781234,0.252370487567,2.34705671328,1.14444192613,0.00837007989614,7577.77700997,7.0,
7.45694512841,0.999510927736,0.00891684811379,0.64408407432,0.252276183309,2.32537728739,1.08810997991,0.00891684811379,7623.40318635,7.0,
6.80976943356,0.999550959111,0.00851910539722,0.641702810507,0.252918178119,2.34780807885,1.07705923139,0.00851910539722,7582.42094754,7.0,
7.36086664395,0.999520566067,0.00908908360039,0.645505053875,0.254089835814,2.30617442393,1.06447362563,0.00908908360039,7676.44068408,7.0,
7.55099876473,0.999512087437,0.00755165196019,0.631033235637,0.255817775658,2.36209782511,1.12116087116,0.00755165196019,7737.88682357,7.0,
6.41410896278,0.999582912843,0.00911193483958,0.645881407037,0.253952600003,2.31208376339,1.03806781608,0.00911193483958,7688.98935771,7.0,
6.53918125881,0.99957305189,0.00853722007053,0.642037312317,0.253398725848,2.30381017084,1.05674407553,0.00853722007053,7657.87647854,7.0,
6.25916310901,0.999600583247,0.00839366691507,0.640919602217,0.253775915621,2.35232462168,1.06043780125,0.00839366691507,7835.19605856,7.0,
5.59401705481,0.999627883182,0.00905689856786,0.646638223048,0.253611251915,2.31731982935,1.017615955,0.00905689856786,7516.31426623,7.0,
7.37579234769,0.99952360547,0.00711970738785,0.63304851523,0.256234739204,2.38153920891,1.1037163011,0.00711970738785,7741.10506345,7.0,
6.38015774126,0.999579448392,0.00790499724147,0.638399692817,0.255648763116,2.35084425722,1.06785120655,0.00790499724147,7585.28841932,7.0,
6.99904015486,0.999541984321,0.00769163075498,0.636120519791,0.255992269166,2.34871496479,1.08654626017,0.00769163075498,7640.44582234,7.0,
7.22397482834,0.999531130899,0.00881308882739,0.6412321116,0.253623639133,2.34584933162,1.08050550054,0.00881308882739,7703.42962368,7.0,
6.31733845012,0.999577302584,0.0086313231064,0.640669441847,0.253213958997,2.34014522253,1.06358918091,0.0086313231064,7472.47875879,7.0,
7.16837205119,0.999530610592,0.00721358122154,0.631405054929,0.255697857431,2.38090636629,1.11376558881,0.00721358122154,7635.66590844,7.0,
6.5104431822,0.999568122972,0.00744577340048,0.634013382691,0.25534470174,2.38653334803,1.08915014775,0.00744577340048,7537.19515786,7.0,
7.0816110005,0.999539307903,0.00876427139461,0.64283042957,0.253727390537,2.33234784235,1.08026990219,0.00876427139461,7685.65303388,7.0,
7.73797435983,0.999486036463,0.00817005707445,0.636601420367,0.25269543714,2.36170897746,1.12102304725,0.00817005707445,7527.57621429,7.0,
6.93998752873,0.999542934738,0.00816840346295,0.63745895604,0.253399456108,2.33766011289,1.08822968087,0.00816840346295,7591.73728146,7.0,
6.78017532724,0.9995567784,0.00849385160161,0.64033354793,0.255595840544,2.33259946277,1.06259308988,0.00849385160161,7648.58596104,7.0,
6.80087397368,0.999534876133,0.00812357501494,0.630611656053,0.253005352119,2.38015439303,1.12507923197,0.00812357501494,7310.66690192,7.0,
6.08121386177,0.999600602053,0.00820826751444,0.639645513362,0.256193355521,2.3251176276,1.04825984999,0.00820826751444,7612.82349806,7.0,
6.06830025298,0.999584401271,0.00758276401411,0.627681831034,0.253483914584,2.37397762901,1.11392243064,0.00758276401411,7300.49582978,7.0,
6.54837026574,0.999572164125,0.0084336423816,0.639653012147,0.25573529318,2.33161009305,1.06227358898,0.0084336423816,7652.73079575,7.0,
7.25338255914,0.999506860915,0.00912155949576,0.634458265177,0.253373802232,2.32410994797,1.11690376781,0.00912155949576,7354.14077076,7.0,
7.8560706625,0.999481763866,0.00722084043703,0.631855307473,0.254616314905,2.4025429587,1.14263544836,0.00722084043703,7579.45781689,7.0,
7.22043928689,0.999516196788,0.00947573163721,0.63488426243,0.253389095976,2.30175036714,1.12204240726,0.00947573163721,7462.00706852,7.0,
6.85368313163,0.999537370071,0.0072992561919,0.629858038333,0.254923662601,2.40133725375,1.1180674402,0.0072992561919,7407.15293146,7.0,
6.12494252676,0.999579213946,0.00885834043668,0.633554332982,0.253865835401,2.33445076055,1.0935717001,0.00885834043668,7277.82661617,7.0,
7.21599737419,0.999523344888,0.00784252513604,0.630246176857,0.253010621613,2.35821829748,1.13720505178,0.00784252513604,7569.25847602,7.0,
7.61652575887,0.999523181408,0.00829244209025,0.638048807037,0.255876829117,2.3440937407,1.09635189489,0.00829244209025,7986.69019603,7.0,
6.63539174994,0.999561234016,0.00985580662207,0.645124541407,0.250557832344,2.29553451973,1.06496921,0.00985580662207,7561.30186976,7.0,
6.90282272779,0.99955606138,0.00866627763915,0.64362012233,0.254713084007,2.31222509342,1.05441247969,0.00866627763915,7774.38188757,7.0,
6.77800929909,0.999551181874,0.00818846023808,0.636140433946,0.253313907398,2.36016945725,1.09305239927,0.00818846023808,7550.82948853,7.0,
7.34625328143,0.999508522245,0.00890010727363,0.639081175193,0.252997232172,2.31795272164,1.09782298621,0.00890010727363,7473.51534852,7.0,
7.9682754402,0.99948032682,0.00791988428442,0.631436878065,0.255198490661,2.36300363057,1.13584985785,0.00791988428442,7666.51441081,7.0,
5.70449925729,0.999614687063,0.00770337776735,0.63217786454,0.255325611336,2.37446835663,1.07902255099,0.00770337776735,7402.28291043,7.0,
7.19555916125,0.999526366634,0.00791146990882,0.63448328691,0.254627059001,2.36784943474,1.11021170067,0.00791146990882,7595.95611875,7.0,
5.99452843524,0.999608815045,0.00821991118147,0.639089298384,0.255957407422,2.33811223445,1.05184103443,0.00821991118147,7661.79343017,7.0,
6.72587315143,0.999550370046,0.0073278880499,0.634066028462,0.255178253445,2.38051753277,1.09951110545,0.0073278880499,7479.16178703,7.0,
7.11562084193,0.999530722226,0.00790323029765,0.636515797176,0.255381926741,2.36406496776,1.09511505948,0.00790323029765,7581.28709355,7.0,
7.20980223387,0.999483959774,0.00653825366299,0.615663275191,0.250712951066,2.45343005467,1.21013381673,0.00653825366299,6985.47235634,7.0,
6.82437384648,0.999549933343,0.00789831074105,0.640219013255,0.253721806727,2.36874571231,1.07316749566,0.00789831074105,7581.34200979,7.0,
6.93726550637,0.999531805389,0.00876648376984,0.639169939293,0.253058636412,2.33312684723,1.08780188975,0.00876648376984,7408.35621204,7.0,
7.90112789634,0.999469435738,0.00844403210292,0.636335597963,0.252476842591,2.3409604973,1.12636372403,0.00844403210292,7445.86732676,7.0,
6.82377914523,0.99954768588,0.00841522927182,0.641153986094,0.253463436649,2.32709646072,1.07452962554,0.00841522927182,7543.03723087,7.0,
6.95893428999,0.999553783911,0.00815681926107,0.640274134345,0.255767100808,2.32835865806,1.06520861194,0.00815681926107,7797.63786272,7.0,
