56.4558572173,0.996182855454,0.0114190365346,0.725609884684,0.214242015432,2.22488596389,1.41750390829,0.0114190365346,7393.64166666,1.0,
60.713189161,0.995976744779,0.0131757346043,0.731613738611,0.213615752432,2.16182047027,1.41206357478,0.0131757346043,7543.97183762,1.0,
65.0534392913,0.995831640257,0.0113734677579,0.722284478025,0.22150811183,2.20864272678,1.44934340803,0.0113734677579,7801.77721389,1.0,
56.2279937467,0.996280707693,0.0126411503842,0.731954927287,0.216457874182,2.16556928516,1.32235539343,0.0126411503842,7557.64502191,1.0,
54.4490620115,0.996449827738,0.0117061728509,0.723488463913,0.219194319859,2.19383626759,1.35618030224,0.0117061728509,7666.95117341,1.0,
59.195383012,0.99610683016,0.0133069078829,0.737146538945,0.211777929726,2.14299790955,1.37074517978,0.0133069078829,7601.1115211,1.0,
62.5219385096,0.995843060198,0.0125829624547,0.727787011503,0.216143447694,2.17478796641,1.45040125065,0.0125829624547,7518.81660651,1.0,
55.9572642001,0.996355667277,0.0132911567792,0.742325755126,0.209027806821,2.13367379843,1.30044293903,0.0132911567792,7675.95539733,1.0,
61.4785461178,0.996053420518,0.0139264063243,0.723816389376,0.217593896006,2.19901259578,1.44204794164,0.0139264063243,7787.75793271,1.0,
59.6247055758,0.995964527717,0.0161353841525,0.735983236221,0.209463982235,2.13341352321,1.41993225638,0.0161353841525,7386.60049234,1.0,
68.1195153726,0.99551882645,0.0150739830786,0.726358217528,0.214126653979,2.15586921598,1.53967170401,0.0150739830786,7599.60861435,1.0,
54.3838144867,0.996494146877,0.0142614992664,0.735129073817,0.212246684246,2.17287990833,1.33968733715,0.0142614992664,7755.09242371,1.0,
47.7647681084,0.996721410549,0.0156731410016,0.737180399728,0.213968801474,2.12146442605,1.23207399687,0.0156731410016,7283.41995829,1.0,
55.716925482,0.996237942848,0.0151562361628,0.729554305414,0.209557859522,2.17111104006,1.43391349661,0.0151562361628,7404.1862378,1.0,
61.0499531006,0.995964377553,0.0147029947909,0.725569889566,0.21711151767,2.18320100493,1.43981240229,0.0147029947909,7562.94680192,1.0,
60.2424075039,0.996104184057,0.0150644331486,0.724169701104,0.219372565789,2.1614066891,1.4208025013,0.0150644331486,7730.72842743,1.0,
55.0687389265,0.996457773374,0.014190394022,0.740116537204,0.211779742916,2.1551229181,1.33278269932,0.014190394022,7772.1093253,1.0,
54.6663314226,0.996578610314,0.0154374869554,0.735607408421,0.214257687673,2.15303443406,1.31405419489,0.0154374869554,7987.93882188,1.0,
51.8055497655,0.996656214908,0.0136160620286,0.739920239217,0.213958097005,2.16960133076,1.28183949974,0.0136160620286,7745.47498155,1.0,
61.5709796769,0.996027533788,0.0143903712118,0.738272704593,0.20935862122,2.15313196412,1.44236060448,0.0143903712118,7748.62912765,1.0,
51.1610057322,0.996696595297,0.0155591972543,0.746535528622,0.208587629658,2.11363585766,1.24020323085,0.0155591972543,7742.63873552,1.0,
53.9600260552,0.996496703428,0.0160381546972,0.747479747975,0.205581670463,2.1070279523,1.28066180302,0.0160381546972,7700.33322066,1.0,
53.8005419489,0.996662469045,0.0154331838088,0.728766186346,0.216314905275,2.14735609105,1.33268368942,0.0154331838088,8058.97529803,1.0,
56.904721209,0.996211814549,0.015079538343,0.740166034387,0.212657199347,2.11970095125,1.32208441897,0.015079538343,7509.77168538,1.0,
56.0725169359,0.996373470167,0.0151578116968,0.728411388937,0.210668842349,2.16217123422,1.42477331944,0.0151578116968,7729.88857891,1.0,
66.4276081292,0.995731075722,0.0146141855627,0.720342178526,0.216270209227,2.19153941241,1.56225117249,0.0146141855627,7779.3301736,1.0,
57.8181136008,0.996295499383,0.0151149645043,0.748960195043,0.203339190767,2.14703129931,1.33299635227,0.0151149645043,7802.74393115,1.0,
53.8109536217,0.996378632814,0.0146552816912,0.739327992237,0.207765503705,2.16261137443,1.32577384054,0.0146552816912,7428.68827786,1.0,
55.7467222512,0.996211947429,0.014722694288,0.731011239244,0.211214366409,2.20034313832,1.41471599792,0.014722694288,7357.28616415,1.0,
53.6439812402,0.99655563238,0.0172027660099,0.73173850859,0.207247253788,2.13534834378,1.39559145388,0.0172027660099,7786.26521325,1.0,
57.8807920792,0.996087112943,0.0149366398004,0.739030188007,0.207036268335,2.17653136246,1.42916102137,0.0149366398004,7395.21532783,1.0,
56.1903699844,0.9961978877,0.0154031078915,0.743559303153,0.210572225549,2.12486561729,1.32534653465,0.0154031078915,7388.41855408,1.0,
64.3053048463,0.995847527453,0.0155046345193,0.741041135701,0.208812391903,2.13175775912,1.427472642,0.0155046345193,7742.03728281,1.0,
57.6179051589,0.996136735897,0.0150884807068,0.741545139459,0.207705226369,2.17035663497,1.3806044815,0.0150884807068,7456.2622376,1.0,
60.2717196456,0.995996030091,0.0182408510273,0.749586165834,0.203557875647,2.07678347822,1.35820218864,0.0182408510273,7525.60275115,1.0,
60.1643877019,0.995999642333,0.0163447222191,0.742828804322,0.207893937462,2.13443205731,1.37505992705,0.0163447222191,7519.0108432,1.0,
68.5677748828,0.995704624755,0.0142812703442,0.734975961054,0.213230534181,2.18221862467,1.49806149036,0.0142812703442,7980.61152014,1.0,
56.3903595623,0.996228216097,0.0142942777051,0.723132265638,0.217316953828,2.20316566331,1.41134966128,0.0142942777051,7474.30568281,1.0,
47.8278791037,0.996894942488,0.0151829102627,0.731085365632,0.215146298746,2.20639280656,1.24453361126,0.0151829102627,7700.72263861,1.0,
61.1282699323,0.995911214261,0.0159405971008,0.734668154017,0.211172709623,2.15565015914,1.45184471079,0.0159405971008,7474.23697025,1.0,
54.3323814487,0.996504589708,0.015531699054,0.715369684807,0.220809763493,2.15274105183,1.39570609693,0.015531699054,7770.98561057,1.0,
67.9860291819,0.995561910286,0.0145908877545,0.730636529941,0.217034606262,2.15104349955,1.48944762897,0.0145908877545,7658.37295602,1.0,
55.7398436686,0.996359670458,0.015079821081,0.738856977966,0.207260185109,2.16185436683,1.38674309536,0.015079821081,7655.00160413,1.0,
56.2161177697,0.996249769355,0.0152146155352,0.737107211363,0.207393076595,2.17391246164,1.41082334549,0.0152146155352,7494.15386231,1.0,
57.4838353309,0.996090524977,0.0162277863693,0.736277272517,0.21318124724,2.13354571858,1.36931735279,0.0162277863693,7351.01697572,1.0,
58.4602709745,0.995930846949,0.0141288251844,0.727994836557,0.213675457614,2.19623115801,1.45986451277,0.0141288251844,7182.42440337,1.0,
57.0079572694,0.996180835198,0.016178083676,0.742898116204,0.209278621912,2.15143095608,1.35326211569,0.016178083676,7462.57591453,1.0,
56.561870766,0.996332737825,0.0151147526952,0.735910742168,0.214319259564,2.16308998293,1.35674309536,0.0151147526952,7710.8267252,1.0,
57.6872225117,0.996233052359,0.0158715388014,0.747165830671,0.207581426274,2.13157840171,1.3123189161,0.0158715388014,7656.11259702,1.0,
58.7146795206,0.996243085165,0.0158925439117,0.749516057636,0.205109240634,2.10532028739,1.33776446066,0.0158925439117,7813.16936661,1.0,
70.7728817092,0.995586028256,0.0138095183759,0.733914798491,0.211565301061,2.17083028768,1.47304846274,0.0138095183759,8015.89918209,2.0,
62.380984888,0.996037387554,0.0135496986472,0.739068616594,0.210789113982,2.16563102107,1.36490359562,0.0135496986472,7870.07227571,2.0,
58.9827670662,0.996090611174,0.0151111383627,0.737559606625,0.208322886847,2.12295766865,1.40691505993,0.0151111383627,7542.75073074,2.0,
64.4259145388,0.995919787751,0.0143544066751,0.741596955174,0.203725664252,2.16652284085,1.43718082335,0.0143544066751,7893.90336684,2.0,
59.4217457009,0.996256321396,0.014190421883,0.743772006566,0.209098135901,2.1348459259,1.33730588848,0.014190421883,7935.1600525,2.0,
63.807467431,0.995870340235,0.0143047161473,0.736375948386,0.207239701164,2.1731930536,1.43208441897,0.0143047161473,7724.48823824,2.0,
58.2640437728,0.996227753324,0.01335090786,0.734926136039,0.207352092349,2.20670992173,1.40196977592,0.01335090786,7721.70502587,2.0,
74.3303022408,0.995219743885,0.013712598162,0.736805706359,0.207981657702,2.15388414212,1.60853048463,0.013712598162,7773.55501481,2.0,
71.0609588327,0.995530989314,0.0117775412817,0.724854810065,0.215453179601,2.2438538323,1.56047941636,0.0117775412817,7949.20730031,2.0,
66.668348098,0.995688598666,0.011887359965,0.726328121796,0.21244604849,2.23262416669,1.5517248567,0.011887359965,7730.43761286,2.0,
72.3361334028,0.995257682895,0.0147028450038,0.738716785295,0.203521683904,2.1691101628,1.57085982282,0.0147028450038,7625.66880568,2.0,
62.049666493,0.995927643887,0.014090489146,0.737746866675,0.203908016367,2.19018252985,1.44469515373,0.014090489146,7617.40780771,2.0,
57.5405940594,0.996201706217,0.016005001465,0.747457326552,0.203843931658,2.10972445153,1.3133402814,0.016005001465,7573.50041809,2.0,
56.4019489317,0.996263658609,0.0146187562406,0.731953669974,0.208432533751,2.18280852441,1.41430953622,0.0146187562406,7546.67821615,2.0,
64.9487701928,0.995942659876,0.0148153238466,0.740840451751,0.208272738498,2.14927201109,1.41018759771,0.0148153238466,8002.79416635,2.0,
64.8086190724,0.995861140267,0.0145316654361,0.731752251304,0.215406713049,2.13702852705,1.41815528921,0.0145316654361,7828.18120309,2.0,
70.494502345,0.995494565411,0.014426564285,0.741356241454,0.207029377307,2.14565046462,1.4641427827,0.014426564285,7822.15489299,2.0,
64.4009171443,0.995860091552,0.0142858786046,0.728013921121,0.213729157802,2.17305405911,1.5056487754,0.0142858786046,7776.91281818,2.0,
64.9110786868,0.995922889082,0.0138636111663,0.739672573771,0.207935305421,2.15569839448,1.43610213653,0.0138636111663,7959.25864907,2.0,
58.3557842626,0.996164268602,0.0155236273343,0.740732010305,0.205420450119,2.1259423565,1.3752527358,0.0155236273343,7605.84976739,2.0,
64.2041948932,0.995614805992,0.012527993372,0.726560573975,0.208462285772,2.23950787096,1.56426784784,0.012527993372,7319.39675904,2.0,
61.5852423137,0.996007250188,0.0123306979572,0.727761910937,0.214408811694,2.22310688427,1.44377279833,0.0123306979572,7711.00096628,2.0,
51.4814747264,0.996636128589,0.0143991683505,0.741817584696,0.208032181658,2.15438537922,1.27782699323,0.0143991683505,7650.95088269,2.0,
62.3499009901,0.996092328886,0.01560586456,0.737098815946,0.211664806704,2.10745653315,1.42088587806,0.01560586456,7976.66880947,2.0,
64.8233767587,0.995804451489,0.0153393506313,0.736409558949,0.20867368318,2.13751583139,1.45034914018,0.0153393506313,7723.95931535,2.0,
67.408019802,0.995715346728,0.0129902339703,0.733400066208,0.209170893172,2.20362299402,1.50539343408,0.0129902339703,7865.04052227,2.0,
67.3303751954,0.995644753207,0.014128983118,0.735154311081,0.209733052557,2.18393994645,1.47366857738,0.014128983118,7728.911714,2.0,
61.087472642,0.996022959689,0.0140168864005,0.737892298857,0.210716538183,2.16344289873,1.37270453361,0.0140168864005,7679.08858206,2.0,
61.9310422095,0.995864540283,0.0126679946917,0.73587760183,0.212101388481,2.18635469424,1.43455445545,0.0126679946917,7486.54451642,2.0,
55.135825951,0.996244338307,0.011181942458,0.729639955507,0.214877612673,2.22150577822,1.3750442939,0.011181942458,7338.95495065,2.0,
61.4728660761,0.995982612895,0.0107529942342,0.718481332115,0.222743492447,2.2344961423,1.42711307973,0.0107529942342,7649.29468149,2.0,
60.0108233455,0.996083475032,0.0104872955533,0.721131107836,0.21798300325,2.26199004672,1.46355914539,0.0104872955533,7659.76523169,2.0,
66.479557061,0.995546535526,0.0128706252524,0.72540716813,0.215205868399,2.17846493389,1.55855653986,0.0128706252524,7462.45406033,2.0,
60.1297550808,0.99606214303,0.0110185165161,0.726771972982,0.212699319532,2.23814567977,1.45459093278,0.0110185165161,7633.3756512,2.0,
60.2220218864,0.996060446396,0.0123808948175,0.733933059473,0.210188648461,2.19855956425,1.41949973945,0.0123808948175,7641.9093306,2.0,
47.3962115685,0.996781056914,0.0138749847728,0.740457875931,0.210298713286,2.15524620306,1.27966128192,0.0138749847728,7360.75580238,2.0,
76.48318395,0.994871700707,0.011963143747,0.720688642745,0.212187851998,2.22197435978,1.70897863471,0.011963143747,7455.52100693,2.0,
61.0864773319,0.995873319654,0.0137824737187,0.722729770133,0.217389868919,2.1424921049,1.49084418968,0.0137824737187,7400.00534192,2.0,
66.1104898385,0.995714901212,0.0129356538018,0.734195307093,0.213579454213,2.15106687275,1.45857738405,0.0129356538018,7712.51433728,2.0,
65.9820218864,0.995632103188,0.0125401667481,0.724498273261,0.218433600993,2.18571625158,1.48968212611,0.0125401667481,7551.57953979,2.0,
58.9582647212,0.995996250118,0.0140503755403,0.728601839626,0.213564523342,2.1694267377,1.45852527358,0.0140503755403,7361.40136086,2.0,
66.6296352267,0.995671021138,0.0117395255639,0.722503647103,0.217720658924,2.21635166362,1.5388796248,0.0117395255639,7694.29443888,2.0,
53.8589994789,0.996351805819,0.0130169584156,0.731934125893,0.212250485715,2.19313719745,1.37966649297,0.0130169584156,7380.268445,2.0,
57.1902084419,0.996098802941,0.0121409138912,0.717509590577,0.218630434464,2.21256325173,1.45991141219,0.0121409138912,7328.43715979,2.0,
61.9690203231,0.995777480123,0.0151363784605,0.741786548502,0.207148846071,2.12065807715,1.44214174049,0.0151363784605,7336.44071331,2.0,
51.8197446587,0.996610385661,0.0115943294354,0.725445343254,0.219938513296,2.20622112314,1.34810317874,0.0115943294354,7642.32887989,2.0,
63.2875455967,0.996003281915,0.0129536164099,0.728784851785,0.216629130899,2.19479737551,1.46305367379,0.0129536164099,7916.09709806,2.0,
59.9396508598,0.995962122904,0.0130211048235,0.733347717751,0.212389099715,2.1766879738,1.45195935383,0.0130211048235,7420.7249501,2.0,
54.366597186,0.996431393662,0.0126767201412,0.734157494517,0.215064983975,2.17882328872,1.32677436165,0.0126767201412,7615.94803596,2.0,
61.9342626368,0.995865786186,0.0123641806341,0.725116586256,0.214770069838,2.20803197398,1.52173527879,0.0123641806341,7489.09195019,2.0,
68.5393121417,0.995782593453,0.0127343347741,0.739192028298,0.207684229838,2.17502422073,1.49099531006,0.0127343347741,8125.91023292,3.0,
71.6276550287,0.995392650901,0.0138237755736,0.744520446919,0.199694654969,2.15686224291,1.59410630537,0.0138237755736,7773.11697701,3.0,
58.2827879104,0.996262416053,0.0136225437678,0.745288368479,0.207296428989,2.13740539303,1.34379885357,0.0136225437678,7796.04351248,3.0,
64.4025117249,0.995816418686,0.01411442841,0.742240724464,0.204199962413,2.13804977839,1.5105054716,0.01411442841,7696.16851767,3.0,
60.6607451798,0.996195612428,0.0133898215943,0.747478852359,0.205434927632,2.14088231997,1.34482021886,0.0133898215943,7971.62477155,3.0,
69.8539708181,0.995554339751,0.0139203432068,0.747312553857,0.204246213741,2.11965093047,1.491208963,0.0139203432068,7855.48956671,3.0,
59.4064773319,0.99623072642,0.0138311722739,0.749336558924,0.20381459688,2.11198157283,1.34911412194,0.0138311722739,7879.56384151,3.0,
63.9631631058,0.995954428352,0.0132078437805,0.739947756939,0.210371190951,2.14101665934,1.37806670141,0.0132078437805,7904.49720176,3.0,
71.5272329338,0.9955141878,0.0154397308829,0.743512967851,0.209935338192,2.0708011271,1.47660239708,0.0154397308829,7971.76467139,3.0,
66.2972694112,0.995914487689,0.0150590458651,0.75181326783,0.202823674845,2.08755360916,1.3749557061,0.0150590458651,8112.88166461,3.0,
65.1351589369,0.995966174272,0.013391095436,0.736354536124,0.209752196491,2.14704603335,1.46809275664,0.013391095436,8072.76275316,3.0,
72.494830641,0.995428036636,0.0120917116105,0.72882900393,0.214314276078,2.17649340024,1.55345492444,0.0120917116105,7927.21198492,3.0,
66.2892860865,0.995752671147,0.0139467812753,0.74096515894,0.206684224066,2.14669384394,1.45067222512,0.0139467812753,7802.79653313,3.0,
61.1909431996,0.99608035786,0.0137829547426,0.740617754308,0.207012503012,2.13935070388,1.41265242314,0.0137829547426,7804.81128424,3.0,
64.3788692027,0.996081168401,0.0164728219845,0.748193320517,0.210025907613,2.05819935162,1.31371026576,0.0164728219845,8213.18897082,3.0,
67.1281396561,0.995702816402,0.0159515700079,0.737355821365,0.212379525655,2.1097359309,1.42078165711,0.0159515700079,7809.8525824,3.0,
71.4793746743,0.995483069132,0.0151686395962,0.735421893904,0.210405183995,2.14026614008,1.5456591975,0.0151686395962,7911.51164921,3.0,
57.9574413757,0.996298830031,0.0157913106667,0.743455612956,0.206876631113,2.1096313603,1.37256383533,0.0157913106667,7828.85116311,3.0,
61.5847889526,0.996193136308,0.0142126809033,0.743923873204,0.205692161093,2.16217169326,1.41930693069,0.0142126809033,8087.88217346,3.0,
66.6732256384,0.995825776143,0.0141563275666,0.744207287753,0.207654517195,2.14402662392,1.4446482543,0.0141563275666,7985.55499216,3.0,
67.9994163627,0.995693676497,0.01434209193,0.738988079078,0.206209900163,2.16050934674,1.50960917144,0.01434209193,7894.49980165,3.0,
62.4593121417,0.995934351543,0.014820349371,0.733463761912,0.211155149338,2.17951773682,1.43431995831,0.014820349371,7680.81025216,3.0,
63.2142417926,0.995859099098,0.0155721798498,0.751782447353,0.202767722906,2.11434951727,1.36964564878,0.0155721798498,7632.35795384,3.0,
64.4382021886,0.995789261529,0.0157882371534,0.741636757509,0.204687751093,2.13421558854,1.47338718082,0.0157882371534,7651.14911586,3.0,
72.4350078166,0.995337730605,0.0141016537133,0.731702958097,0.206966813521,2.16296795477,1.59786347056,0.0141016537133,7767.69403349,3.0,
70.3086659719,0.995513386193,0.0172622482017,0.757769358294,0.197785833326,2.07603345795,1.42260031266,0.0172622482017,7834.82298886,3.0,
65.190771235,0.995869799429,0.0154529319134,0.749503633539,0.201619427625,2.10948888041,1.44227722772,0.0154529319134,7891.53692078,3.0,
68.5544450235,0.995611372355,0.0157006456105,0.741291164199,0.205025848347,2.11366430182,1.49299635227,0.0157006456105,7810.05302793,3.0,
61.7880719125,0.99603690279,0.0148539969331,0.746214692341,0.206093700511,2.13823291859,1.38528921313,0.0148539969331,7795.31718414,3.0,
60.6208963002,0.996187256185,0.0163305060256,0.7594144952,0.198732242177,2.06831422556,1.32901511204,0.0163305060256,7949.80855532,3.0,
56.45154247,0.996270256072,0.015808958874,0.75313764289,0.201051252752,2.10637736573,1.32448671183,0.015808958874,7567.62576273,3.0,
57.9562949453,0.996276276164,0.0158704709576,0.750109224955,0.20112020242,2.1168737003,1.35279312142,0.0158704709576,7781.95410561,3.0,
64.340875456,0.995923740805,0.0123740952017,0.730932084954,0.214405462467,2.20282849785,1.46069828035,0.0123740952017,7892.0448362,3.0,
65.3717196456,0.995850578656,0.0138785382238,0.744045702076,0.205428022645,2.16383080366,1.43382490881,0.0138785382238,7877.14520376,3.0,
68.4075508077,0.995584689576,0.0118240649374,0.72942543076,0.211837857125,2.23772791427,1.53308494007,0.0118240649374,7746.57603954,3.0,
62.115054716,0.995995514388,0.0168304670581,0.749436383677,0.204454940135,2.09052145308,1.37660760813,0.0168304670581,7755.68405747,3.0,
68.27318395,0.995439973616,0.0144691137499,0.735902424168,0.204954646877,2.17907081826,1.57652944242,0.0144691137499,7486.06039957,3.0,
70.937472642,0.995480227389,0.0144671027038,0.736502508647,0.211696671227,2.14424689115,1.53356435644,0.0144671027038,7846.56229494,3.0,
70.0053309015,0.995669003747,0.0148884377475,0.742480658966,0.205987173786,2.12897991754,1.49029181866,0.0148884377475,8080.99448507,3.0,
73.7414017718,0.995359651475,0.0140211831386,0.73190415869,0.210907203222,2.19073448719,1.59146951537,0.0140211831386,7944.81272273,3.0,
61.1640385618,0.995992645537,0.0143950083108,0.739573873452,0.21012630387,2.17121677559,1.39812923398,0.0143950083108,7630.62120103,3.0,
66.7696248046,0.995704150497,0.0151726185663,0.739245824168,0.208778190667,2.13621765845,1.47163626889,0.0151726185663,7770.48845691,3.0,
58.5486086503,0.996155744888,0.0141104093048,0.733702072522,0.208782127183,2.17843630765,1.43522668056,0.0141104093048,7614.20100316,3.0,
74.9896456488,0.994987523471,0.013113834204,0.727541395507,0.208020812335,2.20117569897,1.68661281918,0.013113834204,7478.98779837,3.0,
75.8554820219,0.995262851543,0.0133031443064,0.724008511668,0.219297378952,2.19973502,1.56847837415,0.0133031443064,8005.5722844,3.0,
59.9715633142,0.996218431288,0.0149585095264,0.743287301001,0.20877662958,2.11065407292,1.34080771235,0.0149585095264,7928.56803587,3.0,
67.6672381449,0.995586321446,0.0152061601152,0.742110693601,0.204008257308,2.1407496859,1.49385617509,0.0152061601152,7664.76828194,3.0,
64.7907764461,0.995924863124,0.0135704040748,0.734486900499,0.208978978731,2.16832594732,1.45789473684,0.0135704040748,7949.13733757,3.0,
71.5460083377,0.995369516092,0.0134107564817,0.730561277972,0.207928414678,2.21291855493,1.58062011464,0.0134107564817,7724.54319422,3.0,
59.0875716519,0.996208575356,0.0140545636583,0.730990292148,0.212802581715,2.17443833471,1.39037519541,0.0140545636583,7791.2342899,3.0,
61.6806826472,0.995900184924,0.00987543114697,0.702032881252,0.227020328566,2.30632165121,1.59109431996,0.00987543114697,7522.38394968,4.0,
68.3163939552,0.995298111688,0.0111209777652,0.722191275386,0.212901845546,2.24913822896,1.60070870245,0.0111209777652,7264.78580051,4.0,
62.8472746222,0.99570976228,0.0123930574402,0.717259966207,0.222765452891,2.17419422395,1.48171964565,0.0123930574402,7324.42009045,4.0,
58.0499114122,0.996027750233,0.0112082563194,0.719192690694,0.216794842991,2.2429157504,1.52069828035,0.0112082563194,7307.05354704,4.0,
61.1375455967,0.995994871271,0.0116190500035,0.725665911067,0.219470865214,2.18336242651,1.44786347056,0.0116190500035,7632.49935533,4.0,
60.2403908286,0.995913173566,0.00997357903915,0.705885879255,0.227247261237,2.267402892,1.53414799375,0.00997357903915,7370.24808365,4.0,
75.3042626368,0.994852908704,0.0104891211306,0.710952087229,0.220019974949,2.27436884016,1.73825951016,0.0104891211306,7315.53981113,4.0,
57.9901250651,0.995948939443,0.0110662899542,0.70877129861,0.223352337452,2.25072596957,1.53001042209,0.0110662899542,7157.52927668,4.0,
68.1280927566,0.995530640027,0.0127395500577,0.720182304818,0.218645924472,2.20018794258,1.58922876498,0.0127395500577,7621.08437624,4.0,
63.2338040646,0.995679150525,0.0107118931635,0.714439200272,0.221165133378,2.24987955648,1.57523189161,0.0107118931635,7316.71812149,4.0,
68.5880719125,0.99556492674,0.0125824218526,0.722252275415,0.217604245225,2.16434279142,1.54933298593,0.0125824218526,7731.95915577,4.0,
60.8774934862,0.996004898743,0.0136921356089,0.724978751782,0.21600170578,2.19399413158,1.44864512767,0.0136921356089,7618.75019766,4.0,
63.104174049,0.995730430307,0.0149576849372,0.738803346705,0.205016016118,2.16104320546,1.47956748306,0.0149576849372,7389.80715495,4.0,
61.2156331423,0.995809211987,0.0131821065286,0.729571116497,0.210213644545,2.21621312648,1.51127670662,0.0131821065286,7303.28625076,4.0,
60.0891453882,0.995946901596,0.0118140802556,0.715263031508,0.218536721119,2.23639829355,1.51865033872,0.0118140802556,7412.62993857,4.0,
63.960328296,0.995842915345,0.0109484441398,0.715041316975,0.220365558283,2.27811114253,1.5605054716,0.0109484441398,7692.77464084,4.0,
73.0070453361,0.995185885503,0.0124100342669,0.712302401074,0.21630890417,2.26042375449,1.71894736842,0.0124100342669,7582.65390966,4.0,
64.2885617509,0.995731342622,0.0128591436775,0.72788747647,0.215905134243,2.23201414883,1.46945805107,0.0128591436775,7530.32589486,4.0,
61.8617144346,0.995761404472,0.0136419371736,0.721304724952,0.213361983008,2.20877264049,1.5691870766,0.0136419371736,7297.24929239,4.0,
65.9635018239,0.995371667915,0.0139341837922,0.728313964259,0.209357273998,2.20403408115,1.58347055758,0.0139341837922,7126.25134977,4.0,
60.9368421053,0.995972360278,0.0157331289828,0.7399395704,0.211270609925,2.12686229061,1.36971339239,0.0157331289828,7565.12833053,4.0,
62.5694841063,0.995952019201,0.0146392765252,0.746053079582,0.20466821484,2.14510525128,1.43848879625,0.0146392765252,7728.53918694,4.0,
59.9949869724,0.996091540396,0.014449181317,0.741985721522,0.205818209011,2.15850840273,1.41380927566,0.014449181317,7675.04633133,4.0,
54.8758572173,0.996239203522,0.0146614322478,0.72657729089,0.210692879896,2.1951033664,1.45096925482,0.0146614322478,7295.764994,4.0,
67.9063887441,0.995304933097,0.0131975435573,0.720477775916,0.212921299613,2.22656355713,1.65247524752,0.0131975435573,7231.62942033,4.0,
70.8123137051,0.995306143628,0.0141846216261,0.726703879197,0.213710860157,2.13914066633,1.60426784784,0.0141846216261,7543.25360648,4.0,
70.9429963523,0.995479760203,0.0117091140106,0.729374372095,0.214199833162,2.1974835145,1.57537780094,0.0117091140106,7847.51894271,4.0,
67.1358363731,0.995531189789,0.0125128448925,0.734787916322,0.206823358995,2.19270098132,1.56347576863,0.0125128448925,7511.86113947,4.0,
70.2293850964,0.995325991205,0.0121929952552,0.728635368503,0.211782006509,2.20712870439,1.5942522147,0.0121929952552,7513.06274124,4.0,
70.718566962,0.995511781517,0.0131700663207,0.730999488863,0.210998946428,2.17104545441,1.56594580511,0.0131700663207,7878.38597888,4.0,
69.0177540386,0.995571895134,0.0125742232104,0.730732671311,0.216497888986,2.15659216832,1.51284523189,0.0125742232104,7792.74138426,4.0,
63.5000104221,0.99606876578,0.014699682585,0.749639291012,0.207631555294,2.08189939779,1.31755080771,0.014699682585,8075.92514026,4.0,
69.1879833246,0.995420924679,0.012234921078,0.732890405491,0.209768968553,2.18351685748,1.55360083377,0.012234921078,7554.55958408,4.0,
78.0311620636,0.994995348547,0.0121631214799,0.72977915408,0.209211737581,2.18845702817,1.63236060448,0.0121631214799,7795.68119616,4.0,
74.9134445023,0.995368131509,0.0144030358764,0.735403946633,0.204211249433,2.15824362749,1.58944241793,0.0144030358764,8087.0318045,4.0,
60.8842678478,0.996056988392,0.0123313160597,0.741772072684,0.204146711084,2.18400262012,1.42236060448,0.0123313160597,7720.7646731,4.0,
62.5673215216,0.995890714197,0.0137824532981,0.742950572139,0.204653592185,2.14347922043,1.41314747264,0.0137824532981,7613.06415176,4.0,
71.9681552892,0.995383791933,0.0117528607944,0.723986982759,0.215315434765,2.21051633398,1.57299114122,0.0117528607944,7795.27093785,4.0,
63.5687597707,0.995820002148,0.0118255156126,0.727944725561,0.211856466126,2.21017959209,1.46944762897,0.0118255156126,7604.09149985,4.0,
82.992193851,0.994671928873,0.0124119375076,0.728880017817,0.208130753538,2.19442283949,1.7735383012,0.0124119375076,7788.31019052,4.0,
74.8404794164,0.995248755227,0.0124140671125,0.728865916854,0.210511402065,2.17917020597,1.61097446587,0.0124140671125,7876.14262315,4.0,
65.9938874414,0.995832106599,0.0122938235103,0.735252559151,0.208597417118,2.18542358905,1.48885356957,0.0122938235103,7917.31867009,4.0,
79.4207764461,0.994923361371,0.0129637373013,0.736592166759,0.206922898524,2.16357958948,1.61815007817,0.0129637373013,7822.44160393,4.0,
63.1788900469,0.995838130151,0.0137119884233,0.733339263231,0.210746696855,2.14436202758,1.49901511204,0.0137119884233,7590.34047417,4.0,
70.7276341845,0.995610722435,0.0127984585184,0.731621526583,0.213128695894,2.16613641551,1.52688379364,0.0127984585184,8056.9611404,4.0,
68.0377227723,0.995690873666,0.0134280571048,0.738037998436,0.212173970655,2.1230722612,1.41308494007,0.0134280571048,7894.8113244,4.0,
73.6880093799,0.995302280517,0.012558895725,0.734748578615,0.209147133696,2.17117738686,1.58841584158,0.012558895725,7842.14332021,4.0,
69.9323866597,0.995451721135,0.0131146119236,0.735803304207,0.208848604674,2.15360655844,1.55956748306,0.0131146119236,7687.88653219,4.0,
72.3547420532,0.995286650991,0.0121158440553,0.733258134421,0.205588918054,2.2095765169,1.63677436165,0.0121158440553,7675.58726163,4.0,
62.1068264721,0.996045853922,0.0131908868312,0.746492294026,0.20719537292,2.13189211425,1.37423658155,0.0131908868312,7853.50809135,4.0,
64.9131943721,0.995518777269,0.0091827336465,0.710090250555,0.223975466364,2.31333681586,1.62378322043,0.0091827336465,7242.67782642,5.0,
63.5591870766,0.995700725189,0.0131866573833,0.735851849997,0.206087148273,2.17310429077,1.49909327775,0.0131866573833,7391.83617688,5.0,
66.9351902032,0.995650842475,0.0125705724902,0.730552414089,0.210711437339,2.17135245593,1.54120375195,0.0125705724902,7695.31361177,5.0,
55.4103491402,0.996174813162,0.011370854848,0.720697921743,0.213501397227,2.24104219583,1.49026576342,0.011370854848,7242.92630272,5.0,
67.9893173528,0.995506673482,0.0117801566356,0.733176555902,0.207904123253,2.20671398517,1.55179781136,0.0117801566356,7565.69791735,5.0,
60.0572016675,0.995880500589,0.0119258074476,0.712364780912,0.216757035628,2.24868367303,1.54235018239,0.0119258074476,7289.45323474,5.0,
59.8147159979,0.995962540738,0.012530904987,0.712765757895,0.217836662902,2.23406286801,1.53649817613,0.012530904987,7407.54741814,5.0,
61.4762741011,0.996004965879,0.0123379844624,0.716935064787,0.212770284372,2.25873488687,1.57769150599,0.0123379844624,7694.42412819,5.0,
54.8411464304,0.996202404232,0.0130306020185,0.715623535758,0.214895642571,2.23026480215,1.46562793121,0.0130306020185,7220.85491573,5.0,
64.8177019281,0.995800722212,0.0120638660975,0.717037420234,0.219810385942,2.23296892151,1.50644606566,0.0120638660975,7718.11739731,5.0,
62.8226159458,0.995793027717,0.0130784814155,0.717844179809,0.213712269309,2.22034068532,1.58724335591,0.0130784814155,7466.58020652,5.0,
64.8857842626,0.995895765891,0.0129791058451,0.712328269892,0.221841161737,2.1842129334,1.49582073997,0.0129791058451,7904.84828951,5.0,
59.197576863,0.995983293897,0.0120744984265,0.717524821258,0.214411559699,2.24672632348,1.51237623762,0.0120744984265,7369.07500587,5.0,
61.751756123,0.995856399351,0.0129932091281,0.723589260007,0.214605975805,2.19994711221,1.50119854091,0.0129932091281,7451.56722917,5.0,
64.1588118812,0.995593926079,0.0115689407453,0.705707665022,0.219063362451,2.26662873887,1.66066701407,0.0115689407453,7280.78863318,5.0,
63.3623710266,0.995713791014,0.0121256104651,0.712573438491,0.21341036256,2.27098754135,1.61584679521,0.0121256104651,7391.66425137,5.0,
56.4659666493,0.996203984545,0.0121829785304,0.712369426437,0.214021660116,2.25764639019,1.52389265242,0.0121829785304,7437.71080196,5.0,
60.4825898906,0.996000192507,0.0115543514961,0.714586900611,0.223201824558,2.22290408626,1.49470036477,0.0115543514961,7560.82844597,5.0,
58.816154247,0.996050329815,0.0115402503312,0.717510646666,0.211750533379,2.28292222439,1.54536737884,0.0115402503312,7445.89613239,5.0,
67.4401719646,0.995571379205,0.0107095601675,0.719641724098,0.216337113406,2.27186607954,1.5950442939,0.0107095601675,7614.3135418,5.0,
56.1586347056,0.996264729833,0.0120274101094,0.729443763467,0.209982609026,2.24059341616,1.45468473163,0.0120274101094,7517.66832095,5.0,
59.9584210526,0.995884049248,0.0119299320772,0.72121554296,0.212087573673,2.24109865639,1.54364252215,0.0119299320772,7283.53837091,5.0,
64.8810317874,0.995768557329,0.0121957622969,0.723074600921,0.215890762443,2.22027332763,1.5290880667,0.0121957622969,7666.56871162,5.0,
58.5598593017,0.995973773945,0.0110544150117,0.71452212435,0.21290155904,2.29576975002,1.59975508077,0.0110544150117,7272.62162414,5.0,
67.6413652944,0.995446583411,0.0105856033885,0.718395886409,0.213759908598,2.28682447543,1.61775924961,0.0105856033885,7427.29146839,5.0,
60.8746013549,0.995836432069,0.0126295249963,0.71599204122,0.21491834388,2.27106164049,1.52317873893,0.0126295249963,7310.14709577,5.0,
51.9623866597,0.996343018299,0.014126248445,0.724109462764,0.210397639242,2.2029842327,1.41547681084,0.014126248445,7104.15352844,5.0,
59.1587076602,0.99622737782,0.0143042569017,0.721541748157,0.215209777265,2.20849847333,1.45004689943,0.0143042569017,7840.2277511,5.0,
58.2744971339,0.996015142932,0.0127885829997,0.72479203195,0.206087737045,2.24444011566,1.50781657113,0.0127885829997,7310.97769406,5.0,
56.2717978114,0.996168440617,0.013971717943,0.726020138436,0.206871182708,2.20259802628,1.47178738927,0.013971717943,7342.89281523,5.0,
69.2917457009,0.995492304961,0.0137151943444,0.729022846769,0.210923098273,2.2084023176,1.5444398124,0.0137151943444,7685.63495638,5.0,
61.4461177697,0.995801231809,0.013356060144,0.729360072071,0.208805071281,2.21749792544,1.50806670141,0.013356060144,7316.85938542,5.0,
53.6539291298,0.996087703183,0.0132403026046,0.724164079048,0.210656578881,2.22913136,1.47914017718,0.0132403026046,6856.74190071,5.0,
60.9081969776,0.995825975404,0.0147893083645,0.729392806255,0.208139959303,2.17033326214,1.51491922876,0.0147893083645,7295.73408833,5.0,
56.0319020323,0.99604921176,0.0142532509305,0.723539980559,0.205787783442,2.2143093925,1.49916623241,0.0142532509305,7090.58274893,5.0,
63.4594893174,0.995692615142,0.010980035144,0.713044086573,0.221213646216,2.25506082701,1.52815007817,0.010980035144,7365.95957586,5.0,
59.3781969776,0.995918220207,0.0122885481055,0.712556979471,0.223900615063,2.2169244852,1.46604481501,0.0122885481055,7273.20496385,5.0,
55.2571860344,0.996237280221,0.0108635633191,0.720895481932,0.21935685621,2.27197836782,1.40550286608,0.0108635633191,7342.40661234,5.0,
57.5686242835,0.995937561581,0.0116871938849,0.716107059253,0.218489126807,2.23056857752,1.50605002606,0.0116871938849,7085.15713521,5.0,
68.7773736321,0.9953930999,0.0122453045584,0.712693814916,0.222196604486,2.22228776033,1.58087545597,0.0122453045584,7464.27044534,5.0,
59.6105002606,0.995953788285,0.0136905390569,0.724559968198,0.215728490155,2.16428980353,1.44093277749,0.0136905390569,7365.84050078,5.0,
57.3759666493,0.996048885291,0.0113701368151,0.716808613205,0.219860250646,2.24984867277,1.45230849401,0.0113701368151,7260.36089591,5.0,
55.7461646691,0.996165108568,0.0120284865885,0.723649960273,0.218166041421,2.2172214232,1.41583637311,0.0120284865885,7267.89019842,5.0,
58.1304689943,0.996167453239,0.0112007718542,0.700238460899,0.226345823214,2.29810174646,1.51219906201,0.0112007718542,7583.52609918,5.0,
54.7570713914,0.99625377557,0.013318317497,0.717887948423,0.212405778441,2.24046477662,1.48359562272,0.013318317497,7308.05977904,5.0,
65.0365763418,0.995614017131,0.0129035032957,0.72133401036,0.216795002024,2.22180032949,1.5370766024,0.0129035032957,7413.95251654,5.0,
61.9969150599,0.995822238832,0.0121095592442,0.721625254926,0.213546183611,2.20639075247,1.52471078687,0.0121095592442,7419.36470319,5.0,
66.6400468994,0.995750613083,0.0142704344069,0.73984889982,0.206044659062,2.15239724513,1.48712350182,0.0142704344069,7840.94435538,5.0,
63.9741844711,0.995887872366,0.0154798637687,0.739562532416,0.208627043461,2.11917911708,1.41790515894,0.0154798637687,7778.58609611,5.0,
62.0434288692,0.995682653825,0.0145808348592,0.728022504807,0.20745502411,2.19263889022,1.55447628973,0.0145808348592,7185.32556886,5.0,
64.9567222512,0.995404706306,0.0121023211292,0.674818430476,0.212184461901,2.42589923506,1.82254820219,0.0121023211292,7067.26863466,6.0,
61.9306930693,0.995942272235,0.0115594552813,0.720021767737,0.220366147057,2.23329268571,1.47254820219,0.0115594552813,7630.7792932,6.0,
76.9035487233,0.995044399713,0.0127412464315,0.724804835096,0.216743582606,2.21566635891,1.6103960396,0.0127412464315,7758.82744285,6.0,
62.2887128713,0.995954991883,0.0127329087013,0.7227718864,0.217224117382,2.22161741125,1.50306409588,0.0127329087013,7698.97703713,6.0,
69.2639864513,0.995414008797,0.0144267592037,0.720276676014,0.210232112104,2.21043437774,1.64801980198,0.0144267592037,7551.32973203,6.0,
59.849775925,0.99605587457,0.0122153589852,0.719544561253,0.217807973617,2.23874422293,1.50168837936,0.0122153589852,7586.72894762,6.0,
74.380766024,0.995171396499,0.0141555460996,0.72169343053,0.214825035495,2.18909018049,1.63346013549,0.0141555460996,7701.77108349,6.0,
64.68527358,0.99595242656,0.0131529646895,0.715768680134,0.222091428879,2.19555931492,1.47707139135,0.0131529646895,7990.35603194,6.0,
67.1839187077,0.995604190742,0.0144936027401,0.72925211598,0.210858188319,2.1614604951,1.53159979156,0.0144936027401,7641.55142586,6.0,
74.1259614382,0.995233326766,0.0139405093901,0.727641728528,0.207270958384,2.20850528317,1.69833246483,0.0139405093901,7775.11153056,6.0,
57.1869515373,0.996232574686,0.014898253308,0.745038413825,0.205381077525,2.14687662475,1.38819176655,0.014898253308,7589.31305177,6.0,
61.046920271,0.995996172276,0.0128074156545,0.727139144698,0.212519701359,2.21922550152,1.48127149557,0.0128074156545,7623.35823392,6.0,
62.3149765503,0.995793895598,0.0133966472789,0.732820635266,0.2078992091,2.2047385356,1.49204794164,0.0133966472789,7407.42252964,6.0,
65.4423762376,0.995683660091,0.0150272583129,0.7489874086,0.204503988428,2.12727453702,1.41892652423,0.0150272583129,7580.50755437,6.0,
56.1406149036,0.9964740133,0.0142482239941,0.738767383267,0.212871322272,2.14026581598,1.31115164148,0.0142482239941,7960.67308882,6.0,
65.966154247,0.995657159782,0.013057767407,0.724248609514,0.213970215198,2.21709490255,1.53695153726,0.013057767407,7594.46489908,6.0,
74.9032569046,0.994993721246,0.0128119795979,0.723023267831,0.209299603621,2.23589407994,1.74228764982,0.0128119795979,7480.66683999,6.0,
73.6088692027,0.995266666877,0.0118918819267,0.719534441764,0.215691306483,2.24194708535,1.64672225117,0.0118918819267,7775.28920102,6.0,
71.4006044815,0.995395870509,0.0130162853514,0.71801414603,0.217930270475,2.21730933392,1.61152683689,0.0130162853514,7753.679022,6.0,
53.931208963,0.996298100333,0.0134731590325,0.733732610755,0.206914815773,2.21632706411,1.4463626889,0.0134731590325,7283.99775002,6.0,
79.5984940073,0.994857097046,0.0142146681616,0.725672148649,0.209856820091,2.18620881451,1.71096925482,0.0142146681616,7738.49115337,6.0,
80.5140177176,0.994852028046,0.0121918797815,0.720797732138,0.215890563557,2.22531336308,1.73134966128,0.0121918797815,7819.73394688,6.0,
53.0596925482,0.996464788402,0.0129067760181,0.731840703081,0.208026618207,2.21889445456,1.40180823345,0.0129067760181,7504.26309787,6.0,
64.7632725378,0.995689318873,0.0147527079117,0.735467167871,0.207939735571,2.1539198719,1.49311099531,0.0147527079117,7511.85153189,6.0,
76.6489838458,0.995153263272,0.0144540814395,0.721225820535,0.211131740195,2.18967273845,1.69900990099,0.0144540814395,7906.96363527,6.0,
58.9904116727,0.996153644988,0.0144310691934,0.726864829617,0.213278764517,2.1699759414,1.41134966128,0.0144310691934,7668.02614287,6.0,
67.5209692548,0.995661754198,0.0144705295581,0.728803067715,0.21169880559,2.17535111608,1.51662324127,0.0144705295581,7781.80973923,6.0,
60.3405263158,0.996161717618,0.0143734335969,0.71993989488,0.217877872154,2.17843101697,1.4698019802,0.0143734335969,7860.09078793,6.0,
72.9941896821,0.995272928448,0.0135814773469,0.716373358045,0.215064263603,2.24335872969,1.65462741011,0.0135814773469,7720.606958,6.0,
68.1627357999,0.995502838373,0.0135429037564,0.727278010786,0.211262683379,2.20996485442,1.56882230328,0.0135429037564,7578.01035884,6.0,
61.6004064617,0.996016760518,0.0133065785468,0.729424053562,0.212137472882,2.20069350618,1.45139134966,0.0133065785468,7732.22174849,6.0,
66.1341010943,0.995890510989,0.0135699375516,0.732682201503,0.21131341216,2.17278145792,1.54572173007,0.0135699375516,8046.36184341,6.0,
64.6801511204,0.99597833447,0.0139765941691,0.732009048939,0.219918455807,2.12465524208,1.40017196456,0.0139765941691,8041.30346088,6.0,
54.2682595102,0.996548666412,0.0129601919968,0.727299738866,0.214941962622,2.21592799078,1.36974986972,0.0129601919968,7861.71548157,6.0,
54.630552371,0.996347052681,0.0150375228,0.734709581745,0.209390011327,2.13102211499,1.40857217301,0.0150375228,7477.401452,6.0,
59.9958051068,0.996076329402,0.015991714679,0.738609509725,0.208561373163,2.14472787492,1.41797290255,0.015991714679,7645.17391999,6.0,
69.2690515894,0.995618976238,0.0140146754392,0.727065376592,0.212957480108,2.18312751505,1.57143824909,0.0140146754392,7905.36394062,6.0,
58.4940594059,0.996131578592,0.0129282409171,0.729521229791,0.215522775537,2.20797871291,1.42422094841,0.0129282409171,7560.04264304,6.0,
66.6046013549,0.995659494444,0.0127966404358,0.720887995006,0.220722702754,2.21173209286,1.49401250651,0.0127966404358,7671.86539881,6.0,
67.0151068265,0.995578490637,0.0133162863562,0.718805094676,0.213288145681,2.23881988809,1.65058363731,0.0133162863562,7577.63570121,6.0,
64.6657373632,0.995619196846,0.0141273273681,0.71680540792,0.211225412161,2.23106829157,1.61430432517,0.0141273273681,7380.0458727,6.0,
70.0628139656,0.995508745199,0.0138158301247,0.727212859474,0.210082043991,2.18238081955,1.61760291819,0.0138158301247,7799.36008869,6.0,
72.0219020323,0.9952241811,0.0133934270743,0.724098355944,0.215519193417,2.21276964589,1.586373111,0.0133934270743,7539.75797412,6.0,
71.0244606566,0.995348120445,0.0141177570175,0.729120794743,0.213536729785,2.18389737259,1.58144867118,0.0141177570175,7633.36422504,6.0,
60.769447629,0.996047604335,0.0133388895391,0.729252879148,0.210538758429,2.19969208155,1.46631057843,0.0133388895391,7687.09419602,6.0,
64.1107972903,0.995881844251,0.0133678866962,0.725507935661,0.215451332559,2.21313815233,1.5353621678,0.0133678866962,7783.44101491,6.0,
48.0830536738,0.996768196676,0.0141946423155,0.732094178462,0.208826366215,2.19378730781,1.34294945284,0.0141946423155,7438.57442517,6.0,
63.7879624805,0.995819105856,0.0145481125228,0.73155038811,0.209558505793,2.18949129926,1.48093798854,0.0145481125228,7628.11992587,6.0,
53.6597342366,0.996627969256,0.0132924470226,0.723268371227,0.219511460151,2.19642321397,1.32987493486,0.0132924470226,7956.32043559,6.0,
65.9137623762,0.995625226594,0.0142265026431,0.724966208663,0.210322191301,2.21041708009,1.57456487754,0.0142265026431,7533.13198874,6.0,
55.8683637311,0.996310020359,0.0150676175086,0.730409441779,0.204656775093,2.16834852453,1.44902032308,0.0150676175086,7569.35660458,7.0,
64.3317144346,0.995861004707,0.0123213604337,0.734035576753,0.207485141756,2.20052967807,1.51417404898,0.0123213604337,7770.47433978,7.0,
69.5947681084,0.995381584403,0.012216843387,0.735740345373,0.207338827114,2.19136421893,1.58290776446,0.012216843387,7533.63280721,7.0,
84.1664304325,0.994432614908,0.0122036490366,0.716753619408,0.212337317945,2.23490656887,1.80001042209,0.0122036490366,7558.06495601,7.0,
69.4837519541,0.995430876844,0.0133622704417,0.733989918141,0.205391646945,2.19347610189,1.59628973424,0.0133622704417,7602.89598283,7.0,
62.8080406462,0.995849502194,0.0127109577818,0.730571726251,0.205867517384,2.2211578302,1.52623762376,0.0127109577818,7565.61935163,7.0,
69.3125482022,0.995476296234,0.0130796763991,0.729303094923,0.212346520073,2.18351423951,1.53906201146,0.0130796763991,7660.23787306,7.0,
70.8271704013,0.995412768996,0.0105813058358,0.70347257841,0.223830260611,2.26114210834,1.64575299635,0.0105813058358,7719.24013031,7.0,
63.4761073476,0.9958641643,0.0134899926437,0.73738608173,0.211743543749,2.17175211039,1.42032829599,0.0134899926437,7673.15217525,7.0,
62.6196195935,0.995902947466,0.0125757246655,0.736423570909,0.213083922885,2.15782409249,1.42370505472,0.0125757246655,7641.29242112,7.0,
59.6442365816,0.996185925006,0.0122941081492,0.731152620372,0.212777744182,2.21753310135,1.44645648775,0.0122941081492,7818.19707147,7.0,
51.4952631579,0.99656814193,0.0136122044414,0.746762279116,0.207782117863,2.15982173915,1.28105784263,0.0136122044414,7501.84449211,7.0,
71.4436842105,0.995374768635,0.0100490008991,0.714352339249,0.226633803189,2.25962594025,1.57406461699,0.0100490008991,7722.52881784,7.0,
60.581646691,0.995997011437,0.0116199794111,0.731252184665,0.21431109876,2.21328752946,1.45186034393,0.0116199794111,7566.30246662,7.0,
66.7218186556,0.995624384511,0.0109908929682,0.718412343903,0.222009264503,2.22450735832,1.53503387181,0.0109908929682,7623.60012596,7.0,
68.3294319958,0.995554888471,0.0127371809455,0.721851139006,0.21443307432,2.23130061959,1.56331422616,0.0127371809455,7685.15313075,7.0,
57.3230484627,0.996155845821,0.0124515599877,0.727863085123,0.213614408825,2.21376277166,1.4245388223,0.0124515599877,7455.15725344,7.0,
66.0573527879,0.995663908568,0.0102242418795,0.710722948834,0.223216072707,2.26607970781,1.58411672746,0.0102242418795,7616.38437405,7.0,
58.2475508077,0.996127462709,0.0106870677227,0.718168746845,0.218550326055,2.26620455227,1.47998436686,0.0106870677227,7519.81177294,7.0,
67.1224856696,0.995621982728,0.0127075682928,0.722860032625,0.214346542951,2.21340030694,1.59698280354,0.0127075682928,7665.08683658,7.0,
73.5363626889,0.995102842333,0.0116905522,0.715347381863,0.218328040458,2.24619963938,1.67480979677,0.0116905522,7507.35779819,7.0,
65.9479624805,0.995646852177,0.0117031893837,0.720188089957,0.217566738766,2.21645953536,1.53024491923,0.0117031893837,7574.07174255,7.0,
65.8569098489,0.995686024066,0.0123337566438,0.724431286327,0.22035904313,2.20515040621,1.47436685774,0.0123337566438,7632.31257646,7.0,
59.2735226681,0.995935532053,0.0120778314874,0.725855692135,0.21108925039,2.24115124876,1.51575299635,0.0120778314874,7291.02129712,7.0,
56.5139291298,0.99628064067,0.0120836353831,0.733000695584,0.216920805526,2.1806543089,1.36165190203,0.0120836353831,7596.61943077,7.0,
54.5916831683,0.996253153905,0.0111995787714,0.718500742134,0.218698442303,2.23411763301,1.4367587285,0.0111995787714,7284.31355257,7.0,
63.8099478895,0.995821498943,0.0122101769937,0.726440902977,0.219091705232,2.20066638152,1.46483064096,0.0122101769937,7634.81670241,7.0,
67.7552944242,0.995381490714,0.0135419320413,0.724568521433,0.213657653382,2.19073891349,1.58044293903,0.0135419320413,7334.52987637,7.0,
75.2384106305,0.995021629536,0.0102373656268,0.709630465177,0.221151472367,2.29298121429,1.7340333507,0.0102373656268,7555.85874077,7.0,
67.0799062011,0.995493492091,0.0140738985179,0.718808332337,0.210805467316,2.18402786146,1.65573736321,0.0140738985179,7441.899128,7.0,
61.0624231371,0.995866986395,0.0106353046155,0.717751290202,0.218116835455,2.27269858194,1.52152683689,0.0106353046155,7386.5157211,7.0,
56.619671704,0.996100923983,0.0132432975856,0.728346764756,0.213760392737,2.19241315058,1.45259510162,0.0132432975856,7260.02767781,7.0,
65.4575716519,0.995664601715,0.0107737698303,0.698170284114,0.227017890607,2.25621456565,1.66265763418,0.0107737698303,7548.59116984,7.0,
72.5374101094,0.995447763498,0.0118107264483,0.710612116373,0.221525982074,2.24139921406,1.64290255341,0.0118107264483,7966.72409806,7.0,
61.2098593017,0.995943888411,0.0147426950972,0.729372891305,0.206629988215,2.17041035096,1.4913079729,0.0147426950972,7544.90582133,7.0,
65.5468890047,0.995775525894,0.0126028226552,0.72735985483,0.215154275526,2.18831547259,1.47947889526,0.0126028226552,7757.37749346,7.0,
62.8986034393,0.995825932374,0.0117480185121,0.716011061188,0.218538391835,2.24209672366,1.52852527358,0.0117480185121,7533.92439837,7.0,
68.5034236582,0.995406011239,0.012765280032,0.71640148457,0.215996269979,2.20718626099,1.61149035956,0.012765280032,7455.18108447,7.0,
73.7678634706,0.99517709013,0.0113168404271,0.702250330208,0.220731602551,2.26667572843,1.71215737363,0.0113168404271,7647.12162118,7.0,
49.645049505,0.996639090465,0.0112930849482,0.71751974278,0.219887685527,2.24666969386,1.39314747264,0.0112930849482,7385.02178372,7.0,
68.7155549766,0.995465255543,0.0121364110466,0.730261289335,0.210429003696,2.2232715853,1.56734236582,0.0121364110466,7575.8213913,7.0,
55.9492808755,0.996340506631,0.0124380315221,0.733085421652,0.213905187839,2.19394008311,1.37634705576,0.0124380315221,7643.45511225,7.0,
62.7383897863,0.9957962078,0.0110844873445,0.729096572914,0.212579864365,2.23831790444,1.5071756123,0.0110844873445,7461.31032998,7.0,
69.0285148515,0.995435990775,0.0117133700161,0.724136056056,0.216230815303,2.23439015821,1.57281917665,0.0117133700161,7561.48947869,7.0,
62.4700156331,0.995513431689,0.0101975018472,0.714731048333,0.212005393825,2.30949269685,1.64530484627,0.0101975018472,6960.93845856,7.0,
64.3834236582,0.99574389561,0.0119098749484,0.737148446753,0.209571107567,2.22461816537,1.46994788953,0.0119098749484,7562.86297941,7.0,
63.2294997394,0.99572261188,0.0133103466311,0.737176752733,0.210415872013,2.18127214112,1.48337154768,0.0133103466311,7390.36193808,7.0,
75.0256435644,0.994947691887,0.0129748261604,0.734521263453,0.206368957854,2.19518743908,1.63671182908,0.0129748261604,7424.44347006,7.0,
63.5285617509,0.995778285673,0.012630852605,0.73783140427,0.210084781431,2.17965483829,1.48216258468,0.012630852605,7523.41086281,7.0,
67.3191818656,0.995673453574,0.0120393217655,0.72582932911,0.217364441637,2.19911054155,1.49766023971,0.0120393217655,7779.43842472,7.0,
