1099.942182,0.925777268805,0.00437120098197,0.42805500669,0.208283789992,2.54739368799,9.30065359477,0.00437120098197,7397.18539303,1.0,
1142.24434389,0.92433556484,0.00491719034883,0.442727917736,0.204199024615,2.49791385685,9.25490196078,0.00491719034883,7536.33876264,1.0,
1119.88939165,0.928286640039,0.00419729325771,0.428202415666,0.194771866915,2.56052008554,9.15736551031,0.00419729325771,7795.66502491,1.0,
1029.39467069,0.932059023265,0.00495055636569,0.435987584885,0.199259507805,2.51771125565,8.57415786828,0.00495055636569,7564.83815586,1.0,
1126.22473605,0.926741968304,0.00445057165845,0.436955132787,0.200286003246,2.54658024338,9.07943690297,0.00445057165845,7672.70970839,1.0,
1189.01106083,0.921954198867,0.00519675712649,0.445504761701,0.207076740712,2.4864101768,9.37104072398,0.00519675712649,7605.71878015,1.0,
1130.96430367,0.925024122019,0.00491365152886,0.445538054928,0.202389623832,2.51186151439,9.10608345902,0.00491365152886,7529.36125235,1.0,
1122.40623429,0.927004012537,0.00482164220963,0.458460505625,0.207904741662,2.50230892352,8.94419306184,0.00482164220963,7675.68782072,1.0,
1181.43237808,0.924323088389,0.00558552177752,0.448087613235,0.196455957167,2.52447958533,9.41427853193,0.00558552177752,7795.58743584,1.0,
1089.40271493,0.92650984064,0.0062134095494,0.441761608461,0.20785672401,2.45910715214,9.12518853695,0.0062134095494,7403.01300744,1.0,
1103.32478632,0.927466685275,0.00570331392796,0.430284923502,0.208359465151,2.49197802576,9.30869783811,0.00570331392796,7596.20342357,1.0,
1029.10005028,0.93385645489,0.00546469635282,0.427699879424,0.211249379402,2.51538398496,8.71794871795,0.00546469635282,7769.19054675,1.0,
894.123177476,0.938609866373,0.00590401557485,0.451046371572,0.200346516546,2.47763720416,8.00955253896,0.00590401557485,7273.73427462,1.0,
1019.93665158,0.93117773462,0.00608398984763,0.442394552554,0.210323071982,2.48536776082,8.930115636,0.00608398984763,7401.1089264,1.0,
1110.52941176,0.926641279075,0.00569471965089,0.434485322976,0.201960515556,2.51261721623,9.26847662142,0.00569471965089,7561.66829636,1.0,
1138.26043238,0.92636439892,0.00623211474068,0.433271601083,0.202569598105,2.50127081301,9.48014077426,0.00623211474068,7720.70308315,1.0,
1122.91503268,0.927650272277,0.00554507812071,0.436405335852,0.213538427338,2.51010771249,9.42182001006,0.00554507812071,7750.97777621,1.0,
1125.71040724,0.929653628953,0.00593839268314,0.441195097704,0.203201471231,2.50469627309,9.07893413776,0.00593839268314,7992.6475995,1.0,
1048.1040724,0.932240263337,0.00518664621229,0.440187002578,0.21512134726,2.52001072957,8.90950226244,0.00518664621229,7723.93961566,1.0,
995.192559075,0.93585017687,0.00557541086332,0.438283081505,0.216371760397,2.48675920091,8.56711915535,0.00557541086332,7747.18636816,1.0,
961.775766717,0.937978130268,0.00612190577589,0.454289017504,0.204556644135,2.47293145072,8.22021116139,0.00612190577589,7744.11182873,1.0,
1074.89693313,0.930318486798,0.00618964890103,0.461918506488,0.211995847938,2.45811939677,8.74610356963,0.00618964890103,7703.80881677,1.0,
1013.95776772,0.93722819686,0.00602079663387,0.436967213642,0.208866459715,2.49335159911,8.56812468577,0.00602079663387,8068.2823857,1.0,
1172.90950226,0.922158441319,0.00562647098003,0.433999223674,0.20839538092,2.48415113491,9.35595776772,0.00562647098003,7524.11690448,1.0,
1053.37154349,0.932272257346,0.00620734300088,0.443969146329,0.199437622019,2.48608808285,8.79034690799,0.00620734300088,7767.57234068,1.0,
1169.70638512,0.925075033277,0.00534083765385,0.435059108841,0.208357459994,2.50539528113,9.53544494721,0.00534083765385,7795.42779859,1.0,
1103.45198592,0.929532455449,0.00579431215577,0.45001046914,0.213274563753,2.48691793884,8.91402714932,0.00579431215577,7819.29020978,1.0,
1102.4595274,0.926039181069,0.00538229240208,0.444090347704,0.20465042222,2.51861599021,9.13524384113,0.00538229240208,7443.62856824,1.0,
1025.08848668,0.930360935613,0.00537420367072,0.423711664656,0.194682344834,2.55270086829,9.2151835093,0.00537420367072,7350.79249402,1.0,
1099.9768728,0.929536526723,0.00667699496552,0.455909022234,0.204412762422,2.46229581342,9.12016088487,0.00667699496552,7796.58436104,1.0,
1135.83157366,0.923432682922,0.00564264844275,0.443033979897,0.203636849659,2.51255101418,9.47863247863,0.00564264844275,7408.19883625,1.0,
1126.08597285,0.9237944199,0.00574577976761,0.453685275866,0.208259317958,2.47742435201,9.31674208145,0.00574577976761,7378.92546367,1.0,
1219.88939165,0.921393390684,0.00569421410518,0.450863698419,0.203495972982,2.4901168516,9.65309200603,0.00569421410518,7749.5735229,1.0,
1073.5967823,0.928149288598,0.00556479440341,0.437363870755,0.208891529526,2.52165214458,9.09703368527,0.00556479440341,7462.14150654,1.0,
1111.07742584,0.926281438273,0.00674979354777,0.453891758967,0.212580830144,2.42956266773,9.08044243338,0.00674979354777,7527.26524903,1.0,
1113.01759678,0.926152266541,0.00631097987144,0.454791184675,0.209975040023,2.47243856482,8.99949723479,0.00631097987144,7527.13207255,1.0,
1204.32679739,0.924632628511,0.00534892638521,0.432237765589,0.202852854202,2.52419234002,9.7848164907,0.00534892638521,7980.31281172,1.0,
1115.54801408,0.925256599748,0.00533376001391,0.42820064674,0.206197094755,2.53486708372,9.6334841629,0.00533376001391,7452.47142548,1.0,
960.046254399,0.937705869705,0.00584688890962,0.428416686186,0.207987930337,2.53237447832,8.42332830568,0.00584688890962,7697.53881643,1.0,
1160.85168426,0.922633303615,0.00579633433861,0.434706304629,0.203195513607,2.50850240403,9.65409753645,0.00579633433861,7493.1084441,1.0,
1075.00653595,0.930928671827,0.00600006925976,0.431059475967,0.204469076027,2.47952274883,9.06485671192,0.00600006925976,7772.48288791,1.0,
1275.69582705,0.916882442693,0.00533881547101,0.435305797299,0.207508875989,2.49386422169,10.1101055807,0.00533881547101,7663.75178218,1.0,
1062.02413273,0.930655871312,0.00535145411376,0.441232297989,0.211792008568,2.50950812779,9.04474610357,0.00535145411376,7649.61833953,1.0,
972.721468074,0.93511725475,0.00551676756095,0.430775274213,0.205468361854,2.51076760335,8.7677224736,0.00551676756095,7487.91320646,1.0,
1050.96732026,0.928569985193,0.00619622099526,0.451031563723,0.202969007348,2.46567282382,8.90296631473,0.00619622099526,7348.78675981,1.0,
1072.06385118,0.925558258289,0.00549149027545,0.434747294498,0.207875391515,2.51704670654,9.17395676219,0.00549149027545,7191.89543754,1.0,
1161.70839618,0.922426137402,0.00574173540193,0.431560103067,0.20905727331,2.51624257707,9.45098039216,0.00574173540193,7480.10724596,1.0,
1153.62091503,0.925206208252,0.00561029351731,0.44016667853,0.208191985016,2.51074464939,9.39969834087,0.00561029351731,7703.3830396,1.0,
1120.56158874,0.926879523749,0.00553193393225,0.440952523038,0.208640481661,2.50065055087,9.27953745601,0.00553193393225,7653.957559,1.0,
1097.2760181,0.929925948826,0.00574426313048,0.451560597664,0.20436817142,2.47645833141,8.91804927099,0.00574426313048,7819.26283625,1.0,
1324.06988436,0.917469614698,0.00532162691687,0.446328492367,0.208453995317,2.51755429184,10.1442936149,0.00532162691687,8012.3996931,2.0,
1106.9653092,0.929768913768,0.00513457500415,0.446525221678,0.204796775737,2.52161698402,8.86576168929,0.00513457500415,7869.51598498,2.0,
1101.11463047,0.927050348323,0.0059464814145,0.455619430944,0.205921154883,2.45945497337,9.21417797888,0.0059464814145,7537.46467518,2.0,
1129.52136752,0.928396252992,0.00543537470163,0.452334701209,0.19956978592,2.52045674189,9.2850678733,0.00543537470163,7877.52726067,2.0,
1171.38210156,0.926344471907,0.00534993747663,0.453414753276,0.218567937225,2.48698911306,9.08044243338,0.00534993747663,7941.03413628,2.0,
1220.83760684,0.921107082223,0.00547682944986,0.438074958807,0.196641491342,2.52345398639,9.93363499246,0.00547682944986,7727.63751538,2.0,
1027.1040724,0.933500176438,0.00519877930933,0.446979697086,0.20488464879,2.53247046817,8.83459024635,0.00519877930933,7712.63901761,2.0,
1214.80995475,0.922189158006,0.00520585694927,0.450612606755,0.20564632701,2.49536829249,9.59728506787,0.00520585694927,7794.63646492,2.0,
1142.51181498,0.928279983505,0.00418364352354,0.428268356199,0.204205278528,2.58176154673,9.37053795877,0.00418364352354,7952.86354411,2.0,
1261.74459527,0.918409769531,0.00420588753478,0.435831785401,0.200342431037,2.57759882664,10.1568627451,0.00420588753478,7720.08781632,2.0,
1120.25490196,0.926572119774,0.00543486915592,0.442978303884,0.203202013412,2.507874116,9.49572649573,0.00543486915592,7618.11134853,2.0,
1113.08697838,0.927084238689,0.00513356391273,0.440801887907,0.205145279301,2.52427833425,9.2730015083,0.00513356391273,7623.16737228,2.0,
1078.37053796,0.928791047417,0.00620885963801,0.456048080018,0.204081718787,2.47151290718,8.92156862745,0.00620885963801,7562.23726328,2.0,
1174.84012066,0.92241347675,0.00606073474497,0.444852535902,0.207107570768,2.49751838397,9.55605832076,0.00606073474497,7560.4084537,2.0,
1105.31975867,0.930787646797,0.00545610207575,0.441843804651,0.211751986837,2.51064865676,9.13172448467,0.00545610207575,7974.34714263,2.0,
1278.29713424,0.918566134407,0.00542678042456,0.438846522585,0.200733679743,2.49724004595,9.71694318753,0.00542678042456,7838.56012499,2.0,
1179.28355958,0.92464814358,0.00550210673536,0.452905099491,0.210909858827,2.48880670552,9.43438914027,0.00550210673536,7814.52692075,2.0,
1176.86978381,0.924600242677,0.00594395368595,0.443754759056,0.212849793708,2.47094393935,9.32126696833,0.00594395368595,7792.94890348,2.0,
1224.84565108,0.923278757714,0.00524579506036,0.44459453547,0.209558252808,2.50002597646,9.71644042232,0.00524579506036,7971.67305221,2.0,
1045.16490699,0.931301479646,0.00597529751997,0.439553052095,0.202886415717,2.47451684649,8.95776772247,0.00597529751997,7596.45459132,2.0,
1139.31473102,0.922208305213,0.00482821430386,0.438775315005,0.198287221366,2.55087352883,9.84162895928,0.00482821430386,7311.68103661,2.0,
1140.70588235,0.926205135822,0.00479535383271,0.432399080716,0.202175022502,2.56206823135,9.36249371543,0.00479535383271,7716.09912285,2.0,
1034.72649573,0.932384017876,0.00566539799971,0.452434474478,0.208401392429,2.49755941888,8.80593262946,0.00566539799971,7640.21118926,2.0,
1187.80442433,0.925590801531,0.00583880017826,0.442351976397,0.212832065598,2.44831419409,9.37506284565,0.00583880017826,7969.29172294,2.0,
1142.33534439,0.926131847142,0.00569219192234,0.432698596264,0.209025941891,2.4855548003,9.43539467069,0.00569219192234,7720.91825004,2.0,
1266.36349925,0.919293167377,0.00507390951895,0.439782385864,0.201826145483,2.5357110545,10.1885369532,0.00507390951895,7834.00308541,2.0,
1234.94821518,0.92031857864,0.00519524048936,0.43392936369,0.203563946581,2.54002608246,9.81297134238,0.00519524048936,7738.66571725,2.0,
1135.78582202,0.9262214679,0.00532668237397,0.434764747329,0.20750096304,2.51782779622,9.33031674208,0.00532668237397,7686.800064,2.0,
1140.6199095,0.923617978438,0.00469222250786,0.440381737242,0.199627414891,2.55032919797,9.82352941176,0.00469222250786,7455.49568384,2.0,
1080.04424334,0.926721195418,0.00420993190047,0.439431028652,0.202894719863,2.55835368584,8.9130216189,0.00420993190047,7358.24268772,2.0,
1173.12166918,0.923378449427,0.00424835337443,0.438727981596,0.201301975456,2.56442503548,9.29763700352,0.00424835337443,7641.43104578,2.0,
1111.66314731,0.927575989176,0.00392581521142,0.413550581117,0.196090679277,2.59932664137,9.39366515837,0.00392581521142,7661.82081135,2.0,
1124.6546003,0.924834734648,0.00548289599838,0.439986210929,0.197742084822,2.50288978892,9.29914529915,0.00548289599838,7469.18339833,2.0,
1110.86928105,0.927379868197,0.00407849001585,0.424726053152,0.205223187933,2.57321126973,9.29562594268,0.00407849001585,7636.06707688,2.0,
1129.25540473,0.926004591014,0.00466896740519,0.424512585757,0.205247876096,2.54102127997,9.44544997486,0.00466896740519,7619.03923976,2.0,
943.852689794,0.935906957887,0.00528674426288,0.44768908719,0.211889633384,2.49012385953,8.3142282554,0.00528674426288,7351.18027337,2.0,
1284.09401709,0.913833892273,0.00458504681732,0.425146949576,0.198864039969,2.54148759213,10.6380090498,0.00458504681732,7438.57813506,2.0,
1100.16138763,0.925746833245,0.0050567209648,0.433486905618,0.204579529384,2.48725917634,9.21820010055,0.0050567209648,7395.65784319,2.0,
1169.239819,0.924046191178,0.00490151843182,0.436363967386,0.204321831209,2.51112123898,9.50125691302,0.00490151843182,7682.75031906,2.0,
1167.4725993,0.922716807527,0.0049910000225,0.441922552967,0.201539438281,2.51675090286,9.49572649573,0.0049910000225,7539.16846331,2.0,
1041.79084967,0.929017815949,0.00511485872146,0.433557772005,0.197241079905,2.52153673141,9.10507792861,0.00511485872146,7325.45835479,2.0,
1121.3207642,0.926931722541,0.00449960959233,0.422930121961,0.204347874588,2.55875705043,9.57013574661,0.00449960959233,7659.75776177,2.0,
1050.15686275,0.928823338257,0.00522355104912,0.443157558094,0.201233536626,2.53176733289,9.02664655606,0.00522355104912,7364.9700995,2.0,
1064.89441931,0.927186998174,0.00492780680874,0.429937087518,0.201700010485,2.53389887099,9.19507290096,0.00492780680874,7300.07451396,2.0,
1167.11764706,0.920634654911,0.00557288313477,0.436500866779,0.211469865733,2.48329485179,9.45449974862,0.00557288313477,7338.81928491,2.0,
1053.95676219,0.930925218087,0.00472508297901,0.433051480714,0.196488800992,2.53928160287,8.99547511312,0.00472508297901,7615.01815718,2.0,
1214.42584213,0.923605579983,0.00542930815311,0.434473384538,0.201892884431,2.51593643946,9.52187028658,0.00542930815311,7936.50415603,2.0,
1083.47963801,0.927097469817,0.0052928108114,0.443727092239,0.20930386906,2.49653688565,9.1568627451,0.0052928108114,7416.24857537,2.0,
989.221216692,0.935050179773,0.005016277308,0.439735714429,0.201517227711,2.5334555803,8.46807440925,0.005016277308,7602.27960476,2.0,
1020.58924082,0.931978634162,0.00488129660342,0.444446113791,0.198926310601,2.53076923371,8.66163901458,0.00488129660342,7488.9488734,2.0,
1305.33785822,0.919939575609,0.00494044545149,0.445314543457,0.2148014384,2.5051503957,10.0447461036,0.00494044545149,8145.1689456,3.0,
1187.57667169,0.923989441631,0.00525034497175,0.44306093343,0.211941107422,2.47759921884,9.66918049271,0.00525034497175,7801.8417647,3.0,
1082.39567622,0.93071004953,0.00516591883818,0.449039222497,0.20393589496,2.49631132814,9.05630970337,0.00516591883818,7802.9817764,3.0,
1234.10608346,0.920139615411,0.00523517860045,0.452642818567,0.204335520963,2.47718524425,9.74610356963,0.00523517860045,7718.67298251,3.0,
1194.9783811,0.924844831834,0.00490910161747,0.444857424859,0.211483078648,2.49871576507,9.6339869281,0.00490910161747,7941.36241182,3.0,
1188.20361991,0.924698013042,0.00527006125445,0.458169462652,0.220744766597,2.46152486436,9.3197586727,0.00527006125445,7880.97612794,3.0,
1117.16339869,0.929436566974,0.00560119369453,0.461405520285,0.220367056853,2.4453128536,8.66666666667,0.00560119369453,7908.7601901,3.0,
1217.76671694,0.923166834691,0.0050364991364,0.448842320373,0.209702008001,2.48352256725,9.40070387129,0.0050364991364,7917.61413668,3.0,
1188.52840623,0.925552697671,0.00574780195045,0.460417487811,0.212952274236,2.41964289837,9.2383107089,0.00574780195045,7975.54276329,3.0,
1156.8627451,0.928713489413,0.00569724737944,0.451579599949,0.217823653232,2.44108802812,9.23881347411,0.00569724737944,8107.71894591,3.0,
1132.23479135,0.930159868997,0.00522708986909,0.449998316487,0.200335089437,2.49539726329,8.98692810458,0.00522708986909,8099.07746964,3.0,
1239.06334842,0.922263039129,0.00479029837561,0.446127957724,0.211138148743,2.500921387,9.45148315737,0.00479029837561,7960.63811502,3.0,
1157.82755153,0.925872758238,0.00538380903921,0.437575984148,0.217429603914,2.48402839823,9.60231271996,0.00538380903921,7801.87542854,3.0,
1048.55706385,0.93274480664,0.00500919966806,0.443290200413,0.204074510968,2.48652454814,8.98039215686,0.00500919966806,7787.83096346,3.0,
1139.67219708,0.930724545534,0.00634434588831,0.448135403779,0.218830398141,2.42279242285,8.80542986425,0.00634434588831,8218.32118962,3.0,
1146.25037707,0.926557208474,0.00638478954511,0.46039970274,0.208274746715,2.46094278858,9.21065862242,0.00638478954511,7796.71478198,3.0,
1295.85419809,0.918342354646,0.0060824732105,0.452602511652,0.201712444162,2.47688275224,10.055304173,0.0060824732105,7927.18116054,3.0,
988.9884364,0.93698391436,0.00603242418521,0.450791211145,0.207707568398,2.45590177128,8.43941679236,0.00603242418521,7840.1730483,3.0,
1182.173454,0.927038311366,0.00521900113773,0.443212988042,0.210905929643,2.51016791808,9.55605832076,0.00521900113773,8091.92201307,3.0,
1171.01357466,0.926688048201,0.00548036826983,0.44893438097,0.210421521292,2.49221442622,9.43187531423,0.00548036826983,7977.69770161,3.0,
1179.37355455,0.925364631365,0.00553142838654,0.46228902555,0.213226608954,2.48241402122,9.33936651584,0.00553142838654,7891.10738094,3.0,
1107.37757667,0.928088381817,0.00555822230918,0.434895513387,0.20817156039,2.52018407184,9.31020613374,0.00555822230918,7690.13833525,3.0,
1134.14027149,0.925719957403,0.00611533368165,0.466514285961,0.215574143399,2.44858014742,9.03217697335,0.00611533368165,7624.73216978,3.0,
1119.39919558,0.927084694042,0.00633069615414,0.45910313079,0.208034014278,2.45507866764,9.10256410256,0.00633069615414,7667.60432915,3.0,
1118.05379588,0.928124301616,0.00554052820932,0.451864905225,0.212399441577,2.47882672357,9.17194570136,0.00554052820932,7767.94826707,3.0,
1131.82001006,0.927933490456,0.00701571059126,0.475330770175,0.219762912499,2.40183428475,8.90397184515,0.00701571059126,7843.49654775,3.0,
1225.89542484,0.922361811883,0.00599046389127,0.465839912897,0.208317200406,2.43946540481,9.68325791855,0.00599046389127,7885.51314204,3.0,
1159.43841126,0.926020673236,0.00598439734275,0.444186475746,0.210997851768,2.46443439397,9.37908496732,0.00598439734275,7827.88898576,3.0,
1142.65912519,0.926949238598,0.00556479440341,0.460525772475,0.206355510068,2.47828021509,8.98089492207,0.00556479440341,7814.01988773,3.0,
1228.08647562,0.922878317253,0.00598237515991,0.467856481992,0.216669646354,2.4235789607,9.40170940171,0.00598237515991,7954.7566303,3.0,
1069.3438914,0.929515861498,0.00601169681109,0.465366279364,0.211286831536,2.45500022272,8.7556561086,0.00601169681109,7578.75075111,3.0,
1053.96279537,0.932365979731,0.00598540843417,0.455780790607,0.214055523595,2.46868576697,8.78330819507,0.00598540843417,7785.19509439,3.0,
1278.41075918,0.919312194305,0.0047397438046,0.441780447123,0.199461474586,2.53945525689,9.8778280543,0.0047397438046,7914.56229732,3.0,
1147.67823027,0.927216156695,0.00494044545149,0.439125351241,0.205230733718,2.53464705617,9.42383107089,0.00494044545149,7877.0428086,3.0,
1217.33081951,0.921674091245,0.00446017702694,0.42560153428,0.210583901402,2.5622404151,9.83459024635,0.00446017702694,7763.26047516,3.0,
1215.29411765,0.921555978741,0.00641613337914,0.455794161907,0.209157479906,2.44596557868,9.74057315234,0.00641613337914,7739.43904142,3.0,
1138.115636,0.924372974096,0.00549351245829,0.442497273654,0.209978733195,2.50386499873,9.39668174962,0.00549351245829,7516.91966095,3.0,
1202.28808446,0.9234496685,0.00566337581687,0.452977016825,0.204684115816,2.48068572055,9.57315233786,0.00566337581687,7845.12353496,3.0,
1348.10708899,0.916734174633,0.00540908632471,0.444262834598,0.204758889802,2.48694967369,10.1774761187,0.00540908632471,8087.42369514,3.0,
1373.15736551,0.913549381,0.00546975180992,0.440203584486,0.201082996403,2.5250961532,10.881850176,0.00546975180992,7933.99794445,3.0,
1232.16641528,0.918986377798,0.00546772962708,0.435826341334,0.212364064153,2.52203316891,10.1352438411,0.00546772962708,7597.33299721,3.0,
1213.87581699,0.922058820213,0.00584739445533,0.452047452733,0.208943066785,2.47520359605,9.52388134741,0.00584739445533,7778.63329515,3.0,
1060.48617396,0.930499015553,0.00585396654956,0.453045256728,0.206683117844,2.49041560322,8.97184514832,0.00585396654956,7621.16587138,3.0,
1176.79084967,0.921526358301,0.0049859445654,0.434363174711,0.205942464244,2.52671490341,9.98642533937,0.0049859445654,7485.61790204,3.0,
1313.12317748,0.918305480954,0.00487826332916,0.427533145439,0.201000647235,2.54870532998,10.091503268,0.00487826332916,8026.77095974,3.0,
1087.84213172,0.931360744826,0.00556479440341,0.455866984544,0.213839437734,2.46489030698,8.86375062846,0.00556479440341,7915.23289202,3.0,
1231.20915033,0.919625343967,0.00552991174941,0.431075148519,0.199540174559,2.50953039768,10.2398190045,0.00552991174941,7650.87756776,3.0,
1143.42533937,0.928252696306,0.0049409509972,0.434213250449,0.196366843223,2.53060934427,9.3720462544,0.0049409509972,7959.82748562,3.0,
1202.17998994,0.922178199864,0.00476198781584,0.426817407686,0.20086687539,2.56704419495,10.1176470588,0.00476198781584,7714.68881134,3.0,
1064.7833082,0.931883567213,0.00533628774246,0.443098858055,0.198864516472,2.50955481977,8.8195072901,0.00533628774246,7805.0987399,3.0,
1158.51231775,0.923010959622,0.00399810824795,0.411218592004,0.190770511606,2.61240312555,9.76018099548,0.00399810824795,7512.70771401,4.0,
1253.97435897,0.913989415008,0.00432165750239,0.433160387788,0.203710190916,2.56258211484,10.1583710407,0.00432165750239,7277.64635416,4.0,
1126.0563097,0.923146214733,0.00461689619706,0.422357127384,0.202261767292,2.52310210526,9.37757667169,0.00461689619706,7314.68862909,4.0,
1144.55555556,0.921656379347,0.00437018989055,0.430587869416,0.201079877145,2.55414304297,9.74208144796,0.00437018989055,7294.7063182,4.0,
1125.20512821,0.926479657843,0.00452185360357,0.444872576415,0.206494034556,2.51541661565,8.93765711413,0.00452185360357,7638.66395397,4.0,
1059.67621921,0.928117565462,0.0037640405842,0.421336114125,0.192866065457,2.60121569777,9.34640522876,0.0037640405842,7359.74220202,4.0,
1270.38562092,0.913346650674,0.00402136335062,0.423091453553,0.194856056461,2.57649093889,10.3886375063,0.00402136335062,7319.77806246,4.0,
1038.26043238,0.927782257653,0.0040456295447,0.412770091543,0.195883785659,2.58149740017,9.11211664153,0.0040456295447,7175.85978007,4.0,
1302.14177979,0.914709653062,0.00515681901539,0.448988319767,0.200066571508,2.50359310557,10.1558572147,0.00515681901539,7620.32032261,4.0,
1031.13373555,0.929355670782,0.00439900599602,0.437857839972,0.196396789236,2.55753954398,9.24032176973,0.00439900599602,7284.68852804,4.0,
1219.04776269,0.921189819731,0.00503852131924,0.439130522919,0.207810400428,2.48974992564,9.61890397185,0.00503852131924,7721.71711836,4.0,
1117.75615887,0.92664430591,0.00567854218817,0.453635472574,0.196192216404,2.51184999,9.33785822021,0.00567854218817,7609.66638843,4.0,
1097.92156863,0.925907712303,0.00581554507559,0.463426942261,0.20463097576,2.48658586748,9.01860231272,0.00581554507559,7401.09101567,4.0,
1095.94720965,0.925149736945,0.00517754638951,0.437491759614,0.20933839205,2.53062155302,9.4997486174,0.00517754638951,7310.74297633,4.0,
962.276520865,0.935152129968,0.00426250865431,0.428924352003,0.20128623368,2.55212884406,8.75615887381,0.00426250865431,7410.05370589,4.0,
1125.65057818,0.92659085196,0.00424987001156,0.426491641678,0.197691295769,2.59857424322,9.72197083962,0.00424987001156,7656.1215196,4.0,
1143.79638009,0.924755875282,0.00504458786776,0.425316329394,0.198474161115,2.56294754576,9.82352941176,0.00504458786776,7592.35952648,4.0,
1199.27853193,0.92035631649,0.00496471164557,0.435732750512,0.206534496752,2.55922509879,9.89592760181,0.00496471164557,7520.43437404,4.0,
1025.36752137,0.929706080723,0.00510120898729,0.427387037785,0.194469491476,2.5424927663,9.31221719457,0.00510120898729,7284.09793583,4.0,
1080.51935646,0.924484743093,0.00545610207575,0.440322673721,0.201403751445,2.52251203947,9.44343891403,0.00545610207575,7146.1602348,4.0,
1113.89341378,0.926333173075,0.00579936761287,0.447178710549,0.203951689601,2.51318782502,9.11915535445,0.00579936761287,7553.32086203,4.0,
1199.90145802,0.922530470286,0.00571291929645,0.46175060785,0.211818100939,2.47683634848,9.51432880845,0.00571291929645,7737.7403545,4.0,
1049.50477627,0.931512760503,0.00560776578876,0.459682237358,0.203545739717,2.50741882575,9.16691804927,0.00560776578876,7654.58347211,4.0,
1000.88687783,0.931383295095,0.00570230283654,0.433286119875,0.194469499477,2.53047184024,9.15233785822,0.00570230283654,7286.0859137,4.0,
1161.0115636,0.919803287684,0.00521647340918,0.436890563184,0.208135562987,2.51788416523,10.139768728,0.00521647340918,7228.54242375,4.0,
1182.47863248,0.921549438998,0.00538987558773,0.444034999947,0.210558050912,2.46771085133,9.78179989945,0.00538987558773,7527.23971158,4.0,
1305.47611865,0.916707224948,0.00466795631377,0.444748738358,0.199110893505,2.53390245448,10.339869281,0.00466795631377,7827.96410701,4.0,
1202.60784314,0.919968657547,0.00454207543197,0.433507777113,0.210061766519,2.527972857,9.97938662645,0.00454207543197,7503.83971932,4.0,
1150.96430367,0.923327420753,0.00450870941511,0.441461009717,0.207087329916,2.53789422603,9.58572146807,0.00450870941511,7497.1528793,4.0,
1236.34188034,0.921745480297,0.00526399470593,0.450773493869,0.205194651541,2.48302734754,9.64504776269,0.00526399470593,7889.88813436,4.0,
1198.24987431,0.922975439067,0.00473266616466,0.448625035125,0.217943596628,2.48703735011,9.52488687783,0.00473266616466,7769.62163449,4.0,
1172.20713927,0.927404080939,0.00577661805592,0.47184167246,0.215170955039,2.43419294267,8.74912016088,0.00577661805592,8064.75698822,4.0,
1219.21769734,0.919384280637,0.004880285512,0.451281823438,0.20869893924,2.50865597146,9.95072900955,0.004880285512,7555.28513006,4.0,
1212.17094017,0.922266129737,0.00483731412664,0.459414522255,0.212065240316,2.503025116,9.72549019608,0.00483731412664,7788.92053479,4.0,
1386.90849673,0.914579331023,0.00576499050459,0.456592384395,0.205456363698,2.46987304259,10.2911010558,0.00576499050459,8110.58466165,4.0,
1141.70638512,0.92605711986,0.00470738887916,0.446919334436,0.195382134375,2.52557914366,9.46304675716,0.00470738887916,7712.74745944,4.0,
1124.22373052,0.926115126257,0.00521546231776,0.457644781443,0.203081225629,2.48571397269,9.21317244847,0.00521546231776,7601.03620346,4.0,
1193.73956762,0.9234650476,0.00475946008729,0.440883469041,0.204771562626,2.51560076242,9.7616892911,0.00475946008729,7790.08089262,4.0,
1170.72046254,0.923022472388,0.00460223537147,0.436204629435,0.19671941751,2.54194565574,9.65862242333,0.00460223537147,7595.87967816,4.0,
1351.80241327,0.913365582253,0.00468868368789,0.444053004864,0.208916028016,2.51477306944,10.4922071393,0.00468868368789,7792.59852877,4.0,
1299.59125189,0.917731470182,0.00468817814218,0.445161655563,0.207196720973,2.50326034001,9.9592760181,0.00468817814218,7890.24775639,4.0,
1249.00251383,0.921259996499,0.00470536669632,0.453076953039,0.212355636291,2.51431756916,9.78682755153,0.00470536669632,7923.16632024,4.0,
1313.98642534,0.916090528841,0.00491971807738,0.451098702956,0.206157230308,2.48508881525,10.2780291604,0.00491971807738,7822.50340731,4.0,
1145.68124686,0.924464877433,0.00585244991243,0.460161081219,0.212682872459,2.45066000151,9.52941176471,0.00585244991243,7576.61869013,4.0,
1185.92156863,0.926456596607,0.00472204970475,0.442856365922,0.202275377079,2.51960876982,9.58270487682,0.00472204970475,8053.41081377,4.0,
1213.76621418,0.923138873608,0.00546621298995,0.463980597029,0.205896394787,2.46257957875,9.36098541981,0.00546621298995,7888.83067789,4.0,
1320.22926094,0.915924630549,0.00451022605224,0.43843541981,0.210522741656,2.51475455145,10.5087983912,0.00451022605224,7832.68273341,4.0,
1234.03720463,0.919934804637,0.00518411848374,0.456199724814,0.210676976705,2.48148889309,9.96882855706,0.00518411848374,7699.49518101,4.0,
1165.02966315,0.924342879354,0.00480040928981,0.450240813827,0.210219452945,2.50788386361,9.54751131222,0.00480040928981,7691.56416778,4.0,
1203.1850176,0.923203005878,0.00501425512516,0.451823340495,0.211566896483,2.49198386446,9.56913021619,0.00501425512516,7825.54749975,4.0,
1164.70336853,0.919429356959,0.00372663020165,0.419663967463,0.191759978781,2.6269245967,10.0367018602,0.00372663020165,7212.56998162,5.0,
1133.22021116,0.923393032807,0.00508604261599,0.443793459787,0.202764302239,2.50544765288,9.5641025641,0.00508604261599,7384.39889585,5.0,
1286.49773756,0.916335363376,0.004623973837,0.433627704002,0.208888842409,2.50808662309,10.2845651081,0.004623973837,7675.29529152,5.0,
936.428355958,0.935536225102,0.00433884605653,0.437745868866,0.201602610037,2.55679073479,8.49069884364,0.00433884605653,7251.48254389,5.0,
1245.69180493,0.917149011105,0.00456482498892,0.443995726507,0.203392914184,2.53748086139,10.4278531926,0.00456482498892,7504.84663443,5.0,
1209.91754651,0.917422074914,0.00476957100149,0.42866244816,0.201829891368,2.55184421041,10.0110608346,0.00476957100149,7316.20148069,5.0,
1033.31422826,0.930155567381,0.00508452597886,0.427670532427,0.199458730921,2.55495402254,9.17747611865,0.00508452597886,7386.36698018,5.0,
1212.41377577,0.921054374492,0.00456128616895,0.419525412039,0.199456227073,2.58239557565,10.5465057818,0.00456128616895,7665.91631961,5.0,
1072.42232278,0.925740107122,0.00503548804498,0.427296893725,0.196908221258,2.5507767876,9.4881850176,0.00503548804498,7210.3878026,5.0,
1130.28456511,0.926674236761,0.00474530480741,0.419867664368,0.203761572604,2.55907925233,9.39064856712,0.00474530480741,7694.95310406,5.0,
1129.70135747,0.924478320831,0.00496370055415,0.436810736749,0.19645928371,2.53768044683,9.66415284062,0.00496370055415,7468.14356007,5.0,
1210.1835093,0.923107750969,0.00484135849232,0.421029655284,0.201770025016,2.53262658229,9.78833584716,0.00484135849232,7857.58907987,5.0,
1067.71593766,0.927457238657,0.00461184073996,0.427748667092,0.189304950544,2.57215323134,9.267471091,0.00461184073996,7349.86044569,5.0,
1177.4364002,0.920749573946,0.00484085294661,0.424145041266,0.20047072878,2.54877078783,10.1070889894,0.00484085294661,7418.22842078,5.0,
1122.25037707,0.922685084264,0.00441063354736,0.416057561539,0.189707719595,2.58309756578,10.2775263952,0.00441063354736,7247.3389411,5.0,
1159.76671694,0.921449707972,0.00456533053463,0.415899377689,0.189335825108,2.59604700451,10.3921568627,0.00456533053463,7372.55342544,5.0,
1131.37807944,0.924062906736,0.00480849802117,0.429127171593,0.194536524809,2.56676467769,9.63046757164,0.00480849802117,7438.84492569,5.0,
1083.22624434,0.928218285695,0.00430143567398,0.420013582291,0.199963124441,2.56589902914,9.30266465561,0.00430143567398,7532.6017036,5.0,
1023.82202112,0.930814692771,0.00416948824366,0.420649241796,0.189902263406,2.61520407067,9.35243841126,0.00416948824366,7388.82823048,5.0,
1140.73504274,0.924995543721,0.00457341926599,0.43229315532,0.201052876071,2.5778564631,9.71744595274,0.00457341926599,7594.74421081,5.0,
986.267973856,0.934185276535,0.00458353018019,0.432529719531,0.197305152849,2.57664703208,8.89240824535,0.00458353018019,7483.14626379,5.0,
1063.48164907,0.926997762362,0.00444501065564,0.422775158395,0.193783534501,2.56793192357,9.53695324284,0.00444501065564,7271.14477597,5.0,
1229.80442433,0.919655158604,0.00457139708315,0.431015202861,0.1992421631,2.5523681792,10.0196078431,0.00457139708315,7641.85606766,5.0,
1081.86425339,0.925479974323,0.00447989330963,0.437387522609,0.186344575056,2.59455672204,9.79386626445,0.00447989330963,7246.95752784,5.0,
1131.07642031,0.923904373618,0.00399760270224,0.423092307474,0.200687111652,2.6069746553,9.71091000503,0.00399760270224,7421.9481058,5.0,
1170.5620915,0.919793290644,0.00486613023211,0.429604697338,0.196445269705,2.58595145662,9.94972347914,0.00486613023211,7289.89712928,5.0,
928.238813474,0.934548111953,0.0058913769321,0.451344895423,0.194015611766,2.50802406378,8.65610859729,0.0058913769321,7081.45114274,5.0,
1078.86475616,0.931069615823,0.00567298118536,0.441524858819,0.207833256152,2.52110277722,9.02865761689,0.00567298118536,7817.22388193,5.0,
965.070387129,0.934208440171,0.00502487158507,0.436879451385,0.198246407966,2.54922328295,8.82704876823,0.00502487158507,7319.80332155,5.0,
1007.85369532,0.930865408832,0.00553597829793,0.443399358335,0.200063997968,2.51824086226,9.25339366516,0.00553597829793,7280.8021272,5.0,
1102.52086476,0.928222805393,0.00513406945844,0.43442996448,0.206386618402,2.54865643264,9.18954248366,0.00513406945844,7671.28835367,5.0,
1126.2197084,0.923018126322,0.00538077576495,0.444889030627,0.203955674763,2.52930996009,9.65761689291,0.00538077576495,7306.12805176,5.0,
1027.14379085,0.925082701938,0.00561181015444,0.444274954349,0.203802039565,2.54459322026,9.32478632479,0.00561181015444,6846.55012126,5.0,
1058.30618401,0.927595719884,0.00635142352825,0.445749851176,0.211502958076,2.47582593349,9.3257918552,0.00635142352825,7297.33585051,5.0,
1045.57968829,0.926044224565,0.00583728354113,0.439493806558,0.208941106046,2.5010878694,9.46304675716,0.00583728354113,7055.86744895,5.0,
1170.76269482,0.92041974172,0.00425391437724,0.425817315899,0.20135173171,2.57877486204,9.74509803922,0.00425391437724,7345.13691726,5.0,
1111.58722976,0.923366546145,0.00500363866525,0.428457266028,0.192064293874,2.55061974198,9.39215686275,0.00500363866525,7241.82781271,5.0,
1019.74358974,0.930637852717,0.00433277950801,0.435229238482,0.205871886314,2.58385171382,8.77124183007,0.00433277950801,7340.18659642,5.0,
1068.36299648,0.92441951519,0.00465531767102,0.428590898777,0.199619037533,2.55225260392,9.56661639015,0.00465531767102,7057.46888202,5.0,
1232.87682252,0.916913398992,0.00503296031643,0.431394025986,0.198735685632,2.54437739052,10.2926093514,0.00503296031643,7408.72493511,5.0,
1007.16239316,0.931404243051,0.00555973894631,0.442947492635,0.197526995977,2.5023191385,8.73906485671,0.00555973894631,7330.5636865,5.0,
1114.31271996,0.923138266331,0.00480040928981,0.441476617799,0.189980788668,2.56368863726,9.32026143791,0.00480040928981,7237.0711864,5.0,
1061.87078934,0.926780588895,0.00495813955134,0.438247138875,0.196291961865,2.54050754681,9.06334841629,0.00495813955134,7240.68020676,5.0,
1160.03368527,0.923585455542,0.00435401242783,0.405198692971,0.191067292874,2.61188827743,9.97737556561,0.00435401242783,7581.3662333,5.0,
1039.42785319,0.928902811257,0.00537875358211,0.424500046922,0.195866787109,2.55660785231,9.39165409754,0.00537875358211,7301.23947094,5.0,
1073.62895928,0.92750578115,0.00511334208433,0.434256745382,0.199963384062,2.55260533979,9.22473604827,0.00511334208433,7396.90446501,5.0,
1118.84917044,0.924810946396,0.00468514486791,0.434513853242,0.201656952075,2.52522578158,9.43539467069,0.00468514486791,7429.01100756,5.0,
1243.14630468,0.92093958835,0.00570331392796,0.460765174863,0.216155241243,2.46826865202,9.60583207642,0.00570331392796,7851.20426574,5.0,
1175.22775264,0.924312855004,0.00610370613032,0.458451384639,0.203185701621,2.45557352138,9.39668174962,0.00610370613032,7752.29286288,5.0,
1045.92961287,0.927027301736,0.00561838224867,0.447858086715,0.197500671799,2.51151465201,9.46606334842,0.00561838224867,7157.93315776,5.0,
1115.39416792,0.92130878922,0.00502335494794,0.407534240886,0.182393766046,2.64886344438,10.5143288084,0.00502335494794,7075.17969502,6.0,
1176.69582705,0.923077797408,0.00454308652339,0.433234052362,0.205391963822,2.56985491463,9.67521367521,0.00454308652339,7636.4928186,6.0,
1322.38210156,0.915099009339,0.00471648870194,0.428200209611,0.204937128941,2.55865324583,10.4725992961,0.00471648870194,7774.07133452,6.0,
1096.19959779,0.92890694123,0.00482871984957,0.439712824592,0.202670680219,2.55078354539,9.28557063851,0.00482871984957,7695.95950332,6.0,
1216.74208145,0.919542086146,0.00583880017826,0.447325622613,0.206393723318,2.51104125672,10.2634489693,0.00583880017826,7549.80040777,6.0,
1008.70336853,0.933419467066,0.00469475023641,0.436342121372,0.20794093693,2.55879487355,9.18099547511,0.00469475023641,7561.51896321,6.0,
1344.46153846,0.912872076745,0.00554608921213,0.435835853527,0.199295645259,2.52507035684,10.7913524384,0.00554608921213,7703.06163462,6.0,
1192.05329311,0.925634583487,0.00525995034024,0.431551054251,0.206191855274,2.51905168345,9.56862745098,0.00525995034024,8001.39230322,6.0,
1149.1040724,0.925134180446,0.00533173783107,0.435060795892,0.207489790267,2.49858702103,9.35847159377,0.00533173783107,7662.46926143,6.0,
1238.06837607,0.920790245138,0.00545256325578,0.449121851896,0.200273330328,2.50872634377,10.0452488688,0.00545256325578,7802.40444617,6.0,
974.891402715,0.935811868215,0.00581706171272,0.4581196814,0.212118679605,2.48057674709,8.48516842634,0.00581706171272,7581.37109513,6.0,
1077.96028155,0.929373244853,0.00496066727989,0.431077176533,0.209992393593,2.52832986791,9.28858722976,0.00496066727989,7618.75944195,6.0,
1196.17647059,0.919459369665,0.00526652243448,0.441537345422,0.209367989089,2.52442171095,9.98743086978,0.00526652243448,7413.74414591,6.0,
1249.29311212,0.917877181642,0.00599349716553,0.464709077041,0.215394796383,2.45472603726,9.75867269985,0.00599349716553,7594.31903145,6.0,
1042.13524384,0.934779136521,0.00554861694069,0.450154011591,0.20658047013,2.48700895081,8.44695827049,0.00554861694069,7976.66906403,6.0,
1180.88034188,0.922764666692,0.00502234385652,0.439878268398,0.197640443834,2.5472568723,9.72498743087,0.00502234385652,7631.58144714,6.0,
1297.26948215,0.913559933384,0.00509261471022,0.436032847579,0.201341599913,2.54694917853,10.7556561086,0.00509261471022,7491.99314335,6.0,
1369.47209653,0.912146198074,0.00463357920549,0.425350474251,0.200454906185,2.56082654209,11.0286576169,0.00463357920549,7781.05103332,6.0,
1320.05882353,0.914954999665,0.00518765730371,0.444139026721,0.201341448967,2.52532914012,10.489190548,0.00518765730371,7748.04698295,6.0,
952.685771745,0.93483657246,0.00558248850326,0.450303081637,0.212724285062,2.51440536797,8.60633484163,0.00558248850326,7298.50338905,6.0,
1348.90045249,0.913203884704,0.00564416507989,0.443607501379,0.20614602729,2.48958130983,10.6450477627,0.00564416507989,7758.69636299,6.0,
1338.47209653,0.914737895186,0.00510424226155,0.447780303438,0.202885473416,2.51617448262,10.5263951735,0.00510424226155,7836.94214465,6.0,
1004.4147813,0.933257451055,0.00502841040504,0.441655133641,0.211473042628,2.52000025808,8.79185520362,0.00502841040504,7512.98301954,6.0,
1083.15082956,0.927898117816,0.00565680372264,0.450657145289,0.197707767098,2.49962597643,9.32981397687,0.00565680372264,7499.98927036,6.0,
1325.16943188,0.916332509874,0.00604455728225,0.435680430978,0.198719318963,2.49392798554,10.7491201609,0.00604455728225,7907.36715358,6.0,
1113.04223228,0.927625090076,0.00594092041169,0.444878709053,0.208139355944,2.48303566826,9.14881850176,0.00594092041169,7677.63882709,6.0,
1243.58722976,0.920349402526,0.00574072431051,0.447728031728,0.211913700453,2.49161619192,9.87179487179,0.00574072431051,7796.02097718,6.0,
1170.02362996,0.925708313124,0.00562950425429,0.437584856979,0.203395671763,2.50909291687,9.66767219708,0.00562950425429,7863.58548797,6.0,
1275.55153343,0.917616457269,0.00557692750045,0.448460015954,0.197586531909,2.5314942606,10.1427853193,0.00557692750045,7730.09240036,6.0,
1258.83459025,0.917177569213,0.00520636249498,0.443009740208,0.203480888417,2.52669582563,10.1025641026,0.00520636249498,7587.49446137,6.0,
1080.33132227,0.930300998876,0.00520585694927,0.445906296751,0.206721586477,2.51411055124,9.03016591252,0.00520585694927,7738.23511673,6.0,
1201.20563097,0.925515805811,0.00512345299853,0.439586957846,0.207281124734,2.50344740996,9.74861739568,0.00512345299853,8051.41120355,6.0,
1226.40874811,0.92380044256,0.00541009741613,0.438301214596,0.211625070991,2.49538423053,9.54499748617,0.00541009741613,8035.31858258,6.0,
1017.78984414,0.935291914758,0.00488736315194,0.445336901417,0.203733899839,2.54614041213,8.9009552539,0.00488736315194,7850.36506189,6.0,
1012.6907994,0.932508834725,0.00587267174083,0.444887664693,0.212750159407,2.46285844446,8.78934137758,0.00587267174083,7491.33973405,6.0,
1165.18200101,0.923864355646,0.00617599916686,0.456759967517,0.194830050483,2.48343850475,9.62644544997,0.00617599916686,7642.37298865,6.0,
1258.94720965,0.920588314319,0.00565882590548,0.4525153495,0.208107637612,2.49498762113,9.99899446958,0.00565882590548,7915.78713315,6.0,
1110.55806938,0.926584805359,0.00490000179469,0.433268399712,0.201917610131,2.54631199399,9.37456008044,0.00490000179469,7552.58398922,6.0,
1167.62091503,0.923979541156,0.00498695565682,0.435611879439,0.204873023571,2.54748806334,9.46606334842,0.00498695565682,7668.34049338,6.0,
1139.17445953,0.925133344073,0.00512092526998,0.431339698894,0.194358250914,2.53987168382,9.72448466566,0.00512092526998,7596.30617036,6.0,
1127.71895425,0.923848820278,0.00567348673107,0.43575186446,0.203522192829,2.51790232819,9.81548516843,0.00567348673107,7395.0901376,6.0,
1107.01458019,0.929335748249,0.00539290886199,0.436666397156,0.209590561596,2.50229585515,9.27099044746,0.00539290886199,7822.33296049,6.0,
1248.60080442,0.917563107619,0.00521293458921,0.439529377172,0.205274128536,2.52920239147,9.91603821016,0.00521293458921,7562.77630241,6.0,
1151.30216189,0.924800694505,0.00532617682826,0.449199430364,0.205652799144,2.52015372443,9.49723479135,0.00532617682826,7645.51462278,6.0,
1152.71694319,0.925217133259,0.00555215576066,0.454843063511,0.200777235323,2.50444770503,9.57164404223,0.00555215576066,7697.2901433,6.0,
1190.8858723,0.923845183659,0.00543840797589,0.439508575757,0.20592919626,2.52768184521,9.66817496229,0.00543840797589,7808.55680981,6.0,
914.32528909,0.93872277706,0.00544093570444,0.45088309412,0.212426899738,2.49784748935,8.20261437908,0.00544093570444,7450.61936484,6.0,
1130.73906486,0.925856327293,0.00587064955799,0.446762824979,0.208076563429,2.49840900315,9.46204122675,0.00587064955799,7615.79640739,6.0,
1019.21920563,0.935957383256,0.00551120655814,0.439709531192,0.205142611445,2.52645230346,8.71442936149,0.00551120655814,7947.82921964,6.0,
1218.73453997,0.919454472446,0.0055845106861,0.440244350318,0.205780969459,2.52378132518,9.94017094017,0.0055845106861,7555.71226721,6.0,
1059.89240825,0.930096730324,0.00623717019778,0.45212984619,0.216395963883,2.4641318955,9.23981900452,0.00623717019778,7562.74403336,7.0,
1100.46706888,0.929176545837,0.00508907589025,0.47154280182,0.206821405632,2.4976887635,9.24937154349,0.00508907589025,7748.14132385,7.0,
1137.21769734,0.9245196862,0.00500717748522,0.453971979039,0.217943201323,2.4968121687,9.43086978381,0.00500717748522,7513.00459389,7.0,
1419.47662142,0.906607029675,0.00487523005489,0.440912880148,0.196722416785,2.537800724,11.1608848668,0.00487523005489,7580.08879361,7.0,
1093.74610357,0.928280641548,0.00519069057797,0.442818679756,0.210434610472,2.5049688944,9.35997988939,0.00519069057797,7605.6783734,7.0,
1145.39919558,0.924495874496,0.00529129417427,0.45901116227,0.204930483202,2.51905023696,9.74509803922,0.00529129417427,7567.15048864,7.0,
1181.21417798,0.923049703491,0.00533679328817,0.445721946123,0.210527435622,2.48812612554,9.59829059829,0.00533679328817,7656.99057694,7.0,
1246.77124183,0.919206367842,0.00459616882295,0.444100494067,0.204290976757,2.54411685284,10.1236802413,0.00459616882295,7696.69871548,7.0,
1230.27953746,0.920102041141,0.00535246520518,0.46789320373,0.210753108845,2.49142379223,9.60583207642,0.00535246520518,7681.87989725,7.0,
1162.12518854,0.924014891858,0.00488837424336,0.453583746873,0.21484722212,2.48460789959,9.43237807944,0.00488837424336,7630.02042158,7.0,
1069.1256913,0.931815602033,0.00504054350208,0.443127716151,0.214929519714,2.52209054724,8.93564605329,0.00504054350208,7822.72808649,7.0,
1014.30618401,0.932695831928,0.00558653286894,0.461818000715,0.214995010791,2.48635703141,8.47209653092,0.00558653286894,7519.76810978,7.0,
1264.16088487,0.918238668958,0.00389143810313,0.428674810967,0.196167304462,2.59357839932,10.1297134238,0.00389143810313,7714.36038938,7.0,
1079.01659125,0.928861490263,0.00462953483981,0.448928976382,0.213659632926,2.53714801686,8.93413775767,0.00462953483981,7567.9764623,7.0,
1180.49522373,0.922759145684,0.00453803106629,0.444526090254,0.201997867301,2.549836091,9.50980392157,0.00453803106629,7625.2323557,7.0,
1204.58873806,0.921873283786,0.00492780680874,0.438364589955,0.200273161219,2.54690985576,9.94218200101,0.00492780680874,7692.3620441,7.0,
1032.91855204,0.930742452685,0.00490910161747,0.441739130817,0.202810563639,2.53090287178,9.03318250377,0.00490910161747,7441.69292199,7.0,
1166.09703369,0.923602738893,0.00413511113538,0.432024293622,0.198911392127,2.58361501143,9.73906485671,0.00413511113538,7613.58047548,7.0,
1050.06887883,0.930374218705,0.00478069300711,0.466567067603,0.199834797947,2.55040147833,8.87933634992,0.00478069300711,7523.2888201,7.0,
1212.05228758,0.920997064036,0.00524680615178,0.446658842801,0.202109937525,2.52371648928,10.200100553,0.00524680615178,7653.95340057,7.0,
1254.14680744,0.916638153086,0.00488989088049,0.449932460647,0.206483474395,2.53054479795,10.1558572147,0.00488989088049,7506.13599458,7.0,
1273.69230769,0.916191410353,0.00463812911688,0.434705581271,0.20656977639,2.54142419064,10.1548516843,0.00463812911688,7582.52030284,7.0,
1204.17445953,0.921330281361,0.0048903964262,0.438694790508,0.19984629226,2.5345854005,9.67571644042,0.0048903964262,7637.20731046,7.0,
1003.09803922,0.931278182463,0.00495409518566,0.434411371585,0.199215098396,2.55369471079,9.197586727,0.00495409518566,7283.70171489,7.0,
993.984917044,0.934633908113,0.00501829949084,0.451382124002,0.220973068401,2.4993689739,8.4534942182,0.00501829949084,7586.56264128,7.0,
1071.54348919,0.926038189291,0.00443085537576,0.43143018884,0.207639229129,2.57772261355,9.60080442433,0.00443085537576,7227.06713849,7.0,
1194.74057315,0.922002084327,0.00490354061466,0.438464330077,0.213597007028,2.52858124532,9.56008044243,0.00490354061466,7642.8406609,7.0,
1153.94519859,0.921424625134,0.00566742018255,0.44655988369,0.2096366558,2.49974050288,9.66767219708,0.00566742018255,7327.59724646,7.0,
1273.66666667,0.915916406835,0.00424784782872,0.439478333009,0.209911557649,2.57543776674,10.3634992459,0.00424784782872,7556.26764557,7.0,
1127.18954248,0.924497425248,0.0057857178787,0.454211369563,0.212518301534,2.47874293919,9.50125691302,0.0057857178787,7448.05399961,7.0,
1024.43690297,0.930748519658,0.00442327219011,0.452330777768,0.209641501549,2.56102577621,8.90548014077,0.00442327219011,7380.46445451,7.0,
1096.93614882,0.92451886909,0.00546014644143,0.443656327519,0.218449291141,2.48346531562,9.42383107089,0.00546014644143,7251.81862284,7.0,
1165.05882353,0.922846589919,0.00444399956422,0.439792173611,0.203648892967,2.53129139331,9.63197586727,0.00444399956422,7533.71076466,7.0,
1221.9436903,0.923397837677,0.00471699424765,0.423564750563,0.206734421971,2.55209958029,9.97385620915,0.00471699424765,7960.26905522,7.0,
1044.71845148,0.930966245312,0.00580644525281,0.453946452728,0.208070857879,2.48393925784,8.91955756662,0.00580644525281,7552.90665989,7.0,
1152.75314228,0.925711600139,0.00522203441199,0.457428255137,0.209679265734,2.49009144056,9.28004022122,0.00522203441199,7743.00969687,7.0,
1144.04524887,0.924193464766,0.00457544144883,0.442113879236,0.20048241529,2.55101166329,9.63700351936,0.00457544144883,7530.43414799,7.0,
1247.57616893,0.916579411585,0.00521647340918,0.450537319309,0.203409188378,2.49731843104,9.86375062846,0.00521647340918,7461.61311806,7.0,
1231.02362996,0.919714293253,0.00470637778774,0.429494668923,0.21221830738,2.54924712282,9.97787833082,0.00470637778774,7650.09280454,7.0,
1033.36802413,0.930203107683,0.00469121141644,0.448081553627,0.20905731969,2.54950756884,8.92860734037,0.00469121141644,7386.01550768,7.0,
1185.92860734,0.921590171076,0.00483377530667,0.442181384555,0.214369247063,2.53743716868,9.96078431373,0.00483377530667,7545.14507569,7.0,
1039.76219206,0.932066877034,0.00496319500844,0.446697865775,0.210084231133,2.52186448629,8.68828557064,0.00496319500844,7633.76084358,7.0,
1153.01759678,0.922980394888,0.00459465218582,0.453201964127,0.201635581473,2.55598978395,9.48416289593,0.00459465218582,7466.06621006,7.0,
1272.33735546,0.916121319404,0.00453904215771,0.446099940089,0.201962046281,2.55587968212,10.149321267,0.00453904215771,7565.1128543,7.0,
1126.06083459,0.91924294358,0.00415937732946,0.440419739978,0.192582251803,2.59930662842,9.88989441931,0.00415937732946,6949.1168931,7.0,
1114.10809452,0.926365712542,0.00462650156555,0.447969447723,0.203701166503,2.55777604466,9.37908496732,0.00462650156555,7544.79127111,7.0,
1066.13675214,0.928054150497,0.00529736072279,0.449861723236,0.219021123517,2.48833589518,8.96933132227,0.00529736072279,7388.27030518,7.0,
1188.0,0.92029664794,0.00522506768625,0.454092127394,0.223683103939,2.49503631624,9.50628456511,0.00522506768625,7434.45756866,7.0,
1142.61337355,0.924384999489,0.0053534762966,0.462469860645,0.21769782374,2.48127874045,9.08597285068,0.0053534762966,7534.96279689,7.0,
1271.85017597,0.918372973546,0.0048352919438,0.447694880009,0.210498916773,2.51753822256,10.0904977376,0.0048352919438,7773.87830352,7.0,
