852.380537147,0.942347073787,0.004428999686,0.449734182693,0.204317583036,2.56568794649,7.73735612138,0.004428999686,7381.57814246,1.0,
984.259504709,0.934692900872,0.00502026293209,0.462288490198,0.198363480278,2.52234600393,8.22741541681,0.00502026293209,7525.69005275,1.0,
1043.95709801,0.93325008359,0.00423020870984,0.441926680836,0.208452051445,2.57197925105,8.38123474015,0.00423020870984,7808.95054646,1.0,
866.077781653,0.942624238519,0.00470930226192,0.44429088258,0.205567776225,2.54070733029,7.59574468085,0.00470930226192,7537.17650367,1.0,
881.020579002,0.942462061711,0.00444505868774,0.448955493369,0.21062243033,2.55092852597,7.76281827694,0.00444505868774,7644.12070432,1.0,
926.667596791,0.939123124014,0.00515798103797,0.458778815123,0.209007622121,2.50172766828,7.74956400419,0.00515798103797,7599.96728927,1.0,
970.437391001,0.935457768191,0.00462681738932,0.448458726228,0.206245332828,2.544526005,8.2023020579,0.00462681738932,7506.75108073,1.0,
919.503662365,0.940061266437,0.00506089707287,0.462009869995,0.20761171138,2.49425332639,7.71224276247,0.00506089707287,7659.01729472,1.0,
896.989884897,0.942356535676,0.00517768981284,0.440959603609,0.203369715908,2.55119439939,7.95256365539,0.00517768981284,7771.93385772,1.0,
844.955005232,0.942814908802,0.00619816637831,0.461085160066,0.214985699216,2.47281405621,7.55214509941,0.00619816637831,7380.04944457,1.0,
952.213114754,0.937268166654,0.00583367570233,0.453745047237,0.208778898975,2.48850123356,8.26961981165,0.00583367570233,7581.84779111,1.0,
879.968608301,0.943276526382,0.00565021377329,0.463259446489,0.212445749799,2.51714782167,7.59190791768,0.00565021377329,7747.53060499,1.0,
742.595047088,0.948992409788,0.00608405013864,0.453923179081,0.216214202206,2.48595393046,6.93268224625,0.00608405013864,7271.38790799,1.0,
831.364492501,0.943728014054,0.00594998180588,0.454756634302,0.211634180404,2.5032104139,7.75165678409,0.00594998180588,7379.057882,1.0,
952.821764911,0.937031219435,0.00573123873665,0.4426946824,0.206212704218,2.5364941392,8.27206138821,0.00573123873665,7557.8411092,1.0,
882.891873038,0.942870810402,0.00590521125556,0.441894048082,0.206694270212,2.51314763299,7.84129752354,0.00590521125556,7719.57908143,1.0,
944.171259156,0.939433224881,0.00534703928579,0.457150298507,0.211715796062,2.52041931816,7.82874084409,0.00534703928579,7785.77007479,1.0,
935.354377398,0.941418263405,0.00625315629338,0.457684253554,0.206559994419,2.50952132508,7.85594698291,0.00625315629338,7976.06161136,1.0,
823.148238577,0.946971521766,0.00514630176397,0.45310214113,0.213230903156,2.53311275488,7.17056156261,0.00514630176397,7752.14979046,1.0,
934.00837112,0.939737519072,0.00561687917876,0.460784706647,0.213825391761,2.49963481713,8.00418555982,0.00561687917876,7740.6026801,1.0,
826.063132194,0.946689376471,0.0063950108088,0.476161143095,0.223214189345,2.46583479441,7.13044994768,0.0063950108088,7739.41485064,1.0,
806.414719219,0.94762691241,0.00597431362671,0.455349655153,0.213507921069,2.48861598213,7.23160097663,0.00597431362671,7691.03713367,1.0,
840.409138472,0.947757798157,0.0058947485726,0.448167725022,0.205029058286,2.51473423097,7.48482734566,0.0058947485726,8036.12176911,1.0,
895.340774329,0.940400555721,0.00570982673432,0.459234882982,0.214067832761,2.48581860755,7.684687827,0.00570982673432,7503.21332425,1.0,
895.430066271,0.942127327872,0.00579596138005,0.451594920315,0.209730419863,2.50607147,7.86396930589,0.00579596138005,7728.42623425,1.0,
979.218695501,0.936964838085,0.00548694725555,0.44660653714,0.215403365861,2.52573179161,8.47924659923,0.00548694725555,7758.83602749,1.0,
919.911405651,0.941144658411,0.00589085548127,0.471154985756,0.213302060246,2.49707714376,7.64352982211,0.00589085548127,7807.36294342,1.0,
871.404255319,0.941314473739,0.00573537514619,0.459389984938,0.206610985836,2.52248210958,7.75584234391,0.00573537514619,7416.80058017,1.0,
887.127310778,0.939729147036,0.00576116687626,0.451891637991,0.205366903531,2.54698630923,8.10324380886,0.00576116687626,7352.36673675,1.0,
887.93442623,0.942875658364,0.00690330254587,0.462219895222,0.213490487552,2.47528048113,8.01813742588,0.00690330254587,7764.91755527,1.0,
986.061737007,0.933379795608,0.00592078362089,0.459974898367,0.213807264938,2.51321728147,8.4391349843,0.00592078362089,7393.09758876,1.0,
906.320892919,0.93862321558,0.0058035042445,0.465354291202,0.217537629384,2.48193855387,7.71677711894,0.0058035042445,7375.6696347,1.0,
973.474712243,0.937227216921,0.0058769863434,0.457932767784,0.212365288757,2.49774609389,8.17091035926,0.0058769863434,7745.97038087,1.0,
864.85211022,0.941881223415,0.00571469309849,0.457008360814,0.214209887667,2.53293912424,7.84757586327,0.00571469309849,7433.5433993,1.0,
874.589466341,0.941740941221,0.00708287138358,0.470525144555,0.220939698279,2.43656671641,7.62260202302,0.00708287138358,7498.55724018,1.0,
982.653644925,0.934740073054,0.00619840969652,0.453868847273,0.221945425468,2.49474351054,8.18625741193,0.00619840969652,7521.66178234,1.0,
1032.1974189,0.935335569681,0.00569328109616,0.453340862923,0.212899591904,2.52116875555,8.43739100105,0.00569328109616,7973.11250657,1.0,
899.801534705,0.939736674093,0.00569206450512,0.445702209185,0.209636120102,2.52974754474,8.08196721311,0.00569206450512,7457.69621481,1.0,
779.737356121,0.949373827111,0.00632639507407,0.455548164201,0.203883087204,2.53899965585,7.14370422044,0.00632639507407,7693.43981947,1.0,
948.284966864,0.936525520204,0.00605728513573,0.446471184847,0.206764285631,2.52196438279,8.43215905127,0.00605728513573,7461.79213037,1.0,
881.518311824,0.943367145063,0.00616483178378,0.455309915422,0.213858367256,2.4843752135,7.61737007325,0.00616483178378,7774.56942522,1.0,
1058.91280084,0.931075060094,0.00588039279832,0.449173873405,0.219253885444,2.49059408102,8.46634112313,0.00588039279832,7673.32323014,1.0,
915.789675619,0.940170698765,0.00589377529977,0.470627278025,0.212637231909,2.50257543853,7.89431461458,0.00589377529977,7646.2985488,1.0,
897.720613882,0.940074219676,0.00592127025731,0.459352482551,0.21866858402,2.51372306961,7.90338332752,0.00592127025731,7483.50738456,1.0,
861.281130101,0.941363453522,0.00643880808629,0.460834738023,0.221122028541,2.47973252011,7.61248692013,0.00643880808629,7336.79853414,1.0,
882.681897454,0.938607915197,0.0055767316744,0.454085363394,0.210084541594,2.52476657809,7.91245204046,0.0055767316744,7181.37763488,1.0,
980.677363097,0.934338437365,0.00618089078553,0.461348400875,0.21477377004,2.50903404247,8.26020230206,0.00618089078553,7460.4624293,1.0,
900.853854203,0.941528671898,0.0055562929449,0.453804254218,0.207962367977,2.52592493089,7.87582839205,0.0055562929449,7695.76246656,1.0,
886.888385072,0.942035646218,0.00592516334864,0.463215185402,0.21861043429,2.49532153589,7.59783746076,0.00592516334864,7643.17738205,1.0,
891.854203,0.942977462674,0.00616264191991,0.468987971784,0.211352193763,2.46829691824,7.56260899895,0.00616264191991,7810.91448326,1.0,
1096.49703523,0.93164782504,0.00533511669359,0.459263494982,0.213361281447,2.52820482386,8.69933728636,0.00533511669359,8012.57146131,2.0,
961.105685385,0.938981446624,0.00529521250743,0.462721512588,0.207297755909,2.53452470534,7.91140565051,0.00529521250743,7866.53440367,2.0,
930.710149983,0.938412505599,0.00575751710314,0.467573646484,0.2153182815,2.47012295481,8.00348796652,0.00575751710314,7547.34350168,2.0,
944.323683293,0.940183504018,0.00540738220144,0.4569359988,0.214989713736,2.52109880279,8.05999302407,0.00540738220144,7884.77352148,2.0,
967.816532961,0.938971539443,0.00555677958132,0.463282739706,0.215813684225,2.49752596474,8.03767003837,0.00555677958132,7919.0727637,2.0,
1045.66968957,0.932379168666,0.00552198507754,0.442804838628,0.209096990439,2.53776393685,8.89396581793,0.00552198507754,7722.65773562,2.0,
840.591210324,0.945644858351,0.00511077730556,0.453174314719,0.208405475609,2.55955088117,7.64387861877,0.00511077730556,7723.42393493,2.0,
1024.42064876,0.93432530276,0.00519812854233,0.461724464792,0.207417598682,2.516953665,8.5852807813,0.00519812854233,7789.08861211,2.0,
1023.43111266,0.935759956649,0.00429274148937,0.439272045062,0.210898584299,2.59001110436,8.46913149634,0.00429274148937,7955.30646236,2.0,
1013.08231601,0.934660323416,0.00434335167669,0.450026912319,0.205919386706,2.57948041727,8.49215207534,0.00434335167669,7742.09185776,2.0,
954.732472968,0.937497356209,0.00555799617236,0.45441962627,0.211856305241,2.51627478784,8.28810603418,0.00555799617236,7628.3082804,2.0,
915.664108825,0.940060867069,0.00546723848068,0.457763185533,0.213811577534,2.52419321588,7.86989884897,0.00546723848068,7630.35666876,2.0,
899.190094175,0.940792406594,0.00596993389896,0.470339567125,0.210558447224,2.46918163642,7.63376351587,0.00596993389896,7585.04469147,2.0,
865.3958842,0.942606843104,0.00559595381285,0.452000556264,0.206397942338,2.52962344648,8.09138472271,0.00559595381285,7530.11046939,2.0,
981.230903383,0.938678766475,0.00536261165112,0.457086512115,0.210865354949,2.52889442611,8.16219044297,0.00536261165112,7991.86711252,2.0,
959.401813743,0.938721197381,0.00549595002925,0.455832429315,0.213493907833,2.49838826719,7.97314265783,0.00549595002925,7818.66565855,2.0,
1028.38472271,0.934326073488,0.00530226873547,0.458283063132,0.216814629629,2.50352736109,8.47750261597,0.00530226873547,7820.13330021,2.0,
977.271363795,0.937339730004,0.00551395557666,0.455463675669,0.209985053311,2.5036248438,8.22218346704,0.00551395557666,7788.58732858,2.0,
1028.68189745,0.935548968005,0.00526212123111,0.461528532795,0.214971940921,2.51219966439,8.4147192187,0.00526212123111,7970.70556736,2.0,
900.131147541,0.940924064201,0.00603173672386,0.461316055585,0.204845463631,2.48922019513,7.88071154517,0.00603173672386,7609.05930383,2.0,
956.3958842,0.934887587066,0.00459177956733,0.449465010707,0.210210571327,2.57354426095,8.45727241018,0.00459177956733,7334.54462039,2.0,
921.583536798,0.940163408888,0.00486380932417,0.445411029776,0.204063376017,2.57743064353,8.0676665504,0.00486380932417,7690.3424368,2.0,
800.779560516,0.9478176551,0.00553634085183,0.460367430389,0.211050889352,2.51560630844,7.14928496686,0.00553634085183,7663.31155744,2.0,
950.39274503,0.940423283765,0.00592832648535,0.460714343648,0.21580412216,2.45865099457,7.98186257412,0.00592832648535,7966.10283795,2.0,
998.005580746,0.935566645902,0.00575897701239,0.455480762091,0.212607040693,2.49787468717,8.39134984304,0.00575897701239,7734.26599011,2.0,
1009.78897803,0.93579230798,0.00475480276687,0.447360953448,0.210404254001,2.55511475607,8.62469480293,0.00475480276687,7853.72060795,2.0,
1006.34495989,0.935075404952,0.00553196112408,0.460697034188,0.206290050214,2.52922728387,8.29612835717,0.00553196112408,7740.91963482,2.0,
1025.32089292,0.933131890306,0.00536674806066,0.459341948433,0.211358058505,2.52922672388,8.53331008022,0.00536674806066,7657.8389937,2.0,
971.887338682,0.935348793931,0.00459567265866,0.451679069009,0.200289984807,2.56871934134,8.38611789327,0.00459567265866,7506.78506793,2.0,
884.252528776,0.939902522589,0.00444724855162,0.457968816608,0.20378039661,2.560628622,7.86815486571,0.00444724855162,7346.57669238,2.0,
946.262643879,0.938210768654,0.00403944723456,0.43641072005,0.207200138639,2.5933522184,8.18939658179,0.00403944723456,7644.71929683,2.0,
946.824904081,0.938262461713,0.00405039655393,0.442612842669,0.199752102639,2.60177991498,8.27589815138,0.00405039655393,7657.64661853,2.0,
928.459713987,0.937987107044,0.00465796211998,0.444548617634,0.203082568376,2.54281361658,8.0683641437,0.00465796211998,7475.58479792,2.0,
899.908615277,0.941190971564,0.00397058818162,0.444378552108,0.198441667502,2.59497615009,7.97000348797,0.00397058818162,7639.78760936,2.0,
870.985350541,0.943005500559,0.00459956574999,0.448645943067,0.203256363086,2.56377509721,7.81827694454,0.00459956574999,7631.08641242,2.0,
795.005580746,0.94607984152,0.0052647977314,0.464371774668,0.211033279114,2.52204888525,7.22950819672,0.0052647977314,7362.29652998,2.0,
1107.49947681,0.925897299393,0.00434116181281,0.440616084733,0.199281185024,2.56835007198,9.32368329264,0.00434116181281,7461.69761803,2.0,
900.949424486,0.939190241393,0.00541808820261,0.443897007016,0.204701188943,2.50039075827,8.10184862225,0.00541808820261,7397.12987693,2.0,
998.561911406,0.93522223666,0.00516065753826,0.454470579692,0.212005638553,2.50257595258,8.35193582142,0.00516065753826,7696.41946724,2.0,
981.910708057,0.934879059896,0.00498133201877,0.448759286425,0.20933494213,2.53205564236,8.34321590513,0.00498133201877,7527.4807531,2.0,
839.500174398,0.943066662312,0.00546748179889,0.446700966643,0.210165785803,2.51822474301,7.51342867108,0.00546748179889,7360.41994974,2.0,
992.096267876,0.935432666335,0.00443678586866,0.43896435411,0.207486634211,2.57367277418,8.60899895361,0.00443678586866,7671.1232914,2.0,
842.993372864,0.942912005988,0.00462998052603,0.441394395659,0.209645945835,2.55641524988,7.72654342518,0.00462998052603,7372.73632324,2.0,
804.059295431,0.945179098185,0.00469543312405,0.439487619538,0.211758307122,2.56526653806,7.55284269271,0.00469543312405,7322.47631218,2.0,
956.668294384,0.934913097774,0.00602468049582,0.46496249526,0.213296639881,2.47896431458,8.10673177537,0.00602468049582,7337.31618544,2.0,
879.92186955,0.942427523726,0.00463119711707,0.452010343264,0.212690116102,2.53862885663,7.77118939658,0.00463119711707,7629.18425527,2.0,
978.773282176,0.93815721524,0.00495554028869,0.448465601054,0.211518322266,2.5530229529,8.25357516568,0.00495554028869,7904.11230988,2.0,
894.508894315,0.939890899391,0.004729254355,0.445691449869,0.211964504391,2.53783914153,7.96756191141,0.004729254355,7429.1415549,2.0,
870.963376352,0.942978100902,0.00502853575117,0.454461556106,0.205699619488,2.54151439357,7.63167073596,0.00502853575117,7626.2491587,2.0,
817.442622951,0.945426634893,0.00499909424797,0.456533215571,0.211147580834,2.53750088503,7.62050924311,0.00499909424797,7479.52435524,2.0,
1025.25322637,0.936882461695,0.00486575586984,0.461375030524,0.208285204601,2.53836703914,8.52284618068,0.00486575586984,8119.47706662,3.0,
1002.61876526,0.935615086757,0.0052324364097,0.462514867275,0.209878922234,2.49704151381,8.66062085804,0.0052324364097,7782.07188642,3.0,
915.177188699,0.941270939094,0.00510810080527,0.466756697504,0.213706612187,2.50074789082,7.8531566097,0.00510810080527,7785.65364678,3.0,
974.549354726,0.93685259164,0.00537940060749,0.461870503073,0.223410608514,2.4832890313,8.24171607953,0.00537940060749,7708.3764133,3.0,
919.132193931,0.942514894797,0.00522027049929,0.467550777648,0.221111600902,2.4926273216,7.56330659226,0.00522027049929,7987.51543337,3.0,
980.946285316,0.937756048134,0.00522732672733,0.465533285167,0.214214210767,2.48577969536,8.07080572027,0.00522732672733,7871.78308428,3.0,
909.353679805,0.942291069435,0.00518012299492,0.467050470125,0.221854317788,2.46908154591,7.62783397279,0.00518012299492,7872.56496544,3.0,
1015.05545867,0.935951823074,0.00514459853651,0.459047217992,0.21271294848,2.49356606395,8.17230554587,0.00514459853651,7917.7162715,3.0,
1010.89989536,0.936759006091,0.00558987085764,0.467565110988,0.217873625692,2.44180673876,7.96860830136,0.00558987085764,7985.65491018,3.0,
979.300313917,0.939613195259,0.00571128664357,0.470980833768,0.224277868873,2.44707035241,7.87792117196,0.00571128664357,8102.96235733,3.0,
1053.62260202,0.93492885683,0.00514630176397,0.467652725256,0.21233432502,2.50350973712,8.34879665155,0.00514630176397,8089.93130215,3.0,
1026.61388211,0.935280693465,0.0046263307529,0.452235498287,0.213116322565,2.53220707246,8.4945936519,0.0046263307529,7924.82149276,3.0,
1041.87268922,0.933315576203,0.00537575083437,0.459876428314,0.21646231308,2.4974094809,8.5946982909,0.00537575083437,7806.0516689,3.0,
871.733519358,0.944088464864,0.00524484563832,0.467428717284,0.214603733662,2.48911920643,7.69305894663,0.00524484563832,7789.70111108,3.0,
993.449947681,0.939459813133,0.0063830882166,0.471283416646,0.21622688247,2.4460948814,7.88245552843,0.0063830882166,8198.95434879,3.0,
1016.61178933,0.934843839861,0.00611178841438,0.466327294373,0.217323252821,2.47795291505,8.21974189048,0.00611178841438,7796.0483219,3.0,
1083.03487967,0.931708131428,0.00589109879948,0.461406807659,0.217317506192,2.48076063445,8.71468433903,0.00589109879948,7923.19398997,3.0,
824.094523893,0.947484181289,0.00641179976517,0.472648928276,0.217090889064,2.45683781047,7.1116149285,0.00641179976517,7840.33505431,3.0,
923.273456575,0.943089977899,0.00563147827126,0.469233582361,0.206960556941,2.51026867131,7.73456574817,0.00563147827126,8102.8476175,3.0,
990.186955005,0.937936043768,0.00537696742541,0.468150571998,0.215879008873,2.50218591926,8.21695151727,0.00537696742541,7968.21249685,3.0,
1042.20753401,0.934136779068,0.00553609753362,0.472439980145,0.218346802172,2.48837932663,8.25287757238,0.00553609753362,7903.67906429,3.0,
937.012207883,0.939058354923,0.00578622865172,0.456057139444,0.206339369481,2.52709166331,8.08440878968,0.00578622865172,7680.22285746,3.0,
869.07499128,0.9430000304,0.00592564998505,0.471455557226,0.223658281581,2.47574135105,7.45587722358,0.00592564998505,7614.83569561,3.0,
886.030694105,0.942142608366,0.00620741247023,0.459032876595,0.220325489178,2.48142360236,7.80048831531,0.00620741247023,7649.46603868,3.0,
1025.12277642,0.933998604177,0.00569255114153,0.463656922104,0.215238484826,2.49180854484,8.56051621904,0.00569255114153,7757.66845391,3.0,
906.441576561,0.942118146011,0.00678358998741,0.484214662479,0.224748545994,2.4242968852,7.56330659226,0.00678358998741,7822.19368896,3.0,
985.345308685,0.937683438706,0.0063390476209,0.489443986736,0.219980907956,2.43935866296,8.00871991629,0.0063390476209,7897.83255744,3.0,
991.37809557,0.936562594458,0.00610229900426,0.467886849367,0.206390896621,2.47398537259,8.33379839554,0.00610229900426,7806.02489148,3.0,
987.647366585,0.936758559021,0.00572880555457,0.470542802609,0.219340643485,2.48949208071,8.07150331357,0.00572880555457,7803.58925967,3.0,
930.378444367,0.941511843447,0.00639963385476,0.492839127466,0.217767431621,2.41175835077,7.57760725497,0.00639963385476,7948.47351941,3.0,
845.448552494,0.944274264068,0.0060241938594,0.478363936107,0.212652656704,2.46242360903,7.4039065225,0.0060241938594,7581.29955601,3.0,
899.356121381,0.942243133121,0.00613685018983,0.474155250781,0.21942073945,2.46295813912,7.51726543425,0.00613685018983,7781.41526608,3.0,
1075.91384723,0.932042198005,0.00472560458188,0.453240546994,0.212650952572,2.55327425131,8.51935821416,0.00472560458188,7910.87868656,3.0,
1005.05476107,0.936209639413,0.0052029949065,0.461792538887,0.211144454348,2.53044408656,8.32647366585,0.0052029949065,7872.78007513,3.0,
942.655040112,0.93932757335,0.0046027288867,0.448070515928,0.216556431835,2.56838343353,7.99860481339,0.0046027288867,7763.4037008,3.0,
983.037321242,0.936683624829,0.00635461998623,0.462900326165,0.218973092372,2.46295841631,8.11928845483,0.00635461998623,7759.42782811,3.0,
889.425531915,0.940666613168,0.00540421906474,0.455233607697,0.210777355931,2.52746204914,7.95500523195,0.00540421906474,7491.07833767,3.0,
1035.06592257,0.934035845566,0.00569133455049,0.463436483183,0.216532370382,2.49615546882,8.50575514475,0.00569133455049,7838.375763,3.0,
1080.85001744,0.933134269629,0.00578939178842,0.467335053725,0.220836419913,2.46854059312,8.51168468783,0.00578939178842,8074.948269,3.0,
1125.42588071,0.92911888634,0.00542928084019,0.455996860782,0.212480910903,2.546839848,9.12591559121,0.00542928084019,7931.65480628,3.0,
991.402860133,0.935046316993,0.005829782611,0.470248064873,0.209975968919,2.5082825818,8.29926752703,0.005829782611,7624.65018847,3.0,
1045.27520056,0.932780626659,0.00611324832363,0.465173444761,0.212627080316,2.48620336189,8.49040809208,0.00611324832363,7767.506944,3.0,
862.629577956,0.943310514014,0.00560933631431,0.458442715341,0.212978231901,2.5168251318,7.81060341821,0.00560933631431,7600.90255048,3.0,
915.647017789,0.938801187792,0.00539497297282,0.455585197673,0.207788148519,2.53601635641,8.31949773282,0.00539497297282,7469.50812239,3.0,
1179.37111964,0.926260324572,0.00490249691929,0.444328871017,0.1972758352,2.56749248603,9.44227415417,0.00490249691929,7988.71550739,3.0,
936.505406348,0.940956488013,0.00591445734747,0.475093307876,0.220774312777,2.46930749798,7.71433554238,0.00591445734747,7922.48764938,3.0,
1019.3125218,0.933636803796,0.00586336052374,0.459996780104,0.215286626071,2.49788514893,8.36728287408,0.00586336052374,7672.17287786,3.0,
969.393093826,0.938954921566,0.0049528637884,0.446750496714,0.212730304815,2.53413927471,8.34879665155,0.0049528637884,7935.62244788,3.0,
995.350540635,0.935531139154,0.00513437917177,0.441459868344,0.210016028412,2.56179184935,8.63760027904,0.00513437917177,7711.17964354,3.0,
899.386815487,0.942317284401,0.00572880555457,0.460816224457,0.205456531452,2.50613822251,7.76072549704,0.00572880555457,7787.08420842,3.0,
945.171607953,0.93739177483,0.00381973089249,0.430606833089,0.196037820801,2.62746564662,8.36100453436,0.00381973089249,7538.41787618,4.0,
986.377397977,0.932298539665,0.00401949514148,0.439372947594,0.203457651042,2.59547617662,8.74642483432,0.00401949514148,7275.74438595,4.0,
935.072549704,0.936139243965,0.00491368955687,0.446010321697,0.205060921859,2.5274139524,8.25217997907,0.00491368955687,7312.78520103,4.0,
971.689222183,0.933889803491,0.00435211113219,0.441685384365,0.202593225308,2.57411984502,8.37774677363,0.00435211113219,7341.47101992,4.0,
965.655040112,0.93695333343,0.00469372989659,0.456562565302,0.217327145004,2.51831116906,8.00592954308,0.00469372989659,7650.67645312,4.0,
843.191838158,0.942889481055,0.0040581827366,0.443413406047,0.204168554625,2.58993195549,7.8322288106,0.0040581827366,7374.9770387,4.0,
995.480990582,0.931993604148,0.00402557809669,0.440168481806,0.19908496649,2.60793653619,8.87268922218,0.00402557809669,7312.55222807,4.0,
873.522846181,0.939318584322,0.00436184386052,0.448330853141,0.202687788177,2.56685038086,7.85978374608,0.00436184386052,7189.65732122,4.0,
1078.12277642,0.929421694802,0.00500542052138,0.455342419576,0.215781836087,2.52755675432,8.75688873387,0.00500542052138,7627.25496415,4.0,
897.467038716,0.938920485836,0.0041966307971,0.442626709318,0.201406001416,2.57991556945,8.12765957447,0.0041966307971,7335.93349225,4.0,
987.811649808,0.936202171535,0.00506211366391,0.467440208569,0.208906466638,2.49136832954,8.06138821067,0.00506211366391,7732.40659397,4.0,
951.61562609,0.937528986461,0.00551760534979,0.448922742105,0.21418762067,2.53154854438,8.32019532612,0.00551760534979,7608.91460042,4.0,
900.418904779,0.939060419573,0.00574729773839,0.459655845765,0.211000216543,2.50801491242,7.94663411231,0.00574729773839,7381.49496827,4.0,
881.152772933,0.939754696092,0.00510639757782,0.457094514317,0.205620471665,2.54463855619,8.23753051971,0.00510639757782,7305.24744163,4.0,
803.596093478,0.945919576168,0.00453362651555,0.448230332936,0.204848031942,2.55960968375,7.59679107081,0.00453362651555,7422.73241482,4.0,
906.350889431,0.941035006028,0.00417765197686,0.437455956989,0.202652611109,2.62090784854,8.1339379142,0.00417765197686,7677.20891204,4.0,
1007.4059993,0.933741266822,0.00457182747425,0.4405725252,0.198340016587,2.59575446664,8.94489012905,0.00457182747425,7594.71440784,4.0,
1008.08510638,0.933143273472,0.00508328234803,0.443719986086,0.215833852644,2.57112026908,8.62225322637,0.00508328234803,7532.45494094,4.0,
899.657132892,0.938502979044,0.00511905012465,0.445617675612,0.208231652341,2.54245278876,8.22846180677,0.00511905012465,7306.43053335,4.0,
930.607952564,0.935025100152,0.00577138624101,0.454113850749,0.21077260022,2.5378525353,8.3707708406,0.00577138624101,7154.53686365,4.0,
889.300662714,0.941035058119,0.00636532598739,0.468119125332,0.216105518331,2.48955829508,7.78269968608,0.00636532598739,7536.50922392,4.0,
968.528426927,0.937404857979,0.00565775663775,0.465090995808,0.220541449065,2.48967129413,8.24380885943,0.00565775663775,7730.34357678,4.0,
928.250435996,0.93966469261,0.0056151759513,0.462095376029,0.218535799213,2.50774585855,7.98465294733,0.0056151759513,7685.96059693,4.0,
807.740844088,0.944650941613,0.00606166486348,0.452704534477,0.20982294438,2.52087320101,7.84199511685,0.00606166486348,7290.48752553,4.0,
907.656435298,0.937365321437,0.00548743389196,0.462441889915,0.203929408732,2.54171337597,8.4377397977,0.00548743389196,7237.98677909,4.0,
989.682943844,0.934471761394,0.00532733051092,0.445394594334,0.210613749549,2.49055701692,8.56121381235,0.00532733051092,7544.0089101,4.0,
1035.46982909,0.934099861103,0.00446890387215,0.449787394083,0.210896468067,2.54304276202,8.69480292989,0.00446890387215,7848.6446323,4.0,
1036.36832926,0.931317785634,0.004746773266,0.460726404249,0.206609230634,2.52999589518,8.71642832229,0.004746773266,7537.64777998,4.0,
992.658179281,0.934229484399,0.00490517341958,0.463152816018,0.207245206798,2.52608689899,8.40076735263,0.00490517341958,7539.0963437,4.0,
971.441925358,0.938463897386,0.00539326974536,0.465617257756,0.213051999858,2.48783686139,8.10673177537,0.00539326974536,7886.36852222,4.0,
1016.8126962,0.934918274501,0.0050499477535,0.471447675482,0.221777154099,2.48214954294,8.30624346006,0.0050499477535,7804.55684759,4.0,
972.116149285,0.939770720266,0.00589207207231,0.490506315515,0.222541876783,2.44076575834,7.71294035577,0.00589207207231,8062.69888268,4.0,
952.132193931,0.937169520192,0.00479811340794,0.46081535268,0.216344319208,2.52036763545,8.14963376352,0.00479811340794,7569.92871023,4.0,
1020.00871992,0.934799627829,0.00473825712871,0.46986457326,0.213433473631,2.51305293036,8.40425531915,0.00473825712871,7813.99836007,4.0,
1108.40739449,0.931651068907,0.00539813610953,0.463356041093,0.214341534491,2.49645893335,8.7868852459,0.00539813610953,8101.55161357,4.0,
938.45517963,0.939340033602,0.00457523392917,0.451940248732,0.218442704577,2.53609754262,8.12870596442,0.00457523392917,7727.61499495,4.0,
956.381932333,0.937209156415,0.0052735571869,0.466051381172,0.209906123439,2.49304396818,8.13428671085,0.0052735571869,7609.04034499,4.0,
981.078479247,0.937092190418,0.00475358617583,0.462207357797,0.213030375373,2.53081075542,8.33205441228,0.00475358617583,7790.96907718,4.0,
1017.80083711,0.933322158026,0.00484750700422,0.461279857946,0.210743063126,2.52908688392,8.38542029997,0.00484750700422,7625.91582775,4.0,
1184.48482735,0.924226329984,0.00452827351497,0.453829710301,0.213893448468,2.53406250967,9.5946982909,0.00452827351497,7809.41852058,4.0,
1126.9271015,0.928542879011,0.00490103701004,0.459187629456,0.211495836504,2.51576174002,9.12103243809,0.00490103701004,7881.86834453,4.0,
996.378444367,0.93723554589,0.00474798985704,0.466852991282,0.210011196774,2.52560940661,8.3477502616,0.00474798985704,7934.25188377,4.0,
1098.25985351,0.929901284402,0.00503510534279,0.462850835725,0.207103657258,2.50066646025,8.94768050227,0.00503510534279,7831.36365649,4.0,
896.62085804,0.940932176867,0.00552028185008,0.472763430097,0.219310432864,2.46919124824,7.81862574119,0.00552028185008,7587.00591409,4.0,
1014.3540286,0.937292247841,0.0050499477535,0.459442979318,0.214060786121,2.5104364569,8.2124171608,0.0050499477535,8084.96328806,4.0,
1018.72340426,0.93559706292,0.00516357735676,0.459432883366,0.210907570388,2.48360435069,8.23299616324,0.00516357735676,7906.2365036,4.0,
1106.43913498,0.929773730013,0.00481782218281,0.458134859838,0.215385154363,2.50629665186,8.95047087548,0.00481782218281,7866.66368013,4.0,
976.406348099,0.936680232749,0.00496673292627,0.458661592672,0.21487474805,2.50999782748,8.41402162539,0.00496673292627,7707.40989887,4.0,
972.899197768,0.936850207082,0.00497524906356,0.469651287199,0.207293082389,2.52880808255,8.49808161842,0.00497524906356,7699.92000306,4.0,
1016.43843739,0.935421050687,0.00512002339748,0.458800697779,0.220963491094,2.49601489751,8.16707359609,0.00512002339748,7866.9041958,4.0,
954.938611789,0.934139965239,0.00369539528807,0.433601333617,0.20065509772,2.64112068921,8.77397976979,0.00369539528807,7238.2233041,5.0,
933.064178584,0.937195750915,0.00506868325553,0.456568397764,0.209481372946,2.52681838398,8.16219044297,0.00506868325553,7418.21244091,5.0,
1043.16532961,0.9324903737,0.00479130049811,0.455193663872,0.206143044133,2.52060926446,8.62678758284,0.00479130049811,7716.16068884,5.0,
792.370770841,0.945540606729,0.0045467656988,0.449034930082,0.20719176566,2.56423327324,7.72968259505,0.0045467656988,7265.99075832,5.0,
972.427624695,0.935854664587,0.00455649842713,0.4562513755,0.206082687109,2.54997696186,8.50784792466,0.00455649842713,7569.85406358,5.0,
961.392047436,0.934215388218,0.00463411693557,0.444166612134,0.205953914266,2.57927315739,8.57446808511,0.00463411693557,7297.99659942,5.0,
878.147192187,0.940789330582,0.00528134336956,0.441936012869,0.202196067991,2.56566638567,8.22811301012,0.00528134336956,7408.21095409,5.0,
945.665155215,0.938661617372,0.00480030327181,0.44003069739,0.205961487872,2.58230932888,8.55319148936,0.00480030327181,7701.79949606,5.0,
867.750959191,0.940036786761,0.00509033857607,0.444397844954,0.209464316354,2.56748090203,8.1130101151,0.00509033857607,7228.52317113,5.0,
957.630973143,0.938039177863,0.00477986454232,0.442801742184,0.205767407824,2.56943906065,8.25392396233,0.00477986454232,7718.93486238,5.0,
1000.6459714,0.933200156448,0.00509471830382,0.449637023023,0.208166700101,2.54980364736,8.75479595396,0.00509471830382,7480.39074374,5.0,
982.013951866,0.937889179702,0.00489836050975,0.438591985936,0.213634235445,2.53433129693,8.24206487618,0.00489836050975,7895.85122795,5.0,
911.046738751,0.938080212852,0.00486429596059,0.447707038676,0.201044846122,2.58456569119,8.45587722358,0.00486429596059,7348.86478165,5.0,
975.977328218,0.934538244819,0.00485845632359,0.442643593061,0.203177340076,2.56137022166,8.68887338682,0.00485845632359,7445.98831078,5.0,
938.341123125,0.935748149161,0.00468837689601,0.438405007217,0.204331719189,2.58276437083,8.69968608301,0.00468837689601,7293.70584994,5.0,
969.53958842,0.934485754085,0.0047263345365,0.434086209626,0.196182701993,2.60867146213,8.97732821765,0.0047263345365,7391.52854567,5.0,
831.899546564,0.94409418459,0.00500396061214,0.443894468005,0.203888848309,2.57952957216,8.00906871294,0.00500396061214,7431.63602394,5.0,
951.217997907,0.937367480656,0.00453922283434,0.44195298954,0.205325731079,2.56508424585,8.24904080921,0.00453922283434,7584.00388883,5.0,
913.92082316,0.938606271749,0.00429103826191,0.430536563112,0.195566216936,2.63728676659,8.60097663062,0.00429103826191,7435.37006549,5.0,
969.928845483,0.936562225559,0.00427546589658,0.452118053212,0.205075277956,2.60663451959,8.36763167074,0.00427546589658,7637.1150108,5.0,
838.785838856,0.944256922275,0.00460370215953,0.446508729546,0.205537264226,2.59082837862,7.84548308336,0.00460370215953,7517.80718398,5.0,
919.22288106,0.937100260367,0.00484872359526,0.447057089744,0.194446837754,2.57341554786,8.40111614928,0.00484872359526,7301.01557735,5.0,
1018.01430066,0.933738343611,0.00454895556267,0.451602547336,0.206072341181,2.55983590845,8.6400418556,0.00454895556267,7674.96742301,5.0,
886.491454482,0.939198087726,0.0043937185458,0.438041390358,0.201234606834,2.62020470152,8.50749912801,0.0043937185458,7283.60565056,5.0,
939.367282874,0.936818729844,0.0039995430484,0.438976779294,0.197515351267,2.62943188941,8.65992326474,0.0039995430484,7425.22852373,5.0,
991.403906522,0.932541285917,0.00488789782679,0.438103407741,0.209237438291,2.6036200201,8.61981164981,0.00488789782679,7340.5197742,5.0,
794.651203348,0.944296192641,0.00591762048418,0.4546034208,0.207157453863,2.52120833764,7.63341471922,0.00591762048418,7124.18359992,5.0,
965.648761772,0.938342249678,0.00587528311594,0.45497019375,0.209691410356,2.53481004334,8.22148587374,0.00587528311594,7822.1390688,5.0,
889.023369376,0.939333241796,0.00514557180935,0.448798612992,0.207996162931,2.57105549497,8.36623648413,0.00514557180935,7315.42865941,5.0,
917.579002442,0.937747876058,0.00553220444228,0.453529528459,0.212743223746,2.52531941034,8.09940704569,0.00553220444228,7361.52594195,5.0,
974.264736659,0.936490940145,0.00548986707405,0.449937385519,0.211894276937,2.54753479688,8.54028601325,0.00548986707405,7661.74287035,5.0,
937.620509243,0.936292412717,0.00511077730556,0.459596727214,0.204890004895,2.55449184459,8.24346006278,0.00511077730556,7350.28479204,5.0,
814.553540286,0.940714411867,0.00511126394198,0.443140938262,0.208132103711,2.56465575369,8.00244157656,0.00511126394198,6861.95731788,5.0,
906.617021277,0.938117764054,0.00572320923578,0.46100639509,0.214686401361,2.49838438521,8.16637600279,0.00572320923578,7316.02541364,5.0,
854.384025113,0.940011872045,0.00583756879366,0.460169054907,0.206601509039,2.51769188385,8.09801185909,0.00583756879366,7111.78516514,5.0,
962.094523893,0.934907061023,0.00435454431427,0.449700037104,0.206865216207,2.59504828463,8.45587722358,0.00435454431427,7380.13287537,5.0,
953.895709801,0.934380624441,0.00480103322644,0.433117355962,0.211857733527,2.56215069375,8.23194977328,0.00480103322644,7258.2793398,5.0,
863.774328566,0.941255142197,0.00433459222119,0.437372495747,0.209022773573,2.61060606247,7.84199511685,0.00433459222119,7342.23294315,5.0,
832.587024765,0.94131163676,0.00469810962434,0.44731259986,0.200893261464,2.56140458617,8.04987792117,0.00469810962434,7084.25655694,5.0,
1015.24346006,0.931871205221,0.00476064240387,0.442076502398,0.198795980568,2.57398029924,8.83606557377,0.00476064240387,7440.89809119,5.0,
849.77293338,0.94221032607,0.00512878285298,0.447169549497,0.202087029275,2.53203629462,7.87408440879,0.00512878285298,7342.96252282,5.0,
930.431810255,0.935990951705,0.00455893160921,0.441948105249,0.205351211234,2.58224003931,8.12486920126,0.00455893160921,7258.18437681,5.0,
847.00732473,0.941736978096,0.00462365425261,0.44297369524,0.204967981214,2.56863224513,7.7970003488,0.00462365425261,7258.47755505,5.0,
925.076386467,0.939150244847,0.00473728385587,0.431953371101,0.200069625385,2.62015403779,8.40181374259,0.00473728385587,7593.54001192,5.0,
848.379839554,0.94215902387,0.0053502024225,0.435647809522,0.202571998911,2.57307704896,8.14893617021,0.0053502024225,7326.259905,5.0,
940.464248343,0.936436431465,0.00507622611999,0.446125736329,0.209005187482,2.5601553138,8.43983257761,0.00507622611999,7390.80983529,5.0,
947.771189397,0.936343738746,0.00463679343586,0.445346364674,0.210569429843,2.54770599214,8.47854900593,0.00463679343586,7433.32508797,5.0,
1033.4265783,0.934230851995,0.00544606979656,0.467984707813,0.215448817206,2.48466005775,8.49040809208,0.00544606979656,7846.76691989,5.0,
995.559818626,0.936056602458,0.00568062854933,0.459352226667,0.210946759694,2.48921483736,8.21346355075,0.00568062854933,7774.1389145,5.0,
827.552493896,0.942525838463,0.00552612148708,0.45772686898,0.21141641855,2.52058965877,7.90826648064,0.00552612148708,7191.18149923,5.0,
896.516567841,0.93648875635,0.00514557180935,0.419610731125,0.187371554951,2.67297127275,9.01674223927,0.00514557180935,7048.04093954,6.0,
958.171607953,0.937219549819,0.00449518223865,0.44344032237,0.207152875703,2.5766214578,8.16951517265,0.00449518223865,7621.22311051,6.0,
1130.74851761,0.926952700702,0.00496235319852,0.454830351142,0.206200880321,2.56482018797,9.29333798396,0.00496235319852,7729.3215781,6.0,
931.800837112,0.939410148128,0.005200075088,0.456174352282,0.212085399569,2.55097979493,8.08894314615,0.005200075088,7678.15898926,6.0,
973.632019533,0.935426646143,0.00586579370582,0.458697359595,0.208762927694,2.52637869289,8.73910010464,0.00586579370582,7529.78923537,6.0,
947.84687827,0.937592361816,0.00507306298328,0.466265642277,0.208888944997,2.5472337875,8.19776770143,0.00507306298328,7583.68014535,6.0,
1105.98848971,0.927977300196,0.0054738080723,0.448609585433,0.207567142723,2.53558449096,9.27833972794,0.0054738080723,7668.59231052,6.0,
961.652249738,0.939769806929,0.00516138749288,0.448852698936,0.201447329372,2.53777093747,8.06731775375,0.00516138749288,7972.49256903,6.0,
992.082664806,0.934954284775,0.00578014569651,0.466259312441,0.216534456251,2.49533422249,8.26264387862,0.00578014569651,7616.16765455,6.0,
1015.47854901,0.93466649828,0.00543171402227,0.45839205239,0.215286249461,2.51331160607,8.76142309034,0.00543171402227,7760.79330717,6.0,
843.870945239,0.944255117664,0.00593781589547,0.474486206615,0.219447754528,2.48112788029,7.49843041507,0.00593781589547,7559.47505934,6.0,
938.188698988,0.938500116857,0.00505165098096,0.454752935658,0.210360669959,2.55267905212,8.25008719916,0.00505165098096,7617.3352233,6.0,
886.180676666,0.940200654704,0.00533876646671,0.455522954286,0.214151992825,2.53306443972,7.81792814789,0.00533876646671,7400.56552614,6.0,
1025.45517963,0.93226584304,0.00577844246905,0.479339347555,0.219870999775,2.47792930649,8.40599930241,0.00577844246905,7560.5174141,6.0,
876.727241018,0.944817892953,0.0055472901712,0.465881255285,0.220417597444,2.49278372777,7.46878269969,0.0055472901712,7933.73802856,6.0,
1042.5730729,0.93131125875,0.00529350927997,0.456324555053,0.199991943594,2.55671263512,8.83188001395,0.00529350927997,7578.73008386,6.0,
1097.26927101,0.926727523295,0.00523608618282,0.45313768253,0.211311666639,2.55816797441,9.40320892919,0.00523608618282,7477.95438371,6.0,
1140.55737705,0.926762298638,0.00476964517757,0.45004781922,0.205126447674,2.56702003779,9.3477502616,0.00476964517757,7776.56847504,6.0,
1039.49284967,0.932737921509,0.00521856727183,0.444577014365,0.215006398808,2.53604946477,8.8761771887,0.00521856727183,7717.73556165,6.0,
843.632019533,0.9420021137,0.00554242380703,0.465695537616,0.208645571092,2.52860524835,7.97244506453,0.00554242380703,7263.53529656,6.0,
1082.50959191,0.929933735559,0.00582491624683,0.456739848237,0.215979092276,2.51399673075,9.12556679456,0.00582491624683,7715.52498327,6.0,
1131.29752354,0.927562002759,0.00500323065751,0.456765340556,0.20608669047,2.54878469386,9.35612138123,0.00500323065751,7799.03939176,6.0,
798.260202302,0.946789309411,0.00506430352779,0.45634773169,0.211987067354,2.54761896324,7.48866410882,0.00506430352779,7491.21699994,6.0,
921.801185909,0.938570218003,0.00566919259354,0.460176621351,0.208014081542,2.50376913398,8.24555284269,0.00566919259354,7494.00083592,6.0,
1095.38332752,0.93065189901,0.00587771629803,0.452777286897,0.215359413432,2.5097571558,9.10708057203,0.00587771629803,7888.43708308,6.0,
887.407394489,0.942058068209,0.00574437791989,0.466277297791,0.219923233277,2.49156998887,7.62783397279,0.00574437791989,7647.85708903,6.0,
1061.10742937,0.931836472107,0.00552782471454,0.456159051507,0.217343361933,2.5107192062,8.67073596093,0.00552782471454,7774.30280589,6.0,
926.245204046,0.940892660848,0.00583635220262,0.452936246897,0.209167360469,2.50658838945,8.18730380188,0.00583635220262,7825.89586373,6.0,
1132.12731078,0.926604362767,0.00526431109498,0.444956002485,0.205904437479,2.56225092906,9.37111963725,0.00526431109498,7703.29707514,6.0,
1048.98290896,0.930690734026,0.00573610510081,0.471390533505,0.216239409014,2.51462807535,8.97104987792,0.00573610510081,7558.03340528,6.0,
951.986396931,0.938410463832,0.00535750196875,0.456707845822,0.214734071502,2.53517565492,8.15870247646,0.00535750196875,7719.30872254,6.0,
947.14475061,0.941262666394,0.00547040161738,0.459726381513,0.216492810818,2.49929463102,7.91698639693,0.00547040161738,8052.79033002,6.0,
1034.01116149,0.935604630503,0.00533998305775,0.455985329781,0.212836668162,2.49504462807,8.23857690966,0.00533998305775,8019.14948412,6.0,
850.29682595,0.945844929821,0.0052414391834,0.459474548343,0.218127719142,2.53515190058,7.51133589118,0.0052414391834,7841.34773375,6.0,
859.115451692,0.942417431529,0.00598915603741,0.467229463415,0.213688442554,2.47513451531,7.76421346355,0.00598915603741,7451.5957021,6.0,
966.886641088,0.936645203299,0.00642104585709,0.460081177752,0.219207045271,2.4845523361,8.26717823509,0.00642104585709,7622.21296779,6.0,
995.902685734,0.936951363812,0.00570009400599,0.470450401265,0.215810570467,2.49200972788,8.30170910359,0.00570009400599,7888.84715958,6.0,
919.196023718,0.938981748251,0.00506576343704,0.46012410636,0.213306662882,2.54331515201,8.16986396931,0.00506576343704,7522.15413238,6.0,
1022.65259854,0.933172448474,0.00503997170696,0.443596277142,0.213937575577,2.54601760251,8.58144401814,0.00503997170696,7640.76524991,6.0,
1024.12277642,0.932543846903,0.00529058946147,0.450270178431,0.202530678994,2.55861148876,8.77223578654,0.00529058946147,7580.71850942,6.0,
923.501569585,0.937341513999,0.00541249188382,0.440152368557,0.206323424761,2.55336413991,8.41402162539,0.00541249188382,7360.01148806,6.0,
905.400069759,0.941974416709,0.00569060459587,0.458547227508,0.20917302276,2.51673063227,7.94140216254,0.00569060459587,7791.10265814,6.0,
1097.33798396,0.927158098055,0.00543220065869,0.450956551689,0.213143815925,2.54068320271,9.07010812696,0.00543220065869,7522.32329824,6.0,
966.247994419,0.936566898066,0.00570009400599,0.472209977495,0.216238560399,2.50481251973,8.19707010813,0.00570009400599,7606.50536222,6.0,
919.359958144,0.940060165522,0.00528280327881,0.458269715965,0.208464755154,2.54162624121,8.19846529473,0.00528280327881,7659.34380927,6.0,
944.133589118,0.939326443997,0.00519593867846,0.443878724014,0.213208900736,2.55129213952,8.23264736659,0.00519593867846,7770.69567136,6.0,
773.642483432,0.947890016767,0.00567138245741,0.458875523339,0.206474158675,2.5217372819,7.41367282874,0.00567138245741,7413.88943794,6.0,
933.367631671,0.938729925462,0.0057151797349,0.46489323655,0.214585590742,2.52409125261,8.123125218,0.0057151797349,7607.75760132,6.0,
810.763864667,0.949096747671,0.00514265199085,0.446468108865,0.210003114622,2.55577587499,7.15033135682,0.00514265199085,7954.04739218,6.0,
972.604464597,0.935538680334,0.00565240363717,0.460001786905,0.214299961375,2.52476377522,8.25706313219,0.00565240363717,7534.83591706,6.0,
821.262295082,0.945637096909,0.00611714141496,0.465759288585,0.213215142701,2.49136823651,7.69410533659,0.00611714141496,7541.32034609,7.0,
945.647017789,0.939151251888,0.00497573569998,0.470898071396,0.225211668742,2.51742822926,8.04743634461,0.00497573569998,7756.74158438,7.0,
987.192535752,0.934584623995,0.00492780201295,0.471926142655,0.223129678422,2.50587613629,8.31496337635,0.00492780201295,7531.98445905,7.0,
1150.3017091,0.92365006057,0.00481636227356,0.449887539139,0.204402636883,2.56000636107,9.88943146146,0.00481636227356,7520.28818271,7.0,
912.406696896,0.939939586633,0.00523316636432,0.461873748102,0.215864400743,2.52589343482,8.25880711545,0.00523316636432,7583.86063256,7.0,
855.787234043,0.943423798566,0.00542879420377,0.469989727721,0.213677259215,2.52872191121,7.77677014301,0.00542879420377,7550.91719261,7.0,
962.204394838,0.937160527534,0.00534411946729,0.471100335176,0.212594163231,2.50740847134,8.18276944541,0.00534411946729,7643.49666149,7.0,
1086.60585978,0.929628572091,0.00418446488669,0.443169003287,0.209401842604,2.57175174185,8.99790722009,0.00418446488669,7707.53760808,7.0,
1032.27415417,0.932586659371,0.0053443627855,0.469264248108,0.213997661274,2.51583713053,8.62643878619,0.0053443627855,7644.08007189,7.0,
927.814091385,0.939245511812,0.00495310710661,0.462645954395,0.224701963317,2.49900280857,7.92570631322,0.00495310710661,7622.9714144,7.0,
925.950122079,0.940724903154,0.00486259273313,0.459359539564,0.210717687019,2.55214026063,8.1907917684,0.00486259273313,7798.00762635,7.0,
818.868503662,0.9454806781,0.00540957206532,0.476942777696,0.218042316213,2.49831837588,7.18032786885,0.00540957206532,7498.5535342,7.0,
1108.39100105,0.928193621936,0.00387399085294,0.442577404295,0.207490034333,2.60793969695,9.00627833973,0.00387399085294,7705.59552804,7.0,
933.15102895,0.938331804082,0.00457742379304,0.458415025991,0.218995734817,2.54788465991,8.05301709104,0.00457742379304,7554.51579299,7.0,
988.803976282,0.935052665082,0.00439298859117,0.441862806438,0.215606534482,2.56731540484,8.37914196024,0.00439298859117,7600.22499224,7.0,
964.329612836,0.937141202786,0.00509155516711,0.447776687022,0.20950622881,2.56079146134,8.50191838158,0.00509155516711,7658.27734045,7.0,
850.028950122,0.942918491234,0.00509520494024,0.455910735715,0.217667595469,2.53504156661,7.6968957098,0.00509520494024,7434.39734183,7.0,
967.788978026,0.936467355536,0.00418397825027,0.443362377478,0.212740546167,2.5855610934,8.40844087897,0.00418397825027,7604.26445188,7.0,
877.318451343,0.941581581011,0.00426402994079,0.450202233596,0.213871111322,2.58803432688,7.92884548308,0.00426402994079,7497.29085541,7.0,
1021.68608301,0.933338001151,0.00512926948939,0.448763653033,0.207711180924,2.55308909995,8.89501220788,0.00512926948939,7650.95848639,7.0,
1002.22183467,0.933412994534,0.00465674552894,0.452844561649,0.215798323504,2.54868863058,8.50296477154,0.00465674552894,7513.85045566,7.0,
968.532612487,0.935991394825,0.00472195480875,0.453935377829,0.211449546214,2.54595579666,8.29543076386,0.00472195480875,7553.79377325,7.0,
998.565399372,0.934601279638,0.00489836050975,0.450646458198,0.212065827022,2.55225423874,8.38611789327,0.00489836050975,7622.92911961,7.0,
812.684687827,0.944301211515,0.00475674931253,0.448504582676,0.203477059205,2.5826274268,7.76735263341,0.00475674931253,7284.17458303,7.0,
863.631670736,0.943195534785,0.00459031965808,0.460400491871,0.217702457206,2.53207573794,7.41402162539,0.00459031965808,7590.18541176,7.0,
903.113010115,0.9381341977,0.0043173166284,0.442734850342,0.207826311393,2.58463392346,8.24659923265,0.0043173166284,7286.28570865,7.0,
952.897453784,0.937459003876,0.00452876015139,0.444723642355,0.209178683936,2.55968524644,8.27241018486,0.00452876015139,7606.99099008,7.0,
1092.79246599,0.925496863024,0.00512099667031,0.443281731185,0.212634738211,2.5300482496,9.2800837112,0.00512099667031,7323.1501013,7.0,
1082.32159051,0.928325883215,0.00411730906121,0.443374913443,0.209009746202,2.60579574421,9.35542378793,0.00411730906121,7538.3994858,7.0,
996.856993373,0.932987984358,0.00542514443065,0.459824256814,0.209801811308,2.50453046503,8.73770491803,0.00542514443065,7426.58847169,7.0,
830.643181025,0.943673784102,0.00427254607808,0.448971178568,0.216566147454,2.58441142481,7.80118590862,0.00427254607808,7361.57461456,7.0,
870.755144751,0.939983846417,0.00530762173605,0.463797525748,0.222187822357,2.50490065628,7.81688175794,0.00530762173605,7243.43663906,7.0,
984.326822463,0.934861163786,0.00463046716244,0.450369027177,0.207979832026,2.55050123846,8.57795605162,0.00463046716244,7544.28606122,7.0,
1042.54726195,0.93447439728,0.00467596766739,0.448097820876,0.208773103861,2.56081312223,8.75863271713,0.00467596766739,7943.9047412,7.0,
818.687129404,0.945567464207,0.00602808695073,0.462460859139,0.214999336809,2.48680651127,7.77258458319,0.00602808695073,7510.09945632,7.0,
896.691314963,0.942111177966,0.00499836429334,0.466473260954,0.213579458371,2.5258600696,7.73700732473,0.00499836429334,7733.48602484,7.0,
987.07394489,0.934387111769,0.00472852440038,0.453927439073,0.210945806356,2.55568354344,8.5270317405,0.00472852440038,7510.44612324,7.0,
967.700732473,0.935186246952,0.00512999944402,0.465617838312,0.210351760523,2.51872580577,8.28322288106,0.00512999944402,7453.13140497,7.0,
1030.64283223,0.932468114576,0.00444773518803,0.441161611642,0.206717844396,2.58802772526,8.92117195675,0.00444773518803,7619.20520037,7.0,
809.956400419,0.945312756567,0.0044995619664,0.44934012344,0.211366465559,2.58354899992,7.4952912452,0.0044995619664,7393.76001747,7.0,
1018.15556331,0.932809176634,0.00470054280642,0.455864600075,0.214629765641,2.55902930135,8.81130101151,0.00470054280642,7563.40137881,7.0,
945.881757935,0.938147914762,0.00489860382796,0.459599895484,0.213806089031,2.54233904206,8.09940704569,0.00489860382796,7631.13942003,7.0,
947.959190792,0.936536098003,0.00435649085993,0.454064317252,0.213657295721,2.57180478514,8.26194628532,0.00435649085993,7454.48153552,7.0,
1049.42343913,0.930728764403,0.00458375006646,0.452113437507,0.208594576927,2.56585689207,8.71886989885,0.00458375006646,7562.15511393,7.0,
981.53331008,0.929888449329,0.00405939932764,0.448114356441,0.204385581702,2.62303453154,8.91663760028,0.00405939932764,6984.60014801,7.0,
912.14475061,0.939727966817,0.00475528940329,0.468961896444,0.207312111207,2.55828581342,7.92570631322,0.00475528940329,7554.18162223,7.0,
897.575863272,0.939184249062,0.00531686782797,0.466540792354,0.217912100262,2.51095118105,7.91559121032,0.00531686782797,7366.48032413,7.0,
1064.64178584,0.928339993505,0.00520640136141,0.471261960876,0.21040737313,2.51966291658,8.94175095919,0.00520640136141,7417.90849994,7.0,
958.221137077,0.936430326155,0.00529058946147,0.484847361715,0.213231909004,2.49283280125,7.94977328218,0.00529058946147,7524.6026464,7.0,
1050.76212068,0.932439165666,0.00485602314151,0.460242606949,0.218170434313,2.52924984803,8.65259853505,0.00485602314151,7767.22580724,7.0,
