308.684420956,0.9791731898,0.00518545817339,0.509184988604,0.234531333196,2.54344939856,3.92881433824,0.00518545817339,7406.9086142,1.0,
322.831112132,0.978652393898,0.00589677751271,0.516406271511,0.234134513054,2.48835353272,3.88120404412,0.00589677751271,7557.89057217,1.0,
333.109191176,0.978714557978,0.00515728485213,0.512056858632,0.235119722591,2.53044172548,3.90119485294,0.00515728485213,7820.94545615,1.0,
285.003354779,0.981176604737,0.00578726059013,0.51488421109,0.236034856385,2.49239591246,3.62679227941,0.00578726059013,7566.97989119,1.0,
293.401378676,0.980898972899,0.00538351197556,0.514510105904,0.231109807374,2.51385886666,3.72794117647,0.00538351197556,7676.0927215,1.0,
315.958409926,0.979260384457,0.00600629443528,0.52188892465,0.236358063949,2.46868687355,3.79122242647,0.00600629443528,7613.57043582,1.0,
323.975505515,0.978499168578,0.00579012016112,0.516441588066,0.234432216008,2.49444344753,3.93239889706,0.00579012016112,7530.21906423,1.0,
308.976838235,0.979921207044,0.00603282044091,0.528759186712,0.238205418505,2.45800715135,3.6484375,0.00603282044091,7690.37814848,1.0,
326.471001838,0.979097899721,0.00653361284197,0.516884250793,0.238869975743,2.51271753024,3.90032169118,0.00653361284197,7806.53492639,1.0,
311.577481618,0.978962413904,0.00737904901736,0.527608893321,0.237101906914,2.4476497311,3.81516544118,0.00737904901736,7402.51464583,1.0,
353.542784926,0.976803096998,0.00688245515922,0.518419222169,0.239294261762,2.46606928898,4.10647977941,0.00688245515922,7617.50571677,1.0,
285.184834559,0.981652946077,0.00658140189095,0.527122747221,0.238151775784,2.49018843387,3.60119485294,0.00658140189095,7769.0325249,1.0,
257.492003676,0.982365492095,0.00710866538711,0.525208409882,0.242435076097,2.44948020799,3.41378676471,0.00710866538711,7298.23266745,1.0,
295.60859375,0.980089734887,0.00698068585775,0.522986995273,0.239154362945,2.47845032794,3.79590992647,0.00698068585775,7420.95146803,1.0,
318.705330882,0.978979205832,0.00674471845264,0.517708806463,0.23742022734,2.49901520263,3.88492647059,0.00674471845264,7578.11810629,1.0,
320.634558824,0.979318106349,0.00707301156331,0.519580503998,0.239024689885,2.47282469714,3.86011029412,0.00707301156331,7748.94270086,1.0,
295.794117647,0.98101060746,0.0064942335505,0.527211412598,0.243055848867,2.47370478923,3.66516544118,0.0064942335505,7785.50501645,1.0,
297.984788603,0.981387500536,0.007124116363,0.527268307288,0.239671725791,2.47303231178,3.63037683824,0.007124116363,8002.45190858,1.0,
272.793152574,0.982414685091,0.00617484439203,0.526223588123,0.24367752971,2.49136797175,3.51263786765,0.00617484439203,7753.36040977,1.0,
322.742509191,0.979231461376,0.00669641831342,0.529306261,0.24073908334,2.46499333253,3.88147977941,0.00669641831342,7766.96481259,1.0,
272.397886029,0.982449886073,0.00729866423821,0.540938232151,0.243569499832,2.42593227123,3.37518382353,0.00729866423821,7757.70916134,1.0,
282.076792279,0.981727826081,0.00736227596507,0.534337632646,0.244385600422,2.42803681042,3.49765625,0.00736227596507,7716.06600155,1.0,
299.523069853,0.981463354478,0.00705601464506,0.525616600019,0.236826965683,2.46000300941,3.62297794118,0.00705601464506,8076.69718031,1.0,
308.267830882,0.979519823289,0.00685229661143,0.528144310051,0.245166722388,2.44393423723,3.66387867647,0.00685229661143,7523.1217174,1.0,
295.271001838,0.980932519719,0.00692357891571,0.520878144158,0.237752078049,2.47363898699,3.82761948529,0.00692357891571,7740.0572426,1.0,
362.067049632,0.976800771646,0.00677672283872,0.516471055541,0.23838981628,2.49342961779,4.17844669118,0.00677672283872,7800.49167038,1.0,
314.644347426,0.979875768289,0.00671426423281,0.532078239883,0.244040925747,2.47310378307,3.74416360294,0.00671426423281,7814.71624183,1.0,
295.160891544,0.980172999289,0.0066551509448,0.527478495027,0.236724767822,2.4868877062,3.69103860294,0.0066551509448,7440.73064555,1.0,
294.973713235,0.979989214746,0.00683415079612,0.521608840595,0.237500577394,2.5164996075,3.84715073529,0.00683415079612,7367.76462743,1.0,
287.271645221,0.981577423414,0.00774663694177,0.52618210419,0.234585270341,2.45007568473,3.81272977941,0.00774663694177,7794.06976992,1.0,
312.527113971,0.97891853483,0.00685067041522,0.524737259813,0.239707836453,2.49529441513,3.92582720588,0.00685067041522,7409.63965058,1.0,
301.355147059,0.979642976417,0.00717076073881,0.533006545382,0.24256267628,2.44850132183,3.67270220588,0.00717076073881,7399.06070409,1.0,
325.662086397,0.978997385994,0.0072383851576,0.532815439562,0.242058865104,2.44748010857,3.88175551471,0.0072383851576,7749.94541464,1.0,
297.009972426,0.980119436343,0.00686997357537,0.526836878412,0.242100121387,2.4945617874,3.78129595588,0.00686997357537,7467.32468583,1.0,
311.620680147,0.979330909687,0.00826600599454,0.536025956745,0.247509119976,2.39661467102,3.73768382353,0.00826600599454,7535.56122548,1.0,
315.264108456,0.979087161796,0.00745940000541,0.531756515538,0.242540146216,2.45186108639,3.76171875,0.00745940000541,7535.08634008,1.0,
364.154044118,0.977255877943,0.00658932590155,0.524228462274,0.244913407258,2.49218707278,4.0578125,0.00658932590155,8002.63582801,1.0,
298.191498162,0.980098855134,0.00657477883732,0.515351994474,0.237551146965,2.51284221074,3.79646139706,0.00657477883732,7488.83930622,1.0,
258.472472426,0.983259478553,0.00710555660683,0.525158867594,0.238055683871,2.51735196559,3.40684742647,0.00710555660683,7717.3936108,1.0,
321.232536765,0.978563232236,0.00724067028006,0.525778620978,0.239258807225,2.47368879025,3.93207720588,0.00724067028006,7489.92007088,1.0,
286.159650735,0.981629927584,0.00732481431796,0.517513209275,0.237306069757,2.45132296747,3.67490808824,0.00732481431796,7785.95368906,1.0,
353.215441176,0.976978816629,0.00665680670821,0.52164624303,0.241597409452,2.46869678067,4.07279411765,0.00665680670821,7668.76280846,1.0,
301.055055147,0.980383827122,0.00692876162414,0.529518355539,0.241482564321,2.47494792714,3.75992647059,0.00692876162414,7671.09691151,1.0,
294.530560662,0.980399349602,0.00695785152871,0.526371229697,0.240738188337,2.4845412617,3.74701286765,0.00695785152871,7510.73318056,1.0,
307.042141544,0.97916403097,0.00744997229131,0.529312205489,0.238977526866,2.44877441105,3.72495404412,0.00744997229131,7365.631905,1.0,
309.481295956,0.978522307616,0.00651423365187,0.51844298602,0.237722146758,2.50785752182,3.94122242647,0.00651423365187,7201.94560223,1.0,
311.888373162,0.979145431376,0.00727873594291,0.52788009963,0.241820740067,2.47615543669,3.80592830882,0.00727873594291,7475.23435231,1.0,
309.239797794,0.979994079113,0.00709460829369,0.532399776738,0.242549380989,2.46862565148,3.71617647059,0.00709460829369,7726.13163802,1.0,
307.578170956,0.979966151596,0.00727896825665,0.535925512899,0.244396642773,2.44827810364,3.61539522059,0.00727896825665,7673.85552617,1.0,
305.565533088,0.980475051614,0.00727017834937,0.538974076989,0.244011702294,2.42645595247,3.66783088235,0.00727017834937,7822.08821033,1.0,
360.077389706,0.977575828399,0.00630894010867,0.525859882946,0.237327388562,2.49078656427,3.99963235294,0.00630894010867,8025.73559128,2.0,
322.735891544,0.979528056276,0.00618399755353,0.526774371388,0.239424026723,2.48761662498,3.73993566176,0.00618399755353,7879.02455426,2.0,
308.540441176,0.979597319596,0.00672235297497,0.523906602022,0.23999703629,2.44226696299,3.84329044118,0.00672235297497,7558.23869877,2.0,
323.192647059,0.979564759939,0.00660975683932,0.534202818182,0.237912541153,2.48230885193,3.85744485294,0.00660975683932,7904.5256111,2.0,
308.007215074,0.980629470235,0.0063807926376,0.531220357467,0.242650245798,2.45615621847,3.64296875,0.0063807926376,7946.85258928,2.0,
342.056433824,0.977900107459,0.00653256531818,0.524231723244,0.236306935014,2.49070549295,4.01001838235,0.00653256531818,7735.55357849,2.0,
297.630376838,0.980779560161,0.00612074063311,0.522541270519,0.237391489623,2.51953690605,3.74793198529,0.00612074063311,7739.28855618,2.0,
357.349586397,0.977078546919,0.00630150606888,0.5280509277,0.240406216623,2.46429680012,4.16861213235,0.00630150606888,7791.31713562,2.0,
364.874126838,0.9771084107,0.00538330078125,0.516824941199,0.237024268421,2.55611230538,4.18874080882,0.00538330078125,7965.80389499,2.0,
361.110431985,0.976701805713,0.00536164069258,0.518192385584,0.237647341867,2.5423259311,4.17743566176,0.00536164069258,7746.00974911,2.0,
356.30234375,0.976685714044,0.00660097115593,0.525420681812,0.235962578518,2.48805957877,4.17605698529,0.00660097115593,7638.05473062,2.0,
331.510569853,0.978281650149,0.00641654361078,0.524294205754,0.23882019295,2.50570325543,4.00303308824,0.00641654361078,7628.87123574,2.0,
294.217876838,0.980612486639,0.00723770511192,0.53168616952,0.238284134469,2.43710492738,3.62366727941,0.00723770511192,7584.71767425,2.0,
309.807398897,0.979519887376,0.00658054444204,0.517045248088,0.234687123161,2.50850637282,3.94977022059,0.00658054444204,7560.24721648,2.0,
333.662913603,0.979184494156,0.00677350846129,0.531064267733,0.240324295022,2.46817372835,3.82504595588,0.00677350846129,8011.33805908,2.0,
328.682490809,0.979040481581,0.00661414123324,0.520277214775,0.239460174248,2.46033795293,3.83690257353,0.00661414123324,7837.36863293,2.0,
367.449264706,0.976572571041,0.00653520102319,0.531458721809,0.239095232412,2.46328936116,4.0234375,0.00653520102319,7838.82669249,2.0,
335.847472426,0.978458253109,0.00661888888138,0.522572854018,0.235130743784,2.48192961042,4.03304227941,0.00661888888138,7791.83173348,2.0,
352.366865809,0.977920200321,0.00638301017788,0.529953691104,0.242517162904,2.46847408458,3.98129595588,0.00638301017788,7975.87314061,2.0,
307.227389706,0.97985523982,0.00695966357591,0.526163647642,0.239054431547,2.44710890293,3.76139705882,0.00695966357591,7622.41857942,2.0,
346.822702206,0.976378566579,0.00566742048957,0.516935901264,0.23294403552,2.54970395245,4.23520220588,0.00566742048957,7337.76176456,2.0,
316.225827206,0.979536128842,0.00562301899735,0.518162555759,0.236255861689,2.54076896367,3.86700367647,0.00562301899735,7722.80329237,2.0,
282.079779412,0.981605577361,0.0064175826868,0.528136097212,0.238815669925,2.4757436369,3.58676470588,0.0064175826868,7664.06600315,2.0,
336.919209559,0.978917858532,0.00706345713262,0.525730733126,0.241647870007,2.42259250422,3.90965073529,0.00706345713262,7986.91577187,2.0,
337.592509191,0.978191826511,0.00707001682796,0.528907338113,0.23752566147,2.45147599517,3.94967830882,0.00707001682796,7736.26631596,2.0,
345.341727941,0.978079553038,0.00578482340776,0.519350792807,0.238842746866,2.5188509402,4.10698529412,0.00578482340776,7873.58204532,2.0,
340.284926471,0.978007094046,0.00638126571286,0.526163105884,0.236707483562,2.50526344888,4.01461397059,0.00638126571286,7733.22104513,2.0,
323.872426471,0.978950532853,0.00627244573151,0.526359714344,0.237360238025,2.48758478911,3.81066176471,0.00627244573151,7690.20542535,2.0,
323.21328125,0.97846575274,0.00566208149735,0.514645629025,0.237529780875,2.5190024231,3.95666360294,0.00566208149735,7501.21183477,2.0,
293.514613971,0.980058197412,0.00503128632542,0.514719460922,0.234460355569,2.54414375324,3.74522058824,0.00503128632542,7355.41103612,2.0,
319.424540441,0.979161792695,0.0050507922321,0.513031932363,0.233708202338,2.54631711877,3.8828125,0.0050507922321,7660.01826653,2.0,
306.972380515,0.980009285737,0.00484163383299,0.511958147649,0.231050096358,2.57284050992,3.87532169118,0.00484163383299,7673.81801001,2.0,
348.731204044,0.976697350466,0.00591676494242,0.513107799838,0.234350144618,2.49521386465,4.19177389706,0.00591676494242,7478.95748349,2.0,
315.737178309,0.979375929622,0.00494390679066,0.51256805191,0.231046186641,2.55917467516,3.92633272059,0.00494390679066,7650.55469609,2.0,
312.026838235,0.979621586046,0.00565963164333,0.520236134759,0.23409237567,2.52209565235,3.86902573529,0.00565963164333,7651.99818244,2.0,
265.043290441,0.982034148062,0.00631520835586,0.524061035314,0.237687885518,2.47907415509,3.51985294118,0.00631520835586,7372.6837779,2.0,
397.938419118,0.973375143037,0.00536836511949,0.510809839693,0.229404287117,2.53807615643,4.58253676471,0.00536836511949,7469.01766274,2.0,
319.034834559,0.978501054203,0.00636957399573,0.510019703672,0.232486055763,2.45701844094,3.98318014706,0.00636957399573,7415.89151952,2.0,
343.253400735,0.977797593815,0.00588558843804,0.520949554972,0.237349673735,2.47356794607,3.95643382353,0.00588558843804,7725.9690671,2.0,
333.606479779,0.977936860512,0.00577497752893,0.513262778942,0.235373761709,2.50383407953,4.00758272059,0.00577497752893,7556.25101534,2.0,
312.780147059,0.978788763845,0.00627999804012,0.511425543585,0.232689180881,2.49702386325,3.975,0.00627999804012,7369.01122069,2.0,
342.792509191,0.977762356409,0.00546627902655,0.514258807732,0.232451428336,2.52724850953,4.12348345588,0.00546627902655,7703.63653193,2.0,
295.282858456,0.980036411645,0.00590403837316,0.517684824483,0.232194281204,2.51858733051,3.81971507353,0.00590403837316,7392.00111781,2.0,
301.896920956,0.979435177375,0.00552435323854,0.506117557029,0.228041984631,2.53747603822,3.97614889706,0.00552435323854,7336.20964953,2.0,
325.698207721,0.977837619271,0.00685152364025,0.521987379101,0.235977044604,2.45168106409,3.98488051471,0.00685152364025,7344.16661679,2.0,
287.405101103,0.981235753642,0.00534853397356,0.516533987465,0.236079736611,2.51966794696,3.69361213235,0.00534853397356,7654.15114052,2.0,
336.688189338,0.978777553644,0.00616747793442,0.520104466302,0.236011091495,2.51096915348,3.98111213235,0.00616747793442,7928.76282865,2.0,
319.983547794,0.97850466784,0.00600248448989,0.518427996929,0.236431334423,2.49587956699,3.94568014706,0.00600248448989,7439.22960649,2.0,
285.311626838,0.981304501988,0.00582802954017,0.519176367351,0.232931248771,2.5115633411,3.67017463235,0.00582802954017,7626.73588979,2.0,
314.974770221,0.979027606771,0.00558792272654,0.511437787226,0.234581738059,2.52663356498,4.04030330882,0.00558792272654,7505.66606861,2.0,
363.580147059,0.977691357327,0.00587627899276,0.533806372334,0.238970007781,2.48192063696,4.02389705882,0.00587627899276,8148.41053932,3.0,
375.994393382,0.975881359159,0.00622784571664,0.529695586546,0.23785882685,2.46726554298,4.30882352941,0.00622784571664,7793.91091394,3.0,
301.939154412,0.980685656513,0.00615163413711,0.530678175897,0.242876778496,2.45468054843,3.66948529412,0.00615163413711,7814.10411467,3.0,
339.118612132,0.97801759641,0.00629571934472,0.526307178439,0.238606959549,2.45286052878,4.11300551471,0.00629571934472,7710.50432352,3.0,
314.66171875,0.980301400859,0.00606653550092,0.536457541055,0.240282497779,2.45621600833,3.68855698529,0.00606653550092,7984.29762672,3.0,
360.689154412,0.977101226883,0.00639329534088,0.535651677747,0.238799940602,2.43386533708,4.05367647059,0.00639329534088,7872.92289872,3.0,
314.641268382,0.98007149178,0.00636604705071,0.539727508688,0.239663293091,2.42821358129,3.70073529412,0.00636604705071,7891.98878097,3.0,
341.022931985,0.978472143504,0.0059949870918,0.528196065083,0.238252429258,2.46003616546,3.85951286765,0.0059949870918,7918.08148571,3.0,
372.341130515,0.976717400437,0.00697542711938,0.529859004607,0.242402358706,2.38817496679,4.01107536765,0.00697542711938,7993.55406473,3.0,
346.700551471,0.978695806073,0.00695102995242,0.543901649284,0.243228527554,2.39763025581,3.74733455882,0.00695102995242,8134.41414619,3.0,
340.199954044,0.978977107096,0.00607822721805,0.524509012662,0.239196566841,2.46038036988,3.95905330882,0.00607822721805,8088.67846071,3.0,
364.735248162,0.977050670069,0.00547240788549,0.522528342845,0.239476793218,2.48393915005,4.12403492647,0.00547240788549,7943.69003808,3.0,
345.003170956,0.977940925005,0.0061583627879,0.526463088966,0.237437845755,2.46953379693,4.01668198529,0.0061583627879,7817.51625231,3.0,
322.857077206,0.979372773979,0.00637469334586,0.532819913531,0.238447867354,2.44841513197,3.80670955882,0.00637469334586,7823.39578393,3.0,
329.997977941,0.979950691166,0.0075109314176,0.541765804205,0.245206427438,2.37939638751,3.56507352941,0.0075109314176,8227.27548754,3.0,
347.828033088,0.977776570142,0.00739082098832,0.535682952538,0.239952537187,2.42359726917,3.84044117647,0.00739082098832,7823.23717177,3.0,
368.161534926,0.976799008561,0.0070957402952,0.529748576288,0.240410494353,2.4441870903,4.12035845588,0.0070957402952,7931.7247405,3.0,
298.1421875,0.980999523738,0.00721912423632,0.531350845817,0.242392918578,2.42500232774,3.69641544118,0.00721912423632,7843.51365364,3.0,
333.613143382,0.979436526501,0.00643771795253,0.533279961217,0.24421069445,2.47253390907,3.83373161765,0.00643771795253,8109.3367191,3.0,
356.373667279,0.977737939523,0.0066204179282,0.534947232058,0.242937133464,2.45330517387,3.96089154412,0.0066204179282,8001.30512068,3.0,
349.939200368,0.977882733789,0.00647953865025,0.532993568453,0.239795072898,2.46722518331,4.04103860294,0.00647953865025,7907.95784786,3.0,
315.0828125,0.979530157574,0.0066704752041,0.524918057366,0.239026899353,2.49259240608,3.87371323529,0.0066704752041,7693.55153998,3.0,
323.704917279,0.978855461477,0.00712031908926,0.540674536279,0.245560878609,2.42714041289,3.70620404412,0.00712031908926,7651.68816764,3.0,
328.323575368,0.97860110479,0.00717062979833,0.533126086036,0.241068526888,2.44293860343,3.93818933824,0.00717062979833,7668.91798341,3.0,
364.811075368,0.976577473984,0.00647653546713,0.526288092887,0.238576972701,2.46423033673,4.16870404412,0.00647653546713,7784.80958523,3.0,
338.079963235,0.978471859561,0.00770984266869,0.543626981657,0.246156007126,2.39805744555,3.81875,0.00770984266869,7849.30972516,3.0,
341.406112132,0.978430041037,0.00699505129487,0.540546076168,0.244455344586,2.41781739964,3.88644301471,0.00699505129487,7911.70466529,3.0,
350.940533088,0.977584996493,0.0072112086735,0.537675747044,0.237960239142,2.42427436677,4.00965073529,0.0072112086735,7825.91387583,3.0,
331.9625,0.978762926644,0.0068320979874,0.538107569709,0.24297121759,2.45123777662,3.82904411765,0.0068320979874,7814.17304505,3.0,
326.438786765,0.979524136478,0.00752719760354,0.554045634652,0.244296811503,2.37383389092,3.63336397059,0.00752719760354,7969.9646875,3.0,
300.189430147,0.980211920887,0.00707403796767,0.534945866475,0.243582698178,2.42905239739,3.68768382353,0.00707403796767,7583.72963938,3.0,
308.597426471,0.980219261822,0.00714508795821,0.537627181329,0.242437200954,2.43398879572,3.72012867647,0.00714508795821,7799.10956165,3.0,
341.253125,0.978431418899,0.00564932536089,0.522612901671,0.23823844261,2.51768329727,3.96580882353,0.00564932536089,7909.40655468,3.0,
343.709283088,0.978229387745,0.0063750481523,0.532379715077,0.243034646951,2.47704603855,3.90091911765,0.0063750481523,7892.52889842,3.0,
341.365625,0.978012409112,0.0053808889422,0.518393769955,0.237318979161,2.55061838102,4.075,0.0053808889422,7761.26957401,3.0,
342.928125,0.977933160583,0.00774789143599,0.540268127466,0.241556078461,2.40913347293,3.83226102941,0.00774789143599,7769.03598653,3.0,
351.863878676,0.976570182902,0.00663207585424,0.524277818045,0.238549286179,2.4915069711,4.19586397059,0.00663207585424,7507.70504324,3.0,
353.292049632,0.977548282,0.00662690159359,0.527590924508,0.242263660464,2.45985115062,4.05914522059,0.00662690159359,7865.24524363,3.0,
364.395496324,0.977499260089,0.00671054721291,0.534002381578,0.241147880875,2.44328627349,4.02628676471,0.00671054721291,8094.73902664,3.0,
376.829871324,0.976327168153,0.00637425828558,0.520958288314,0.239739548816,2.50593996426,4.30211397059,0.00637425828558,7956.54594882,3.0,
323.075965074,0.978872754981,0.00660966813771,0.528860010752,0.241551809587,2.48842705043,3.81677389706,0.00660966813771,7643.58474591,3.0,
339.585983456,0.97818865322,0.00702281912305,0.53245653386,0.241297012021,2.44600237411,3.95583639706,0.00702281912305,7781.72468673,3.0,
310.444163603,0.979674955311,0.00643541593453,0.523258641846,0.237503428401,2.49190086965,3.88092830882,0.00643541593453,7634.07318319,3.0,
377.182306985,0.974864653292,0.00593859821042,0.516598773213,0.233965231254,2.51369183234,4.44379595588,0.00593859821042,7499.15650758,3.0,
385.639613971,0.975954181451,0.0060915071164,0.516101959055,0.240247652861,2.51508541698,4.21544117647,0.0060915071164,8015.92461981,3.0,
313.685845588,0.980267094007,0.00691508890436,0.538377657832,0.242290370702,2.42514544372,3.60422794118,0.00691508890436,7945.43873304,3.0,
357.666498162,0.976745850456,0.00693143956801,0.530036260454,0.239609193798,2.45982037345,4.05307904412,0.00693143956801,7687.67296604,3.0,
327.911029412,0.97941913465,0.00623944873216,0.527407960705,0.238749387144,2.47735920395,3.88492647059,0.00623944873216,7964.95141112,3.0,
352.356847426,0.977246186224,0.0059140996702,0.517175590148,0.237816120794,2.52928960104,4.16925551471,0.0059140996702,7739.78154425,3.0,
298.109650735,0.980915173659,0.00642211914063,0.522126730682,0.237091868826,2.48890050963,3.74080882353,0.00642211914063,7807.02900201,3.0,
341.242279412,0.977372410227,0.00453744644112,0.492458687766,0.229945057645,2.61219382099,4.27564338235,0.00453744644112,7538.31985402,4.0,
354.508363971,0.975660138806,0.00507986101725,0.509357146187,0.233768014378,2.56053272067,4.31056985294,0.00507986101725,7280.62245576,4.0,
317.211672794,0.978385413408,0.00572253798119,0.507592769755,0.233046125179,2.48939906799,3.94742647059,0.00572253798119,7335.77774069,4.0,
314.129779412,0.978552065394,0.00512528891382,0.507570469647,0.230020575177,2.55392235189,4.08851102941,0.00512528891382,7321.6343286,4.0,
324.488924632,0.978794437837,0.00545292732212,0.519572784442,0.23766463331,2.48944124721,3.86842830882,0.00545292732212,7649.63352279,4.0,
299.478768382,0.979726130101,0.00466962873729,0.500886880505,0.229793335065,2.57069373549,4.00284926471,0.00466962873729,7384.60253275,4.0,
395.133226103,0.973090109649,0.00471519602211,0.498625006424,0.229008185912,2.58677750734,4.63864889706,0.00471519602211,7340.78668529,4.0,
309.71015625,0.978429628599,0.00506305839776,0.49998362292,0.229969894604,2.5574519325,4.06199448529,0.00506305839776,7177.91259093,4.0,
384.088235294,0.974858957391,0.00600389104401,0.517650609829,0.236346887984,2.49915840501,4.34908088235,0.00600389104401,7635.84231086,4.0,
324.442371324,0.977885060527,0.00494084869702,0.506008974478,0.230535017894,2.55869838901,4.15137867647,0.00494084869702,7332.46656858,4.0,
339.683869485,0.978063606865,0.00583344033845,0.517800793519,0.233987243843,2.47375932823,4.06622242647,0.00583344033845,7739.76141381,4.0,
311.831158088,0.979568768837,0.00629686824178,0.515481094777,0.240053886476,2.5055344224,3.89761029412,0.00629686824178,7629.10022928,4.0,
325.129733456,0.978045107749,0.00659763850968,0.522630894182,0.239324341213,2.48564118099,3.98230698529,0.00659763850968,7402.51275105,4.0,
321.080009191,0.978061441163,0.00593567528114,0.515923025816,0.236286527221,2.53514409534,4.13147977941,0.00593567528114,7315.17083066,4.0,
301.662132353,0.979686517617,0.00541198096886,0.509941609212,0.236742653598,2.53814677959,3.95735294118,0.00541198096886,7423.20880861,4.0,
332.693382353,0.978424786027,0.00501926092128,0.509615430625,0.234524929758,2.58713731483,4.09898897059,0.00501926092128,7707.75694604,4.0,
381.232352941,0.974934505149,0.00572611138895,0.50594861667,0.233835776368,2.56341459781,4.51295955882,0.00572611138895,7603.13557578,4.0,
336.854411765,0.977681396576,0.00590862551362,0.51723553916,0.238022110619,2.54688380739,3.99926470588,0.00590862551362,7544.82915226,4.0,
313.051884191,0.978582483721,0.00608802241025,0.50884160669,0.235276810365,2.52431287551,4.17320772059,0.00608802241025,7305.97066747,4.0,
330.381709559,0.976877587451,0.00632008272059,0.512042013783,0.23526545813,2.52452654523,4.23648897059,0.00632008272059,7142.94089813,4.0,
313.995036765,0.979276159366,0.00706063557661,0.525337052315,0.237736246396,2.45873003582,3.74338235294,0.00706063557661,7575.04820585,4.0,
341.567003676,0.977954985221,0.00657010299524,0.532249550278,0.242817362294,2.46623767813,3.96985294118,0.00657010299524,7745.57620366,4.0,
313.635202206,0.979615474427,0.00647569913765,0.527299928958,0.241054016916,2.47615869838,3.85523897059,0.00647569913765,7691.4615646,4.0,
286.043382353,0.980443222985,0.0067221882434,0.517115351101,0.235447081483,2.50721453121,3.89733455882,0.0067221882434,7311.6012596,4.0,
355.785431985,0.975474137894,0.00597445478076,0.510457159693,0.232594635095,2.54082442474,4.41079963235,0.00597445478076,7251.48745703,4.0,
367.032858456,0.97575418005,0.00638632170469,0.518758364882,0.236000067139,2.44746549346,4.20693933824,0.00638632170469,7567.38768641,4.0,
365.586626838,0.976763378771,0.00535001655763,0.522282262411,0.236003550321,2.5046119428,4.21162683824,0.00535001655763,7865.31768022,4.0,
348.629411765,0.976840133826,0.00571651894329,0.521558147873,0.23436312368,2.50432514711,4.22196691176,0.00571651894329,7525.41519856,4.0,
372.490027574,0.975293060672,0.00564943940582,0.520074414245,0.235999657748,2.50912625892,4.27035845588,0.00564943940582,7537.28231847,4.0,
356.074494485,0.977456812578,0.00623337055985,0.527535960586,0.239440028592,2.46649419845,4.14195772059,0.00623337055985,7896.70655146,4.0,
346.55390625,0.97780566265,0.00577992369972,0.525574921723,0.242581449363,2.46086084286,3.96493566176,0.00577992369972,7804.78090504,4.0,
320.983409926,0.980152291201,0.00678498053633,0.542267851618,0.245230545008,2.39754166808,3.55896139706,0.00678498053633,8083.68714857,4.0,
356.529871324,0.97646873293,0.00555887928471,0.522934039311,0.234245285041,2.49514286457,4.16498161765,0.00555887928471,7573.39587342,4.0,
391.791957721,0.974933000484,0.00551472700178,0.521784390809,0.236908475551,2.49524364428,4.33230698529,0.00551472700178,7812.44240211,4.0,
381.670955882,0.976459375566,0.00648168016058,0.527343308392,0.240063072355,2.46378607736,4.21948529412,0.00648168016058,8105.04959393,4.0,
315.268566176,0.979626474745,0.00563609614917,0.528428638455,0.238759795229,2.4987314983,3.875,0.00563609614917,7735.62809254,4.0,
322.344944853,0.9788697389,0.00607901708478,0.526084445814,0.238989691535,2.46614565085,3.82821691176,0.00607901708478,7626.63427547,4.0,
359.61484375,0.97697269041,0.00549952945907,0.52183903241,0.236508698815,2.51069911929,4.14517463235,0.00549952945907,7807.4722755,4.0,
334.771461397,0.978027611671,0.00537267770734,0.515684086018,0.236489015645,2.52079945583,4.00592830882,0.00537267770734,7616.8874065,4.0,
423.256066176,0.972916776624,0.00557531864998,0.51833021142,0.237927201631,2.49926880037,4.66415441176,0.00557531864998,7812.64071181,4.0,
388.474264706,0.975408111316,0.00575193622946,0.521820973406,0.237253380861,2.48295007124,4.29476102941,0.00575193622946,7897.97055523,4.0,
346.673897059,0.978158308036,0.00555531854861,0.522474933721,0.23767000703,2.50042636564,4.07435661765,0.00555531854861,7935.91435434,4.0,
388.933915441,0.975203683549,0.00593835322502,0.529057507965,0.236473586993,2.46847937537,4.28088235294,0.00593835322502,7842.38459756,4.0,
332.061397059,0.978186291512,0.00640319190636,0.528139534325,0.237065555211,2.44628986991,3.99292279412,0.00640319190636,7610.76335275,4.0,
362.026056985,0.977594224943,0.00595143882461,0.525783233437,0.239068510203,2.47115712381,4.03552389706,0.00595143882461,8078.32906042,4.0,
339.895542279,0.978498516724,0.00615225927228,0.53171969238,0.23945970235,2.43695175011,3.81760110294,0.00615225927228,7903.68803617,4.0,
390.766681985,0.975162034284,0.00577887195204,0.527344894154,0.239491156648,2.47162138595,4.30510110294,0.00577887195204,7862.95652307,4.0,
367.074356618,0.976204153806,0.00601853525762,0.529337965232,0.235841505853,2.45887995455,4.17444852941,0.00601853525762,7712.32476019,4.0,
369.898759191,0.975963784207,0.00557856259462,0.525520736462,0.234616888961,2.51208092031,4.32679227941,0.00557856259462,7693.95216143,4.0,
321.607398897,0.979559052311,0.00591629609105,0.531062699461,0.241869879587,2.45673215426,3.76925551471,0.00591629609105,7866.06391534,4.0,
351.489154412,0.975789539319,0.00416676240809,0.497143249719,0.230383392633,2.62842620808,4.40542279412,0.00416676240809,7256.30050171,5.0,
330.306295956,0.977685629461,0.0059010478617,0.519012609498,0.235071151409,2.49613140869,4.10464154412,0.0059010478617,7398.77621652,5.0,
348.148391544,0.977438265365,0.00570444285251,0.517969100365,0.237544327052,2.48203484298,4.14177389706,0.00570444285251,7713.36887101,5.0,
279.401286765,0.980745879349,0.00517091955693,0.511107438736,0.232673377798,2.55124714503,3.89908088235,0.00517091955693,7253.81517365,5.0,
348.354871324,0.97701245635,0.00532133637003,0.522431302752,0.236017260575,2.51858739634,4.18143382353,0.00532133637003,7575.0397441,5.0,
318.130928309,0.978235287456,0.00572247462289,0.511305765283,0.229802526603,2.54797098887,4.08570772059,0.00572247462289,7306.47891631,5.0,
314.521691176,0.9788200837,0.00557864284845,0.502006375508,0.230936968961,2.55464552654,4.13897058824,0.00557864284845,7423.34987592,5.0,
322.645909926,0.979064159165,0.00548657057607,0.508468389394,0.231356353602,2.57019610456,4.21420036765,0.00548657057607,7704.8091838,5.0,
297.342555147,0.979448954097,0.00578067977536,0.499761260006,0.228528798897,2.55405474968,4.01470588235,0.00578067977536,7233.53723414,5.0,
334.406939338,0.978378215286,0.0055526786197,0.514777406697,0.232947371525,2.54505168847,4.00179227941,0.0055526786197,7732.27042269,5.0,
332.128722426,0.977806769441,0.00593202161954,0.511170009763,0.233240107564,2.52948664195,4.25096507353,0.00593202161954,7480.91971808,5.0,
338.901884191,0.978576912069,0.0059442877852,0.510026848767,0.235540852441,2.49422339245,4.00298713235,0.0059442877852,7907.86547946,5.0,
308.588832721,0.97908702164,0.0054467942393,0.505270625901,0.231872318919,2.5663516657,4.07752757353,0.0054467942393,7376.60970289,5.0,
311.523621324,0.979147001068,0.00587104137381,0.513004212891,0.233920419852,2.51631135203,3.96681985294,0.00587104137381,7467.72824781,5.0,
333.475643382,0.977159785071,0.0051481105712,0.493295321295,0.225475063186,2.58437043533,4.40670955882,0.0051481105712,7298.49529598,5.0,
317.296415441,0.978566491191,0.00537976538846,0.498307482884,0.228782867048,2.59369849085,4.29944852941,0.00537976538846,7400.92405993,5.0,
293.905238971,0.980276058525,0.00552022227779,0.502343329491,0.230918415667,2.56823626149,4.01939338235,0.00552022227779,7449.22742374,5.0,
314.492095588,0.979233087634,0.00527131288522,0.507329556269,0.236628905661,2.53561640297,3.98621323529,0.00527131288522,7570.68443117,5.0,
304.450643382,0.979569674482,0.00517365663522,0.505261193223,0.230037417767,2.60144200996,4.09963235294,0.00517365663522,7449.87480994,5.0,
341.406801471,0.977626811742,0.00489613041333,0.510036861811,0.233988322859,2.58259831709,4.20284926471,0.00489613041333,7628.50284623,5.0,
294.252251838,0.980450453896,0.00545251338127,0.517806240849,0.234721783224,2.55907966171,3.88644301471,0.00545251338127,7525.11852524,5.0,
314.202665441,0.978471446716,0.00531783899221,0.506300626857,0.232131985039,2.55910165776,4.21773897059,0.00531783899221,7295.63355978,5.0,
333.547794118,0.978278851583,0.00566020609186,0.515590312796,0.237502179774,2.52914107852,4.06332720588,0.00566020609186,7676.4357952,5.0,
306.457858456,0.978969495604,0.00498191754298,0.503862024066,0.22632200744,2.61135483768,4.26153492647,0.00498191754298,7285.36208813,5.0,
347.388832721,0.976675549738,0.00476409172929,0.509502148998,0.23201576004,2.59671287359,4.28828125,0.00476409172929,7445.11835478,5.0,
321.286764706,0.978056202417,0.00573795938987,0.506959820725,0.230372151776,2.58498374311,4.12279411765,0.00573795938987,7319.11082072,5.0,
271.860661765,0.98090019574,0.00654132988214,0.516182117007,0.233873546282,2.51141531525,3.81599264706,0.00654132988214,7114.78846886,5.0,
319.056479779,0.979682257902,0.00647980475508,0.519118231288,0.237822637646,2.51424030255,3.87182904412,0.00647980475508,7849.61842783,5.0,
302.919347426,0.97932562122,0.00592085366431,0.518881546154,0.230058293819,2.55782209534,4.05344669118,0.00592085366431,7322.2251052,5.0,
295.997196691,0.97986437304,0.00631113230563,0.519011573603,0.233859199656,2.51461856896,3.95427389706,0.00631113230563,7348.07559934,5.0,
345.852251838,0.977531410063,0.00621839265922,0.519664554325,0.236148879837,2.52724832101,4.13414522059,0.00621839265922,7694.27027348,5.0,
318.034237132,0.978322564411,0.00606132744918,0.518745365864,0.236601269879,2.53249702645,4.06079963235,0.00606132744918,7333.5808497,5.0,
294.501884191,0.978575529838,0.00591424328233,0.507473696432,0.230599391629,2.55424628992,4.07109375,0.00591424328233,6871.13161051,5.0,
313.573805147,0.978565382417,0.00678476511813,0.523206970715,0.237399379921,2.47884078339,4.02564338235,0.00678476511813,7312.58485145,5.0,
292.138373162,0.97945041887,0.00654470476725,0.514711143029,0.23105839241,2.52536537691,4.01162683824,0.00654470476725,7105.35461592,5.0,
336.747334559,0.977199807877,0.00510367106401,0.506334242641,0.232854927555,2.56748933489,4.08318014706,0.00510367106401,7382.35101186,5.0,
304.182720588,0.979118277429,0.00567806045902,0.502528537397,0.232610493289,2.533705306,3.88805147059,0.00567806045902,7281.20406597,5.0,
298.593198529,0.979700872509,0.00500756920415,0.508143260104,0.232387730873,2.59226418594,3.85349264706,0.00500756920415,7352.70898508,5.0,
291.318612132,0.979487328115,0.00532313152168,0.501168502376,0.227905118949,2.55315413417,4.02063419118,0.00532313152168,7098.78020806,5.0,
358.944990809,0.975993193731,0.00572937645302,0.504467915512,0.231148214702,2.53515797495,4.27761948529,0.00572937645302,7473.70945008,5.0,
291.327205882,0.980244712857,0.00631000030412,0.512290797735,0.233113566686,2.48506930886,3.83088235294,0.00631000030412,7371.18057006,5.0,
298.883363971,0.979443379842,0.00513655401844,0.504859387556,0.230137702575,2.57436437989,3.90183823529,0.00513655401844,7267.58827778,5.0,
293.671920956,0.979813521542,0.00550253264219,0.509403778548,0.229878801992,2.54409116972,3.88212316176,0.00550253264219,7271.59842199,5.0,
303.666176471,0.980018355135,0.00514150441312,0.494092253777,0.228746427945,2.61439422644,4.05091911765,0.00514150441312,7596.73010174,5.0,
292.573667279,0.980032151293,0.00622359226319,0.512748797791,0.231894687614,2.5485615202,3.98874080882,0.00622359226319,7324.34168393,5.0,
329.344990809,0.977825338218,0.00589488943555,0.514788306517,0.23673032939,2.53210414146,4.05997242647,0.00589488943555,7424.64680326,5.0,
325.094577206,0.97812817745,0.00545831277709,0.509621646129,0.232453224719,2.52031088265,4.08694852941,0.00545831277709,7429.27754896,5.0,
350.387132353,0.977708954164,0.00660266493431,0.536958675036,0.24283040547,2.45399437583,3.96994485294,0.00660266493431,7857.16992478,5.0,
329.946737132,0.978823052716,0.00695393598616,0.533445646798,0.239999613933,2.4364062773,3.84811580882,0.00695393598616,7787.74348371,5.0,
322.1703125,0.977612591688,0.00660185394815,0.517688694875,0.233018032063,2.50561017651,4.16847426471,0.00660185394815,7193.46080228,5.0,
351.610294118,0.975192193834,0.00554936709289,0.478298465641,0.217029348889,2.70899303181,4.73887867647,0.00554936709289,7084.35013548,6.0,
343.875965074,0.977551395794,0.00532783270707,0.51403833348,0.235852500997,2.54447675848,4.04416360294,0.00532783270707,7656.97142532,6.0,
387.571599265,0.975088360537,0.00583098203666,0.518669137974,0.238713793427,2.52754940495,4.33869485294,0.00583098203666,7776.46053458,6.0,
323.032904412,0.979077127826,0.00592313456288,0.517987179756,0.2371626879,2.52944890087,4.01479779412,0.00592313456288,7717.04082742,6.0,
365.877435662,0.975850150133,0.00680203236511,0.521618431144,0.234111973168,2.50585324599,4.38322610294,0.00680203236511,7572.97707621,6.0,
318.781801471,0.979053036127,0.00575112946718,0.518699317238,0.23425977129,2.54108675269,3.99292279412,0.00575112946718,7606.56009095,6.0,
405.722564338,0.973745973106,0.00655497303471,0.520118625943,0.235269656307,2.49665977467,4.45813419118,0.00655497303471,7724.75471778,6.0,
351.945082721,0.978060633539,0.00609695592966,0.5129425307,0.238056713026,2.49963154227,4.01135110294,0.00609695592966,8018.69690797,6.0,
344.861121324,0.977505478309,0.00676853272329,0.525970876418,0.238034131378,2.46393596754,4.06139705882,0.00676853272329,7663.3534817,6.0,
388.258042279,0.975107943781,0.00641624371486,0.521615192242,0.236999778742,2.51023514435,4.54434742647,0.00641624371486,7796.58216305,6.0,
303.494715074,0.980061311814,0.00675285365755,0.533957066136,0.243142179518,2.45946527305,3.77605698529,0.00675285365755,7608.40654918,6.0,
334.656112132,0.978121697263,0.00580247502838,0.516534006468,0.236052585375,2.53269772669,4.05767463235,0.00580247502838,7645.92282589,6.0,
330.630974265,0.977764293225,0.00612457592182,0.523982878934,0.240106206292,2.51357611914,4.03106617647,0.00612457592182,7432.43205217,6.0,
349.034420956,0.977038301947,0.00689877625568,0.539742066748,0.243859911492,2.44234773459,3.93736213235,0.00689877625568,7598.16995429,6.0,
302.964430147,0.981016735563,0.00664390695961,0.533902250779,0.243630917975,2.44793829292,3.58207720588,0.00664390695961,7977.4184489,6.0,
339.08828125,0.977717020444,0.00607965066771,0.519272277343,0.235437682029,2.52522075181,4.16907169118,0.00607965066771,7606.19724738,6.0,
402.828308824,0.973163467546,0.00590353150681,0.515287024929,0.234010346886,2.54087249401,4.71580882353,0.00590353150681,7503.07136892,6.0,
381.116590074,0.975539525331,0.00554641037251,0.519384409347,0.235187504698,2.54210706717,4.38285845588,0.00554641037251,7788.10670818,6.0,
394.181295956,0.974665192621,0.006058586147,0.514763251459,0.237208817928,2.52011032645,4.37192095588,0.006058586147,7777.1762105,6.0,
296.022150735,0.979743962815,0.00614194031818,0.522536067553,0.23692887024,2.52736952599,3.93851102941,0.00614194031818,7304.91497823,6.0,
416.708363971,0.973154360963,0.00663372739376,0.525898504147,0.234931664221,2.48739574744,4.59319852941,0.00663372739376,7759.20767366,6.0,
400.321231618,0.974469722876,0.005681997121,0.516616751596,0.239984578093,2.52298296781,4.53446691176,0.005681997121,7837.82230375,6.0,
270.871737132,0.982012772108,0.00601352150465,0.524838774585,0.239840652278,2.52443397265,3.67431066176,0.00601352150465,7527.11494158,6.0,
330.209053309,0.978074292885,0.00667834852806,0.525531319527,0.240087916905,2.47180408314,4.02761948529,0.00667834852806,7528.37095963,6.0,
395.032858456,0.975092228825,0.00665111290955,0.519683126955,0.236233493505,2.48590034014,4.49967830882,0.00665111290955,7927.59392112,6.0,
314.612775735,0.979531648429,0.00673814186175,0.524696704935,0.237270113994,2.47319181526,3.81360294118,0.00673814186175,7683.03347682,6.0,
356.094255515,0.977182922082,0.00674152519464,0.524427721793,0.239398198716,2.47656231625,4.12624080882,0.00674152519464,7801.0257959,6.0,
319.415257353,0.979721978702,0.00676445667306,0.520130377572,0.23657393342,2.48248036005,3.91783088235,0.00676445667306,7873.68124004,6.0,
387.154503676,0.974991226488,0.00629074360673,0.514344744329,0.235253625929,2.54211704143,4.4515625,0.00629074360673,7738.00350846,6.0,
362.316727941,0.976155186703,0.0062386081788,0.521480812658,0.236606859958,2.51302308146,4.24871323529,0.0062386081788,7594.60809874,6.0,
319.651378676,0.979372998524,0.00618629112376,0.524835929045,0.236069235011,2.51089191373,3.91075367647,0.00618629112376,7745.51731471,6.0,
351.363878676,0.978216905136,0.00625568535089,0.525908606162,0.240698071244,2.48026622396,4.14034926471,0.00625568535089,8062.80148167,6.0,
346.054181985,0.978546655787,0.00639446958126,0.526336414538,0.243158802047,2.44231333558,3.80004595588,0.00639446958126,8062.82528328,6.0,
288.388511029,0.981699740452,0.0059991940825,0.522027825811,0.239187906021,2.520664893,3.69402573529,0.0059991940825,7876.67828494,6.0,
294.348621324,0.980376029989,0.00694918833802,0.531024428415,0.239183389994,2.43825480939,3.74742647059,0.00694918833802,7497.2028874,6.0,
323.464154412,0.978889170297,0.00725691112268,0.52669389165,0.239528244129,2.46638542868,3.90882352941,0.00725691112268,7658.94334319,6.0,
360.724494485,0.977247105318,0.00645173703098,0.525272229517,0.237661423,2.48292435988,4.18000919118,0.00645173703098,7924.59878228,6.0,
313.216268382,0.979342862622,0.00597950654871,0.52527011875,0.23780347768,2.51753912345,3.81645220588,0.00597950654871,7578.17313267,6.0,
345.51484375,0.977539901518,0.00592455378866,0.516254033018,0.239946749857,2.51851552893,3.99149816176,0.00592455378866,7688.41728859,6.0,
355.663189338,0.976610575614,0.00617988771221,0.514694298102,0.232771628196,2.54085795279,4.36171875,0.00617988771221,7599.61677215,6.0,
336.726838235,0.977249311105,0.00650013854347,0.509188242182,0.236350118094,2.53620935651,4.25799632353,0.00650013854347,7397.48996007,6.0,
352.765119485,0.977453378156,0.00638418441825,0.521115973893,0.239927747569,2.48869401032,4.20409007353,0.00638418441825,7819.73765219,6.0,
379.114981618,0.974931685971,0.00619248756488,0.516622536104,0.237443531881,2.52354798633,4.29237132353,0.00619248756488,7558.63996045,6.0,
372.762224265,0.975649663353,0.0066435732726,0.526558272494,0.239465780731,2.4873984806,4.22169117647,0.0066435732726,7650.93637225,6.0,
319.274172794,0.979281983035,0.00615613257596,0.523153405304,0.238453829029,2.50616230559,3.94126838235,0.00615613257596,7702.03275235,6.0,
351.646920956,0.977475976539,0.00607439192934,0.518419061111,0.238672403059,2.52406601631,4.16796875,0.00607439192934,7803.13753075,6.0,
260.442141544,0.982546973537,0.00663722477157,0.524498028162,0.23979146784,2.49753493022,3.59453125,0.00663722477157,7458.29117846,6.0,
323.620588235,0.97883268922,0.0066764013165,0.521932116138,0.238609120271,2.50178893347,3.96930147059,0.0066764013165,7641.28304142,6.0,
281.071461397,0.982387253079,0.00610067294956,0.516233058824,0.235496354491,2.5142044361,3.55491727941,0.00610067294956,7976.2911442,6.0,
348.062454044,0.976972140724,0.00650646170118,0.51795812959,0.236806235275,2.51840344318,4.20647977941,0.00650646170118,7554.4617308,6.0,
293.842463235,0.98063237442,0.00712278161494,0.530360720755,0.235453153502,2.46814719416,3.85505514706,0.00712278161494,7582.09719148,7.0,
337.042417279,0.978368865022,0.00581273484808,0.531970950698,0.241702912272,2.49438609282,4.00914522059,0.00581273484808,7786.5878463,7.0,
350.101240809,0.97684775646,0.00562619113592,0.531858791775,0.238650733349,2.48864398953,4.11842830882,0.00562619113592,7557.19002412,7.0,
414.996277574,0.972622869618,0.00560407064365,0.514309066363,0.235268075793,2.53427759096,4.69241727941,0.00560407064365,7575.75991944,7.0,
354.817417279,0.976739074823,0.00613845138814,0.527933941797,0.238704684858,2.4967127152,4.23083639706,0.00613845138814,7623.59487705,7.0,
327.924724265,0.978401834269,0.00599403249351,0.527333130845,0.237244350269,2.52545974018,4.04816176471,0.00599403249351,7588.34506504,7.0,
347.0203125,0.977403210585,0.00603067048281,0.52391172464,0.23931367085,2.49360247465,4.11148897059,0.00603067048281,7675.21111417,7.0,
367.187959559,0.976279749893,0.00499685320475,0.511192469327,0.235002211814,2.54785927716,4.27738970588,0.00499685320475,7736.38112031,7.0,
338.683731618,0.97799023808,0.00639433864079,0.533101897177,0.244363062818,2.47383488085,3.91277573529,0.00639433864079,7690.7849864,7.0,
321.969347426,0.978980842932,0.00583095246945,0.52925581505,0.241582868538,2.46844700833,3.84462316176,0.00583095246945,7655.54562123,7.0,
311.989430147,0.980085733832,0.0056742885286,0.522335258766,0.239421969018,2.53189243154,3.90413602941,0.0056742885286,7830.09315453,7.0,
274.426424632,0.981768360582,0.00625599369458,0.538801568978,0.243094474756,2.47429739636,3.45519301471,0.00625599369458,7523.03934144,7.0,
380.729319853,0.97541439442,0.00460795155034,0.510651691188,0.235594173734,2.56985356448,4.23740808824,0.00460795155034,7739.9176011,7.0,
329.313143382,0.978280327363,0.00535671141733,0.525421124496,0.238233425464,2.52930356137,3.99025735294,0.00535671141733,7577.93583178,7.0,
350.713051471,0.977036285663,0.00507463606996,0.510878097803,0.238733658038,2.53751042729,4.15845588235,0.00507463606996,7633.19517707,7.0,
353.972794118,0.977024358681,0.00600392061121,0.516124962885,0.234409203616,2.53970499456,4.23161764706,0.00600392061121,7699.88309395,7.0,
298.071599265,0.980062658874,0.00574035010948,0.522311915512,0.238500478332,2.51521422826,3.80533088235,0.00574035010948,7472.18417996,7.0,
338.613511029,0.977811224966,0.00464786727536,0.50157938996,0.233574943469,2.577011163,4.22040441176,0.00464786727536,7626.88417512,7.0,
301.370036765,0.980000243925,0.00500053220967,0.516836994908,0.237182346555,2.56841881788,3.90275735294,0.00500053220967,7530.97040366,7.0,
348.496599265,0.977322119315,0.00588720196259,0.516699646934,0.237640896556,2.52049718885,4.26681985294,0.00588720196259,7680.36862472,7.0,
380.616865809,0.974721353436,0.00540204216452,0.514978039372,0.233955259869,2.54929156788,4.42688419118,0.00540204216452,7525.3676963,7.0,
346.813924632,0.97715259973,0.00550189061148,0.516773540671,0.238196319568,2.52161266685,4.10813419118,0.00550189061148,7586.72810401,7.0,
339.399402574,0.977814506364,0.00568593378298,0.516795292824,0.241862593589,2.51544197584,3.96024816176,0.00568593378298,7646.14720951,7.0,
312.472196691,0.978643441229,0.00556988250838,0.514329693938,0.237862008793,2.55390492984,4.05326286765,0.00556988250838,7312.75980998,7.0,
296.563924632,0.980514171651,0.00554188659034,0.525499512738,0.243211770511,2.49486262321,3.70657169118,0.00554188659034,7606.85905056,7.0,
292.630101103,0.979938176322,0.00507763080531,0.509778305868,0.234800306917,2.5504904457,3.88598345588,0.00507763080531,7289.78168993,7.0,
344.873483456,0.977466458222,0.00565820819366,0.519311093878,0.240604128209,2.50950662331,4.01162683824,0.00565820819366,7649.28505817,7.0,
364.950229779,0.975198043719,0.00623050254109,0.518862873262,0.23748101476,2.49788940466,4.27431066176,0.00623050254109,7354.38605891,7.0,
400.059420956,0.973603870975,0.00476395234105,0.505913563565,0.234430877638,2.59273225799,4.65620404412,0.00476395234105,7574.80648607,7.0,
349.433363971,0.976566869609,0.0064955851941,0.516575908971,0.235525094968,2.48330483761,4.40625,0.0064955851941,7452.91230138,7.0,
301.753125,0.979608703738,0.00495081706856,0.510460827219,0.238106019205,2.58060640874,4.01240808824,0.00495081706856,7396.00144059,7.0,
301.023575368,0.979326920854,0.00619025735294,0.524473432531,0.241732207694,2.49284670125,3.85436580882,0.00619025735294,7277.71775102,7.0,
344.382169118,0.977250991339,0.00510936063879,0.503700098522,0.230164168931,2.54466839574,4.27977941176,0.00510936063879,7566.11064791,7.0,
368.445772059,0.976943834493,0.00544510046091,0.507952433695,0.236134277167,2.54132234569,4.26167279412,0.00544510046091,7987.33221271,7.0,
309.440303309,0.979546911913,0.00694601197556,0.528223382722,0.237234719268,2.46549361285,3.90960477941,0.00694601197556,7562.10416518,7.0,
335.846369485,0.978391734124,0.00591829398924,0.52626290862,0.239076152629,2.49265604835,3.97817095588,0.00591829398924,7768.34765223,7.0,
334.355147059,0.977867124437,0.00531411352455,0.512363300024,0.234945557176,2.54955367584,4.09779411765,0.00531411352455,7550.64609691,7.0,
348.699126838,0.976663619911,0.00590122104104,0.515264306317,0.237840758196,2.50615564967,4.23386948529,0.00590122104104,7468.38129775,7.0,
371.907261029,0.975747238024,0.00523666434635,0.50368845603,0.230384543834,2.56280101824,4.41378676471,0.00523666434635,7664.725449,7.0,
265.798299632,0.982034386863,0.00525021457342,0.513512734076,0.236237827721,2.55336885443,3.74011948529,0.00525021457342,7394.59896346,7.0,
365.170909926,0.975965686354,0.00565019970534,0.525053817073,0.23903596898,2.52834418725,4.23000919118,0.00565019970534,7593.35394615,7.0,
304.174954044,0.980155076686,0.00574617484862,0.523719709037,0.245023984245,2.50277155029,3.73331801471,0.00574617484862,7659.67751637,7.0,
326.233042279,0.97818143164,0.00505382075854,0.518392416127,0.240635961516,2.55340960338,4.04747242647,0.00505382075854,7472.36404705,7.0,
374.05859375,0.975348863477,0.00536341472481,0.516715669486,0.241563703943,2.53985367235,4.23157169118,0.00536341472481,7583.32043426,7.0,
339.386075368,0.975697534361,0.00460259143869,0.507745762849,0.229389780125,2.61440462349,4.39747242647,0.00460259143869,6978.04713039,7.0,
339.503354779,0.97760996054,0.00538826384759,0.526147174628,0.240496360569,2.53968813478,4.00877757353,0.00538826384759,7577.8073518,7.0,
326.949632353,0.9779512597,0.00605923662549,0.528073004428,0.241782780299,2.48871301696,3.93970588235,0.00605923662549,7410.50414966,7.0,
388.271139706,0.973940169634,0.00587615227617,0.526063492168,0.239332582229,2.50268796747,4.34825367647,0.00587615227617,7446.86956986,7.0,
348.98515625,0.976870071541,0.00590789900519,0.531669770061,0.242805228454,2.48488346453,4.02624080882,0.00590789900519,7540.48572587,7.0,
356.463740809,0.977154819488,0.00549857908467,0.522422268442,0.237856479298,2.5043567306,4.05638786765,0.00549857908467,7799.39677107,7.0,
