977.755411255,0.933826171936,0.00453552219786,0.443592241571,0.197940753516,2.55833305379,8.68441558442,0.00453552219786,7375.51827294,1.0,
1040.62424242,0.931026822842,0.00479751129102,0.443917216776,0.204629097024,2.51963051774,8.72640692641,0.00479751129102,7532.31019602,1.0,
1069.69004329,0.931625638511,0.00453514739229,0.440268472263,0.205348866359,2.55135682009,8.64502164502,0.00453514739229,7809.93870523,1.0,
936.354112554,0.938141294127,0.00479338842975,0.446684665848,0.200948236441,2.52476533947,8.07705627706,0.00479338842975,7557.25183074,1.0,
987.314285714,0.935690409646,0.00453889544799,0.447349258533,0.209786504179,2.53737646715,8.25714285714,0.00453889544799,7663.17343397,1.0,
1075.31471861,0.929382709411,0.0051344614981,0.447306773697,0.213511380632,2.49615157613,8.75367965368,0.0051344614981,7602.39364915,1.0,
1020.51255411,0.931873019251,0.00454976480951,0.438649943911,0.205296672611,2.5366654558,8.9367965368,0.00454976480951,7477.43471468,1.0,
1008.9952381,0.934325601444,0.00511759524747,0.454889623563,0.207319069868,2.49630370306,8.38051948052,0.00511759524747,7670.03278073,1.0,
1058.12813853,0.932006487671,0.00565656565657,0.443701156234,0.204255889492,2.53465004158,8.88917748918,0.00565656565657,7771.17976818,1.0,
964.362770563,0.93481966817,0.0060175034201,0.446925378969,0.208802047386,2.48257169061,8.29956709957,0.0060175034201,7388.79944772,1.0,
1055.84588745,0.930433533492,0.005419313731,0.435283894975,0.201204381121,2.50954915501,9.07532467532,0.005419313731,7579.14776578,1.0,
902.291774892,0.941842413879,0.00566556099024,0.445598199825,0.212093016618,2.51397667791,8.00779220779,0.00566556099024,7748.0211128,1.0,
845.950649351,0.941989504383,0.00625288131782,0.461622009025,0.210327810113,2.46914992738,7.64588744589,0.00625288131782,7282.55636232,1.0,
968.276623377,0.934693369136,0.00569854388036,0.44313957365,0.206665961893,2.52038819198,8.63593073593,0.00569854388036,7404.74031132,1.0,
969.942857143,0.935732791128,0.00573602443732,0.45101748111,0.197236085027,2.52741563841,8.69437229437,0.00573602443732,7537.60377523,1.0,
985.451515152,0.936572992705,0.0054995221229,0.442455710395,0.20128102269,2.52675860941,8.17445887446,0.0054995221229,7760.13947588,1.0,
1046.33506494,0.932782695005,0.00524652836341,0.451030496632,0.21014170877,2.51377948858,8.64848484848,0.00524652836341,7773.17980266,1.0,
989.587012987,0.938047939136,0.0057116620753,0.437157913303,0.198226066262,2.52311367838,8.4329004329,0.0057116620753,7978.54084106,1.0,
936.497402597,0.939570640678,0.00512546616443,0.44249160954,0.215912259664,2.54203064471,8.16147186147,0.00512546616443,7739.40895003,1.0,
989.548484848,0.936333605083,0.00552613331834,0.459425370111,0.209898250359,2.4893689763,8.27402597403,0.00552613331834,7761.47636068,1.0,
892.647619048,0.942355191827,0.00557785648695,0.45325383497,0.203892515808,2.49369509119,7.74112554113,0.00557785648695,7733.72043402,1.0,
924.720779221,0.939905098971,0.00611720170162,0.461096323041,0.218494369091,2.46429791292,8.02294372294,0.00611720170162,7685.19429944,1.0,
949.076623377,0.941143999862,0.00560071962669,0.438713634195,0.211888485419,2.50521858076,8.09393939394,0.00560071962669,8054.17662192,1.0,
991.506493506,0.933984584418,0.00539757500796,0.441159148911,0.211721930446,2.49377176173,8.38441558442,0.00539757500796,7500.61116658,1.0,
1027.8991342,0.933576351614,0.00568280204644,0.438188699691,0.205750930431,2.50701470074,8.8619047619,0.00568280204644,7728.62872346,1.0,
1121.30822511,0.927957599618,0.00557373362568,0.436545664508,0.212113388455,2.52363294773,9.32987012987,0.00557373362568,7772.939161,1.0,
1018.01515152,0.93481793966,0.00534547703379,0.449015990335,0.212776759716,2.50450082387,8.45584415584,0.00534547703379,7800.303827,1.0,
964.849350649,0.935156156407,0.00554449879125,0.457547040288,0.204146174709,2.51845354365,8.24588744589,0.00554449879125,7431.22208223,1.0,
993.142424242,0.932509233387,0.00549652367834,0.43417212666,0.205681041819,2.54938002156,8.84718614719,0.00549652367834,7349.35094025,1.0,
974.233766234,0.9373757145,0.0066625438054,0.454511092778,0.204031033237,2.47006766114,8.57662337662,0.0066625438054,7769.56196942,1.0,
1080.28354978,0.927102421272,0.00566368696239,0.451649850147,0.208461925192,2.52248933828,9.06623376623,0.00566368696239,7401.30682451,1.0,
1090.74805195,0.92634950226,0.00565394201758,0.456066389887,0.209716561243,2.48906882131,8.90735930736,0.00565394201758,7396.81565563,1.0,
1052.59350649,0.931903598229,0.0054871535391,0.442312533486,0.214452491524,2.50125713679,8.98744588745,0.0054871535391,7720.07281746,1.0,
993.876623377,0.933291144786,0.00547028728847,0.449812463946,0.206053575035,2.53260774436,8.82207792208,0.00547028728847,7441.30441957,1.0,
1055.41991342,0.929939662293,0.00693989992691,0.447860718761,0.219837171502,2.44172578699,8.71601731602,0.00693989992691,7523.83193156,1.0,
1060.26363636,0.929558830259,0.00592904930567,0.449986697189,0.206684593619,2.49487355238,8.75887445887,0.00592904930567,7518.6942421,1.0,
1127.4995671,0.929417772773,0.00543430595379,0.441614451026,0.209385110344,2.5254954201,9.07792207792,0.00543430595379,7978.56737336,1.0,
1010.25281385,0.932448952207,0.00517194205506,0.435418761939,0.204819571584,2.54687983398,8.8303030303,0.00517194205506,7468.77402597,1.0,
886.852813853,0.94267982137,0.00588819549858,0.447470558522,0.205134455921,2.54330999612,7.68225108225,0.00588819549858,7728.1735644,1.0,
1018.07662338,0.931938503602,0.00556061543075,0.437750829825,0.207577819776,2.51623663119,8.80735930736,0.00556061543075,7470.71910482,1.0,
922.16017316,0.940674907196,0.00623451584491,0.439542405091,0.212469050519,2.48151017864,8.18701298701,0.00623451584491,7763.58134536,1.0,
1164.40735931,0.924004680072,0.00533198403328,0.437061985918,0.208521325699,2.5036865844,9.43593073593,0.00533198403328,7651.83731962,1.0,
917.048484848,0.940110980055,0.00590955941605,0.467140426995,0.20685337343,2.48869561303,8.04329004329,0.00590955941605,7648.52591893,1.0,
893.203463203,0.940568184918,0.00591030902719,0.454690448163,0.212250900218,2.49910024375,7.8025974026,0.00591030902719,7506.52590712,1.0,
956.222943723,0.934870051387,0.00650924832743,0.453034211101,0.212594305898,2.47691923027,8.3,0.00650924832743,7332.77932971,1.0,
1028.44718615,0.928810499355,0.00572328104796,0.450291503204,0.209803805265,2.51642066053,8.54675324675,0.00572328104796,7215.08328203,1.0,
1074.75974026,0.927916588887,0.00584284402466,0.446031705123,0.211096152705,2.50752687315,9.06883116883,0.00584284402466,7446.96701697,1.0,
974.531168831,0.93674221955,0.00571953299226,0.455096620283,0.211300012907,2.50887723561,8.32943722944,0.00571953299226,7694.52762884,1.0,
992.103030303,0.935135407842,0.0061149528682,0.447151434642,0.218098895687,2.48262155318,8.35064935065,0.0061149528682,7639.220244,1.0,
990.316017316,0.936535459633,0.00593129813909,0.452255640395,0.216026213292,2.48085956244,8.39653679654,0.00593129813909,7792.45821105,1.0,
1193.32900433,0.925465675066,0.00530537283784,0.447675152481,0.209902470655,2.52604473186,9.50909090909,0.00530537283784,7995.91783606,2.0,
1038.08051948,0.934034823742,0.00495755326924,0.459892822565,0.206052732047,2.53007595677,8.61558441558,0.00495755326924,7858.73670433,2.0,
1024.47705628,0.93215205951,0.00612882067428,0.464579022335,0.2061878303,2.46187349677,8.65800865801,0.00612882067428,7539.80663481,2.0,
1060.03376623,0.932694903382,0.00539645059126,0.44366833764,0.210736461195,2.52832711156,8.99913419913,0.00539645059126,7864.92609528,2.0,
1058.24112554,0.933463005679,0.00552688292948,0.449045817418,0.212297944586,2.49089508116,8.50692640693,0.00552688292948,7941.9171266,2.0,
1130.82337662,0.926694539991,0.00558385337606,0.443575734329,0.1976445379,2.52530494012,9.59047619048,0.00558385337606,7703.28308933,2.0,
889.929004329,0.942600721064,0.00531549258822,0.447694038971,0.206557322725,2.54173655887,7.80606060606,0.00531549258822,7741.70879181,2.0,
1170.43463203,0.924892425203,0.00527651280898,0.449458565118,0.210057207862,2.50741726379,9.52121212121,0.00527651280898,7780.66668466,2.0,
1187.31038961,0.925441604813,0.00430501677255,0.428581906539,0.203894067469,2.5882008592,9.63506493506,0.00430501677255,7951.5174137,2.0,
1135.5991342,0.926668884719,0.00439497010926,0.434457472217,0.20578207231,2.57628400155,9.45454545455,0.00439497010926,7730.94041004,2.0,
1125.37532468,0.926310302415,0.00537171342366,0.446179441322,0.19767529824,2.52377877632,9.43073593074,0.00537171342366,7626.45271589,2.0,
1014.77878788,0.933509801047,0.00551901201252,0.450336381266,0.209918733648,2.51820730787,8.66103896104,0.00551901201252,7620.6158963,2.0,
1023.64025974,0.932393857841,0.00585971027529,0.457295757271,0.203025516092,2.47681489895,8.61774891775,0.00585971027529,7561.04766276,2.0,
1026.71125541,0.932150544601,0.00595978336238,0.450496269552,0.207541673669,2.50131136905,8.74675324675,0.00595978336238,7556.12764739,2.0,
1057.86233766,0.934002805317,0.00583572271884,0.455780372759,0.209771811169,2.50094102365,8.55584415584,0.00583572271884,8004.09166582,2.0,
1117.53290043,0.928649030803,0.0054316823148,0.440310372413,0.201536277221,2.51402723932,9.00043290043,0.0054316823148,7820.731301,2.0,
1216.95064935,0.922220077059,0.0056486947396,0.462781009327,0.20196652539,2.49467407963,9.60952380952,0.0056486947396,7812.49785911,2.0,
1113.66017316,0.928525715425,0.00581210996795,0.450759549766,0.20625327942,2.49400067936,9.09220779221,0.00581210996795,7780.53380395,2.0,
1138.95151515,0.928692955344,0.00526002136392,0.449767950337,0.21309427269,2.50605990392,9.04675324675,0.00526002136392,7975.71720264,2.0,
980.070562771,0.935770091984,0.00584846610821,0.453189676318,0.204897967181,2.47380674953,8.35281385281,0.00584846610821,7619.26838351,2.0,
1059.41991342,0.927806867455,0.00482787054216,0.442173588177,0.201965887606,2.56140113682,9.26926406926,0.00482787054216,7326.8603154,2.0,
1072.08831169,0.930511233639,0.00475028578925,0.441608614008,0.207824617355,2.56702000258,8.87445887446,0.00475028578925,7701.52441558,2.0,
894.903896104,0.941544611852,0.00535484717303,0.45670364374,0.206150465385,2.51010442837,7.84155844156,0.00535484717303,7643.37521598,2.0,
1095.06320346,0.931486952373,0.00557485804239,0.446258852225,0.209934054556,2.47178449501,8.78787878788,0.00557485804239,7979.88655348,2.0,
1133.42597403,0.926754137706,0.00604786267124,0.454559195442,0.205492297611,2.47243424464,9.30995670996,0.00604786267124,7725.15337569,2.0,
1123.8991342,0.928716025031,0.00491220179532,0.437680097484,0.213175039131,2.53373029421,9.14848484848,0.00491220179532,7872.34385717,2.0,
1098.14675325,0.92910020786,0.00550177095632,0.45525214476,0.19870545223,2.52128290587,9.00562770563,0.00550177095632,7732.96320969,2.0,
1107.55541126,0.927985119794,0.00542718464796,0.447555507429,0.207678391704,2.52615460787,9.11125541126,0.00542718464796,7679.63552805,2.0,
1061.8030303,0.92921950757,0.00477614737355,0.439826731266,0.203998086746,2.55455205257,9.16147186147,0.00477614737355,7490.80034075,2.0,
980.286580087,0.933178369192,0.00427578193812,0.437838381518,0.201277095744,2.56778421937,8.61038961039,0.00427578193812,7323.52679747,2.0,
1077.11471861,0.929824127402,0.00431138846723,0.436359712554,0.204524626065,2.57009537808,8.74329004329,0.00431138846723,7661.85263456,2.0,
1016.88701299,0.933723179429,0.00397593748243,0.4251801204,0.20118676331,2.59801185532,8.84458874459,0.00397593748243,7659.70060723,2.0,
992.123809524,0.933690373371,0.00506999494012,0.452236248257,0.201261342382,2.52040008667,8.48744588745,0.00506999494012,7469.24967973,2.0,
1037.76363636,0.931985454205,0.00427503232698,0.434638737808,0.199178117555,2.57394934218,8.94545454545,0.00427503232698,7617.29065797,2.0,
1050.66060606,0.931347703704,0.00513296227582,0.459864465907,0.208944527714,2.52972425433,8.67619047619,0.00513296227582,7640.44598265,2.0,
899.393506494,0.939002593522,0.00519293116696,0.449188919128,0.211747028062,2.51638959475,7.92164502165,0.00519293116696,7361.68440701,2.0,
1139.05497835,0.923659852867,0.00420269485205,0.417275943852,0.202615607831,2.56796973249,9.71125541126,0.00420269485205,7449.03300711,2.0,
982.391341991,0.933709841496,0.00531886583835,0.443111931379,0.207698879572,2.48149502737,8.47445887446,0.00531886583835,7397.61160398,2.0,
1115.95714286,0.927726390062,0.00487697007178,0.450009354193,0.206971490697,2.51017520835,8.94242424242,0.00487697007178,7706.57279685,2.0,
1085.79307359,0.928180169063,0.00485523134874,0.442367496189,0.202935177855,2.531505504,8.97662337662,0.00485523134874,7546.08096794,2.0,
956.93982684,0.934942830317,0.00493768857405,0.437326954595,0.201188692734,2.53648187784,8.4038961039,0.00493768857405,7341.41058193,2.0,
1081.05584416,0.929824152013,0.00439646933153,0.437805571759,0.200699144848,2.55856843992,9.03766233766,0.00439646933153,7689.54451814,2.0,
895.943290043,0.93919675056,0.00497741796443,0.441623934551,0.210261219343,2.5390345763,8.20735930736,0.00497741796443,7356.61032669,2.0,
941.803463203,0.9359358567,0.0048803433219,0.436130815584,0.203839727975,2.53207233671,8.28398268398,0.0048803433219,7338.21554581,2.0,
1045.58614719,0.928788557301,0.00578362474466,0.457869338537,0.210078687459,2.46986819096,8.6632034632,0.00578362474466,7329.21380727,2.0,
1015.17748918,0.93353052258,0.00420044601863,0.437815372943,0.202005966837,2.56120379746,8.73073593074,0.00420044601863,7623.23748674,2.0,
1068.38354978,0.932640765366,0.00544704934315,0.446484957507,0.208712129902,2.53186712434,8.71341991342,0.00544704934315,7919.39250576,2.0,
975.510822511,0.934473670938,0.00498978654823,0.442852016851,0.212049296737,2.5234650954,8.44848484848,0.00498978654823,7430.51396057,2.0,
1008.45108225,0.933990773644,0.00497591874215,0.445067603152,0.199640413421,2.53708676418,8.45108225108,0.00497591874215,7627.70336032,2.0,
949.950649351,0.936842958152,0.00476152995634,0.446492824134,0.199150614615,2.53418425212,8.22943722944,0.00476152995634,7508.43048669,2.0,
1123.0965368,0.931233943633,0.00503026554975,0.456198727126,0.209931716296,2.51506251093,8.88181818182,0.00503026554975,8160.11965316,3.0,
1139.82813853,0.927059873129,0.00508686119076,0.462576518034,0.208662505827,2.49043298445,9.34588744589,0.00508686119076,7808.19825345,3.0,
977.719480519,0.937453404977,0.00512846460898,0.456245998351,0.218821654823,2.49911145822,8.20606060606,0.00512846460898,7808.75794026,3.0,
1083.2978355,0.929933248001,0.00575626393808,0.466999819576,0.213796370655,2.45717282479,8.90303030303,0.00575626393808,7723.42280486,3.0,
1112.0987013,0.930496194258,0.00502052060494,0.454849697109,0.212269698519,2.49118064471,8.83463203463,0.00502052060494,7992.94172317,3.0,
1097.91298701,0.93021199229,0.00553925151328,0.461366018035,0.219864457997,2.45123548822,8.91038961039,0.00553925151328,7858.36331858,3.0,
1044.36753247,0.933906292011,0.0054822810667,0.467013959409,0.215852187593,2.4617629369,8.33463203463,0.0054822810667,7894.15327266,3.0,
1134.17792208,0.928424032351,0.00506549727329,0.442063694744,0.217856569085,2.49748883494,8.94848484848,0.00506549727329,7915.27965373,3.0,
1208.43766234,0.92445217813,0.00548902756695,0.454439820425,0.220186600386,2.43734922199,9.26796536797,0.00548902756695,7991.08290404,3.0,
1102.01082251,0.93232869681,0.00559847079328,0.462910269464,0.217326098144,2.45182025955,8.46103896104,0.00559847079328,8135.68438508,3.0,
1135.46969697,0.929786947485,0.00499128577051,0.438093481185,0.214749636772,2.50760733318,9.15021645022,0.00499128577051,8079.48767382,3.0,
1162.70952381,0.926949847916,0.00475853151178,0.461148296437,0.210766098164,2.50584092567,9.13116883117,0.00475853151178,7950.16926487,3.0,
1130.52597403,0.927534395585,0.00522478964037,0.446584104642,0.213104721471,2.50363799733,9.21168831169,0.00522478964037,7794.33065408,3.0,
1034.84069264,0.933959303105,0.00502201982721,0.453401180042,0.209813909351,2.49075269907,8.48225108225,0.00502201982721,7827.56215551,3.0,
1065.21991342,0.935122606985,0.00629710837503,0.460159590227,0.216515168434,2.44854744152,8.38095238095,0.00629710837503,8202.64138022,3.0,
1123.14978355,0.928078590469,0.0062716215963,0.456974057568,0.210703285595,2.46880300156,8.9645021645,0.0062716215963,7801.78723131,3.0,
1163.82164502,0.926623613692,0.00562470718315,0.450117377785,0.210841378236,2.48360756523,9.30822510823,0.00562470718315,7923.65266431,3.0,
907.936796537,0.941959164382,0.00620078334364,0.455546327754,0.212548846799,2.46770365131,8.070995671,0.00620078334364,7815.57149754,3.0,
1096.14285714,0.93231149928,0.00544929817657,0.452500034421,0.215679712229,2.50413311006,8.89523809524,0.00544929817657,8087.73476959,3.0,
1107.14891775,0.930773399653,0.00527613800341,0.454802303129,0.22170351294,2.48709081111,8.83982683983,0.00527613800341,7987.52983509,3.0,
1132.74329004,0.928373809926,0.00544330128746,0.451815526448,0.21625729759,2.49898807468,9.09653679654,0.00544330128746,7898.19344845,3.0,
1036.93766234,0.932602927692,0.00550252056746,0.442854331709,0.206865312967,2.52765393627,8.80865800866,0.00550252056746,7684.36419651,3.0,
1052.75064935,0.931092712939,0.00585971027529,0.469439974918,0.218855499886,2.45789112072,8.54372294372,0.00585971027529,7629.89495868,3.0,
1011.45454545,0.934070415425,0.00605423436592,0.463720473083,0.212830676005,2.46908679219,8.48744588745,0.00605423436592,7662.20215382,3.0,
1120.18744589,0.927994024379,0.005419313731,0.454944097851,0.213397590246,2.48049490029,9.10173160173,0.005419313731,7769.29690265,3.0,
1018.97965368,0.935056825521,0.00703360131932,0.470225858391,0.226636162381,2.42008069293,8.31731601732,0.00703360131932,7835.80433655,3.0,
1116.43246753,0.929538841002,0.00593279736137,0.473163250946,0.213999139308,2.4471422983,8.7329004329,0.00593279736137,7913.42873096,3.0,
1105.72943723,0.92918976282,0.00576413485504,0.45400600521,0.205033299158,2.47350237825,9.07922077922,0.00576413485504,7798.73640397,3.0,
1105.52077922,0.929250819202,0.00583309907985,0.462780139923,0.220742855748,2.46629569263,8.77878787879,0.00583309907985,7805.53284632,3.0,
1107.35757576,0.930494393341,0.00621277712187,0.485141792821,0.220575202328,2.41568207695,8.47619047619,0.00621277712187,7960.2408703,3.0,
1022.9034632,0.932357324217,0.00570266674163,0.460934621898,0.209059960026,2.47224254082,8.67402597403,0.00570266674163,7554.40690921,3.0,
1017.3034632,0.934759327222,0.00620453139934,0.462807012119,0.219392713715,2.46223014914,8.32597402597,0.00620453139934,7790.27795811,3.0,
1137.92294372,0.928079459265,0.00466595453608,0.447507125162,0.202917662487,2.55475507683,9.11515151515,0.00466595453608,7903.96937033,3.0,
1117.13463203,0.929278276332,0.0051565750267,0.448595237024,0.216363696568,2.51955315735,8.99264069264,0.0051565750267,7891.43739983,3.0,
1135.97878788,0.926814519487,0.00445568861153,0.440920144558,0.204548937629,2.56974970523,9.28268398268,0.00445568861153,7755.02601605,3.0,
1092.16753247,0.929762245433,0.00653735874515,0.455855677641,0.21580351176,2.46395529895,8.73896103896,0.00653735874515,7769.23076053,3.0,
1045.44848485,0.930412757293,0.00565956410112,0.451512919013,0.207740725221,2.5134455833,8.89783549784,0.00565956410112,7506.25268061,3.0,
1075.40995671,0.931489269249,0.00557523284796,0.462005670549,0.20936909729,2.49496189266,8.90779220779,0.00557523284796,7841.48104051,3.0,
1191.49437229,0.926417609757,0.00560409287682,0.452382920753,0.216917731938,2.47520949209,9.2329004329,0.00560409287682,8088.37066565,3.0,
1331.39004329,0.916310530681,0.00529712711531,0.428345005164,0.208266299839,2.54058508861,10.4748917749,0.00529712711531,7946.97035911,3.0,
1133.93116883,0.925823923225,0.00549127640037,0.453098015784,0.212651202525,2.52454034504,9.18831168831,0.00549127640037,7636.05205829,3.0,
1116.42251082,0.92824195364,0.00588032458162,0.45060506692,0.218025469359,2.48264968218,9.11168831169,0.00588032458162,7770.86849834,3.0,
965.40952381,0.936762709436,0.00571053765859,0.462811446276,0.208653616458,2.49311747015,8.30649350649,0.00571053765859,7624.36148217,3.0,
1126.20649351,0.925065510299,0.0051899327224,0.453288524284,0.209704099082,2.5243587968,9.40476190476,0.0051899327224,7502.45846522,3.0,
1246.33679654,0.922433502169,0.00507224377354,0.432508369812,0.209811809298,2.54348543623,9.61818181818,0.00507224377354,8025.24354753,3.0,
1067.20562771,0.932914457758,0.00581510841251,0.46908694145,0.217254278114,2.45181254856,8.31645021645,0.00581510841251,7945.2016878,3.0,
1172.62251082,0.923635790524,0.00582747699631,0.453884993317,0.208064843778,2.484673257,9.4354978355,0.00582747699631,7668.82606023,3.0,
1097.83160173,0.931140750583,0.00513558591481,0.444136500061,0.209108263903,2.51397732373,8.88441558442,0.00513558591481,7965.77560283,3.0,
1104.31558442,0.928491039695,0.00509285807987,0.436430381135,0.207573680642,2.55448736232,9.44891774892,0.00509285807987,7712.33099834,3.0,
1003.16666667,0.935714491598,0.00534247858923,0.454441339089,0.198448613263,2.52135262138,8.43766233766,0.00534247858923,7793.1944295,3.0,
1056.85974026,0.929900731665,0.00372931541763,0.414414820545,0.191843192219,2.62824474821,9.25714285714,0.00372931541763,7527.90893668,4.0,
1078.77922078,0.925723573905,0.00435524071888,0.435958147018,0.198192903622,2.58043516468,9.44848484848,0.00435524071888,7251.63963906,4.0,
980.243290043,0.932905404057,0.00469556417608,0.437154106084,0.201740714184,2.52989113392,8.67445887446,0.00469556417608,7295.51743071,4.0,
1084.42380952,0.925871940062,0.00462547553457,0.437129270527,0.194802086369,2.56150084189,9.36753246753,0.00462547553457,7305.87836065,4.0,
1078.17056277,0.929454632438,0.0046089840895,0.45071375057,0.215514583988,2.51130230718,8.69437229437,0.0046089840895,7631.71094339,4.0,
969.293939394,0.934478146603,0.00379190794775,0.430621680782,0.199791395715,2.59511024597,8.45151515152,0.00379190794775,7386.6713351,4.0,
1170.99004329,0.920205149126,0.00374468244598,0.420008851398,0.199276868916,2.60996457409,9.86017316017,0.00374468244598,7328.95449134,4.0,
934.781818182,0.93489958049,0.00425104477053,0.440405493468,0.192525118374,2.57338324292,8.39220779221,0.00425104477053,7169.04235771,4.0,
1222.14415584,0.919824904104,0.00495867768595,0.441253173665,0.201759758435,2.5247209083,9.85844155844,0.00495867768595,7609.62508054,4.0,
1004.58744589,0.931698915818,0.00434624538521,0.433795991784,0.198558322402,2.56577039369,8.71991341991,0.00434624538521,7341.98122322,4.0,
1085.45324675,0.929714620058,0.00493693896291,0.451668363055,0.209942632414,2.50633341151,8.95021645022,0.00493693896291,7711.18037092,4.0,
1071.35108225,0.929605685534,0.00544779895429,0.451294887843,0.210346255385,2.51854912925,9.03333333333,0.00544779895429,7601.23421249,4.0,
1039.34588745,0.929761718809,0.00579524371732,0.455404175295,0.216541925034,2.49268809459,8.71818181818,0.00579524371732,7391.41527056,4.0,
961.618181818,0.933999932182,0.00517119244392,0.438583260549,0.210073589001,2.53879637735,8.9038961039,0.00517119244392,7276.17259965,4.0,
1046.8017316,0.929439296462,0.00457037911583,0.438164476212,0.197241850166,2.56336594942,9.15930735931,0.00457037911583,7409.67321921,4.0,
1079.1965368,0.929740460159,0.00406176795787,0.427980735442,0.198753559706,2.61531668417,9.35844155844,0.00406176795787,7670.6865233,4.0,
1180.03679654,0.922506030748,0.00475665748393,0.43447544037,0.205659758161,2.56935754835,9.83073593074,0.00475665748393,7607.17301798,4.0,
1087.12813853,0.927896745633,0.00524877719683,0.45253150388,0.209455715925,2.55866932798,9.1038961039,0.00524877719683,7532.11961039,4.0,
1015.41298701,0.930525860799,0.00556698712543,0.450674485274,0.198239461083,2.51822070881,8.85800865801,0.00556698712543,7299.55454002,4.0,
915.065367965,0.935910035198,0.00548940237252,0.438588068845,0.202281818807,2.53144545264,8.49913419913,0.00548940237252,7132.34683219,4.0,
1035.51341991,0.931490926945,0.00611645209048,0.448798148636,0.213471801446,2.49862946403,8.64935064935,0.00611645209048,7551.26189183,4.0,
1087.06536797,0.929721302598,0.00557185959783,0.460573953208,0.209440102668,2.49349763182,9.00303030303,0.00557185959783,7727.32636125,4.0,
1037.88744589,0.932503401697,0.00591105863833,0.463910211643,0.207579228089,2.49509170427,8.86926406926,0.00591105863833,7681.90730777,4.0,
931.672294372,0.936230763726,0.00561346301606,0.445509111422,0.204386233773,2.52325211763,8.65670995671,0.00561346301606,7298.68490569,4.0,
1092.67748918,0.924635479979,0.00501527332696,0.431138099164,0.19249024799,2.56057398922,9.7354978355,0.00501527332696,7241.49838089,4.0,
1102.21168831,0.927089592104,0.00518543505556,0.443334626875,0.205289301304,2.48517263611,9.20043290043,0.00518543505556,7550.62229273,4.0,
1113.22337662,0.928915877567,0.00447742733457,0.442231095854,0.205389719523,2.53934185246,9.45800865801,0.00447742733457,7822.29068646,4.0,
1053.83809524,0.930110157334,0.0046558347857,0.450884659445,0.211717341746,2.52195460505,8.89004329004,0.0046558347857,7532.44779671,4.0,
1112.58441558,0.926171218395,0.00486010382114,0.452916676408,0.207969076926,2.51097734851,9.15757575758,0.00486010382114,7527.29422331,4.0,
1206.40865801,0.923653206276,0.00518955791683,0.460434942675,0.209423140367,2.48826768888,9.52121212121,0.00518955791683,7892.15462604,4.0,
1120.5987013,0.928204700621,0.00507336819025,0.459760931822,0.21036004491,2.4801752091,8.95714285714,0.00507336819025,7796.99604978,4.0,
1081.18787879,0.93316601522,0.00578137591125,0.478704028343,0.222872035828,2.43799816783,8.19480519481,0.00578137591125,8081.18029666,4.0,
1104.70735931,0.926954452532,0.00490845373962,0.461016200329,0.202672287466,2.50975778999,9.26233766234,0.00490845373962,7555.60206256,4.0,
1155.42943723,0.925832059944,0.00482337287532,0.462218789884,0.206471212167,2.52012438964,9.46753246753,0.00482337287532,7782.27209479,4.0,
1225.90519481,0.924254429547,0.00552163565151,0.45986832476,0.207023537554,2.48628214947,9.58744588745,0.00552163565151,8085.11310625,4.0,
1009.06147186,0.934689701869,0.00472817226064,0.455341629576,0.206936294969,2.52950626009,8.68225108225,0.00472817226064,7717.38436648,4.0,
1027.06320346,0.9325509945,0.00503663724443,0.451850099202,0.21000569338,2.49527716924,8.54285714286,0.00503663724443,7607.91557992,4.0,
1077.82207792,0.930814100157,0.00471467926013,0.451397995284,0.2059006624,2.53339997632,8.98571428571,0.00471467926013,7782.1703355,4.0,
1104.51558442,0.927520393239,0.00457600119938,0.44194115295,0.212845088841,2.52857225438,9.0645021645,0.00457600119938,7612.41147847,4.0,
1230.25281385,0.921471370672,0.00486460148798,0.457114509146,0.208894464484,2.50372878724,9.57056277056,0.00486460148798,7824.37435768,4.0,
1250.795671,0.920767683943,0.00467982234216,0.450526160143,0.212959874068,2.51423404355,9.69350649351,0.00467982234216,7885.6314653,4.0,
1079.4017316,0.931918911316,0.00464908828545,0.446245738467,0.213879507576,2.52837709701,8.89350649351,0.00464908828545,7920.58281385,4.0,
1162.28484848,0.925775637958,0.00485260770975,0.45027365024,0.20825429226,2.49831221398,9.34805194805,0.00485260770975,7822.51576807,4.0,
1043.73419913,0.931493707667,0.00558647701505,0.46369996739,0.215008814291,2.46672278455,8.61471861472,0.00558647701505,7610.87443076,4.0,
1091.32943723,0.932263966493,0.00508911002417,0.454193189867,0.2120416114,2.51158974018,9.03246753247,0.00508911002417,8049.24337854,4.0,
1108.19177489,0.929955617089,0.00514570566519,0.458011392843,0.208762073907,2.48786859444,8.67922077922,0.00514570566519,7904.54902574,4.0,
1241.12900433,0.920914593171,0.0050160229381,0.46208485127,0.207427202841,2.49871171114,9.87705627706,0.0050160229381,7830.38980997,4.0,
1121.3952381,0.927258636471,0.00518018777759,0.459077585369,0.210717734199,2.48973434426,9.15194805195,0.00518018777759,7701.49851732,4.0,
1055.27835498,0.93142948977,0.00480688143026,0.457834711913,0.209687674798,2.52719745774,9.01428571429,0.00480688143026,7686.6983792,4.0,
1089.37662338,0.93063617962,0.00486347707127,0.456944844004,0.219961926096,2.49527115618,8.78528138528,0.00486347707127,7845.77536797,4.0,
1115.12121212,0.923339313758,0.00346507749105,0.4123577015,0.19193562425,2.64358501874,9.61125541126,0.00346507749105,7259.54010982,5.0,
1005.0995671,0.931897811428,0.00471243042672,0.454891848613,0.20162425443,2.53445879027,9.06060606061,0.00471243042672,7367.79029966,5.0,
1179.87965368,0.923416614142,0.00476902606773,0.445908006599,0.200410823971,2.51009306185,9.60865800866,0.00476902606773,7692.29172336,5.0,
884.088744589,0.939075828728,0.00464309139634,0.449123791614,0.207307527767,2.53566840291,8.11471861472,0.00464309139634,7245.50942116,5.0,
1074.14242424,0.929006768295,0.00439871816495,0.445728658055,0.207323839272,2.54844621852,9.08268398268,0.00439871816495,7552.42576905,5.0,
1043.81861472,0.928402791964,0.00499803227076,0.439149790421,0.207552956922,2.55355888155,9.20562770563,0.00499803227076,7280.06641972,5.0,
996.985281385,0.932695559265,0.00481999962519,0.422079421197,0.193601523378,2.57025735607,9.04935064935,0.00481999962519,7396.37733551,5.0,
1037.7,0.932630565747,0.00461010850621,0.431463121324,0.208579485931,2.57940294253,9.17792207792,0.00461010850621,7691.67859453,5.0,
949.887445887,0.934248840513,0.00487884409962,0.424593044138,0.195723495216,2.57944858708,8.76277056277,0.00487884409962,7213.87739623,5.0,
1006.78917749,0.934745064042,0.00470380989862,0.434360993455,0.203396785812,2.55913648355,8.67575757576,0.00470380989862,7703.08089827,5.0,
1022.07922078,0.931554994773,0.0052626450029,0.444770807588,0.206175911291,2.52839119183,9.12683982684,0.0052626450029,7456.23553649,5.0,
1094.56277056,0.930767131723,0.0051430820262,0.436850294118,0.206315400693,2.5156781109,8.82164502165,0.0051430820262,7893.87745601,5.0,
976.411688312,0.933656697188,0.00457487678267,0.432420160754,0.19954402569,2.58332224431,8.76406926407,0.00457487678267,7349.45073167,5.0,
1089.13896104,0.927164521297,0.00501827177152,0.436286895634,0.209658903106,2.53659608176,9.22640692641,0.00501827177152,7466.09505299,5.0,
1045.88095238,0.928360282472,0.00443994677761,0.424782658728,0.198806763129,2.58144226903,9.44025974026,0.00443994677761,7288.75791763,5.0,
1004.41558442,0.932031511759,0.00445681302824,0.419122925441,0.191793507472,2.61504429043,9.31861471861,0.00445681302824,7380.10292161,5.0,
1023.44675325,0.931228806252,0.00469219092596,0.420938008591,0.195004390726,2.59218320277,9.32034632035,0.00469219092596,7431.06180638,5.0,
1013.77012987,0.932935859258,0.00450591255786,0.434856472477,0.203453821468,2.5539179763,8.75541125541,0.00450591255786,7546.67034393,5.0,
1008.38095238,0.932320813865,0.00433762485711,0.428208929518,0.196459788596,2.61675491794,8.90649350649,0.00433762485711,7440.63634302,5.0,
1012.04632035,0.933736848995,0.00406776484699,0.438608816612,0.195733099733,2.60307281062,8.74155844156,0.00406776484699,7626.74884958,5.0,
928.434199134,0.938130976794,0.00447780214014,0.426270829799,0.209649155572,2.59757407404,8.46277056277,0.00447780214014,7493.44235214,5.0,
1014.02510823,0.930471410268,0.00472704784393,0.431406434943,0.199654088546,2.56528551284,9.16883116883,0.00472704784393,7283.47625907,5.0,
1102.20606061,0.928161881859,0.00449129514065,0.431691084961,0.198884248893,2.56839996537,9.29004329004,0.00449129514065,7664.08322932,5.0,
956.003896104,0.934261463301,0.00411948801559,0.420612531036,0.20005601139,2.61719018045,9.19177489177,0.00411948801559,7265.67006451,5.0,
1030.76320346,0.93080966122,0.0038530012556,0.431531137964,0.203287891872,2.61587517901,8.98484848485,0.0038530012556,7440.54952273,5.0,
1045.85367965,0.928316855625,0.00481287831937,0.432921156452,0.202263043033,2.59956724184,9.24588744589,0.00481287831937,7287.08335189,5.0,
903.870995671,0.936485091924,0.00576788291074,0.442715056559,0.206875766724,2.51169141959,8.39393939394,0.00576788291074,7106.30981372,5.0,
1042.23419913,0.933403995774,0.0056486947396,0.440367435337,0.20732654805,2.52898465556,8.83593073593,0.0056486947396,7816.05054014,5.0,
937.408658009,0.936051275539,0.00515732463784,0.442214256802,0.20300951195,2.55973139657,8.83463203463,0.00515732463784,7317.38186035,5.0,
980.924675325,0.933208796936,0.00542531062012,0.447284646746,0.212993538554,2.51397399357,8.74891774892,0.00542531062012,7334.66051779,5.0,
1039.55281385,0.93218232791,0.00534847547835,0.44503200235,0.206180216055,2.54889344144,8.97012987013,0.00534847547835,7655.25425784,5.0,
1066.92077922,0.927247995011,0.00553812709657,0.454930148452,0.204760991021,2.53491250815,9.17619047619,0.00553812709657,7324.16250112,5.0,
895.471861472,0.934827463687,0.00525552369708,0.43853130771,0.201783240397,2.55469302924,8.49177489177,0.00525552369708,6862.11582111,5.0,
1002.61645022,0.931683061174,0.00624913326212,0.463949590271,0.208818793742,2.47562470863,8.77489177489,0.00624913326212,7329.68404734,5.0,
892.467099567,0.937238950499,0.0057881224115,0.448825235377,0.214401070358,2.51557788534,8.34848484848,0.0057881224115,7098.5989266,5.0,
1063.32251082,0.928058531987,0.00437435580293,0.435664472532,0.199125223507,2.58505147353,9.07056277056,0.00437435580293,7380.53195372,5.0,
1031.68138528,0.929282654788,0.00528475853151,0.440366459537,0.203647561757,2.5460359401,8.75151515152,0.00528475853151,7283.79360694,5.0,
1005.52597403,0.931548710844,0.00424204943685,0.432091890842,0.202942344892,2.60772409458,8.81601731602,0.00424204943685,7335.28084317,5.0,
897.240692641,0.936885186105,0.00448867150166,0.431748702787,0.208836510115,2.5551389723,8.24761904762,0.00448867150166,7098.5215129,5.0,
1133.90562771,0.923952361101,0.00486759993254,0.430794084164,0.200858802202,2.55395715625,9.58961038961,0.00486759993254,7445.3169146,5.0,
986.27965368,0.932870351323,0.00532486272746,0.449521985314,0.201392005737,2.50568816433,8.63896103896,0.00532486272746,7336.22524316,5.0,
938.361904762,0.935026579264,0.00440846310976,0.430824982339,0.199389408955,2.58953863846,8.60519480519,0.00440846310976,7211.17798205,5.0,
969.867965368,0.933146447026,0.00475928112292,0.436534740759,0.205259456993,2.56360387726,8.60476190476,0.00475928112292,7242.94464895,5.0,
1088.74588745,0.928354760087,0.00441745844343,0.412536112309,0.194176596685,2.62673563852,9.50606060606,0.00441745844343,7590.15782468,5.0,
950.051948052,0.935106118278,0.00558910065404,0.446271676187,0.20007353974,2.55178604439,8.81125541126,0.00558910065404,7312.28976818,5.0,
1065.77099567,0.92824480205,0.00522966211278,0.444155140868,0.203350220663,2.54600685726,9.02554112554,0.00522966211278,7419.13670869,5.0,
957.596969697,0.935481565841,0.00461010850621,0.436616039929,0.19791655729,2.53629592331,8.68787878788,0.00461010850621,7410.74924406,5.0,
1110.00865801,0.929282299878,0.00559622195986,0.462529539496,0.214320076937,2.47245097625,8.94112554113,0.00559622195986,7837.72065553,5.0,
1010.78614719,0.934809584072,0.00599988755833,0.45906569543,0.206969564617,2.47784223068,8.71341991342,0.00599988755833,7742.01096868,5.0,
952.161471861,0.933834848978,0.00565056876745,0.444675653768,0.20932866425,2.51564237733,8.71298701299,0.00565056876745,7185.54266623,5.0,
1040.15627706,0.926685993525,0.00514945372088,0.409374865389,0.182397350048,2.64652550181,9.96233766234,0.00514945372088,7083.23911682,6.0,
1039.5034632,0.931805206409,0.0044350743052,0.434004725104,0.210930673013,2.57686132221,8.94502164502,0.0044350743052,7610.97677953,6.0,
1251.94199134,0.919496055572,0.00471955173254,0.435830817249,0.206256274443,2.56356352973,9.94978354978,0.00471955173254,7764.22060925,6.0,
1043.37662338,0.932429436167,0.00492007271228,0.447196788913,0.206859444501,2.5521912337,8.81038961039,0.00492007271228,7709.69755252,6.0,
1060.8965368,0.929907987508,0.00581998088492,0.457032994704,0.208949447069,2.517297212,9.27142857143,0.00581998088492,7557.59071949,6.0,
1079.53939394,0.928919142908,0.00489645996139,0.442667992294,0.201774945115,2.56677464102,9.40779220779,0.00489645996139,7582.09901033,6.0,
1122.55367965,0.927049205658,0.00548940237252,0.4455071467,0.203538210268,2.51687161829,9.54761904762,0.00548940237252,7683.35202306,6.0,
1087.82770563,0.931957961451,0.00507936507936,0.440944704163,0.206596961225,2.5278671961,8.95584415584,0.00507936507936,7982.85444969,6.0,
1087.08225108,0.928951118458,0.00601450497554,0.45928555296,0.207606475041,2.47877803573,9.04848484848,0.00601450497554,7639.77606454,6.0,
1187.04502165,0.923755045701,0.00543018309252,0.447931749627,0.208787922243,2.51565229837,10.0095238095,0.00543018309252,7773.07470325,6.0,
917.718614719,0.939778813971,0.0057585127715,0.468645368414,0.207825039326,2.48256123965,7.81212121212,0.0057585127715,7608.75877364,6.0,
959.56017316,0.937080274025,0.0049950338262,0.441964777045,0.203162139367,2.54247367463,8.54458874459,0.0049950338262,7613.7538129,6.0,
978.965367965,0.933968134361,0.00529262944847,0.456305551445,0.204782869312,2.52692618193,8.63636363636,0.00529262944847,7401.69853882,6.0,
1100.35021645,0.927541828977,0.00563894979479,0.463574595224,0.211575168015,2.49490963989,8.90692640693,0.00563894979479,7582.36798565,6.0,
972.266666667,0.939013223098,0.00550476940087,0.45461126403,0.216581712293,2.49071687547,8.070995671,0.00550476940087,7959.63910347,6.0,
1068.44761905,0.929639574223,0.00500215513203,0.436249268501,0.203527699218,2.55568151527,9.34112554113,0.00500215513203,7581.5911008,6.0,
1172.26623377,0.92175984164,0.00511122355278,0.443364937153,0.206126954255,2.55465171669,10.0203463203,0.00511122355278,7481.01991684,6.0,
1170.85281385,0.924810573716,0.00448717227938,0.438448641194,0.2018634873,2.57208367598,9.79567099567,0.00448717227938,7774.62978018,6.0,
1273.25324675,0.917987011065,0.00502764191076,0.433847703955,0.212063099284,2.53230308391,10.1787878788,0.00502764191076,7751.71482642,6.0,
879.159307359,0.939730538902,0.00548003223328,0.452431282846,0.213263687798,2.51772856543,8.1619047619,0.00548003223328,7283.52215213,6.0,
1212.0034632,0.921844052297,0.00569966829707,0.441266509023,0.217457697258,2.50354589643,9.91255411255,0.00569966829707,7744.06314293,6.0,
1265.91168831,0.919181672698,0.00488783943329,0.447845416772,0.21063436809,2.54491873914,10.2216450216,0.00488783943329,7820.82431026,6.0,
930.992207792,0.93817613379,0.00549802290062,0.464721477827,0.201969803059,2.52476781238,8.22770562771,0.00549802290062,7519.4710206,6.0,
1079.28614719,0.92836909113,0.00561346301606,0.441783857531,0.212718342901,2.49040111373,9.10779220779,0.00561346301606,7524.72452901,6.0,
1178.88268398,0.925547748913,0.00555799179176,0.44328816345,0.208697738479,2.5157313522,9.68095238095,0.00555799179176,7906.83098297,6.0,
1009.65887446,0.934319253937,0.00583309907985,0.453950481885,0.221351364405,2.48388642699,8.34891774892,0.00583309907985,7675.44899458,6.0,
1210.87402597,0.922371686437,0.00567418151834,0.451330129364,0.212535215272,2.49659269171,9.63506493506,0.00567418151834,7789.81661049,6.0,
1089.52164502,0.930856465915,0.00617604617605,0.450684045128,0.203508676635,2.48802079704,9.06103896104,0.00617604617605,7869.22170504,6.0,
1217.22251082,0.921249326846,0.00512696538671,0.431823089434,0.2022296356,2.56142671116,9.96103896104,0.00512696538671,7718.62163265,6.0,
1145.11168831,0.924509374832,0.00532411311632,0.456175405355,0.217198160868,2.51347213244,9.4354978355,0.00532411311632,7574.26517363,6.0,
1013.36753247,0.934516059768,0.0051430820262,0.445366809995,0.212732397168,2.54388728218,8.62380952381,0.0051430820262,7727.49428782,6.0,
1114.38268398,0.930852825685,0.00527913644797,0.457797214412,0.210579397203,2.50297067042,9.16796536797,0.00527913644797,8048.39777365,6.0,
1124.41861472,0.930086586899,0.00504975543937,0.447921267094,0.208388009023,2.50960917353,8.85930735931,0.00504975543937,8031.74894366,6.0,
956.874458874,0.93921068614,0.00513146305354,0.451705032739,0.20289863684,2.54721232197,8.20346320346,0.00513146305354,7860.60823373,6.0,
976.279220779,0.934813049198,0.00575251588239,0.452801102151,0.214696743062,2.47270387432,8.51471861472,0.00575251588239,7478.66934095,6.0,
1121.74545455,0.926962136587,0.00676786417046,0.467227606459,0.204902249308,2.47681589804,8.91688311688,0.00676786417046,7670.99794419,6.0,
1075.74545455,0.931911983574,0.00537508667379,0.454252051664,0.210939636306,2.50058254429,8.98787878788,0.00537508667379,7890.34277112,6.0,
1067.02727273,0.929458635515,0.00520942261202,0.444239257085,0.207274725311,2.53085100773,8.99783549784,0.00520942261202,7552.30332045,6.0,
1122.54155844,0.926797375195,0.00489833398924,0.440337450938,0.209524115354,2.55053442714,9.24199134199,0.00489833398924,7655.80695044,6.0,
1112.34935065,0.926631803202,0.00525290005809,0.43404246608,0.207531336064,2.54280442525,9.62554112554,0.00525290005809,7569.10761179,6.0,
1039.41341991,0.929744568285,0.00568804932441,0.438634203544,0.213000362124,2.53011327676,8.94329004329,0.00568804932441,7388.06945283,6.0,
1007.43506494,0.935503869279,0.00564757032289,0.451165121081,0.209372607442,2.49854647771,8.69480519481,0.00564757032289,7799.58371156,6.0,
1179.26147186,0.921958630452,0.00507973988493,0.449961647553,0.205721128659,2.53835392777,9.51774891775,0.00507973988493,7545.06025149,6.0,
1155.42510823,0.924437003723,0.00572290624239,0.465176237102,0.214470150874,2.48855199463,9.29264069264,0.00572290624239,7635.5061663,6.0,
1046.24891775,0.932179639743,0.00521804314012,0.447202257019,0.217604465856,2.51031856902,8.78484848485,0.00521804314012,7703.49615492,6.0,
1102.89307359,0.929383304773,0.00539232772999,0.445120228141,0.209452486864,2.52893400962,9.18051948052,0.00539232772999,7798.7951703,6.0,
917.260606061,0.938477404999,0.00558760143176,0.448585446259,0.208247377466,2.51144014069,8.19393939394,0.00558760143176,7444.64330972,6.0,
934.025108225,0.938744066704,0.00540019864695,0.447893150472,0.204747433565,2.53490073967,8.2658008658,0.00540019864695,7614.40465827,6.0,
958.267965368,0.939879387956,0.00494031221304,0.435981220485,0.202372550875,2.55520082971,8.17186147186,0.00494031221304,7958.86158641,6.0,
1026.52034632,0.931901027696,0.00530050036544,0.447591088698,0.208705749656,2.53094396054,8.88398268398,0.00530050036544,7526.39723562,6.0,
944.7004329,0.937572472788,0.00630085643073,0.469377195621,0.198432228958,2.48081382391,8.470995671,0.00630085643073,7550.97810629,7.0,
1005.28787879,0.935164504755,0.00525327486366,0.477347649966,0.212193120685,2.49479359213,8.77878787879,0.00525327486366,7735.1864467,7.0,
1138.03766234,0.924536357593,0.0047311707052,0.466950881339,0.218624018995,2.50934834445,9.38831168831,0.0047311707052,7524.92566523,7.0,
1295.18311688,0.914448079074,0.00498903693709,0.454379432665,0.205244266828,2.53510441048,10.3909090909,0.00498903693709,7555.00450727,7.0,
992.413852814,0.934674767101,0.0053169918105,0.448944258723,0.21067336134,2.51213401797,8.92727272727,0.0053169918105,7581.05516388,7.0,
975.776190476,0.935563587073,0.00512284252544,0.459081679753,0.21535586828,2.52972315015,8.64545454545,0.00512284252544,7557.81716877,7.0,
1129.64242424,0.926420266134,0.00513521110924,0.452032658553,0.208291052031,2.52261108619,9.22943722944,0.00513521110924,7662.32389142,7.0,
1167.61948052,0.924474158683,0.00438934802571,0.448915928129,0.206536855903,2.54850141565,9.46623376623,0.00438934802571,7713.77004765,7.0,
1100.57878788,0.928240623552,0.00538558122974,0.454337388728,0.217439183644,2.51087774354,9.14502164502,0.00538558122974,7654.4062979,7.0,
1068.59264069,0.930051783541,0.00500590318772,0.457096450968,0.21876410084,2.49267611928,8.82554112554,0.00500590318772,7623.62830255,7.0,
1021.75324675,0.934711414524,0.00478814115178,0.449685685809,0.213042374188,2.54487572661,8.76536796537,0.00478814115178,7810.34038961,7.0,
940.891774892,0.936876125736,0.00537733550721,0.466473934531,0.212277783434,2.50435039239,8.59913419913,0.00537733550721,7439.23385488,7.0,
1202.43636364,0.922189813103,0.00396281928749,0.437045455367,0.205525244014,2.58799350114,9.59307359307,0.00396281928749,7712.4250179,7.0,
1051.7025974,0.93063842307,0.00447143044546,0.448997545713,0.213144620838,2.55154437038,8.73376623377,0.00447143044546,7566.48094774,7.0,
1119.87922078,0.926583689785,0.00424617229812,0.43991460749,0.206284320293,2.56392806496,9.28787878788,0.00424617229812,7613.37762134,7.0,
1073.19134199,0.930189429534,0.00492794362924,0.430192130731,0.200877774577,2.57163888159,9.35064935065,0.00492794362924,7673.11551976,7.0,
936.945021645,0.937095295282,0.00471692809355,0.44733844669,0.204537763654,2.55540906205,8.44978354978,0.00471692809355,7433.97349792,7.0,
1044.27012987,0.931518766519,0.00412885815483,0.440277250395,0.207178036175,2.58217987253,8.92640692641,0.00412885815483,7610.28036075,7.0,
1013.22900433,0.932752536722,0.00412548490471,0.447452282622,0.206087065326,2.5901044644,8.70086580087,0.00412548490471,7519.26597107,7.0,
1219.73939394,0.920490326823,0.00493731376848,0.438431688002,0.202273580942,2.55115790541,10.1298701299,0.00493731376848,7656.37294372,7.0,
1129.28484848,0.924830580317,0.00469856262064,0.451169723998,0.210364606193,2.5439678448,9.42770562771,0.00469856262064,7498.08122505,7.0,
1106.27012987,0.927090463047,0.00469331534267,0.450636192885,0.208111779245,2.53176555987,9.10216450216,0.00469331534267,7572.73419426,7.0,
1135.2034632,0.92552107878,0.00503026554975,0.442093645736,0.196718765499,2.55652632371,9.39826839827,0.00503026554975,7607.48557654,7.0,
947.582251082,0.935254453839,0.00476115515077,0.441509994388,0.212093784445,2.56428403696,8.51904761905,0.00476115515077,7304.80702334,7.0,
930.028571429,0.938910823568,0.00497254549203,0.461386211109,0.214536293308,2.52015685381,7.97748917749,0.00497254549203,7599.07070576,7.0,
991.56969697,0.931987124173,0.00445194055584,0.445956160612,0.197487998888,2.57436564952,8.84155844156,0.00445194055584,7275.67423118,7.0,
1087.23636364,0.92871233868,0.00485598095988,0.446663455622,0.213917225342,2.52826396525,9.0,0.00485598095988,7612.03290662,7.0,
1083.75367965,0.926161412692,0.00517494049962,0.445299789548,0.201566998811,2.52113415496,9.38484848485,0.00517494049962,7325.80594371,7.0,
1192.85800866,0.921419408391,0.00413073218268,0.438215936367,0.207305968701,2.59436597385,9.87878787879,0.00413073218268,7576.03977399,7.0,
1055.25064935,0.929243766194,0.00549052678923,0.445592088796,0.20831128809,2.49169030392,9.19437229437,0.00549052678923,7444.40745568,7.0,
947.807792208,0.936017139455,0.00421506343584,0.44901981424,0.209861283089,2.58144962132,8.35064935065,0.00421506343584,7393.06169243,7.0,
1069.7047619,0.926505002702,0.00536309289556,0.459659159576,0.218203226743,2.48994262896,8.92467532468,0.00536309289556,7265.16521579,7.0,
1101.05238095,0.92723467484,0.00461722981204,0.446848473295,0.2069384805,2.5425815414,9.21168831169,0.00461722981204,7551.4728332,7.0,
1181.71515152,0.925996520779,0.0044894211128,0.440392338967,0.204035420306,2.5596442294,9.51168831169,0.0044894211128,7970.43447537,7.0,
996.074025974,0.934191516142,0.00599389066922,0.466460271656,0.198872497707,2.48521872061,8.67402597403,0.00599389066922,7555.34488095,7.0,
1033.48008658,0.93361305122,0.00516444594367,0.472091852955,0.213152353626,2.49662147412,8.30606060606,0.00516444594367,7769.24409892,7.0,
1079.97835498,0.928451710905,0.00471093120444,0.459191949417,0.208478600279,2.54937256692,9.05194805195,0.00471093120444,7533.33759937,7.0,
1127.47575758,0.924486546828,0.00501264968797,0.449038697355,0.207891939877,2.51674217735,9.41515151515,0.00501264968797,7451.54829299,7.0,
1158.34545455,0.924508190481,0.00438522516445,0.433281615165,0.205755713107,2.57091066549,9.53506493506,0.00438522516445,7657.3218789,7.0,
867.647186147,0.941321223193,0.00436536046926,0.451076098621,0.205810832443,2.57209286482,7.91125541126,0.00436536046926,7379.84363772,7.0,
1152.49350649,0.924150098527,0.00473754239988,0.458763675566,0.208944191076,2.54348642339,9.5316017316,0.00473754239988,7581.64835554,7.0,
1056.91948052,0.931042424625,0.00499915668747,0.456912975133,0.212048572703,2.52245938468,8.6683982684,0.00499915668747,7645.92607429,7.0,
1028.73766234,0.93095901958,0.00430576638369,0.451085871692,0.207413444075,2.57235211869,8.97229437229,0.00430576638369,7433.85881543,7.0,
1110.97142857,0.926548175108,0.00471467926013,0.448712848008,0.214142986109,2.54934471821,9.1645021645,0.00471467926013,7545.96633215,7.0,
1101.3017316,0.921048232281,0.00394070575889,0.43217328914,0.203146999557,2.61582547278,9.71991341991,0.00394070575889,6954.98571677,7.0,
1058.83549784,0.930029602253,0.00477277412342,0.451821181256,0.208105765973,2.55710155568,8.9696969697,0.00477277412342,7548.61506906,7.0,
994.795670996,0.932893046057,0.00506999494012,0.463566798622,0.211369131461,2.50750629086,8.4,0.00506999494012,7394.03295328,7.0,
1138.49134199,0.923294157064,0.00487472123836,0.457932212002,0.215901857546,2.52155233983,9.59350649351,0.00487472123836,7406.60854824,7.0,
1048.94891775,0.930378485363,0.0051220929143,0.466282153303,0.223681831434,2.49486563756,8.67272727273,0.0051220929143,7516.76051142,7.0,
1148.83506494,0.926298804024,0.00482749573659,0.457042273039,0.212948287846,2.51965357393,9.21255411255,0.00482749573659,7782.34670476,7.0,
