376.002396514,0.974616544572,0.0050050286663,0.498471119111,0.226613000438,2.55763275801,4.46775599129,0.0050050286663,7401.69569553,1.0,
431.186419753,0.971505820142,0.00573975715787,0.509698671458,0.22549291464,2.49803820905,4.5804647785,0.00573975715787,7561.9005256,1.0,
421.945461147,0.97299487743,0.00489239919858,0.497218984563,0.23234755812,2.55042265875,4.56768336964,0.00489239919858,7807.4356326,1.0,
379.37741467,0.974935155643,0.00556433660368,0.503203771458,0.230597144633,2.51077799207,4.27414669572,0.00556433660368,7563.45996125,1.0,
379.538198983,0.975292759771,0.00523518178352,0.506122985586,0.224867185822,2.5249314011,4.29941902687,0.00523518178352,7675.33877731,1.0,
398.670442992,0.973810863118,0.00578125222493,0.511271368454,0.230626733678,2.4865380226,4.40058097313,0.00578125222493,7606.69297956,1.0,
409.869934641,0.972774590272,0.00536727195249,0.499480054611,0.229779125001,2.51602325623,4.58917937545,0.00536727195249,7522.72664449,1.0,
386.1708061,0.974892484451,0.00573637131229,0.515080088045,0.232755511484,2.47579642322,4.21757443718,0.00573637131229,7685.59774077,1.0,
402.929992738,0.974181593483,0.00609129442142,0.502220716131,0.234077690211,2.53039628828,4.49382716049,0.00609129442142,7799.29788256,1.0,
384.345606391,0.974029017102,0.00686845673475,0.509209400221,0.23189905864,2.47030187628,4.43057371097,0.00686845673475,7395.98815126,1.0,
434.810530138,0.971435827982,0.00667839582644,0.506991621883,0.229879084104,2.48234609989,4.74851125635,0.00667839582644,7607.52288438,1.0,
366.46063907,0.976415380328,0.00616732300387,0.510313300251,0.235064506354,2.50862356816,4.21982570806,0.00616732300387,7765.41066685,1.0,
333.221423384,0.977175279065,0.00692548871939,0.515208022234,0.233692270771,2.46614821281,3.97785039942,0.00692548871939,7296.43694478,1.0,
371.475599129,0.974951174627,0.00684602155233,0.51295685547,0.230526897896,2.49137770616,4.44814814815,0.00684602155233,7411.9197257,1.0,
398.737400145,0.973689449685,0.00659802154811,0.507835883696,0.232620110233,2.51074821735,4.50864197531,0.00659802154811,7574.3424008,1.0,
411.154175744,0.973482924062,0.00681466292642,0.503208681051,0.233765135359,2.49252426929,4.4767610748,0.00681466292642,7749.29374844,1.0,
383.991938998,0.975343346956,0.00613515219692,0.515953305802,0.236181335863,2.49160383111,4.25802469136,0.00613515219692,7783.05878394,1.0,
383.42258533,0.976020796444,0.00671462753853,0.512084713312,0.230132611135,2.49408604654,4.27893972404,0.00671462753853,7991.70554622,1.0,
350.920479303,0.977383547958,0.00584597355982,0.51193736882,0.239372233898,2.5081765586,4.10929557008,0.00584597355982,7754.4177557,1.0,
397.784822077,0.974394958453,0.00618099295987,0.511493542417,0.236702490695,2.48890624171,4.43231663036,0.00618099295987,7763.98507807,1.0,
343.477850399,0.977863402899,0.0068729290043,0.520830075858,0.238496551289,2.45274894191,3.97022512709,0.0068729290043,7754.43592129,1.0,
356.596804648,0.976872841051,0.00702877283138,0.519951297802,0.237303367367,2.45119106999,4.12723311547,0.00702877283138,7706.04041752,1.0,
370.383877996,0.977062714499,0.0069143185933,0.512230979931,0.233210221291,2.47695895875,4.22091503268,0.0069143185933,8070.53553207,1.0,
393.861801017,0.973832195379,0.00665178371303,0.51945922593,0.238090813997,2.4541823193,4.28213507625,0.00665178371303,7522.24111156,1.0,
379.467102397,0.975513250052,0.00657632471208,0.504427129913,0.236644712407,2.48771991571,4.45432098765,0.00657632471208,7745.03590457,1.0,
449.516920842,0.971198224922,0.00652870137,0.505948088514,0.232857866991,2.51112671446,4.80813362382,0.00652870137,7799.92729115,1.0,
389.26238199,0.975099938338,0.00647338867767,0.519318854521,0.238301767918,2.48751710459,4.3207697894,0.00647338867767,7813.00315594,1.0,
383.221713871,0.974261587047,0.00632643665067,0.51249743586,0.228899983713,2.51130985761,4.36811909949,0.00632643665067,7441.21457916,1.0,
374.974001452,0.974569359736,0.00632925291475,0.502155666974,0.231183680967,2.5421034263,4.47596223675,0.00632925291475,7369.23083795,1.0,
380.377777778,0.975635156229,0.00752844347616,0.511093978803,0.231828539455,2.46479481151,4.43064633261,0.00752844347616,7802.64135225,1.0,
412.287291213,0.972190004642,0.00662433832297,0.511652776044,0.234402217187,2.50876676837,4.63500363108,0.00662433832297,7409.22292531,1.0,
394.134132171,0.973379151799,0.00680602427367,0.518385503285,0.237885605891,2.46965776642,4.33340595497,0.00680602427367,7399.45310107,1.0,
417.718228032,0.97307296214,0.00679418963583,0.517011853003,0.234455062431,2.47103138422,4.54829339143,0.00679418963583,7752.87956856,1.0,
390.765722585,0.97383191308,0.00658486843458,0.511835570434,0.23580782597,2.51304615092,4.48453159041,0.00658486843458,7463.26725699,1.0,
409.246623094,0.972870727917,0.00811980619462,0.529902474565,0.238719368944,2.40937803076,4.36978939724,0.00811980619462,7539.2740914,1.0,
411.836601307,0.972656409246,0.00720295929233,0.516080726128,0.237881850698,2.47019059273,4.45344952796,0.00720295929233,7527.71600905,1.0,
463.497821351,0.971023513461,0.00640675818998,0.513845044088,0.238222839803,2.5082786115,4.78482207698,0.00640675818998,7994.30235276,1.0,
379.874509804,0.974628811012,0.006352890547,0.503288317407,0.234005972715,2.52462022103,4.43543936093,0.006352890547,7482.60958954,1.0,
326.113071895,0.978853138574,0.00677092117678,0.507985074836,0.234182506662,2.53902695641,3.98569353667,0.00677092117678,7707.57413995,1.0,
421.753231663,0.971863756083,0.00709369457458,0.512163527519,0.233491099685,2.48678542592,4.65737109659,0.00709369457458,7491.74099444,1.0,
370.467901235,0.976222077913,0.00706342237263,0.504349428223,0.23030963765,2.46706264463,4.26427015251,0.00706342237263,7786.67586256,1.0,
453.768845316,0.970439389856,0.00642879255578,0.507310508353,0.235214682933,2.47993322758,4.72411038489,0.00642879255578,7671.57111997,1.0,
389.647058824,0.974630332921,0.00665429409075,0.518357972267,0.234966637026,2.48650992952,4.34422657952,0.00665429409075,7676.35701759,1.0,
384.527814089,0.974413348612,0.00672573437778,0.515366633038,0.234782883073,2.50126488996,4.41336238199,0.00672573437778,7511.14528837,1.0,
384.045679012,0.973944357859,0.00731285687841,0.514117575805,0.237622620507,2.45891153358,4.30784313725,0.00731285687841,7366.72018503,1.0,
408.473129993,0.971667510953,0.00615866325551,0.507328267746,0.230613413218,2.5230777637,4.57726942629,0.00615866325551,7205.10754176,1.0,
411.304938272,0.972515039843,0.00698958773375,0.514414320541,0.235126024141,2.49130038924,4.45715323166,0.00698958773375,7479.37555876,1.0,
388.992955701,0.974816387349,0.00659759963589,0.511084459679,0.238646655857,2.49700856244,4.35533769063,0.00659759963589,7720.01003247,1.0,
413.244081336,0.973097460392,0.00680560236144,0.519959115281,0.239068121614,2.46963419531,4.3049382716,0.00680560236144,7677.16305133,1.0,
400.53936093,0.974429911294,0.00684593716989,0.521280844413,0.243490009437,2.4435262693,4.28155410312,0.00684593716989,7828.47985577,1.0,
472.868046478,0.970549882282,0.00594537607937,0.508753210939,0.234543021115,2.51398963152,4.78917937545,0.00594537607937,8024.52263274,2.0,
413.779883805,0.973745364159,0.00584370578162,0.509418641358,0.236354949033,2.51082908109,4.41343500363,0.00584370578162,7875.91485373,2.0,
393.338707335,0.973981930158,0.00657988987036,0.514864114594,0.232482017802,2.45804148433,4.45548293391,0.00657988987036,7555.32683673,2.0,
408.827741467,0.974150672105,0.00609555573487,0.511504706266,0.232505243556,2.50656324898,4.50399419027,0.00609555573487,7903.73374358,2.0,
419.046187364,0.973660318523,0.00613507836228,0.516376940329,0.237578763589,2.47969132293,4.39709513435,0.00613507836228,7950.08021163,2.0,
439.639215686,0.971618609175,0.00633696336062,0.508988145934,0.231798900094,2.50408694583,4.71256354394,0.00633696336062,7741.00049396,2.0,
371.020769789,0.976049867737,0.00563040805768,0.504234246676,0.231918305466,2.54348435786,4.32824981845,0.00563040805768,7741.54679042,2.0,
466.005010893,0.970114313676,0.00592288815793,0.510363125169,0.237391270481,2.48482707114,4.91394335512,0.00592288815793,7791.5861564,2.0,
476.131009441,0.970121034271,0.00508317735766,0.501063658102,0.227335443325,2.57489644901,4.95119825708,0.00508317735766,7962.79539224,2.0,
448.50043573,0.971050021015,0.00518039648146,0.502677122278,0.233198386675,2.56116392587,4.8718228032,0.00518039648146,7741.21021803,2.0,
460.878503994,0.969868290713,0.00642944651973,0.51343777978,0.231647186055,2.50002598226,4.85148874365,0.00642944651973,7643.76127761,2.0,
428.662672476,0.971937154335,0.00616885243567,0.512825008371,0.232581172951,2.51933516389,4.67893972404,0.00616885243567,7633.62104025,2.0,
377.762890341,0.975114476085,0.00690357037944,0.518924495507,0.237343469983,2.44974805211,4.1846768337,0.00690357037944,7585.95162273,2.0,
396.500072622,0.973790026591,0.0062991494777,0.502853596307,0.230136162047,2.52442831367,4.59041394336,0.0062991494777,7559.50007953,2.0,
438.739578794,0.972642337351,0.00635026414342,0.5135033809,0.235605529615,2.49195826823,4.53783587509,0.00635026414342,8014.40731063,2.0,
441.647930283,0.971853054468,0.00635617091453,0.5111520183,0.232897750431,2.47813916304,4.53536673929,0.00635617091453,7840.83577825,2.0,
469.004938272,0.970113851531,0.00632492831448,0.515808981944,0.239075732061,2.47858841325,4.68453159041,0.00632492831448,7842.03663424,2.0,
450.451561365,0.971106223878,0.00649795451681,0.507652776369,0.23294105878,2.48842751167,4.81190994916,0.00649795451681,7790.63168386,2.0,
443.416702977,0.972205627042,0.00607409095056,0.516614327345,0.234804648813,2.48812389634,4.65054466231,0.00607409095056,7972.35319716,2.0,
395.59644154,0.974057678078,0.00675960338142,0.511055271078,0.234260757728,2.46475600669,4.4801016703,0.00675960338142,7620.56042411,2.0,
431.90530138,0.970622784585,0.00542644514165,0.498886069506,0.229106400153,2.56124430956,4.85446623094,0.00542644514165,7346.33820792,2.0,
427.116049383,0.972385923508,0.00551886501393,0.504178868159,0.23089254554,2.55586531423,4.57981118373,0.00551886501393,7728.97817171,2.0,
360.743500363,0.976471532093,0.00615833627353,0.512646343356,0.233333508891,2.49379042386,4.20072621641,0.00615833627353,7661.71520706,2.0,
430.595424837,0.973049921786,0.00686442747303,0.514826149994,0.239344346204,2.43761332507,4.51466957153,0.00686442747303,7984.05311292,2.0,
431.09426289,0.972147203853,0.00666642406714,0.513041406194,0.235337253316,2.47053502799,4.64705882353,0.00666642406714,7734.04918178,2.0,
427.706608569,0.972848496924,0.00573374490871,0.511240452877,0.233309064229,2.52324775822,4.68946986202,0.00573374490871,7871.6471245,2.0,
437.876833696,0.971719123247,0.00602216410381,0.508218736266,0.23427416891,2.51955367227,4.69310094408,0.00602216410381,7737.78327054,2.0,
414.303485839,0.973075296942,0.00608599942304,0.508555366814,0.234871312385,2.50280010755,4.49360929557,0.00608599942304,7690.05343116,2.0,
412.8902687,0.972486773417,0.00537632196965,0.502057199046,0.228604456355,2.53855936461,4.64974582426,0.00537632196965,7499.28013764,2.0,
375.259622367,0.974513723025,0.00487772720105,0.502124368001,0.228891504015,2.5576089447,4.32047930283,0.00487772720105,7357.16311427,2.0,
414.078576616,0.97299653091,0.00474521511986,0.496798950752,0.231845322154,2.56200220949,4.49731299927,0.00474521511986,7661.58802191,2.0,
409.631009441,0.973316103604,0.0046778990248,0.501298633967,0.227554612724,2.58506884619,4.60065359477,0.0046778990248,7670.60859615,2.0,
429.402251271,0.971272890877,0.00561958600918,0.498311489734,0.225608124315,2.51295555587,4.84596949891,0.00561958600918,7469.13259876,2.0,
406.482425563,0.973431778957,0.00489074319311,0.502269949853,0.228557813669,2.56560796025,4.56187363834,0.00489074319311,7645.00153503,2.0,
410.058315178,0.973231160861,0.00538095245629,0.502287178299,0.229887497049,2.53752269045,4.55867828613,0.00538095245629,7654.33080526,2.0,
344.445533769,0.976644002506,0.00616950639962,0.511495822125,0.231045944323,2.49388669709,4.11757443718,0.00616950639962,7369.38904442,2.0,
493.669426289,0.966973825252,0.0051508520781,0.492047419921,0.225045323531,2.5480586205,5.26187363834,0.0051508520781,7468.89694377,2.0,
383.055047204,0.974185352743,0.00596596539581,0.497235235201,0.227023416394,2.47960332494,4.48366013072,0.00596596539581,7414.50814282,2.0,
437.940232389,0.971650837788,0.00549025936526,0.505732031068,0.23299231236,2.49309811815,4.63173565723,0.00549025936526,7718.88387283,2.0,
436.204720407,0.971162216726,0.00550877076401,0.497604733712,0.229125977012,2.52599079051,4.73195352215,0.00550877076401,7557.96138784,2.0,
404.784095861,0.972558955768,0.00614995076812,0.499471248317,0.22857520305,2.50909701657,4.59455337691,0.00614995076812,7370.57620707,2.0,
453.353812636,0.970615792174,0.0051506622176,0.496531855558,0.229853321506,2.54842064235,4.83892519971,0.0051506622176,7709.0576787,2.0,
383.924981845,0.974036691226,0.00564909876912,0.500527706141,0.231947790414,2.53314484304,4.44829339143,0.00564909876912,7389.21891173,2.0,
397.309586057,0.972955961189,0.0054216036989,0.494277962267,0.226283746105,2.54412966567,4.60137981118,0.0054216036989,7340.80922924,2.0,
435.747930283,0.970360600883,0.00657447884611,0.511822401644,0.23102725844,2.46524752913,4.71103848947,0.00657447884611,7346.08429008,2.0,
382.41328976,0.975035215923,0.00518626106135,0.507250170345,0.22898904071,2.53122052223,4.35664488017,0.00518626106135,7653.989265,2.0,
418.822730574,0.973577951971,0.00584306236548,0.504901716436,0.229821575072,2.52852930502,4.63231663036,0.00584306236548,7921.07737068,2.0,
402.609803922,0.972935658091,0.00563585072535,0.504462463702,0.230217595,2.5138689527,4.60384894699,0.00563585072535,7433.25837466,2.0,
368.051488744,0.975889765913,0.00545332095021,0.503382393193,0.230472601507,2.52735251303,4.2452432825,0.00545332095021,7627.93091378,2.0,
402.605083515,0.973182154193,0.00540173163324,0.498069244403,0.224316857805,2.54127183286,4.72970225127,0.00540173163324,7501.7433005,2.0,
462.084676834,0.971633143576,0.00543537913296,0.513863875975,0.232433864861,2.51322149743,4.74509803922,0.00543537913296,8144.36000201,3.0,
477.568046478,0.96941566772,0.00609768639159,0.518996609942,0.235465595243,2.47296311768,4.94596949891,0.00609768639159,7806.21180776,3.0,
393.617864924,0.974830591837,0.00598257818956,0.519758023964,0.237143832606,2.46937950302,4.28162672476,0.00598257818956,7816.39819076,3.0,
428.179157589,0.972259723923,0.00631836757942,0.519739656624,0.232322520218,2.45934573375,4.65729847495,0.00631836757942,7714.27188243,3.0,
406.77966594,0.97452123827,0.00577800350082,0.521594337849,0.234285005404,2.47695584139,4.34364560639,0.00577800350082,7979.62260175,3.0,
442.639869281,0.971880804501,0.00589156117543,0.513890614475,0.235904132672,2.46195651717,4.72861292665,0.00589156117543,7867.58525272,3.0,
403.977269426,0.974396107586,0.00601395791109,0.524239350118,0.23646230229,2.44877489139,4.35925925926,0.00601395791109,7886.04777811,3.0,
443.069426289,0.972042770189,0.00570024507826,0.5159986026,0.231992986446,2.4765644191,4.50559186638,0.00570024507826,7921.0598426,3.0,
476.235802469,0.970195038374,0.00665873471689,0.517662160714,0.23771525008,2.40332035975,4.68489469862,0.00665873471689,7986.00393066,3.0,
433.783297023,0.973328368492,0.00649402018534,0.526215229201,0.240071448269,2.42169097848,4.37327523602,0.00649402018534,8128.86110691,3.0,
446.371895425,0.972427272492,0.0058818255509,0.515192985996,0.23517251819,2.47303196953,4.60413943355,0.0058818255509,8091.46345483,3.0,
466.140450254,0.97066648077,0.00528444003546,0.50893950153,0.234497200352,2.49967375799,4.80711692084,0.00528444003546,7942.24258542,3.0,
449.530065359,0.971251358885,0.0059879575704,0.516208949373,0.232880314037,2.47817516389,4.68678286129,0.0059879575704,7815.32865362,3.0,
400.755991285,0.974385987078,0.00607277247487,0.516440290983,0.232137522912,2.46532580025,4.4397966594,0.00607277247487,7819.95747705,3.0,
421.962091503,0.974344007115,0.00703239072869,0.525517889167,0.240425518876,2.40703674232,4.22294843863,0.00703239072869,8220.56519604,3.0,
441.356862745,0.971790436142,0.00699279426664,0.517021367374,0.235829482606,2.45223558557,4.54175744372,0.00699279426664,7819.97195751,3.0,
439.248438635,0.972292601404,0.00667813213131,0.51575427547,0.234557969419,2.46329921808,4.69288307916,0.00667813213131,7923.5944728,3.0,
387.008787219,0.975339688998,0.00685367925916,0.51935825941,0.234872000479,2.44591946563,4.31771968046,0.00685367925916,7844.40432487,3.0,
423.925562818,0.973866765806,0.006320234541,0.521152526448,0.234584582834,2.49146689922,4.48852578068,0.006320234541,8107.65877462,3.0,
456.189687727,0.971513387237,0.00624857275006,0.521692200644,0.236769662751,2.46804579576,4.57501815541,0.00624857275006,8003.57550161,3.0,
450.430864198,0.97152921434,0.00628678744959,0.520288714557,0.236165985385,2.48071112903,4.72018881627,0.00628678744959,7906.65560177,3.0,
410.997748729,0.97332155902,0.00659017398078,0.514513715453,0.235980540961,2.50024610231,4.49709513435,0.00659017398078,7699.55128433,3.0,
434.086492375,0.97164822677,0.00685635840178,0.529285514345,0.239412750216,2.44444439012,4.43231663036,0.00685635840178,7651.88061717,3.0,
410.864342774,0.973209958841,0.00681855506667,0.517772296442,0.237180193216,2.46269123427,4.55628177197,0.00681855506667,7664.79222375,3.0,
446.414451707,0.971334766954,0.00626152545528,0.514585111964,0.236684209631,2.47809816299,4.72498184459,0.00626152545528,7783.19456169,3.0,
437.959186638,0.972104700742,0.00757939992479,0.53270771244,0.241915023393,2.40839988786,4.47378358751,0.00757939992479,7846.70967041,3.0,
441.19600581,0.972131413668,0.00668621175036,0.527304641379,0.239544478867,2.43539707794,4.5290486565,0.00668621175036,7912.95170582,3.0,
451.213507625,0.971184599476,0.00673790654539,0.515137767972,0.238803213478,2.44583524814,4.65954974582,0.00673790654539,7826.59373326,3.0,
420.269426289,0.973090162948,0.0065296506725,0.523365767153,0.237653570717,2.46593496592,4.45780682643,0.0065296506725,7807.2880691,3.0,
428.066739288,0.973148131005,0.00714408144172,0.538147711011,0.242552391137,2.39300301315,4.30595497458,0.00714408144172,7969.29241569,3.0,
382.148293391,0.974821863155,0.00679665782233,0.522514377076,0.235492904067,2.45166196486,4.29818445897,0.00679665782233,7587.17763168,3.0,
394.532824982,0.974706785743,0.00687110423394,0.527852920628,0.236707080889,2.44604408288,4.29070442992,0.00687110423394,7797.59572696,3.0,
450.692955701,0.971520018547,0.00544135973871,0.509372240655,0.231957157024,2.52997956599,4.68177196805,0.00544135973871,7910.65239935,3.0,
458.757153232,0.970968856104,0.00600568843154,0.51893479507,0.238604191783,2.49624468087,4.65359477124,0.00600568843154,7899.44770184,3.0,
445.477196805,0.971318073491,0.00515683268385,0.505259883215,0.23401799973,2.56100455155,4.78438634713,0.00515683268385,7764.13685488,3.0,
434.090413943,0.972079146348,0.00738836861838,0.528982486274,0.23561622514,2.42971788832,4.47632534495,0.00738836861838,7772.10817067,3.0,
439.438126362,0.970740166782,0.00612107087651,0.506674703217,0.231468052389,2.51491370797,4.85265068991,0.00612107087651,7507.63167895,3.0,
478.848583878,0.969561514988,0.00640696914609,0.518371043268,0.23135782764,2.47613701867,4.84393609296,0.00640696914609,7862.68392959,3.0,
463.463543936,0.971392764779,0.00642148292653,0.51457432727,0.238746331032,2.46176481571,4.68518518519,0.00642148292653,8097.2958866,3.0,
481.128830792,0.969812659977,0.00615574151337,0.509854552538,0.231851878713,2.52328044961,4.96659404503,0.00615574151337,7965.81839437,3.0,
420.863108206,0.972471529951,0.0063572467907,0.512964530219,0.236972281642,2.50485669662,4.52948438635,0.0063572467907,7641.18062124,3.0,
448.890196078,0.971189524643,0.00663857786047,0.516594270959,0.236114140299,2.46397296697,4.65417574437,0.00663857786047,7786.95224171,3.0,
369.647930283,0.975779938742,0.00620187761487,0.510702705159,0.234835951437,2.50060626751,4.35555555556,0.00620187761487,7627.5210419,3.0,
461.318663762,0.969229167335,0.00559070611757,0.501640206436,0.227035243823,2.53656098142,5.08366013072,0.00559070611757,7491.11803419,3.0,
522.363108206,0.967448607654,0.00566567991946,0.499231343133,0.230269470689,2.53844956015,5.07291212781,0.00566567991946,8020.23584143,3.0,
400.600798838,0.97479750243,0.00666148769414,0.523438712109,0.237164486482,2.43973562197,4.20021786492,0.00666148769414,7944.08129834,3.0,
455.847712418,0.970341658619,0.00659182998625,0.514607769606,0.237916064774,2.47346660346,4.74938271605,0.00659182998625,7681.61651402,3.0,
428.404066812,0.973107986113,0.00585122636698,0.509926147786,0.235636283462,2.50123208827,4.56978939724,0.00585122636698,7963.13675349,3.0,
468.787218591,0.96972249827,0.0058806969357,0.506357068225,0.229791533996,2.54500511157,4.95163398693,0.0058806969357,7737.51578443,3.0,
386.683732752,0.975230961722,0.00612526890312,0.508065184937,0.232396618835,2.50688299722,4.36013071895,0.00612526890312,7801.70221504,3.0,
425.106826434,0.971808430764,0.00430432739545,0.475478385343,0.222827167169,2.63656252329,4.95620915033,0.00430432739545,7536.79887407,4.0,
460.864415396,0.968351403106,0.00475730290502,0.492333989994,0.225001956923,2.58795840621,5.10261437908,0.00475730290502,7278.2585119,4.0,
415.155047204,0.971714121634,0.00559824779854,0.496359997279,0.224564701127,2.50762772907,4.65337690632,0.00559824779854,7336.20077752,4.0,
405.539651416,0.972332127783,0.00483422805094,0.492013760977,0.227348716786,2.56667164555,4.74139433551,0.00483422805094,7327.00713457,4.0,
407.910530138,0.973325630546,0.00520498341621,0.505486203623,0.234887974063,2.50787938461,4.49745824256,0.00520498341621,7644.77959916,4.0,
399.418373275,0.973004059611,0.00442581701983,0.489298674462,0.226040513327,2.58802431112,4.6012345679,0.00442581701983,7396.56795834,4.0,
488.233986928,0.966707965129,0.00461118415466,0.486450102856,0.223615012655,2.60041797867,5.4,0.00461118415466,7331.66652968,4.0,
382.132897603,0.973381753909,0.00474540498036,0.484580455008,0.221065445525,2.57951524423,4.70646332607,0.00474540498036,7176.55939857,4.0,
485.359840232,0.968246906684,0.0057141681816,0.501316792266,0.230351171512,2.51496067878,5.02258533043,0.0057141681816,7639.01445319,4.0,
413.149455338,0.971838883456,0.00477552951302,0.489391131158,0.226218670318,2.57245291398,4.82149600581,0.00477552951302,7331.71414618,4.0,
429.598620189,0.97226921665,0.00555493850893,0.501067658745,0.230349312602,2.48895116186,4.65163398693,0.00555493850893,7742.51277031,4.0,
417.657661583,0.972663343272,0.00596755811445,0.501608476055,0.230094628289,2.52132468223,4.57690631808,0.00596755811445,7636.38419574,4.0,
421.998765432,0.9715331558,0.00636381807356,0.511236404195,0.234230765853,2.49342577084,4.648583878,0.00636381807356,7409.67359354,4.0,
413.703413217,0.971769858566,0.00564827604029,0.502897278504,0.230791339854,2.54835561128,4.76775599129,0.00564827604029,7324.09167345,4.0,
386.004720407,0.974030419905,0.00514413312596,0.494689026804,0.229934761472,2.55724521381,4.6103848947,0.00514413312596,7429.10010757,4.0,
426.902396514,0.972322625487,0.00470975339758,0.492950096724,0.228904132078,2.60412025824,4.78068264343,0.00470975339758,7709.06423662,4.0,
467.193899782,0.969287377791,0.00554536110149,0.489996885274,0.227522453423,2.57938076187,5.19927378359,0.00554536110149,7603.76241838,4.0,
430.179811184,0.97149883245,0.00571186875998,0.50802582868,0.231817212621,2.56107618864,4.68845315904,0.00571186875998,7544.3974298,4.0,
415.104357298,0.971648676499,0.00591811000201,0.494900750849,0.234291224999,2.53237248566,4.81779230211,0.00591811000201,7317.63047151,4.0,
418.024183007,0.970776761627,0.00628550061731,0.498169516759,0.229635857815,2.53495471362,4.86151053014,0.00628550061731,7150.55164034,4.0,
383.955700799,0.974641518672,0.006846907568,0.512974984389,0.237793964289,2.47056798542,4.33013798112,0.006846907568,7569.92477102,4.0,
420.597821351,0.972834492801,0.00627993137598,0.518376680323,0.238969932361,2.48197036608,4.56833696442,0.00627993137598,7739.54362534,4.0,
400.673493101,0.973942064205,0.00630608993375,0.51626244637,0.232941239913,2.49261430934,4.52040668119,0.00630608993375,7686.14574247,4.0,
362.338271605,0.975214785216,0.00647542440414,0.501656769895,0.229013166947,2.52218704908,4.52941176471,0.00647542440414,7307.68248374,4.0,
458.781917211,0.968411922121,0.00580424644104,0.498144513932,0.22982685759,2.55003534135,5.14052287582,0.00580424644104,7259.5711268,4.0,
454.697603486,0.969930267687,0.00619891368151,0.503245238197,0.230792062931,2.46621128804,4.92984749455,0.00619891368151,7558.89617336,4.0,
479.638198983,0.969502298151,0.00522553054143,0.50665614318,0.23491451333,2.51673360624,4.99607843137,0.00522553054143,7862.07945705,4.0,
446.497240378,0.970337719446,0.00527233115468,0.503297230758,0.229530803702,2.52727915538,4.97160493827,0.00527233115468,7525.17673423,4.0,
474.22875817,0.968577153935,0.00539945330724,0.504026163702,0.233054169642,2.5240720843,4.9602033406,0.00539945330724,7544.75569244,4.0,
472.337037037,0.970107244912,0.00591264623873,0.514052044664,0.232339207787,2.48195703999,4.86412490922,0.00591264623873,7899.34555076,4.0,
458.033914306,0.97069972808,0.00570065644268,0.515955537091,0.237026298153,2.46755531735,4.67647058824,0.00570065644268,7813.18310628,4.0,
419.832897603,0.974028053169,0.00645386468959,0.531023660099,0.24012340838,2.41655341825,4.25221496006,0.00645386468959,8079.37713592,4.0,
439.732897603,0.9709707647,0.00545128522374,0.512020529386,0.228724691666,2.50349804191,4.78126361656,0.00545128522374,7570.87547569,4.0,
482.105664488,0.969151427099,0.00528066392107,0.509875267837,0.22887399438,2.51473572392,5.00777051561,0.00528066392107,7810.973493,4.0,
496.989687727,0.969352699774,0.00649925189689,0.518055041212,0.234764559512,2.47329023373,4.93376906318,0.00649925189689,8106.0931242,4.0,
400.889251997,0.974110891158,0.00532272856963,0.517809231635,0.229927559233,2.51253408449,4.45918663762,0.00532272856963,7740.36522784,4.0,
422.293318809,0.972313421392,0.00594816070004,0.511781772064,0.231914800697,2.48729076302,4.55708061002,0.00594816070004,7625.21672929,4.0,
452.37567175,0.971022969219,0.00519211509344,0.508060681717,0.231475687668,2.5288936358,4.81459694989,0.00519211509344,7804.50832924,4.0,
420.569498911,0.972395906299,0.00517464792744,0.500740245645,0.228883079361,2.54180799251,4.71009440813,0.00517464792744,7616.64792819,4.0,
546.477995643,0.965027160351,0.00541308107202,0.508037934043,0.23123564641,2.50980463452,5.51053013798,0.00541308107202,7811.42849586,4.0,
495.55795207,0.968633251973,0.00539229134727,0.507764320244,0.23177005067,2.50254646016,5.05192447349,0.00539229134727,7898.70346179,4.0,
447.148293391,0.971830815956,0.00542158260329,0.513093589505,0.232818257824,2.50806805234,4.73129992738,0.00542158260329,7936.44594501,4.0,
501.229992738,0.968037577985,0.0056767656631,0.518145920159,0.233710269981,2.48039968299,5.03405954975,0.0056767656631,7840.43768844,4.0,
422.292374728,0.972238617435,0.00605285821798,0.515218302123,0.230950179354,2.46540235468,4.66013071895,0.00605285821798,7605.17375382,4.0,
467.05265069,0.971068424866,0.00543877552635,0.506946909847,0.232348888545,2.50030952019,4.84567901235,0.00543877552635,8070.70383567,4.0,
459.398402324,0.970972777371,0.00590016818476,0.516930013108,0.233176381239,2.45669971908,4.53246187364,0.00590016818476,7912.97332515,4.0,
489.027305737,0.968890362061,0.00552815763063,0.513345319118,0.2348967575,2.48706806882,5.0547567175,0.00552815763063,7855.5237283,4.0,
455.153812636,0.97047725017,0.00584553055198,0.51672042529,0.233128942566,2.47327489331,4.84618736383,0.00584553055198,7707.9276926,4.0,
479.855265069,0.968832502855,0.0053629262566,0.513493045568,0.231532688797,2.52332806595,5.08140885984,0.0053629262566,7697.52575411,4.0,
416.85751634,0.973501815879,0.00580125086426,0.523865927508,0.236000048861,2.46660081207,4.43456790123,0.00580125086426,7864.96414637,4.0,
437.273783588,0.969889374636,0.0040213403202,0.481273466141,0.22367405016,2.64428881138,5.06448801743,0.0040213403202,7257.72659352,5.0,
431.606245461,0.970859175803,0.00554179594321,0.502623287546,0.227341074568,2.51860191942,4.85519244735,0.00554179594321,7402.61944145,5.0,
457.53674655,0.970339013954,0.00536850604574,0.503988898899,0.229754545042,2.50065586562,4.93863471314,0.00536850604574,7710.05907165,5.0,
369.4513435,0.974589279918,0.00490331617733,0.496211077452,0.227755158354,2.56649234245,4.49854756718,0.00490331617733,7267.22620643,5.0,
452.849673203,0.97015324786,0.00517110386477,0.511462839793,0.230743363709,2.52660114424,4.84357298475,0.00517110386477,7583.47060627,5.0,
398.550762527,0.972706348151,0.00528729849077,0.49060466657,0.223994378293,2.576489595,4.83994190269,0.00528729849077,7298.61371362,5.0,
396.568700073,0.973294384723,0.00541484255554,0.489016507492,0.225653679163,2.56809240519,4.72672476398,0.00541484255554,7422.53621875,5.0,
406.449019608,0.973638132647,0.00537775647121,0.495266106518,0.224974067206,2.585524054,4.89898329702,0.00537775647121,7707.52725208,5.0,
362.998547567,0.974917375659,0.00554208073396,0.489080787837,0.22311076537,2.57247016562,4.55279593319,0.00554208073396,7234.78777035,5.0,
410.507189542,0.973462484042,0.00527730971891,0.493455503053,0.225151628028,2.56381199581,4.63021060276,0.00527730971891,7733.40013157,5.0,
417.350617284,0.972102918084,0.00558338594051,0.492773495212,0.226762972183,2.55100211752,4.95628177197,0.00558338594051,7477.74887574,5.0,
426.057007988,0.973077428275,0.00570032946071,0.497809085914,0.227738128255,2.51256823031,4.61633986928,0.00570032946071,7910.10252209,5.0,
391.656354394,0.973469806665,0.00522082622016,0.497408091963,0.225828751624,2.57953030326,4.65417574437,0.00522082622016,7379.49630331,5.0,
423.226870007,0.971660930094,0.00555351455518,0.497274634718,0.226458588136,2.538032385,4.77690631808,0.00555351455518,7464.73941666,5.0,
433.225635439,0.970325158676,0.00490410726274,0.478917893763,0.220237466364,2.60040631218,5.19498910675,0.00490410726274,7297.15541676,5.0,
429.824981845,0.970985545056,0.00516152645732,0.486018755576,0.220870732525,2.60564276868,5.04342774147,0.00516152645732,7405.63078418,5.0,
377.829992738,0.97465827914,0.00516316136719,0.487395158105,0.222343531477,2.58943901448,4.68663761801,0.00516316136719,7452.97176937,5.0,
427.402251271,0.971794479668,0.00497080103727,0.495306437752,0.226934720631,2.554289479,4.74851125635,0.00497080103727,7574.85509191,5.0,
397.508061002,0.973342739719,0.00489580613977,0.490268020221,0.224070453199,2.62220918183,4.84110384895,0.00489580613977,7454.59530562,5.0,
427.647639797,0.971983785566,0.00455157850547,0.491730754469,0.227883462794,2.60369072006,4.8929557008,0.00455157850547,7630.22629611,5.0,
378.830210603,0.974822463491,0.00512602254382,0.499770388274,0.229659072261,2.58009452274,4.59578794481,0.00512602254382,7522.03624843,5.0,
415.790196078,0.971540538088,0.00510459995074,0.492779897387,0.222700006901,2.57640497005,4.90973129993,0.00510459995074,7302.74206712,5.0,
445.597167756,0.971018839835,0.00523979117455,0.498448718872,0.229049207508,2.55185459285,4.81604938272,0.00523979117455,7685.74903826,5.0,
398.192955701,0.972700543386,0.00470586125733,0.486726279436,0.224873970035,2.62928907097,4.98700072622,0.00470586125733,7291.89852824,5.0,
437.988235294,0.970626276749,0.00466013652025,0.500770967559,0.227328660539,2.60646067481,4.93551198257,0.00466013652025,7453.08184703,5.0,
413.405882353,0.971771254567,0.0056733587219,0.49777687912,0.226716204619,2.59759406618,4.78278867102,0.0056733587219,7320.45810524,5.0,
358.497095134,0.974857771548,0.00635198343573,0.503396685002,0.22727363419,2.52624693876,4.43754538853,0.00635198343573,7126.83762124,5.0,
385.495352215,0.975426570591,0.0063570569302,0.503886881385,0.22999373423,2.53423106963,4.45236020334,0.0063570569302,7841.11521833,5.0,
387.697167756,0.973571284452,0.00560764589329,0.497550934241,0.22863639754,2.57184394769,4.7012345679,0.00560764589329,7330.01071842,5.0,
399.525853304,0.972861163909,0.00606498819437,0.504322767897,0.230644366972,2.52759737148,4.6883805374,0.00606498819437,7358.32080354,5.0,
430.432534495,0.971999866887,0.00592000860701,0.506825367586,0.228680619366,2.54845417315,4.81728395062,0.00592000860701,7683.63925603,5.0,
420.445606391,0.971355888565,0.00587125664973,0.508270766221,0.229851714556,2.54691214186,4.80508351489,0.00587125664973,7336.55416329,5.0,
372.497240378,0.97292713168,0.00577698036368,0.498275766764,0.227873258843,2.56299509831,4.66122004357,0.00577698036368,6877.0505793,5.0,
405.366666667,0.972301206096,0.00656702154758,0.511918033515,0.2329979447,2.49319340511,4.71031227306,0.00656702154758,7314.37221659,5.0,
369.712563544,0.974030448096,0.00620074899967,0.504194369047,0.226372097809,2.53821809258,4.58750907771,0.00620074899967,7114.6870228,5.0,
420.900072622,0.97150076037,0.00488101811638,0.494986136995,0.22603566637,2.58085207605,4.74931009441,0.00488101811638,7381.26574625,5.0,
406.00842411,0.972154563158,0.00540097219124,0.489435972539,0.224995321809,2.55022985483,4.60522875817,0.00540097219124,7287.52029775,5.0,
392.438779956,0.973324565395,0.0046283454343,0.490426614978,0.228469079673,2.61231664869,4.54713144517,0.0046283454343,7353.11996292,5.0,
391.423529412,0.972453182891,0.00510837606513,0.491007908292,0.225393337107,2.5659178765,4.70181554103,0.00510837606513,7101.94523004,5.0,
466.940232389,0.968777949958,0.00539323010196,0.488889381266,0.22338390427,2.55426150868,5.01053013798,0.00539323010196,7475.00452124,5.0,
371.891648511,0.974799814605,0.00590090653115,0.492984120546,0.228003966357,2.50318947104,4.41786492375,0.00590090653115,7375.94329142,5.0,
383.573565723,0.973619060181,0.00503254789099,0.491680331511,0.225816242337,2.57969126606,4.57269426289,0.00503254789099,7267.12241336,5.0,
363.683587509,0.975012228148,0.00525795449571,0.49668448008,0.226666538046,2.55551696531,4.43565722585,0.00525795449571,7274.26606249,5.0,
416.623965142,0.972622917445,0.00493251250311,0.48120372892,0.219374100174,2.63115696772,4.7917211329,0.00493251250311,7606.43514226,5.0,
382.440450254,0.973893669194,0.00582465644479,0.49233992994,0.226171433636,2.57087516236,4.71902687001,0.00582465644479,7322.38468594,5.0,
407.688453159,0.972551906742,0.00563655742832,0.498652523848,0.231389648107,2.55041508406,4.65954974582,0.00563655742832,7424.37471005,5.0,
418.015250545,0.971888355269,0.00527030597602,0.495902137559,0.226203140396,2.53768414792,4.79724037763,0.00527030597602,7431.37007042,5.0,
450.57167756,0.971334260538,0.00626609265509,0.521356368719,0.237020295115,2.47354572993,4.70094408134,0.00626609265509,7856.16079333,5.0,
424.573565723,0.972738442545,0.00678301950975,0.517685551584,0.237442905096,2.45247719562,4.47073347858,0.00678301950975,7783.44503544,5.0,
400.312490922,0.972168227655,0.00627751592851,0.500738098056,0.23152978048,2.52312208774,4.80413943355,0.00627751592851,7188.84622968,5.0,
425.813435004,0.969974569921,0.00556404126513,0.468828788898,0.211460966632,2.71355215506,5.39397240378,0.00556404126513,7087.94568474,6.0,
413.583950617,0.972956885529,0.00508220695955,0.4988773597,0.230968879808,2.56428102879,4.63173565723,0.00508220695955,7644.03861105,6.0,
497.763761801,0.968003956793,0.00562365746212,0.506321709607,0.231943475345,2.54368810397,5.04655047204,0.00562365746212,7775.41722091,6.0,
423.084894699,0.972614772683,0.00571336654837,0.504382206497,0.232841997441,2.54337545593,4.63972403776,0.00571336654837,7721.44174814,6.0,
468.344444444,0.969082145419,0.00646087898028,0.50617555229,0.230275383474,2.52263467466,5.09331880901,0.00646087898028,7571.21486614,6.0,
413.152360203,0.972823315837,0.00545591571038,0.500305599459,0.231423646512,2.5627266657,4.7443718228,0.00545591571038,7597.89861003,6.0,
522.391866376,0.966186630982,0.00619978914937,0.503822440678,0.229221428557,2.51352437902,5.24618736383,0.00619978914937,7721.93228497,6.0,
436.337327524,0.972766863618,0.00592158023004,0.503550807644,0.228724722014,2.51632148511,4.64814814815,0.00592158023004,8008.44296921,6.0,
453.036891794,0.970429387914,0.00658176737975,0.51170697806,0.235750515288,2.4785234811,4.81045751634,0.00658176737975,7657.80326312,6.0,
508.833986928,0.967374487159,0.00613238867187,0.508610256418,0.232528828768,2.52460547267,5.37443718228,0.00613238867187,7795.27667825,6.0,
371.311183733,0.97559584352,0.00656752784225,0.520784213623,0.23859869671,2.47452869331,4.28053740015,0.00656752784225,7604.65541664,6.0,
420.901815541,0.972452742319,0.00556781737951,0.501215009324,0.23483885922,2.54425234913,4.72432824982,0.00556781737951,7636.94146163,6.0,
427.757588962,0.971208772646,0.00590849040334,0.511944153607,0.23591163313,2.52646589188,4.72084241104,0.00590849040334,7425.76819633,6.0,
457.126506899,0.969919797221,0.00648664726925,0.523245127633,0.24009830943,2.46526010146,4.67494553377,0.00648664726925,7595.73142284,6.0,
388.556427015,0.975622191085,0.0062911753367,0.519240092799,0.238690094261,2.46930800195,4.21190994916,0.0062911753367,7966.54642656,6.0,
447.280464779,0.970610759172,0.00581307495429,0.504721663052,0.230227701723,2.54280619561,4.87407407407,0.00581307495429,7606.53829944,6.0,
519.79070443,0.9654067389,0.00566346488029,0.500665943396,0.232302264709,2.55445667367,5.43936092956,0.00566346488029,7510.07612872,6.0,
502.461292665,0.967804500971,0.00521462411049,0.498835140238,0.232792590759,2.5626657584,5.16906318083,0.00521462411049,7800.31876657,6.0,
496.486129267,0.968030307701,0.00581492082026,0.5029204192,0.23241344781,2.52926962479,5.11140159768,0.00581492082026,7762.14190079,6.0,
391.98939724,0.973155690328,0.00601484392676,0.514783198146,0.231200669067,2.53401650733,4.61554103123,0.00601484392676,7298.42774111,6.0,
524.296296296,0.966204886929,0.00626848700695,0.50735087282,0.232097436534,2.50305618975,5.36543209877,0.00626848700695,7754.42414965,6.0,
537.182861293,0.965757119615,0.00538895824071,0.50221215684,0.232639330679,2.54408330827,5.41975308642,0.00538895824071,7840.64763181,6.0,
343.204502542,0.97717599966,0.00569895824598,0.507043406855,0.235972960782,2.54187979526,4.30849673203,0.00569895824598,7515.31338293,6.0,
416.564923747,0.972324192361,0.00652725632064,0.515644784073,0.232338231674,2.48154679636,4.64161220044,0.00652725632064,7523.62114259,6.0,
521.837545389,0.967096871968,0.00639663229664,0.505887054892,0.234349958049,2.49985430465,5.29956427015,0.00639663229664,7926.9539102,6.0,
387.409222948,0.974770029576,0.00647224951467,0.510083615469,0.235511013093,2.48833116773,4.37175018155,0.00647224951467,7674.51829466,6.0,
456.248438635,0.97074527108,0.00651021106686,0.514818324161,0.233958560982,2.490728716,4.79339143065,0.00651021106686,7794.96858785,6.0,
417.545025418,0.973473651722,0.00649985312181,0.504609645595,0.230876852295,2.4984677227,4.61067538126,0.00649985312181,7867.4413463,6.0,
499.660348584,0.967741009224,0.00601475954431,0.503180637901,0.227253747373,2.55627736009,5.16695715323,0.00601475954431,7741.417399,6.0,
462.469716776,0.969564316253,0.00597473062223,0.510539248162,0.231847262266,2.52775540634,4.93986928105,0.00597473062223,7593.96816327,6.0,
409.607552651,0.973586429339,0.00582874899334,0.508649457399,0.233151998022,2.52606200597,4.53013798112,0.00582874899334,7750.22406347,6.0,
440.123093682,0.972730759048,0.00600083644098,0.51035972135,0.240020923186,2.49115669466,4.73326071169,0.00600083644098,8067.07682911,6.0,
429.246623094,0.973367001295,0.00605729884412,0.507773680448,0.238150452819,2.46615659345,4.44139433551,0.00605729884412,8055.5167666,6.0,
377.341539579,0.976034649745,0.00574160302385,0.507208153387,0.23410197391,2.53486371745,4.36013071895,0.00574160302385,7869.50366807,6.0,
374.169862019,0.975063435545,0.00686241284216,0.516336496104,0.236536988779,2.44802640995,4.33297022513,0.00686241284216,7499.42023442,6.0,
425.411837328,0.972220235648,0.0071803131538,0.516472309822,0.237564229447,2.47450469911,4.60965867829,0.0071803131538,7654.01493892,6.0,
457.936383442,0.971109620208,0.00618691027878,0.511489926358,0.236957112955,2.49703126493,4.81583151779,0.00618691027878,7922.4612193,6.0,
406.763689179,0.973150071239,0.00577754994518,0.510084971316,0.23818504365,2.52971551365,4.52621641249,0.00577754994518,7570.74429693,6.0,
439.295787945,0.971417007573,0.00558675069049,0.500951175516,0.233504609058,2.53829579371,4.67545388526,0.00558675069049,7680.42746771,6.0,
457.427741467,0.969899140295,0.00579111442312,0.4958377609,0.234005557204,2.5573587023,5.12258533043,0.00579111442312,7593.8245399,6.0,
427.395497458,0.971104712046,0.00637475614792,0.498886754568,0.230956204999,2.54430187418,4.92098765432,0.00637475614792,7391.68908215,6.0,
432.509658678,0.972347287192,0.00600872619954,0.503838816505,0.234601563063,2.50790785781,4.79854756718,0.00600872619954,7816.07230764,6.0,
475.782352941,0.96852639337,0.00587438934798,0.502011665177,0.232555123225,2.54065434649,4.96608569354,0.00587438934798,7554.61370096,6.0,
471.799201162,0.969177787623,0.00630952851837,0.511438969791,0.236766938607,2.50430924979,4.9024691358,0.00630952851837,7649.56314836,6.0,
417.735148874,0.972889693915,0.00595251694373,0.511157883548,0.232596054206,2.5153435607,4.60762527233,0.00595251694373,7700.25696649,6.0,
453.473202614,0.970939794607,0.00574804773304,0.506182898086,0.23078244896,2.54059451343,4.84807552651,0.00574804773304,7798.54876445,6.0,
331.395933188,0.977763825463,0.00606596914029,0.508748086073,0.232733196899,2.52024318184,4.19738562092,0.00606596914029,7447.99929831,6.0,
429.965432099,0.971889551321,0.00634940977117,0.513344178101,0.232966597834,2.51306542924,4.62977487291,0.00634940977117,7644.06526864,6.0,
350.922948439,0.977961974013,0.00582929747923,0.500317274982,0.231872842913,2.53814308022,4.17247639797,0.00582929747923,7957.89330579,6.0,
421.296078431,0.972073636003,0.00623645332148,0.508563772798,0.232279341499,2.53112166141,4.8269426289,0.00623645332148,7539.36440841,6.0,
385.997748729,0.974585272326,0.00693309368719,0.516313736551,0.232333413098,2.47606237314,4.46441539579,0.00693309368719,7589.00949207,7.0,
418.529484386,0.973117932617,0.00559678165357,0.519979589795,0.236599709188,2.50618469745,4.66702977487,0.00559678165357,7779.43452408,7.0,
437.570588235,0.971037333321,0.00535258940716,0.515690211168,0.233248615799,2.50908005746,4.77625272331,0.00535258940716,7549.13975631,7.0,
531.023311547,0.964971818657,0.00538896878852,0.500161460476,0.232207961859,2.54687262907,5.49288307916,0.00538896878852,7575.4818178,7.0,
434.826289034,0.971495940646,0.00597521582129,0.516119200829,0.234122051673,2.50465371114,4.8091503268,0.00597521582129,7623.0232506,7.0,
397.951924473,0.97377070168,0.00568786195454,0.514661644955,0.230697690324,2.53823666236,4.59578794481,0.00568786195454,7581.86686372,7.0,
438.830283224,0.971425244293,0.00590852204676,0.511473102174,0.234572405562,2.50250973158,4.72106027596,0.00590852204676,7674.27364545,7.0,
469.764778504,0.969620107667,0.00481716170155,0.494756284305,0.22892028874,2.56263023847,5.04480755265,0.00481716170155,7726.95029186,7.0,
436.18496732,0.971636863398,0.00602334545804,0.521390485976,0.238071263758,2.49369696396,4.59019607843,0.00602334545804,7685.13297242,7.0,
416.298039216,0.972797308097,0.00541093986749,0.51124945554,0.236207906646,2.49205131235,4.51968046478,0.00541093986749,7647.25893656,7.0,
420.755700799,0.973154537569,0.00555244922682,0.511256843732,0.234091240504,2.54336793779,4.66899055919,0.00555244922682,7832.31735776,7.0,
351.747567175,0.976586158421,0.00608690653431,0.522789290199,0.241346026275,2.49012031277,4.10312273057,0.00608690653431,7507.62218313,7.0,
495.870007262,0.967955263191,0.00437459687606,0.494651732148,0.231064607648,2.59036387668,5.04763979666,0.00437459687606,7733.07516533,7.0,
419.286129267,0.972358033941,0.00514244547707,0.511602728011,0.235631401159,2.53689680634,4.56775599129,0.00514244547707,7580.10706866,7.0,
462.311256354,0.969751104614,0.00484980715974,0.500983890657,0.228854567173,2.55610584744,4.84967320261,0.00484980715974,7637.93784426,7.0,
440.226942629,0.971416241958,0.00559283677429,0.499470402494,0.228089048653,2.55936052555,4.85177923021,0.00559283677429,7696.35956597,7.0,
390.50355846,0.973880144259,0.00557983133004,0.509089616645,0.23425969108,2.53056298205,4.42788671024,0.00557983133004,7471.27838161,7.0,
431.222875817,0.971754407646,0.00446892590114,0.491276965586,0.231077186487,2.58879276993,4.82258533043,0.00446892590114,7628.95774346,7.0,
400.03405955,0.973470299016,0.00479749004419,0.501283528791,0.232235889793,2.58108001222,4.55998547567,0.00479749004419,7535.12513254,7.0,
468.346114742,0.969521866934,0.00559371224215,0.499118823421,0.232790080051,2.53949491872,5.09658678286,0.00559371224215,7679.12536457,7.0,
470.078286129,0.968765871145,0.00520963499846,0.496297613701,0.231031817282,2.55940391339,5.09339143065,0.00520963499846,7521.20246689,7.0,
459.73275236,0.969700995516,0.00514565200996,0.50268123121,0.232097552881,2.54026401533,4.87073347858,0.00514565200996,7582.6850747,7.0,
445.018010167,0.970905902798,0.00552031006329,0.506234315395,0.233306248911,2.53247616728,4.68496732026,0.00552031006329,7644.08872152,7.0,
381.400798838,0.973926986851,0.0053000824311,0.499055327664,0.232278612474,2.56673900463,4.58598402324,0.0053000824311,7310.56117206,7.0,
369.834350036,0.975695619565,0.00536703990077,0.515471482215,0.237365596212,2.507563402,4.26572258533,0.00536703990077,7604.66826297,7.0,
372.154030501,0.974489607207,0.00489544751438,0.491808274313,0.233271796628,2.56749275245,4.52135076253,0.00489544751438,7290.00281446,7.0,
433.447857662,0.971655402834,0.00550083881424,0.508184995775,0.236318777968,2.5205300097,4.66906318083,0.00550083881424,7642.09793175,7.0,
461.899201162,0.968622049797,0.00589717260798,0.505205125867,0.233314628712,2.5160493456,4.98547567175,0.00589717260798,7356.55195927,7.0,
501.269716776,0.966953739494,0.00451596911392,0.491872910693,0.228251941137,2.60968182072,5.33507625272,0.00451596911392,7580.44953642,7.0,
453.146259985,0.969651986444,0.0063477537657,0.509651325665,0.231191670015,2.49040293523,5.04226579521,0.0063477537657,7461.98570282,7.0,
371.065722585,0.974951250337,0.00461932706055,0.493007272722,0.235541595054,2.5966113495,4.50958605664,0.00461932706055,7402.91564061,7.0,
402.478286129,0.972358076821,0.0060094223547,0.513963601546,0.23422129185,2.5033362508,4.55308641975,0.0060094223547,7276.59393843,7.0,
429.534277415,0.971623970114,0.00496786874733,0.492044252458,0.228207154439,2.55097871065,4.87879448076,0.00496786874733,7564.6978382,7.0,
448.121132898,0.971937805331,0.00519132400802,0.493737591439,0.23049689433,2.55784350824,4.8746550472,0.00519132400802,7980.82452167,7.0,
397.032679739,0.973770737284,0.00649218486717,0.512785252283,0.229595599413,2.48763044692,4.53812636166,0.00649218486717,7565.29080127,7.0,
437.414742193,0.971869737942,0.00554031925043,0.513632311961,0.234450938457,2.50712193098,4.60762527233,0.00554031925043,7771.09384748,7.0,
424.023529412,0.971900022046,0.0052512777348,0.502066108208,0.231441436491,2.56161921651,4.78663761801,0.0052512777348,7541.55335934,7.0,
430.229339143,0.971211799987,0.00580206304529,0.503043458959,0.23063727847,2.51327104785,4.78867102397,0.00580206304529,7468.82536574,7.0,
477.701670298,0.968858547081,0.00512391298271,0.492456321216,0.227095997507,2.5722598487,5.09469862019,0.00512391298271,7666.76980989,7.0,
354.108714597,0.976072033514,0.00509912563966,0.505268999108,0.229829215844,2.56410797477,4.3456063907,0.00509912563966,7395.78879117,7.0,
474.033478577,0.968807346365,0.00530734986913,0.510673727564,0.232584180982,2.54539523845,4.97291212781,0.00530734986913,7594.1301497,7.0,
395.739724038,0.974164729049,0.00548522806201,0.510017474865,0.238323803373,2.52325937916,4.41960784314,0.00548522806201,7653.76494511,7.0,
432.585766158,0.971081753902,0.00490083744302,0.504155139918,0.238083216398,2.56691544598,4.7684822077,0.00490083744302,7475.06865031,7.0,
478.993536674,0.968424905266,0.00524808174971,0.510410093978,0.229260278661,2.55135013921,4.95882352941,0.00524808174971,7580.60583784,7.0,
445.51503268,0.968149516222,0.00448318653425,0.493688494302,0.224551056235,2.62696868302,5.16034858388,0.00448318653425,6988.27096551,7.0,
432.510384895,0.971489462918,0.00538493952679,0.517452803098,0.238201921608,2.54553313273,4.59869281046,0.00538493952679,7580.68325098,7.0,
441.204284677,0.970257617667,0.00586869353298,0.517596300064,0.239849331892,2.4970189421,4.674291939,0.00586869353298,7412.55572649,7.0,
481.924255628,0.967610805412,0.00567949754473,0.511582597989,0.234844098579,2.51717686431,5.12381989833,0.00567949754473,7436.23873733,7.0,
425.087944808,0.971811754022,0.00560580002732,0.518848748907,0.234887816958,2.50177955865,4.63318809005,0.00560580002732,7535.84129747,7.0,
463.110021786,0.970304766194,0.00525973707485,0.507475636302,0.235702977839,2.51984114098,4.76811909949,0.00525973707485,7795.11087695,7.0,
