38.6466708315,0.997392933623,0.00650336159549,0.577254888463,0.251621072313,2.44498230163,1.70576651456,0.00650336159549,7410.98881146,1.0,
41.1811395408,0.99727731893,0.00745044445131,0.58365109946,0.252511102955,2.38693049678,1.68096751412,0.00745044445131,7561.76842518,1.0,
44.4473598435,0.997158148407,0.00669757849649,0.585421643782,0.254470075224,2.41921420771,1.68302277995,0.00669757849649,7819.1972862,1.0,
37.9591029263,0.997494232659,0.00726951145094,0.585239271622,0.253093164648,2.38890717986,1.61356928147,0.00726951145094,7573.48588888,1.0,
37.6580404353,0.997549550984,0.00680356885333,0.583567790999,0.252909573772,2.40838063877,1.63377562292,0.00680356885333,7682.90167962,1.0,
39.5641410437,0.997402925035,0.00749386306266,0.586224843958,0.252900997759,2.37381399581,1.64809910546,0.00749386306266,7616.15651805,1.0,
42.7670894901,0.997162610306,0.00721770151587,0.583951482624,0.2520883726,2.39554350148,1.70552658265,0.00721770151587,7535.4331767,1.0,
37.7013300377,0.997549505614,0.00749324399363,0.589941101777,0.253718909509,2.3640777303,1.58895588874,0.00749324399363,7691.71582741,1.0,
41.8914783427,0.997316985176,0.00827341476105,0.5924101376,0.256148845697,2.39552794391,1.6499212299,0.00827341476105,7806.06711465,1.0,
40.5733376793,0.997260658465,0.00938978295864,0.597191740298,0.256243426549,2.34496521655,1.64365583804,0.00938978295864,7405.00821322,1.0,
45.602948899,0.9970070883,0.00896292072433,0.59771778464,0.257565199363,2.3502344628,1.69636842677,0.00896292072433,7617.80494077,1.0,
37.7016378748,0.99757524278,0.00843385454239,0.600096377273,0.258748851521,2.37719864652,1.56561006084,0.00843385454239,7773.62060388,1.0,
31.6858566927,0.997829463293,0.00911819111785,0.597423332752,0.256275319055,2.33994975778,1.51201017673,0.00911819111785,7298.47951545,1.0,
38.2492371976,0.997423262237,0.00886328677138,0.594778018631,0.255314502461,2.37475737149,1.6520738266,0.00886328677138,7421.42096764,1.0,
41.1335243735,0.997287012169,0.0086872072046,0.594877142923,0.256867580751,2.38145896484,1.6400206432,0.0086872072046,7580.23954531,1.0,
40.4038710524,0.997393098531,0.00910191650358,0.599919807547,0.257529111315,2.350336199,1.5962964472,0.00910191650358,7748.77258737,1.0,
37.141666214,0.997616003519,0.00841524055114,0.601866465154,0.259287625353,2.36523992367,1.55389187672,0.00841524055114,7789.09206102,1.0,
35.7440017022,0.99776716184,0.00924549895778,0.605019887773,0.259076649723,2.35136468818,1.51184720411,0.00924549895778,8003.52247996,1.0,
34.5556098798,0.99777461463,0.00808955500846,0.601152726039,0.259157104533,2.38193734011,1.52124981892,0.00808955500846,7763.24791193,1.0,
42.5681135014,0.997260189532,0.00850248015079,0.601058378553,0.258317001074,2.3590233099,1.64122482978,0.00850248015079,7767.72935567,1.0,
34.1187391352,0.997801464924,0.00903045107802,0.605660080919,0.258443765969,2.32948357117,1.48965123859,0.00903045107802,7758.76428531,1.0,
35.9967971353,0.99766766181,0.00929252187993,0.604586420076,0.259242734865,2.32192199939,1.51870337172,0.00929252187993,7716.24569496,1.0,
35.6737514486,0.997791415115,0.00926382928292,0.602178205554,0.25884559641,2.33676547232,1.52755142692,0.00926382928292,8075.53206865,1.0,
38.165840486,0.997464712576,0.00889993714398,0.601438082845,0.259594813201,2.33082276216,1.54539013835,0.00889993714398,7526.25200238,1.0,
38.4736437056,0.997517716666,0.00899917041073,0.597854078396,0.256991360633,2.35448709044,1.62372790816,0.00899917041073,7748.97764028,1.0,
44.8104515247,0.997127845129,0.00880829335719,0.596282920122,0.256526021224,2.37550922639,1.70455553745,0.00880829335719,7800.14493483,1.0,
38.5434027778,0.997536047818,0.00871805787945,0.604948893256,0.258393864453,2.36462234573,1.55420424091,0.00871805787945,7820.78030882,1.0,
35.728331432,0.997600862585,0.00850585308563,0.598403516653,0.256854704911,2.37398701531,1.56711982109,0.00850585308563,7445.42987264,1.0,
38.1922692127,0.997411213631,0.00862068937179,0.595063408016,0.255238077501,2.40698735129,1.63976939374,0.00862068937179,7375.85041329,1.0,
35.8519778538,0.997702730602,0.00976415368251,0.599998248469,0.256981721488,2.33473230555,1.58597484789,0.00976415368251,7802.55612698,1.0,
39.7126724794,0.997322323164,0.00878771567261,0.596438604577,0.255611898177,2.39243611553,1.66149907649,0.00878771567261,7414.87309825,1.0,
37.2560775206,0.997484686484,0.00890617884359,0.599782377439,0.257372302774,2.34691860441,1.56896684413,0.00890617884359,7405.23948634,1.0,
43.0993793459,0.997223055589,0.00907008275756,0.602260925805,0.258333364278,2.34089008427,1.62125389323,0.00907008275756,7759.57730511,1.0,
38.6792065044,0.997412363191,0.00880975395638,0.600075944135,0.257354943592,2.38422783146,1.60660220194,0.00880975395638,7473.25457851,1.0,
39.3724829784,0.99738965232,0.0102874177587,0.604401841921,0.258159963812,2.29662312684,1.5748949732,0.0102874177587,7541.00170595,1.0,
40.1216726423,0.99733849497,0.00945098609174,0.60095472888,0.258054462108,2.34849613038,1.59320675793,0.00945098609174,7536.82638394,1.0,
47.3397458533,0.997041880609,0.00843471096136,0.59926739418,0.258751324122,2.38996654382,1.68058498117,0.00843471096136,8001.00978921,1.0,
38.6195449442,0.997422986947,0.0085053518257,0.593811284495,0.256208742677,2.40123902245,1.62524445893,0.0085053518257,7492.42069061,1.0,
31.9306144068,0.997931302275,0.00887698028329,0.596909399842,0.257182237756,2.40929278718,1.50351296538,0.00887698028329,7716.98213751,1.0,
41.5659314791,0.997226133226,0.00924452019032,0.596854407945,0.25617457286,2.36797730318,1.66436241489,0.00924452019032,7491.83321842,1.0,
36.0732403484,0.997684263481,0.00928511837173,0.596102087228,0.257396941249,2.33492635267,1.57443095393,0.00928511837173,7788.07408398,1.0,
45.2766211249,0.997050810736,0.00864685610772,0.599161731992,0.258598235475,2.35301398401,1.6551476713,0.00864685610772,7675.45927781,1.0,
37.9243354339,0.997528709941,0.00879504373258,0.600885929435,0.257619658885,2.37117142353,1.59806424743,0.00879504373258,7672.40417646,1.0,
38.3349721136,0.997448734336,0.00889153655702,0.598405478051,0.256909604608,2.38149707123,1.63265971317,0.00889153655702,7512.35881952,1.0,
39.1505120056,0.997343619694,0.00928899543565,0.59571750595,0.256354387056,2.34906811238,1.61805329205,0.00928899543565,7368.58592983,1.0,
39.9678310155,0.997225618885,0.00828201650573,0.588821707296,0.254087698812,2.40721725925,1.69832409822,0.00828201650573,7202.40147249,1.0,
37.5571400116,0.997489613974,0.00924390309894,0.599012688911,0.257342669447,2.37069449762,1.58917318557,0.00924390309894,7479.79785362,1.0,
37.8096525062,0.997553978522,0.00886947986975,0.601520578765,0.258842995959,2.3694089767,1.56632985658,0.00886947986975,7728.20780184,1.0,
37.20286696,0.997575582444,0.00904214637466,0.602769896541,0.258798111217,2.35281779544,1.54661696002,0.00904214637466,7671.92711469,1.0,
39.2710800558,0.997492536157,0.00905846970289,0.606617528371,0.259266244354,2.32357140744,1.55505984717,0.00905846970289,7830.15073487,1.0,
47.5628712154,0.997040105876,0.00794394547335,0.598439142723,0.25850694488,2.37347610507,1.64959981168,0.00794394547335,8033.87381842,2.0,
42.7384787411,0.997290878251,0.00785160123631,0.599989958815,0.256241455109,2.37758297227,1.59218817905,0.00785160123631,7887.14405916,2.0,
40.0310960814,0.997352934944,0.00845574548537,0.590639940245,0.255476686131,2.3456580816,1.65990330291,0.00845574548537,7560.76298148,2.0,
43.833896947,0.997230085648,0.00815813779488,0.598935272479,0.254995772467,2.37740900922,1.65185652977,0.00815813779488,7911.81014884,2.0,
40.0298964218,0.997483483925,0.00805651510508,0.601723439096,0.257983248977,2.35126609178,1.55986527597,0.00805651510508,7952.70439602,2.0,
43.5184838114,0.997190444119,0.00808836512324,0.59586490094,0.254738526694,2.38536268592,1.64947305519,0.00808836512324,7744.04444355,2.0,
40.9214675684,0.997357246268,0.00757672229931,0.593691962186,0.254429655006,2.41905231441,1.64989633131,0.00757672229931,7741.52540337,2.0,
52.9236246922,0.996606699201,0.00781637148958,0.594863228548,0.255682139835,2.37074560922,1.79043079096,0.00781637148958,7797.47290564,2.0,
49.0197400587,0.996925628354,0.00695472250695,0.596211309095,0.256488006851,2.43649041991,1.71489977184,0.00695472250695,7971.50112521,2.0,
46.4618055556,0.997003632945,0.0068771634296,0.588214699773,0.254540450633,2.44061291581,1.75423728814,0.0068771634296,7752.23165673,2.0,
51.0918644973,0.99665946629,0.00836568380602,0.595097759481,0.253821180744,2.38530043726,1.77052323265,0.00836568380602,7646.5979201,2.0,
42.0590300413,0.997246716805,0.00794393264418,0.592388707243,0.254067726594,2.4086215701,1.67425168405,0.00794393264418,7637.31534873,2.0,
39.301472186,0.997411402167,0.00891876473274,0.597480522332,0.254644998876,2.33760173564,1.58979791395,0.00891876473274,7590.57898381,2.0,
38.8488859011,0.997432737093,0.00829028916985,0.592130720981,0.253620667212,2.39130812873,1.65231375851,0.00829028916985,7565.49238249,2.0,
44.8457803672,0.997204375158,0.00841252318494,0.601324101277,0.258454512195,2.35926159404,1.61791748153,0.00841252318494,8020.00758808,2.0,
43.8083396712,0.997208128009,0.00846685869419,0.597967925792,0.257091098158,2.33890062456,1.61587353325,0.00846685869419,7844.95988527,2.0,
46.8845180537,0.997010666239,0.00820579333253,0.598681453299,0.256510329673,2.36145994931,1.65983313414,0.00820579333253,7841.21824466,2.0,
44.9226875996,0.997120578408,0.00833190752661,0.594007122958,0.255974431255,2.37495011748,1.69984970303,0.00833190752661,7799.88532524,2.0,
43.2018551717,0.997292731595,0.00793142196758,0.600962986974,0.256709449467,2.36799234505,1.62393162393,0.00793142196758,7978.10171194,2.0,
40.0369381972,0.997374593871,0.00869156455297,0.595246345069,0.254772566557,2.34725038729,1.62488003404,0.00869156455297,7624.22407671,2.0,
45.5225354918,0.996900654593,0.00711524404865,0.581272973203,0.251307462647,2.45617956429,1.81258148631,0.00711524404865,7343.10287015,2.0,
42.4958464617,0.997251246791,0.00722983785116,0.592779901768,0.255030742191,2.4248683037,1.66033563306,0.00722983785116,7729.24706635,2.0,
35.0701348146,0.997713826055,0.008130237348,0.597195870653,0.255860463294,2.37455687074,1.54888499565,0.008130237348,7669.26874615,2.0,
42.2799507461,0.997356162051,0.00905240239599,0.602057675807,0.259432651609,2.31198992577,1.60651618861,0.00905240239599,7995.15076779,2.0,
43.4123048856,0.997196643083,0.00873740987599,0.599194702496,0.255341269516,2.34590635323,1.64416060046,0.00873740987599,7742.08568431,2.0,
46.3965191764,0.997058725656,0.00755309021635,0.596582251428,0.255374365669,2.40906550397,1.6940392764,0.00755309021635,7886.34916241,2.0,
46.3297750978,0.997010929518,0.00807674168841,0.594065201074,0.255697304095,2.3967073542,1.68817452557,0.00807674168841,7749.25058942,2.0,
40.9862423946,0.997337590471,0.00794877294119,0.592807409286,0.256509933539,2.38454958086,1.61882062147,0.00794877294119,7696.59488284,2.0,
42.8571295994,0.99714517788,0.0071346166108,0.583129518414,0.252122128603,2.42068725438,1.71546112198,0.0071346166108,7505.28316063,2.0,
38.2107711321,0.997403512307,0.006299007343,0.579163794112,0.251646471798,2.45302868351,1.68165788425,0.006299007343,7357.24859148,2.0,
42.0535930936,0.997257557677,0.00630556673882,0.58110050309,0.252420968113,2.44516039746,1.68155376286,0.00630556673882,7666.15672957,2.0,
41.5311730407,0.997296251536,0.0061031053118,0.580364831788,0.252072951145,2.47451177859,1.72060607707,0.0061031053118,7679.35032523,2.0,
46.0380835325,0.996924009196,0.00736824985185,0.579290000125,0.251099876181,2.40170379255,1.80895308199,0.00736824985185,7482.55568229,2.0,
42.2274735622,0.997241514927,0.00632116231895,0.58234391712,0.252038012784,2.45674058391,1.7159658844,0.00632116231895,7653.13529615,2.0,
41.2845162429,0.99730548769,0.0069608702626,0.584097115655,0.252623840574,2.42665524965,1.69102880994,0.0069608702626,7659.98589696,2.0,
33.2090916087,0.997749404215,0.007558994146,0.580308537588,0.252209972255,2.40295377213,1.63158454657,0.007558994146,7376.97401153,2.0,
53.1849105461,0.99644446066,0.00683722284573,0.578225277356,0.250345015578,2.43529714187,1.90405892366,0.00683722284573,7478.19393845,2.0,
42.1133882008,0.997161747362,0.0079627625385,0.578571363085,0.251602954339,2.36190119268,1.75287012893,0.0079627625385,7417.95147226,2.0,
45.4207726713,0.997062178619,0.00733920659421,0.58706857375,0.253245723882,2.37656410141,1.70942434449,0.00733920659421,7729.37000138,2.0,
45.1208939954,0.997019427248,0.0072671055713,0.581246201156,0.252172882564,2.40323534918,1.73572178763,0.0072671055713,7568.17510128,2.0,
40.3474485731,0.997266183608,0.00788275007669,0.576936044472,0.250991167297,2.39967633787,1.74679487179,0.00788275007669,7378.34796319,2.0,
45.7970447631,0.997031775957,0.00678364162417,0.581837946816,0.25168648235,2.4311190569,1.7663878024,0.00678364162417,7713.57239324,2.0,
37.3500855606,0.997475644689,0.007188298734,0.57750026373,0.251505984951,2.42993073715,1.69549244894,0.007188298734,7397.07288418,2.0,
40.1745029335,0.997265960022,0.00694857285562,0.571659228356,0.25045427838,2.43500617751,1.75931207446,0.00694857285562,7346.14562953,2.0,
43.010645281,0.997076407692,0.00830964159677,0.581393714612,0.251839656988,2.36682457307,1.74215694263,0.00830964159677,7354.81197907,2.0,
35.0331807729,0.997713735323,0.00673806490425,0.584655768147,0.253264837132,2.42277467731,1.61978261263,0.00673806490425,7660.63307887,2.0,
42.9766745437,0.997291983022,0.00759217802917,0.58723575419,0.253982936927,2.40989641635,1.69597231276,0.00759217802917,7934.18749236,2.0,
41.4590848182,0.997214520685,0.00724359115398,0.578738866373,0.252456094586,2.41441823916,1.74371650007,0.00724359115398,7441.05323149,2.0,
36.982532504,0.997577583198,0.0072304414678,0.584319798165,0.253126336367,2.4073537252,1.62665009778,0.0072304414678,7632.46169757,2.0,
43.7348299652,0.997088251231,0.00706518136074,0.57804225798,0.251333050158,2.43200892406,1.78778248588,0.00706518136074,7509.16727508,2.0,
47.4723172896,0.997086527588,0.00741661196742,0.603008321902,0.255289835188,2.3784370041,1.66285491815,0.00741661196742,8147.08501788,3.0,
51.0343125272,0.99672742621,0.00778181247697,0.597552436756,0.251618690294,2.37637210116,1.78199922135,0.00778181247697,7797.20257744,3.0,
40.3703235912,0.997417107799,0.00769812762367,0.598662700363,0.253794107733,2.36175264797,1.60436132841,0.00769812762367,7814.37493603,3.0,
46.1122066493,0.997013756357,0.00796243079374,0.595320536025,0.252937356508,2.35839551586,1.72790362886,0.00796243079374,7720.15388835,3.0,
41.832726713,0.997382389651,0.0076128270837,0.603391829145,0.253917132373,2.35858523296,1.57773341301,0.0076128270837,7990.04030647,3.0,
49.2600680863,0.996873497972,0.00785175469452,0.599733797777,0.25390863868,2.34362319962,1.70353469506,0.00785175469452,7877.19219299,3.0,
40.7109839019,0.997422758409,0.00785292506956,0.603005234389,0.254802179213,2.33372682292,1.58679423801,0.00785292506956,7897.61909258,3.0,
43.1001014052,0.997279915061,0.00765694722123,0.599312108183,0.254542226661,2.35131478688,1.59374094597,0.00765694722123,7921.98286711,3.0,
50.7024866906,0.996829103863,0.0091204583666,0.606561648598,0.2552055573,2.27888447377,1.65530611691,0.0091204583666,7994.39630462,3.0,
45.6416322613,0.997193729495,0.00863942005522,0.610241475338,0.256581476448,2.29978022151,1.57358666522,0.00863942005522,8131.53373803,3.0,
45.6531987904,0.99717941016,0.0079531490722,0.604258028368,0.254885369606,2.34237023654,1.64573373895,0.0079531490722,8092.27590546,3.0,
50.4604836665,0.996826115462,0.0071592722916,0.597220603182,0.255039541834,2.37373530166,1.71799398812,0.0071592722916,7948.67312724,3.0,
46.258015084,0.997043346644,0.00782883016294,0.597026969999,0.253439244178,2.36578660245,1.66936703245,0.00782883016294,7822.14761832,3.0,
42.3956862053,0.997290701581,0.00785176872259,0.597522242905,0.253010185051,2.35685928104,1.64738836375,0.00785176872259,7823.5219304,3.0,
43.8819263364,0.997333477505,0.00959797412754,0.615131851328,0.258951307472,2.26307805226,1.49805338259,0.00959797412754,8227.7629245,3.0,
45.7751521078,0.997075866685,0.00917813112059,0.604230250391,0.257354775423,2.3136503886,1.60290815587,0.00917813112059,7826.58034056,3.0,
50.4698908083,0.996819730955,0.00888556479261,0.604720168029,0.256938195843,2.33595980199,1.695114443,0.00888556479261,7934.27465301,3.0,
40.1484680574,0.997442048781,0.0090497701204,0.60423390159,0.257139904732,2.31983423911,1.58674670433,0.0090497701204,7847.28206259,3.0,
43.2679292518,0.997332832472,0.00827797835987,0.608749267047,0.257858402525,2.36196275327,1.59948346733,0.00827797835987,8110.71153197,3.0,
46.0003191547,0.997127485406,0.00829750555864,0.607393183157,0.257341290591,2.34846492594,1.62124031218,0.00829750555864,8006.48287014,3.0,
46.7526460416,0.997046828308,0.00833571914331,0.604331359681,0.25606304558,2.36084639875,1.66789575185,0.00833571914331,7915.13812818,3.0,
43.1170777198,0.997200138624,0.00843448873591,0.597908373706,0.255354621164,2.38360562559,1.64078570911,0.00843448873591,7699.48497982,3.0,
43.4745332645,0.997159147838,0.00877153605775,0.605768034831,0.256977225384,2.33674973201,1.59419138418,0.00877153605775,7651.30081919,3.0,
44.8102387549,0.997080172774,0.00889292266094,0.600306791862,0.254968013017,2.34598005546,1.67952565913,0.00889292266094,7673.120902,3.0,
51.1461796502,0.9967172065,0.00825202707616,0.59995296826,0.254701631859,2.35632350848,1.74873017166,0.00825202707616,7789.68784614,3.0,
48.7918296393,0.996894342715,0.00963013506868,0.611613818403,0.25678390347,2.29941190491,1.62043223961,0.00963013506868,7854.96440394,3.0,
44.741717822,0.997172176767,0.00885825480531,0.609732816618,0.256180547376,2.320097224,1.61592559394,0.00885825480531,7910.70494852,3.0,
46.7741290019,0.997013123241,0.00905388901217,0.60658186722,0.256430642699,2.31631208242,1.6524427785,0.00905388901217,7829.65113596,3.0,
41.746185988,0.997328773774,0.00859256617688,0.606498900728,0.256837989569,2.3496065912,1.58018931986,0.00859256617688,7813.9658222,3.0,
40.4345008511,0.997462846156,0.00928704751236,0.614593052613,0.257985522791,2.28744310962,1.52629970665,0.00928704751236,7968.46841276,3.0,
38.7303912248,0.997447682907,0.00876930105612,0.600399731093,0.255686237748,2.33919703396,1.58945159713,0.00876930105612,7587.20089219,3.0,
39.5415399102,0.997465348951,0.00899720390974,0.605369248894,0.256656184754,2.33312302358,1.57720375199,0.00899720390974,7800.1215352,3.0,
43.6629047153,0.997240896616,0.0074324587206,0.600859390928,0.257263767214,2.39638020518,1.62442959583,0.0074324587206,7912.43347912,3.0,
44.3471927966,0.99719187796,0.00798439309643,0.605584580718,0.256374477342,2.37130155426,1.61724748298,0.00798439309643,7896.17266032,3.0,
47.5916245654,0.996936934289,0.00703298823395,0.596757873883,0.255454066379,2.43419394644,1.71019620093,0.00703298823395,7768.5803672,3.0,
42.3888300377,0.997273414127,0.00947396185803,0.604137809606,0.257413541499,2.31038389547,1.59965323048,0.00947396185803,7773.22505951,3.0,
47.0652478995,0.996865155913,0.00815166262892,0.590471111909,0.254169436703,2.39595234888,1.78312871215,0.00815166262892,7506.77782531,3.0,
48.3003857019,0.996930585116,0.00836355505494,0.599078515942,0.256787772236,2.35342397747,1.70642293206,0.00836355505494,7867.45408228,3.0,
47.1447445857,0.997090142312,0.00842505184492,0.602552078,0.258802504661,2.33775808024,1.66156245473,0.00842505184492,8100.28218686,3.0,
51.0671967804,0.996795161372,0.00804544490268,0.596460882947,0.257955572339,2.39403699724,1.75243327177,0.00804544490268,7966.63539362,3.0,
42.0638581052,0.997250641825,0.00809547994434,0.594694706321,0.254676190103,2.3938611992,1.64897961031,0.00809547994434,7649.21523365,3.0,
45.8879563233,0.997055174733,0.00865779055862,0.599822430543,0.256029382576,2.34612302518,1.66699713893,0.00865779055862,7790.68452208,3.0,
41.2237863067,0.997300278818,0.00800656419082,0.593052804109,0.254881862657,2.39044386542,1.67057121904,0.00800656419082,7634.23458562,3.0,
53.2889549833,0.996448396766,0.00745801078344,0.586329629383,0.252601667063,2.41155659149,1.87729519774,0.00745801078344,7501.24132435,3.0,
51.3564347023,0.996800752708,0.00786835106279,0.597724594118,0.257573229729,2.39067546876,1.69975010865,0.00786835106279,8025.73873593,3.0,
40.3228306533,0.997462798811,0.00853573995356,0.602682518396,0.257754890187,2.32452024621,1.56318810662,0.00853573995356,7945.73338107,3.0,
47.1343618717,0.996933476484,0.00866200211349,0.599214551303,0.254241749376,2.35664104024,1.70059666087,0.00866200211349,7684.74840126,3.0,
44.0660876612,0.997234742284,0.00787008921066,0.597401947642,0.256362267115,2.37103769614,1.65410193032,0.00787008921066,7967.55708907,3.0,
49.4220447631,0.996810073911,0.00777461437897,0.594125894991,0.254597867008,2.41515004554,1.75401093727,0.00777461437897,7745.92621508,3.0,
40.2573382949,0.997422685861,0.00823335702389,0.598349526685,0.256362378067,2.37163453159,1.59961248732,0.00823335702389,7809.26155629,3.0,
43.6120640482,0.997109374357,0.00587585345669,0.569580364834,0.25176517413,2.50571925174,1.8252096009,0.00587585345669,7543.6682097,4.0,
48.1478252209,0.996696343378,0.00628117126889,0.571932504312,0.249300472296,2.47191994912,1.8638137404,0.00628117126889,7286.97092334,4.0,
43.5285111546,0.997035706946,0.00728496523387,0.57701629145,0.251138538288,2.38842075144,1.74542771259,0.00728496523387,7342.03482922,4.0,
41.2596651818,0.997184905452,0.00643556023066,0.571633503304,0.249419844095,2.46419494283,1.80451886861,0.00643556023066,7328.3169556,4.0,
42.8255966609,0.997201209341,0.00684211453116,0.585896846662,0.253837050663,2.39688692439,1.69550376648,0.00684211453116,7650.75899213,4.0,
43.5005387151,0.99705663241,0.00602003503937,0.573462307695,0.250844166545,2.47009305359,1.79195639577,0.00602003503937,7389.64474031,4.0,
54.2300516985,0.996305709895,0.00613242730677,0.572743063954,0.249597898519,2.48445109997,1.94102428292,0.00613242730677,7339.86760131,4.0,
41.598881374,0.997102877538,0.00648348503746,0.570880318502,0.249611611601,2.46029474344,1.80183661089,0.00648348503746,7179.36986835,4.0,
47.0978763762,0.996919257681,0.00754863450759,0.585084797029,0.251737637763,2.40204674455,1.78149672244,0.00754863450759,7643.46272292,4.0,
45.5640074967,0.996895566712,0.00625846784583,0.574695262135,0.24971482795,2.46355351796,1.83292590178,0.00625846784583,7338.10894022,4.0,
47.9862356041,0.996904095032,0.00738256036291,0.584219752447,0.252051609978,2.37151356768,1.76897951977,0.00738256036291,7749.55282829,4.0,
41.0736975771,0.997310827426,0.00782423729885,0.588601297962,0.256271264992,2.4032618914,1.67140419021,0.00782423729885,7636.63494363,4.0,
43.4244780349,0.997069718077,0.00815105389906,0.586167148061,0.253785852158,2.39539781897,1.74683335144,0.00815105389906,7409.42932868,4.0,
43.9188984862,0.997002192392,0.00745528807858,0.584093230038,0.253684879473,2.43642065127,1.76549145299,0.00745528807858,7324.90701721,4.0,
42.674496143,0.997129926569,0.00690941655224,0.582924815924,0.254747767509,2.43638993283,1.74576497537,0.00690941655224,7434.26112481,4.0,
44.922782667,0.997088370349,0.00647300329648,0.584074931516,0.255737857855,2.47704899313,1.76283409387,0.00647300329648,7714.18915788,4.0,
51.3487795162,0.996624056863,0.00729543299803,0.583654878846,0.253516169666,2.45286681994,1.87547986383,0.00729543299803,7605.09514522,4.0,
43.7855551934,0.997099893242,0.00739915652624,0.588440850279,0.256031179143,2.44336137469,1.69814301753,0.00739915652624,7548.92389125,4.0,
44.2094333985,0.996980348403,0.00770484650291,0.579380392852,0.252679048908,2.42625220805,1.82185281762,0.00770484650291,7320.12920501,4.0,
47.0808774265,0.996707420691,0.00767405495292,0.575541063566,0.251062854534,2.43659667248,1.8675417391,0.00767405495292,7149.62438779,4.0,
41.5179994205,0.997261278308,0.00877706445745,0.591903493758,0.256311678084,2.35526966717,1.64146928872,0.00877706445745,7579.96975001,4.0,
42.3038511336,0.997270145147,0.00815173798494,0.59700415751,0.256725576496,2.3726368331,1.66308353252,0.00815173798494,7748.3862036,4.0,
41.3594587498,0.99731240204,0.00808442784829,0.594758713105,0.256421426406,2.38177476224,1.66065026076,0.00808442784829,7694.46189284,4.0,
38.2173941583,0.997387932923,0.00818112700516,0.581990149649,0.252278902441,2.41825312537,1.72767048747,0.00818112700516,7315.49356642,4.0,
48.0318973635,0.996689894697,0.00740639487422,0.578095527488,0.25164636826,2.44471092429,1.88179957989,0.00740639487422,7255.27553159,4.0,
50.2286256881,0.996680429462,0.00809372361838,0.586548685811,0.252425480323,2.35174282771,1.8058294401,0.00809372361838,7565.58641167,4.0,
50.3701945712,0.996799882529,0.00699828516982,0.595574479494,0.253357543791,2.39675090298,1.74938658916,0.00699828516982,7870.18639782,4.0,
47.9720796212,0.996816570652,0.00701616551072,0.586362712375,0.25125495986,2.41486237629,1.80036080327,0.00701616551072,7534.78433048,4.0,
50.3032354592,0.99666322833,0.00712887058654,0.587808819423,0.252532452452,2.41866987859,1.80194073229,0.00712887058654,7537.84425306,4.0,
50.0243440352,0.99683356921,0.00782540207906,0.598357044295,0.252762689556,2.37000996687,1.73468736419,0.00782540207906,7899.21542827,4.0,
49.3419640917,0.99684351774,0.00736591411253,0.593935597808,0.254077065402,2.36743244452,1.72128286615,0.00736591411253,7815.65846329,4.0,
43.4440800196,0.99731541061,0.00841872293358,0.608456618703,0.256599044957,2.29946541512,1.53549860568,0.00841872293358,8091.05313817,4.0,
49.0849721136,0.996760890073,0.00689600206457,0.584882417749,0.251957882046,2.4058246448,1.79494875416,0.00689600206457,7576.70117619,4.0,
54.3137947269,0.996526553642,0.00713264707672,0.594481633485,0.252147682433,2.38942451104,1.78436006084,0.00713264707672,7818.23696909,4.0,
52.4258746197,0.996767469814,0.00825356972262,0.601811109335,0.255316034323,2.3539542611,1.73618354339,0.00825356972262,8109.23719394,4.0,
42.3902718927,0.997261933907,0.0069397101418,0.594378375373,0.252558847224,2.40510458416,1.67117331233,0.0069397101418,7741.01098584,4.0,
42.8477790453,0.997192221917,0.00753285963671,0.589232725788,0.252444192804,2.37558916356,1.68427676373,0.00753285963671,7630.23043021,4.0,
51.0101495726,0.996736581949,0.00690375307734,0.590201319287,0.251790791295,2.41165480685,1.76695820658,0.00690375307734,7815.46808342,4.0,
43.6751706685,0.997134930061,0.00683011025847,0.586514627271,0.251652640084,2.42026879294,1.70656100608,0.00683011025847,7622.05923837,4.0,
59.596371143,0.996188302544,0.00734347827813,0.593879677574,0.251233361717,2.39260696289,1.89853596262,0.00734347827813,7817.59743623,4.0,
50.9712647581,0.996772463399,0.00740007867934,0.595736498821,0.252511790129,2.37420314362,1.76256020933,0.00740007867934,7896.42967294,4.0,
45.7989687455,0.997114968296,0.00727298355569,0.600989694022,0.25275217049,2.38743912604,1.67292753151,0.00727298355569,7937.52549925,4.0,
55.8336932312,0.996441717889,0.00759787459144,0.59871216266,0.251672599379,2.37011734639,1.78169138418,0.00759787459144,7845.71384124,4.0,
44.0942932421,0.997103042976,0.00776471668298,0.587557671435,0.251215037239,2.36798699502,1.74806696364,0.00776471668298,7610.48729295,4.0,
50.1356701796,0.996896477674,0.0075929698719,0.600225550599,0.255435555374,2.36403931921,1.69769936984,0.0075929698719,8077.25062075,4.0,
46.3794025243,0.997068968362,0.00780920019759,0.59944692527,0.253273336226,2.33467254351,1.62486645299,0.00780920019759,7911.87923827,4.0,
51.0470787158,0.996754252442,0.00741772985762,0.598311043159,0.252432427812,2.3772563325,1.74741733667,0.00741772985762,7863.0975594,4.0,
49.2125887295,0.996808108669,0.00742541655033,0.590240807569,0.252102440193,2.3742177968,1.77493028393,0.00742541655033,7709.01855196,4.0,
51.1358693684,0.996678674493,0.00691888109973,0.591507540468,0.250023729632,2.42489211514,1.82695023903,0.00691888109973,7698.14489052,4.0,
42.6839553455,0.997288489189,0.00742775871448,0.598811080959,0.254200123634,2.3566037478,1.61453806316,0.00742775871448,7870.93226472,4.0,
45.8370884941,0.996845016992,0.00541184980605,0.570264474638,0.250963989657,2.52517386682,1.86163850862,0.00541184980605,7264.01355786,5.0,
45.7262512676,0.996915907912,0.00722468511462,0.585851379024,0.251788566804,2.40006100425,1.74798547733,0.00722468511462,7413.10215111,5.0,
47.3885765247,0.996929976833,0.00746684205963,0.598599551338,0.253199504562,2.36743366065,1.70812961756,0.00746684205963,7717.92428819,5.0,
40.8669690714,0.997187456009,0.00655197531449,0.58225990219,0.251561696163,2.44988296056,1.74165670723,0.00655197531449,7265.10225377,5.0,
48.8802852926,0.996778395078,0.00683045507833,0.594674711499,0.251943672024,2.41486643224,1.75033726278,0.00683045507833,7586.28002131,5.0,
42.7087045487,0.997079313766,0.0068651342261,0.570811019165,0.2493735136,2.46272948065,1.82733050847,0.0068651342261,7311.34483036,5.0,
41.6068421339,0.997198989094,0.0071282104785,0.576169849033,0.251569032869,2.44320999995,1.78694046067,0.0071282104785,7427.06825759,5.0,
42.2276976496,0.997262533112,0.00707061411547,0.582996394867,0.253077633636,2.45833633603,1.77631781472,0.00707061411547,7713.05181059,5.0,
38.2192955056,0.997360192441,0.00719584815867,0.569508097669,0.249637996172,2.45156209558,1.7791743626,0.00719584815867,7239.14128204,5.0,
44.7378743843,0.997109427569,0.00703007830721,0.585113441356,0.255030297418,2.4347071821,1.71679206504,0.00703007830721,7738.74750908,5.0,
43.1337394068,0.997119908679,0.00739837473575,0.580283100046,0.252365935277,2.43091106284,1.80312228379,0.00739837473575,7488.2343333,5.0,
44.6029828517,0.99718448601,0.00762098793318,0.585411000821,0.256588591196,2.37619301615,1.69313839997,0.00762098793318,7920.88992652,5.0,
41.1911419854,0.997212120957,0.00681688138392,0.575977186828,0.251559026727,2.46167596998,1.78115719615,0.00681688138392,7387.5705594,5.0,
42.8498365747,0.997132593638,0.00732477584552,0.581673552088,0.252485769321,2.41871718025,1.75659812763,0.00732477584552,7471.83468629,5.0,
46.3291481059,0.996828883983,0.00665335908658,0.569785323184,0.250231558407,2.47264661728,1.89787728162,0.00665335908658,7304.810622,5.0,
45.1615624547,0.996953370311,0.00691769157315,0.574238877704,0.250009091087,2.47902753309,1.86135330653,0.00691769157315,7411.81135489,5.0,
40.0706984282,0.997312883221,0.00692807958535,0.576076075356,0.250735708411,2.46316822016,1.7812771621,0.00692807958535,7456.12665174,5.0,
41.7729565044,0.997244524859,0.00677507925849,0.579985199143,0.254401236815,2.42974078114,1.73141206722,0.00677507925849,7579.98660061,5.0,
42.4185340613,0.997159043245,0.00659690144578,0.577339417842,0.251792615459,2.49119971741,1.80505984717,0.00659690144578,7465.60449097,5.0,
48.0261661596,0.996855798508,0.00630660327854,0.58220594995,0.253833387191,2.47708328733,1.81380830798,0.00630660327854,7637.31237323,5.0,
39.5715223454,0.997374314644,0.00672134259082,0.582024290672,0.253412542838,2.46648985473,1.73468057366,0.00672134259082,7535.60281467,5.0,
41.9577538751,0.997128505147,0.0066709600446,0.57408968876,0.251529663516,2.46463679315,1.81695911198,0.0066709600446,7305.74987773,5.0,
45.1243435825,0.997064826453,0.00702166050539,0.585718845543,0.25505860961,2.42971732144,1.7427522454,0.00702166050539,7686.7409171,5.0,
41.666628187,0.997144143636,0.00624290725902,0.573072392414,0.249739899702,2.51108292309,1.85457636173,0.00624290725902,7295.10206332,5.0,
48.3531503513,0.996755128212,0.00616427754012,0.58453574353,0.25358657226,2.48567174269,1.80950085108,0.00616427754012,7450.47391073,5.0,
41.2520846914,0.997185857469,0.00714594072219,0.579421385122,0.251569789285,2.47928552116,1.76094406418,0.00714594072219,7329.21687306,5.0,
36.6867553057,0.997425259465,0.00796373427656,0.580114532842,0.249948040234,2.42261136165,1.71729003694,0.00796373427656,7124.04953786,5.0,
41.196284677,0.997378129442,0.00828099897409,0.593859367459,0.256311572871,2.40180137795,1.64601667753,0.00828099897409,7856.0063908,5.0,
40.4693294582,0.997240153082,0.00728051843995,0.585692674727,0.25135378492,2.45099588773,1.73730171664,0.00728051843995,7331.11209639,5.0,
39.2642736854,0.997333634104,0.00791691180509,0.587660036035,0.251767608183,2.41079203596,1.70840576561,0.00791691180509,7362.61160438,5.0,
48.8486867123,0.996829128696,0.00791705006709,0.59367926378,0.255833216068,2.41185873358,1.73172669492,0.00791705006709,7702.44003371,5.0,
42.8287203028,0.997081981252,0.00753750642021,0.587006136618,0.2526022342,2.43503272896,1.74659115602,0.00753750642021,7338.41041189,5.0,
38.4132170795,0.997208305424,0.00701763550636,0.563833385904,0.247356345911,2.47958411525,1.85006518905,0.00701763550636,6879.61683681,5.0,
41.9641822396,0.997132335813,0.00821219798927,0.586283222034,0.251093457609,2.39339525599,1.75981910039,0.00821219798927,7316.48523519,5.0,
39.6435426626,0.997212564716,0.007831089706,0.577562314481,0.2487428659,2.43761235545,1.78630215124,0.007831089706,7110.65521854,5.0,
44.197339472,0.997008723318,0.00639053545205,0.574281368163,0.252250933559,2.46342314408,1.77783436549,0.00639053545205,7387.38352561,5.0,
41.3439854049,0.997163746247,0.00705901143071,0.569108723484,0.25045100227,2.43681475896,1.76628820803,0.00705901143071,7288.18194461,5.0,
38.3493204947,0.997394865565,0.00622929024053,0.575350959453,0.250993283796,2.49581351088,1.70464155078,0.00622929024053,7360.07825235,5.0,
41.082579585,0.997109170969,0.0065011601526,0.562677102077,0.248323961969,2.46510546765,1.84214969941,0.0065011601526,7105.41738373,5.0,
47.4051838874,0.996831919929,0.00721085191639,0.576244025314,0.251121702663,2.42964637764,1.80773078734,0.00721085191639,7481.44180378,5.0,
42.5970185064,0.997114756569,0.00763573866315,0.57364450654,0.251205363572,2.39280927844,1.75486201651,0.00763573866315,7381.55789033,5.0,
40.9392112125,0.997187218829,0.00648139456896,0.570266872089,0.250278775773,2.47185752949,1.76582645227,0.00648139456896,7277.07829506,5.0,
39.9963806497,0.997254949114,0.00682067483279,0.57329199741,0.251260143829,2.44708006342,1.74268207663,0.00682067483279,7284.8192269,5.0,
40.3307914132,0.997347889617,0.00662266416526,0.577498639903,0.253861540634,2.48497276954,1.7261810988,0.00662266416526,7603.2900016,5.0,
38.4281879255,0.99737817326,0.00755848471925,0.583830805801,0.253303423714,2.44411785697,1.72089580617,0.00755848471925,7328.30251318,5.0,
44.9646077792,0.996975551683,0.00736129153231,0.584871079873,0.25477297348,2.43158159763,1.7592170071,0.00736129153231,7433.33679169,5.0,
44.1954471788,0.997030300088,0.00686585231134,0.581043563333,0.251506410093,2.41965132296,1.76634479574,0.00686585231134,7440.66896722,5.0,
46.816438505,0.997023358329,0.00822393886431,0.602296520755,0.255976824144,2.35826665463,1.67214435753,0.00822393886431,7863.77019596,5.0,
44.2257238701,0.997163662025,0.00880692066652,0.600443258333,0.255781851404,2.33095394454,1.62793124366,0.00880692066652,7796.11114515,5.0,
45.0555714001,0.996873910002,0.00784364804112,0.576564734773,0.249933460947,2.42525169968,1.84518280096,0.00784364804112,7206.29883463,5.0,
47.7301241308,0.996633782846,0.00706979778255,0.559615986456,0.244042224224,2.59352277866,2.00011996596,0.00706979778255,7089.18208342,6.0,
43.003284351,0.997189355629,0.00662997528704,0.583657147796,0.25675998858,2.44075946007,1.70164013835,0.00662997528704,7649.75197609,6.0,
53.9010869368,0.996536452156,0.0073608339141,0.590943849489,0.257560721079,2.41748750625,1.77553011372,0.0073608339141,7780.86722603,6.0,
45.1820675793,0.997073964611,0.00736061953781,0.587378256584,0.255572087173,2.42865670038,1.73383402144,0.00736061953781,7720.31678939,6.0,
48.1844148378,0.996818639954,0.00835716570713,0.590408051077,0.253895638623,2.40429994434,1.80291856801,0.00835716570713,7572.60380496,6.0,
41.9461443394,0.997242799833,0.00720770475243,0.590727268274,0.256073035144,2.43452788765,1.69331495364,0.00720770475243,7606.25464563,6.0,
51.4704068883,0.996667837183,0.00824638500713,0.593824749709,0.256420512533,2.38208796773,1.7668586122,0.00824638500713,7722.96961194,6.0,
45.2308733522,0.997176092727,0.0077506415032,0.59399399192,0.258309565232,2.38314410888,1.64690623642,0.0077506415032,8008.30718391,6.0,
47.0399554542,0.996930189212,0.00842619119222,0.596499684783,0.256712350852,2.36039707748,1.70462570621,0.00842619119222,7661.45265921,6.0,
52.4968808851,0.99663463182,0.00805969764148,0.595712531826,0.255825282159,2.40529497634,1.82504889179,0.00805969764148,7799.27342306,6.0,
41.2804736165,0.997287743976,0.0084178153004,0.600572003647,0.257635228412,2.36596268388,1.63000009054,0.0084178153004,7609.66724922,6.0,
43.1849897689,0.997175399297,0.00738756119877,0.591844559454,0.257628857903,2.42121741255,1.6880771947,0.00738756119877,7644.18440574,6.0,
43.5063332971,0.997071600061,0.0076660855983,0.593333348159,0.255234938892,2.41455779062,1.70340341156,0.0076660855983,7428.08496627,6.0,
45.0374904933,0.997036536994,0.0083940712286,0.601749613307,0.25892002191,2.35142477371,1.63483041793,0.0083940712286,7598.53107348,6.0,
38.6508832211,0.997577787803,0.00820658563637,0.601858023877,0.259814823261,2.35063348074,1.54007994712,0.00820658563637,7978.10700747,6.0,
45.6678052115,0.997001222001,0.0076006359785,0.591384737709,0.257129037907,2.41347594214,1.71895145227,0.0076006359785,7614.05585595,6.0,
52.9892913407,0.996471892844,0.00738887784891,0.58744304588,0.25394998248,2.43801599956,1.88579467261,0.00738887784891,7509.30712841,6.0,
51.47150469,0.996699782698,0.00700154243717,0.589958175826,0.256885091675,2.43392078624,1.79445304578,0.00700154243717,7797.88356465,6.0,
49.6272567181,0.996808580222,0.00770224201703,0.592204689296,0.256489841323,2.4070097239,1.75459718601,0.00770224201703,7774.79101824,6.0,
38.458113773,0.997367719117,0.00762075259166,0.588899475772,0.25447058441,2.43627533634,1.70451479429,0.00762075259166,7304.80758717,6.0,
54.5904996016,0.996483080846,0.00826269808842,0.595536101464,0.255809135214,2.38009320723,1.82584564682,0.00826269808842,7760.89511535,6.0,
57.5600599377,0.996331074593,0.00718385219625,0.590560295533,0.256205022877,2.42094264534,1.86560643923,0.00718385219625,7843.99212776,6.0,
37.5722466681,0.997502662964,0.00738853927969,0.591759911074,0.255605990956,2.42982333553,1.65245635955,0.00738853927969,7522.19992461,6.0,
46.2240556642,0.99693103085,0.00833434300967,0.594201018821,0.256907893485,2.36942652301,1.71262947269,0.00833434300967,7530.67496832,6.0,
53.2449048421,0.996642878115,0.00841617189575,0.593346560599,0.255780654672,2.38004115427,1.81479293423,0.00841617189575,7929.80690728,6.0,
40.6107036796,0.997358076613,0.00836012508562,0.594189060488,0.256882940961,2.36946598407,1.62436169057,0.00836012508562,7685.48126509,6.0,
46.18711294,0.997039834671,0.00836097959865,0.596085880293,0.256992874011,2.37456727341,1.68742983123,0.00836097959865,7801.1382031,6.0,
41.4030561893,0.997372121548,0.0084046734019,0.594436549333,0.257881320075,2.36924709566,1.643775804,0.0084046734019,7877.35599528,6.0,
50.943405494,0.996710653344,0.00792185877278,0.588650418941,0.255079170305,2.43295398428,1.80667599232,0.00792185877278,7743.39445015,6.0,
46.5276374402,0.99693845454,0.00783511469478,0.591407287341,0.256091706014,2.4134884051,1.74564953643,0.00783511469478,7598.34036546,6.0,
43.0956852999,0.997220361277,0.00774301552362,0.595118408153,0.257276751982,2.40149309035,1.65816266478,0.00774301552362,7751.73425959,6.0,
47.0602138563,0.997084524234,0.00789251308688,0.597978964,0.258433202188,2.37499215928,1.71634615385,0.00789251308688,8070.52041362,6.0,
44.6067651746,0.997232843433,0.00808149382073,0.594866200446,0.259871009257,2.33625199562,1.60780186151,0.00808149382073,8059.8009349,6.0,
37.872627843,0.997596936351,0.00761236361449,0.596218158074,0.257541681072,2.41361468366,1.58834474142,0.00761236361449,7879.82630865,6.0,
39.1970384253,0.997386126885,0.00857510733371,0.594545590579,0.256292737312,2.34569983704,1.64998008112,0.00857510733371,7497.64521099,6.0,
40.7924362596,0.997338516293,0.00908535167541,0.598835133262,0.257651346924,2.35617497374,1.62343817905,0.00908535167541,7663.22986955,6.0,
48.7361971244,0.996925703016,0.00819820534861,0.595011113168,0.257006127544,2.38170565705,1.73523739678,0.00819820534861,7926.15686648,6.0,
40.3140097602,0.997340315406,0.00754861994668,0.593231941805,0.257329734306,2.41715462156,1.6407562835,0.00754861994668,7578.3154594,6.0,
45.9811562907,0.997011079124,0.00758050693581,0.592234559517,0.25810792166,2.40499289804,1.67442371071,0.00758050693581,7691.43471949,6.0,
48.5450687201,0.996807132244,0.00794293480716,0.592117783422,0.255326677407,2.42789405955,1.80357951253,0.00794293480716,7601.58051374,6.0,
45.9756197487,0.996893971502,0.00821236000368,0.587986295265,0.253684850727,2.42125569626,1.78735015573,0.00821236000368,7400.56774722,6.0,
50.2510276329,0.996787771006,0.00799670160084,0.594449464979,0.257254223199,2.37978773079,1.77746541359,0.00799670160084,7821.34637497,6.0,
49.8585601369,0.996702631595,0.007899985598,0.591642612656,0.256489993537,2.41061319541,1.75227482616,0.007899985598,7559.91465428,6.0,
50.2489633131,0.996717852881,0.0082711121296,0.593698015211,0.257285902246,2.38745382476,1.75780910474,0.0082711121296,7654.41296392,6.0,
42.6191488302,0.997235281314,0.00774212535123,0.59480436696,0.256335319695,2.40042334078,1.66732987469,0.00774212535123,7707.1849194,6.0,
44.5340318521,0.997147057152,0.00793676662935,0.594636597645,0.257369592765,2.41119827184,1.70834012386,0.00793676662935,7804.50287854,6.0,
33.813683815,0.997732649,0.00823455088492,0.593192130265,0.255845800008,2.4044452764,1.60206839418,0.00823455088492,7456.20613144,6.0,
44.2741086303,0.997104839328,0.00843237951551,0.596075167496,0.255497389703,2.39361349386,1.68255876068,0.00843237951551,7645.83884233,6.0,
36.8319141134,0.997690277197,0.0079779945981,0.597712751867,0.258767862741,2.38625886432,1.539523124,0.0079779945981,7972.93226999,6.0,
46.0496523251,0.996952049865,0.00824776141744,0.590438774613,0.255141588192,2.41089673313,1.76493010285,0.00824776141744,7553.91603387,6.0,
39.9749542771,0.997366379484,0.00849116177769,0.596179198254,0.253361330936,2.3715846439,1.67053047588,0.00849116177769,7588.6223009,7.0,
45.0199301934,0.997110261044,0.00699636336599,0.592498483499,0.256690271543,2.4138388195,1.71891523613,0.00699636336599,7788.86094038,7.0,
50.1142709691,0.996684085417,0.0069154937167,0.589803585227,0.254386221827,2.41077696482,1.80281218311,0.0069154937167,7555.94531667,7.0,
60.0361437056,0.996039763125,0.00710132816783,0.585948284336,0.253844245934,2.43068084309,1.92898468057,0.00710132816783,7579.21253091,7.0,
50.2195829712,0.996707175095,0.00764202338967,0.595780706055,0.255968572752,2.40034360629,1.77590359264,0.00764202338967,7625.00232253,7.0,
45.1756256338,0.997021942009,0.0073035419365,0.592640934712,0.254571153797,2.4281094012,1.73799435028,0.0073035419365,7584.17482318,7.0,
49.8537750797,0.996753773756,0.00769921186291,0.594489814887,0.257254754452,2.38611910053,1.72742150152,0.00769921186291,7678.09157861,7.0,
50.579308815,0.99673247211,0.00623268421234,0.573971291518,0.254441492196,2.4557204864,1.84334256845,0.00623268421234,7739.04078035,7.0,
43.0499284731,0.997201334438,0.00778556718215,0.59713782818,0.256988336576,2.38643323635,1.63135140519,0.00778556718215,7690.53013015,7.0,
43.480169401,0.997161850037,0.00725913449519,0.593692706777,0.256365163959,2.37712460939,1.6569856403,0.00725913449519,7659.32555556,7.0,
41.3943484717,0.997359105324,0.00715523334648,0.591791060704,0.256155535555,2.42849695004,1.66863591917,0.00715523334648,7836.53787212,7.0,
35.6040602818,0.997632383123,0.00776932493798,0.600475768132,0.258569058813,2.38515783812,1.54558027307,0.00776932493798,7518.3847711,7.0,
49.8896200022,0.99677827266,0.00595053834864,0.580591629274,0.25711181036,2.46425405787,1.77424444082,0.00595053834864,7742.10847014,7.0,
42.2208392185,0.997217508821,0.00670634650807,0.589235502832,0.257661701982,2.42757145299,1.68249538244,0.00670634650807,7586.27752519,7.0,
46.7691243843,0.996940310681,0.00647633030453,0.58494235715,0.257011145149,2.42925215492,1.73913742214,0.00647633030453,7642.22662709,7.0,
48.383259543,0.996860637391,0.00750596032636,0.590176544143,0.255499997042,2.42754977257,1.75028293858,0.00750596032636,7705.28375972,7.0,
40.918190008,0.997263029003,0.00731665783851,0.590558089956,0.256153226411,2.41813042873,1.66957980226,0.00731665783851,7474.52420101,7.0,
47.5169853687,0.996889160348,0.00601735608896,0.578699701731,0.25578220476,2.46427442638,1.79402071563,0.00601735608896,7636.71989663,7.0,
41.8385416667,0.997225310189,0.00628903163703,0.582858510794,0.255999307004,2.46734297622,1.71537510865,0.00628903163703,7538.68501626,7.0,
47.7868748189,0.996891833714,0.00747152544521,0.5921468559,0.256201287634,2.41216563921,1.76744033391,0.00747152544521,7686.69742321,7.0,
51.8989207591,0.996553567315,0.00691702301139,0.585388384881,0.254234197604,2.44448213651,1.83995635955,0.00691702301139,7528.80265553,7.0,
46.1264101659,0.996962941148,0.00688009708826,0.586030066511,0.255509924511,2.41909014511,1.73918269231,0.00688009708826,7593.38640557,7.0,
45.5341970882,0.997024235795,0.00720529451784,0.590935441245,0.257734725367,2.41018097829,1.68023866435,0.00720529451784,7650.31109681,7.0,
43.1801820766,0.997047750858,0.00693533446166,0.58311999697,0.253634421619,2.45608193331,1.77373288787,0.00693533446166,7312.57765717,7.0,
39.5340703317,0.997404160128,0.00695420907365,0.591013542345,0.258599002799,2.39904395756,1.62059973924,0.00695420907365,7614.35437435,7.0,
38.0510873895,0.997394331063,0.00646983808766,0.579098286724,0.254249479002,2.44798314345,1.71279244531,0.00646983808766,7300.98900118,7.0,
43.6911397219,0.997146117307,0.00716928657731,0.590659259922,0.258317052103,2.40684131396,1.67117104882,0.00716928657731,7654.12683939,7.0,
48.2209976641,0.996722663737,0.0077975979022,0.586082335295,0.254901014778,2.39980730333,1.79374230407,0.0077975979022,7356.22972683,7.0,
53.2092794799,0.996490943839,0.00607527221808,0.579771037668,0.255064471986,2.48686184537,1.89306279878,0.00607527221808,7581.1489625,7.0,
48.1785432964,0.996772697388,0.00804344445357,0.58260490029,0.254339715787,2.38610158522,1.85392447124,0.00804344445357,7463.67676864,7.0,
44.1235807801,0.99702222841,0.00616051803937,0.579185335119,0.255480562909,2.48240218772,1.77414031943,0.00616051803937,7408.30774295,7.0,
39.4982344633,0.997287330919,0.00754053437124,0.584540386283,0.255378581499,2.41157833068,1.71275170216,0.00754053437124,7279.81115497,7.0,
47.8328285709,0.996841124244,0.00650203761879,0.574044363314,0.252306601768,2.44729039405,1.86961058598,0.00650203761879,7570.64445394,7.0,
51.7788891605,0.996759295101,0.00695566630159,0.583672964886,0.256764569805,2.43140378892,1.80780321961,0.00695566630159,7988.39123478,7.0,
43.5512571527,0.997121054398,0.00843920112034,0.595833015645,0.253595716045,2.37387312404,1.70601776402,0.00843920112034,7563.33118249,7.0,
46.2846090468,0.997024213918,0.00733645107864,0.592389040132,0.257914228727,2.39143836582,1.68216717369,0.00733645107864,7776.38047056,7.0,
44.532558308,0.99705202361,0.00688917728318,0.584011629074,0.254323949636,2.44378515662,1.74391116181,0.00688917728318,7552.63910341,7.0,
49.4316873099,0.996693884483,0.00748770222167,0.585759284929,0.254766269503,2.40398327715,1.80121414602,0.00748770222167,7475.36666024,7.0,
53.7217944191,0.99649727494,0.00661119230321,0.575893385764,0.254881415147,2.45397741759,1.88517447124,0.00661119230321,7668.17669007,7.0,
35.8318167826,0.997580442351,0.00649500344113,0.5800597934,0.256229346171,2.45570486476,1.67197233087,0.00649500344113,7404.16361595,7.0,
48.3312622229,0.996819504192,0.00673343998772,0.585978905018,0.256018533943,2.4439344924,1.78390056859,0.00673343998772,7597.49554072,7.0,
38.7038470592,0.997474919655,0.00701145412025,0.590893386443,0.257775495185,2.41211710429,1.62642148341,0.00701145412025,7663.16953978,7.0,
44.2282182566,0.997044066787,0.00624421307814,0.586009409888,0.256456071658,2.45586574918,1.7407309322,0.00624421307814,7480.67456235,7.0,
48.2214028321,0.996820744928,0.00672089862154,0.586976980751,0.256590490317,2.44379309823,1.76792246125,0.00672089862154,7583.17333353,7.0,
45.3867295017,0.996751958293,0.00560350460253,0.568303735582,0.248595008191,2.53139163883,1.91823754165,0.00560350460253,6986.04310264,7.0,
45.6397263871,0.996991123295,0.00673410563936,0.5918626656,0.257027492138,2.44278235525,1.69942869042,0.00673410563936,7583.61760002,7.0,
45.5631722621,0.996925885293,0.0074937719571,0.5920240887,0.255719508888,2.40591572027,1.72742150152,0.0074937719571,7410.22168481,7.0,
53.4571676264,0.996411410477,0.00717193934678,0.587264536236,0.254614969301,2.41730716467,1.84342179125,0.00717193934678,7447.87076712,7.0,
45.2648056099,0.99700039821,0.00717458352932,0.593638701226,0.256740111901,2.39948993085,1.70880640663,0.00717458352932,7544.64545131,7.0,
46.7184602709,0.997004933724,0.0069035744219,0.589426842472,0.257990760879,2.40634916307,1.69979537882,0.0069035744219,7798.96235698,7.0,
