624.326962892,0.957971450475,0.00471764191409,0.474783861314,0.222165347238,2.56990395736,5.99729256251,0.00471764191409,7420.18941872,1.0,
631.333174072,0.958268268279,0.00538765932729,0.485826256175,0.220218309027,2.51295645838,5.95046982004,0.00538765932729,7557.34574038,1.0,
659.716993152,0.957882503855,0.00453847008615,0.473002928541,0.219397241811,2.56627161867,6.05430801083,0.00453847008615,7824.34767944,1.0,
566.010192706,0.962723062235,0.00502551106012,0.472317563377,0.221636629429,2.53012967434,5.52954292085,0.00502551106012,7585.15785964,1.0,
563.513139035,0.963369548821,0.00478379142248,0.474639983344,0.220670289872,2.54137031179,5.54467271859,0.00478379142248,7684.19147336,1.0,
651.385093168,0.95729937671,0.00537056394054,0.483979897438,0.224081337503,2.4992634611,6.00907787864,0.00537056394054,7620.71013608,1.0,
620.01242236,0.958927400856,0.00511575644005,0.477578473661,0.221226711751,2.52980813456,5.97865902214,0.00511575644005,7541.07707902,1.0,
613.546265329,0.960189849352,0.00536706369815,0.486895676174,0.222653841569,2.49668524403,5.74661570314,0.00536706369815,7699.2141821,1.0,
612.267717789,0.960779003471,0.00578658550365,0.478295289775,0.219938215602,2.54800047681,6.02500398153,0.00578658550365,7799.56335821,1.0,
604.664596273,0.959226384698,0.00654233349138,0.488048578273,0.22087547612,2.48074966715,5.83707596751,0.00654233349138,7409.49488439,1.0,
652.395445135,0.957209970272,0.00614726265446,0.479704902028,0.222913071135,2.4983972534,6.23045070871,0.00614726265446,7617.54993676,1.0,
569.708074534,0.963328823383,0.00589184641616,0.486169830162,0.223928472315,2.52911492976,5.63354037267,0.00589184641616,7762.26315701,1.0,
484.826246218,0.966808492831,0.00631989055097,0.485329701774,0.224474091273,2.49194467636,5.18936136327,0.00631989055097,7298.14609601,1.0,
571.536072623,0.961441820437,0.00613214566558,0.48078815855,0.220250051875,2.52029133993,5.93518076127,0.00613214566558,7406.26084649,1.0,
615.670966714,0.959361854504,0.00581408016128,0.472109774936,0.220605735798,2.5440062369,6.06497849976,0.00581408016128,7570.04889953,1.0,
624.161490683,0.959733492275,0.00596068451653,0.473815858576,0.222190869906,2.51824174849,5.99713330148,0.00596068451653,7745.37119865,1.0,
620.604077082,0.96021355385,0.0055178784899,0.481440574854,0.22399425323,2.52023031483,5.86510590858,0.0055178784899,7793.72117034,1.0,
597.215957955,0.962726914773,0.00618566386447,0.477706984942,0.21946886034,2.52409134455,5.7596751075,0.00618566386447,8006.35031269,1.0,
565.652014652,0.963577326664,0.00534859865133,0.48173195998,0.227293511655,2.53578748794,5.54562828476,0.00534859865133,7758.92491131,1.0,
621.950947603,0.960018696034,0.00573783575092,0.482363294239,0.226249963332,2.50847332293,6.00764452938,0.00573783575092,7772.33957952,1.0,
530.658862876,0.965821873068,0.00617648206921,0.489495727382,0.228472164195,2.48144204328,5.35132982959,0.00617648206921,7757.86255355,1.0,
555.599777035,0.964045497084,0.0063136002603,0.49524901715,0.230846797117,2.47201098476,5.41662685141,0.0063136002603,7721.58259143,1.0,
586.081382386,0.963735230742,0.00635884977064,0.479219149069,0.222987481326,2.51179879158,5.7220895047,0.00635884977064,8075.75530724,1.0,
589.017518713,0.960874450975,0.00602135538466,0.484675453762,0.226150676929,2.48607408432,5.69597069597,0.00602135538466,7521.89717359,1.0,
594.339703774,0.961733542773,0.00607857673854,0.477932673884,0.223960699409,2.5049653694,5.85427615862,0.00607857673854,7760.83249887,1.0,
682.304347826,0.956309108007,0.00603089227697,0.480351388133,0.222275890938,2.52773275933,6.42060837713,0.00603089227697,7802.82924832,1.0,
613.192068801,0.960856684251,0.00614888595528,0.490783099337,0.22840099522,2.50456582558,5.78961618092,0.00614888595528,7827.60008575,1.0,
574.900780379,0.961467665252,0.00564987313777,0.48481281557,0.226673870693,2.53192605561,5.62446249403,0.00564987313777,7455.16565247,1.0,
585.548972766,0.960250904046,0.00580023137617,0.470667108829,0.220320984919,2.56054777806,6.0519190954,0.00580023137617,7360.7571825,1.0,
582.467749642,0.962710940773,0.0068874878281,0.485075974405,0.221763919167,2.47923083611,5.8845357541,0.0068874878281,7805.29686132,1.0,
634.045070871,0.957246472521,0.00609181678585,0.48767320416,0.224292564404,2.52393628302,6.17025003982,0.00609181678585,7409.85598969,1.0,
612.062111801,0.958645156665,0.00623025390885,0.496445832542,0.220873364338,2.49072089127,5.88150979455,0.00623025390885,7395.11241926,1.0,
659.887243192,0.957487715147,0.00607791727258,0.479740191008,0.231251754299,2.4979169388,6.17200191113,0.00607791727258,7755.98714361,1.0,
597.335562988,0.960063312021,0.00597813500034,0.486529511516,0.225640168509,2.53505816443,5.94266602962,0.00597813500034,7473.98187057,1.0,
628.043159739,0.958379705699,0.00744306253353,0.493477095132,0.232660841222,2.43677085219,5.98072941551,0.00744306253353,7540.05026359,1.0,
639.196209588,0.957653798812,0.00675635555878,0.487967614659,0.233073693442,2.48606813275,5.95843287148,0.00675635555878,7542.70024014,1.0,
691.569039656,0.956856312213,0.00582260249058,0.483596030633,0.226860399576,2.53087618045,6.26660296226,0.00582260249058,8009.68700926,1.0,
609.901735945,0.959354590314,0.00588195442679,0.47814741598,0.222415522986,2.53715243922,5.92785475394,0.00588195442679,7497.28164318,1.0,
530.411371237,0.965719341573,0.00627185099235,0.483486883378,0.223772537497,2.55752208777,5.33476668259,0.00627185099235,7731.69825512,1.0,
618.262621437,0.958797788459,0.00636275583823,0.483591572593,0.220496853947,2.51859362487,6.05144131231,0.00636275583823,7497.85296583,1.0,
596.412167543,0.961746144842,0.00641764369719,0.478641848437,0.223027184093,2.48617104661,5.7563306259,0.00641764369719,7790.13023996,1.0,
714.518235388,0.953519311858,0.00569415881325,0.482969822163,0.220547618893,2.51819554824,6.44656792483,0.00569415881325,7680.46588921,1.0,
571.017677974,0.962769371012,0.00613924760666,0.489015501122,0.231510042372,2.50681531173,5.71555980252,0.00613924760666,7663.5634818,1.0,
584.913521261,0.961105884117,0.00605021970235,0.485956412338,0.226631513603,2.52321362918,5.85698359611,0.00605021970235,7514.61424402,1.0,
598.658544354,0.959486900223,0.00661548348455,0.486461107422,0.227447191131,2.48583233903,5.69851887243,0.00661548348455,7383.74389361,1.0,
615.408504539,0.957306880982,0.00557276634885,0.481100881261,0.220447261436,2.53973408625,6.07867494824,0.00557276634885,7201.76884232,1.0,
610.147953496,0.959200847823,0.0065064686889,0.492096271202,0.225105765183,2.51606200136,5.93772893773,0.0065064686889,7472.72985117,1.0,
597.043319,0.961431458943,0.00619022939802,0.486219386882,0.224299519794,2.50961144996,5.75107501194,0.00619022939802,7735.10130841,1.0,
636.635770027,0.958612862388,0.00664764513203,0.499770336074,0.230597072031,2.48137859142,5.75346392738,0.00664764513203,7686.10088787,1.0,
615.139671922,0.960792641792,0.00663465872548,0.499523538058,0.230883839733,2.46122109117,5.71110049371,0.00663465872548,7838.83316901,1.0,
706.61602166,0.955995195562,0.0054931231524,0.481483282619,0.224068379054,2.53602490326,6.32680363115,0.0054931231524,8022.45875209,2.0,
624.445453098,0.960335940849,0.00534134452579,0.485736774911,0.225057345072,2.53248933196,5.86032807772,0.00534134452579,7864.68807862,2.0,
586.363115146,0.961180314334,0.00599345490182,0.483647032768,0.226605934436,2.47429330857,5.84519827998,0.00599345490182,7546.24464967,2.0,
642.909380475,0.959358835279,0.00569689813338,0.492006441362,0.224090403366,2.52048648894,6.02739289696,0.00569689813338,7903.18715629,2.0,
643.609173435,0.959533023212,0.00567229498034,0.494085110747,0.225447322359,2.49515875909,5.84010192706,0.00567229498034,7945.1075641,2.0,
659.126293996,0.957438459751,0.00569872434681,0.477454996073,0.220603493722,2.53095589505,6.21978021978,0.00569872434681,7736.46344488,2.0,
554.564102564,0.964149721637,0.00558275979452,0.486394446563,0.226380224836,2.5536804727,5.67606306737,0.00558275979452,7728.05432156,2.0,
701.296066253,0.954997342318,0.00538476782271,0.485011847687,0.223810997789,2.51100781239,6.50422041726,0.00538476782271,7784.42145419,2.0,
686.680044593,0.956902950011,0.00447369023783,0.469341622335,0.218092188434,2.60379629421,6.40866379997,0.00447369023783,7958.78591582,2.0,
676.637681159,0.956325734208,0.00476603656977,0.47789141224,0.220507485098,2.58062711089,6.35674470457,0.00476603656977,7739.28932618,2.0,
670.580665711,0.956151444504,0.00595231437168,0.486149952169,0.220345905933,2.52266571462,6.39751552795,0.00595231437168,7640.18327178,2.0,
634.697085523,0.958434122158,0.00546111368937,0.480273767187,0.225843822075,2.54321520894,6.13807931199,0.00546111368937,7629.25266056,2.0,
586.397515528,0.961381317384,0.00630304880497,0.494614070444,0.222729313423,2.47398090401,5.61809205287,0.00630304880497,7585.9944355,2.0,
604.28794394,0.960076039132,0.00594379204238,0.476485681981,0.22222065384,2.53321008158,6.04841535276,0.00594379204238,7561.82716868,2.0,
614.328396241,0.961676723897,0.00584360394494,0.484238680197,0.225475611057,2.51566003594,5.85475394171,0.00584360394494,8008.44174421,2.0,
640.226309922,0.95917511667,0.00567731706725,0.479756623345,0.223674140057,2.50865560073,5.98709985667,0.00567731706725,7834.09240402,2.0,
719.427775123,0.954163795705,0.00570679012275,0.493990769259,0.223018077839,2.49887178276,6.3381111642,0.00570679012275,7841.13952294,2.0,
646.535913362,0.9584839666,0.00596525005009,0.485245636911,0.22328016621,2.50679964424,6.25147316452,0.00596525005009,7779.51816379,2.0,
659.656951744,0.958659298205,0.00544031514762,0.485957240085,0.228137769712,2.51659698181,6.15862398471,0.00544031514762,7971.31547685,2.0,
560.716196847,0.963147762564,0.00618383765105,0.48755106297,0.216468289344,2.49290827936,5.73546743112,0.00618383765105,7600.67481742,2.0,
631.743749005,0.956946502716,0.00476583365717,0.46582706126,0.218030278836,2.59100804231,6.41678611244,0.00476583365717,7329.51527005,2.0,
613.387482083,0.960329986562,0.00513827973892,0.486374143976,0.214164201773,2.58215750797,5.97356266921,0.00513827973892,7723.61444401,2.0,
543.699155917,0.964513763008,0.00560122484134,0.484131691713,0.222784512866,2.52430654222,5.53989488772,0.00560122484134,7653.72585884,2.0,
656.708870839,0.958899773424,0.00604047989744,0.47968847235,0.226094696809,2.47373897361,6.1237458194,0.00604047989744,7982.05556483,2.0,
664.604077082,0.957101343078,0.00597838864109,0.481996930631,0.219916284897,2.50996000744,6.24128045867,0.00597838864109,7737.38095348,2.0,
688.214843128,0.956362790249,0.00502540960382,0.47934997136,0.220250069451,2.5532030658,6.27663640707,0.00502540960382,7879.01806473,2.0,
659.923076923,0.957460149649,0.00573494424634,0.485512588434,0.219338388754,2.54144434569,6.12693103997,0.00573494424634,7750.66485877,2.0,
634.369644848,0.958806944686,0.00536026612597,0.484285973274,0.21904316655,2.53710145225,5.92753623188,0.00536026612597,7693.93951633,2.0,
643.043956044,0.957134648466,0.00497640621033,0.47803117269,0.215626410718,2.56066797718,6.2071985985,0.00497640621033,7494.2281803,2.0,
575.509953814,0.96086932774,0.00438232883859,0.476504529996,0.216619777646,2.57986984621,5.7928014015,0.00438232883859,7346.328567,2.0,
616.748367574,0.959664922114,0.00448637227548,0.477639827051,0.218108328535,2.58033015224,6.01512979774,0.00448637227548,7637.42932064,2.0,
636.91798057,0.95853448692,0.00431338928192,0.47568054773,0.217103612146,2.59980452001,6.12549769072,0.00431338928192,7672.23560296,2.0,
637.685300207,0.957291726242,0.00518342779295,0.473841564554,0.21989464543,2.53276961793,6.37394489568,0.00518342779295,7458.36650863,2.0,
618.533842969,0.959556230498,0.00428442350792,0.468666813522,0.215649774173,2.60018905525,6.11211976429,0.00428442350792,7639.23311794,2.0,
614.985029463,0.959882882842,0.00506259333821,0.485225779548,0.221314219779,2.5498046857,5.9093804746,0.00506259333821,7657.59548415,2.0,
515.201465201,0.965088469668,0.00560411634593,0.482803431184,0.224150279395,2.52075509619,5.37824494346,0.00560411634593,7371.56544194,2.0,
729.275203058,0.951177795081,0.00475969555095,0.469501189561,0.214699789652,2.5678895914,6.91973244147,0.00475969555095,7461.50305365,2.0,
614.862557732,0.95856900475,0.00549048528857,0.470149963135,0.220113884129,2.49783347157,6.07517120561,0.00549048528857,7413.08688525,2.0,
641.741678611,0.958522305426,0.00521482851818,0.48472552336,0.223284057943,2.50935429793,5.96336996337,0.00521482851818,7728.55356204,2.0,
666.56808409,0.955941498355,0.00530745812118,0.480087973659,0.215492253348,2.53989962927,6.25147316452,0.00530745812118,7556.78989519,2.0,
632.583850932,0.95720173302,0.00582194302463,0.477223663754,0.220999082848,2.5151351151,6.04873387482,0.00582194302463,7382.93150543,2.0,
651.540054149,0.957807778846,0.00468096546121,0.471681362773,0.222005148683,2.56854668303,6.23602484472,0.00468096546121,7713.69771458,2.0,
584.504220417,0.960492609151,0.00523227900199,0.479611304247,0.217993783623,2.54669436526,5.8149386845,0.00523227900199,7390.90374853,2.0,
577.694218825,0.960625226453,0.00486769578359,0.467828470436,0.21766413482,2.56658752517,5.9292881032,0.00486769578359,7328.83133278,2.0,
666.238254499,0.954728804425,0.00631598448337,0.487729147797,0.223476053681,2.47311647103,6.19206880076,0.00631598448337,7350.839151,2.0,
619.528746616,0.959554950829,0.0047140402154,0.478454288618,0.219588157434,2.55617573216,5.99601847428,0.0047140402154,7651.05520717,2.0,
661.617295748,0.95834785717,0.00527849234719,0.474056753566,0.221814980925,2.55315286835,6.1259754738,0.00527849234719,7935.6533607,2.0,
593.263736264,0.960054995243,0.00529599355915,0.482275302562,0.225151315293,2.52732738023,6.00748526835,0.00529599355915,7418.43857693,2.0,
565.07278229,0.963003788534,0.00520889332456,0.477445856419,0.221723449377,2.54609882199,5.57827679567,0.00520889332456,7629.79489754,2.0,
613.675107501,0.959122752103,0.00509358823823,0.471786807118,0.220752995094,2.55174278929,6.12868291129,0.00509358823823,7499.66456475,2.0,
731.363433668,0.955154911519,0.0050451428544,0.483763092961,0.227956746999,2.5350806759,6.40181557573,0.0050451428544,8151.77988808,3.0,
696.104156713,0.955422365533,0.00563896658539,0.493665811179,0.232332561665,2.48850657259,6.40356744705,0.00563896658539,7804.41437599,3.0,
574.050167224,0.963320896903,0.00533642389518,0.490666964449,0.230158811679,2.50046778628,5.47109412327,0.00533642389518,7820.31856107,3.0,
678.448638318,0.956066334424,0.00575209036124,0.493082742511,0.229946684475,2.47304552153,6.34766682593,0.00575209036124,7715.41197841,3.0,
618.053352445,0.961314173973,0.00528823215211,0.49559215689,0.223665593021,2.49477766926,5.76986781335,0.00528823215211,7982.68049608,3.0,
696.861442905,0.955884289856,0.00561243576263,0.50248976105,0.230448165272,2.46553663689,6.13457556936,0.00561243576263,7891.30656546,3.0,
633.943780857,0.959925604389,0.00551326222819,0.500158456215,0.227950821541,2.46963927438,5.75298614429,0.00551326222819,7904.66116348,3.0,
662.474279344,0.958211523498,0.00517947099721,0.484677552447,0.224400093827,2.50248382338,5.96846631629,0.00517947099721,7921.65408304,3.0,
711.239687848,0.955525516398,0.00619854881472,0.498204953198,0.22771927711,2.42791610528,6.18569835961,0.00619854881472,7990.87605327,3.0,
658.707118968,0.959510070683,0.00591944253009,0.496343666581,0.230747310292,2.45217110693,5.89711737538,0.00591944253009,8128.9589104,3.0,
656.400541487,0.959449426101,0.00504225134982,0.478455327882,0.22118033876,2.51655150775,6.15623506928,0.00504225134982,8088.25917261,3.0,
682.186972448,0.957042820331,0.0048145834099,0.482633883174,0.226291212289,2.52338215025,6.33604077082,0.0048145834099,7934.4049525,3.0,
670.160375856,0.957180063722,0.00569765905564,0.494942414451,0.222595535705,2.49260443953,6.18362796624,0.00569765905564,7820.21358556,3.0,
604.661888836,0.961342019189,0.00562349449946,0.49344230818,0.225378969339,2.48952111891,5.79327918458,0.00562349449946,7815.48530884,3.0,
637.113234591,0.961329030856,0.0067373325023,0.505073108636,0.229318583317,2.41923217861,5.54164675904,0.0067373325023,8232.61158574,3.0,
681.62223284,0.956543228668,0.00677700191608,0.499356871389,0.222301958715,2.46291235354,6.02580028667,0.00677700191608,7837.56949078,3.0,
700.20130594,0.955960410233,0.00626332866305,0.489321024623,0.226901849141,2.48164818232,6.2602325211,0.00626332866305,7944.40751897,3.0,
572.702978181,0.963542626355,0.00642449199752,0.494673135839,0.227217874307,2.46908978536,5.55566172957,0.00642449199752,7850.03597222,3.0,
653.260232521,0.959822458496,0.00563861148834,0.487517955944,0.226109988676,2.51672725452,5.97658862876,0.00563861148834,8123.45221578,3.0,
684.569517439,0.957294835771,0.00555450421463,0.491975164735,0.227006643989,2.50093357387,6.13218665393,0.00555450421463,8008.57876414,3.0,
707.256410256,0.955370529806,0.00585831510861,0.500781301299,0.223552959658,2.50002589663,6.24128045867,0.00585831510861,7917.29095266,3.0,
621.110049371,0.959685787403,0.00577598332018,0.478524223612,0.222644340648,2.5375622737,6.03376333811,0.00577598332018,7698.01885895,3.0,
608.869565217,0.960203603186,0.00627276409906,0.504379543889,0.229463578945,2.46540958198,5.73913043478,0.00627276409906,7643.96554922,3.0,
630.281573499,0.958992595598,0.00647314029395,0.493343750054,0.224824990414,2.47609694267,5.98088867654,0.00647314029395,7679.27099939,3.0,
715.695174391,0.954123445229,0.00573296584846,0.492343263819,0.222105051041,2.49964464722,6.45739767479,0.00573296584846,7794.07302163,3.0,
646.461379201,0.958902060557,0.00703556329972,0.514673637842,0.233416058039,2.4186596401,5.79949036471,0.00703556329972,7858.74996214,3.0,
675.144927536,0.957324822832,0.00626282138154,0.508318499695,0.22747745406,2.45388359631,6.15177576047,0.00626282138154,7904.80955813,3.0,
682.847746456,0.956453510145,0.00609922309584,0.482892362174,0.227750814825,2.47869917922,6.27727345119,0.00609922309584,7835.17733063,3.0,
659.301481128,0.957856154789,0.00581408016128,0.492013849741,0.229216909545,2.49117689181,5.98821468387,0.00581408016128,7817.9184113,3.0,
631.268832617,0.96039383371,0.00670577959263,0.520623894135,0.229406671154,2.41182027597,5.63927376971,0.00670577959263,7965.71201361,3.0,
595.324573977,0.960765010981,0.00617064833189,0.500101040319,0.231350122671,2.4618980018,5.7326007326,0.00617064833189,7582.88957951,3.0,
608.676381589,0.96095913553,0.00640541821289,0.497981051853,0.233207550953,2.47724495232,5.81477942348,0.00640541821289,7792.22636504,3.0,
671.419971333,0.957603102912,0.00478029118009,0.477629698765,0.221154981478,2.56749536843,6.15320910973,0.00478029118009,7914.17519667,3.0,
688.208472687,0.956497148715,0.00555227217601,0.489875423448,0.227486145321,2.52459981406,6.17693900303,0.00555227217601,7906.0420122,3.0,
674.171205606,0.95660914511,0.00475959409464,0.477778770545,0.224547885787,2.58109702999,6.3005255614,0.00475959409464,7764.07011159,3.0,
629.099219621,0.959565529885,0.00683513637667,0.497132831799,0.228152225215,2.44776132023,5.83054626533,0.00683513637667,7775.901019,3.0,
633.65949992,0.957825644282,0.00574397385715,0.48674920616,0.221754180423,2.52860539448,6.21277273451,0.00574397385715,7508.75825393,3.0,
688.534798535,0.956227688915,0.00567711415465,0.48216491336,0.228649671811,2.50714423188,6.32425545469,0.00567711415465,7859.40951504,3.0,
706.235547062,0.956456199875,0.00586577214675,0.489186040835,0.22773955918,2.48622818934,6.25179168657,0.00586577214675,8103.33214513,3.0,
732.62701067,0.954112238899,0.00557007775687,0.482133865079,0.22154448047,2.54357775514,6.56585443542,0.00557007775687,7977.15548136,3.0,
643.114030897,0.957962675609,0.00583396559632,0.487575731238,0.224702902649,2.5306533683,6.02627806976,0.00583396559632,7644.01587472,3.0,
684.045707915,0.956097337179,0.00611210804609,0.497175566892,0.224287482147,2.48626769742,6.16706481924,0.00611210804609,7783.99817379,3.0,
559.243510113,0.963388917374,0.00560107265689,0.484551806405,0.225504134568,2.52532077502,5.71428571429,0.00560107265689,7630.69778504,3.0,
637.158305463,0.957514475193,0.00520706711114,0.478714097862,0.219806467208,2.55356545036,6.39321548017,0.00520706711114,7490.29870587,3.0,
735.148431279,0.954151275982,0.00533535860402,0.474393466228,0.220182237434,2.55566007131,6.62637362637,0.00533535860402,8010.83660217,3.0,
639.697881828,0.959783759911,0.00628742453458,0.505560688619,0.23315744721,2.45598158463,5.71476349737,0.00628742453458,7946.78112222,3.0,
699.775123427,0.95453453643,0.00579774569679,0.488778994245,0.221171330007,2.50913769274,6.3745819398,0.00579774569679,7689.37718044,3.0,
654.123108775,0.958966168698,0.00543519160441,0.480880859887,0.224936131103,2.52193487102,6.09030100334,0.00543519160441,7966.14160358,3.0,
718.101608536,0.953725149992,0.0053920726764,0.474493797398,0.218816296004,2.56739752632,6.61188087275,0.0053920726764,7752.36092143,3.0,
620.828794394,0.960252721165,0.00566514231111,0.483789202725,0.223882502539,2.52250303509,5.93470297818,0.00566514231111,7803.14964797,3.0,
641.276158624,0.957446448251,0.00404148639467,0.454379327992,0.207369754758,2.64721242933,6.47857939162,0.00404148639467,7528.43325387,4.0,
704.516164994,0.951614954955,0.00435691403514,0.468149225093,0.218536409147,2.59866496941,6.72288580984,0.00435691403514,7274.96571906,4.0,
634.651218347,0.956784105936,0.00487418898686,0.467098425277,0.220002824071,2.53502783642,6.10304188565,0.00487418898686,7338.2811308,4.0,
637.319796146,0.956512698542,0.00450712008908,0.466824844882,0.216841941463,2.58254696635,6.28682911292,0.00450712008908,7324.33240529,4.0,
643.242713808,0.957964143599,0.00475741278417,0.480745872108,0.22319900875,2.53445480974,6.02914476828,0.00475741278417,7647.60916629,4.0,
594.548972766,0.959718015781,0.00409896138931,0.463026419049,0.217020293803,2.60870456362,6.13298295907,0.00409896138931,7376.97324717,4.0,
731.507564899,0.950181019204,0.00426220457796,0.46675499051,0.212753900054,2.60946288134,6.87434304826,0.00426220457796,7338.82947666,4.0,
575.850135372,0.959833158405,0.00436315359766,0.462250612436,0.215096601909,2.58902263288,6.09698996656,0.00436315359766,7165.3345738,4.0,
660.631469979,0.956710415605,0.00543970640981,0.484976083692,0.219314290705,2.52073908581,6.31804427457,0.00543970640981,7622.97873352,4.0,
591.251473165,0.959749532034,0.00439257592501,0.468381087248,0.21961626981,2.5879670487,6.00891861761,0.00439257592501,7338.1432947,4.0,
629.178372352,0.959380110208,0.00517799988084,0.482585355068,0.218736363257,2.50715537203,6.03678929766,0.00517799988084,7738.42510115,4.0,
614.861920688,0.959740499762,0.00543245228428,0.475347177848,0.225593495586,2.54182338165,5.9165472209,0.00543245228428,7631.12437059,4.0,
615.080586081,0.958496690116,0.00587226535003,0.48846812189,0.224066903949,2.50918879834,5.98041089345,0.00587226535003,7406.09035831,4.0,
618.03089664,0.957812359162,0.00524709162196,0.474460685043,0.22268644084,2.56348416219,6.21340977863,0.00524709162196,7320.09285808,4.0,
613.635132983,0.958684509606,0.00469161837283,0.475820343046,0.215769983837,2.5754603719,6.14444975315,0.00469161837283,7421.81782949,4.0,
618.107660455,0.959899037016,0.00438415505201,0.470545861867,0.21218703104,2.6217366087,6.22169135213,0.00438415505201,7701.76741039,4.0,
725.548176461,0.952312310645,0.00499619018907,0.468201880194,0.211719834798,2.60384418196,6.89138397834,0.00499619018907,7602.78057471,4.0,
655.463768116,0.956558308602,0.00516516565874,0.476944642671,0.220588293785,2.58835067405,6.24605828954,0.00516516565874,7540.16001912,4.0,
604.468068164,0.958685178114,0.00543747437119,0.468515665122,0.225150324227,2.54985816564,6.22089504698,0.00543747437119,7310.57877503,4.0,
593.999840739,0.958396069554,0.00540054427755,0.471504124182,0.219963246162,2.56455429308,6.18044274566,0.00540054427755,7134.9874125,4.0,
610.234591495,0.95977040329,0.00635595826605,0.484061683432,0.226970570545,2.49354684764,5.77432712215,0.00635595826605,7582.09225833,4.0,
667.755693582,0.956877414229,0.00600441218236,0.503463470274,0.231001288635,2.48661550838,6.10415671285,0.00600441218236,7738.25588286,4.0,
590.584965759,0.961595206441,0.00587581632057,0.495787414473,0.225256262833,2.51124708927,5.82529065138,0.00587581632057,7684.53306267,4.0,
567.651536869,0.961177049837,0.00592126874351,0.479644737622,0.215710007591,2.54635864028,6.02834846313,0.00592126874351,7306.33645755,4.0,
624.86685778,0.956824530047,0.0054638530095,0.475277713513,0.219951746131,2.56487684664,6.49068322981,0.0054638530095,7231.28761175,4.0,
701.644370123,0.953484548332,0.00550768213163,0.475601984251,0.221543848845,2.49188559819,6.62478101609,0.00550768213163,7537.18666081,4.0,
699.427456601,0.955509825216,0.00484172297048,0.486609317751,0.220910520067,2.5377364445,6.41837872273,0.00484172297048,7856.69569089,4.0,
680.375059723,0.954769276489,0.00496996373521,0.478859115983,0.220395204883,2.54941089286,6.55534320752,0.00496996373521,7517.44868839,4.0,
703.970218188,0.953186518625,0.00484852054266,0.4789830068,0.219314133107,2.55462946326,6.67287784679,0.00484852054266,7515.82097443,4.0,
676.056219143,0.957120279105,0.00542844476038,0.486957775523,0.225044370816,2.5072785733,6.33333333333,0.00542844476038,7879.83283213,4.0,
680.866379997,0.956321867642,0.00518545691898,0.49466732316,0.229901267653,2.48865481078,6.2060837713,0.00518545691898,7789.53368368,4.0,
625.989966555,0.961271417645,0.00615573425561,0.507969828949,0.232987734693,2.4322394791,5.57684344641,0.00615573425561,8076.75159874,4.0,
657.94887721,0.956557994131,0.00497087684192,0.490285915794,0.219547762906,2.52634302358,6.19159101768,0.00497087684192,7567.31331505,4.0,
728.401974837,0.953345080787,0.00496839116254,0.487743787482,0.224406972778,2.52480468615,6.61570313744,0.00496839116254,7800.68444549,4.0,
715.572543399,0.955815750191,0.00585476413807,0.489813867324,0.228932885669,2.49455097429,6.46727185858,0.00585476413807,8092.74272082,4.0,
624.743271222,0.959610042905,0.00490843048852,0.487191965368,0.224894110868,2.53388277724,5.97467749642,0.00490843048852,7729.00682596,4.0,
633.497849976,0.958509473136,0.00551676247058,0.490197102166,0.224525817135,2.50078452667,5.90555820991,0.00551676247058,7630.30772645,4.0,
686.826246218,0.956071829294,0.00476918171511,0.483327486125,0.223338744915,2.54551044709,6.27010670489,0.00476918171511,7813.98582371,4.0,
650.172161172,0.957324527291,0.00462080187459,0.472380464748,0.221613008707,2.56476838079,6.2215320911,0.00462080187459,7614.15851493,4.0,
813.363274407,0.947971633273,0.00496032538659,0.482251374912,0.225774079941,2.52513154007,7.2049689441,0.00496032538659,7812.76676969,4.0,
765.379359771,0.951475123003,0.00494125160196,0.485026856829,0.226128189727,2.52396017713,6.7751234273,0.00494125160196,7883.5256465,4.0,
697.901258162,0.956033264612,0.00496930426925,0.491500310439,0.220434817418,2.5280884466,6.32521102086,0.00496930426925,7934.28967595,4.0,
721.759675108,0.953903828705,0.00531070472282,0.489281976455,0.222345430179,2.50413132874,6.59038063386,0.00531070472282,7826.41003524,4.0,
639.578595318,0.957899702205,0.00573742992572,0.492346794145,0.23223405867,2.47788097842,6.16308329352,0.00573742992572,7593.31023249,4.0,
673.759834369,0.958255836674,0.00520143628642,0.481710365955,0.226148071985,2.51635997227,6.18760949196,0.00520143628642,8067.42879894,4.0,
679.724637681,0.957014278515,0.00550331951067,0.491831839262,0.228010412229,2.4782308076,6.06673037108,0.00550331951067,7904.20977461,4.0,
708.502627807,0.955000555877,0.00510931396492,0.490489607696,0.224784724435,2.50450203038,6.49211657907,0.00510931396492,7866.11157053,4.0,
695.584647237,0.954890726741,0.00539704403515,0.492625416028,0.224428076909,2.48968792043,6.45835324096,0.00539704403515,7707.37088043,4.0,
677.771460424,0.955932327788,0.00500511834358,0.491956007262,0.222050471193,2.5376667651,6.49036470776,0.00500511834358,7686.58642321,4.0,
652.505813028,0.958536436809,0.00522431468234,0.4961220816,0.227996598595,2.49271273111,5.90794712534,0.00522431468234,7865.44197127,4.0,
682.124382864,0.953012319789,0.00369288254371,0.454640553511,0.215651331946,2.66075381941,6.74613792005,0.00369288254371,7253.28115832,5.0,
614.133460742,0.95847087194,0.00510743702335,0.481427225261,0.213651032303,2.54206071963,6.20799490365,0.00510743702335,7389.70369847,5.0,
736.068004459,0.952311222314,0.00496418072604,0.480424389363,0.218916772441,2.52306868298,6.57445453098,0.00496418072604,7712.91473225,5.0,
531.676859373,0.96340390084,0.00473463584455,0.474671345442,0.218391227341,2.57301173618,5.69405956362,0.00473463584455,7259.43618076,5.0,
649.574613792,0.957129370334,0.00486728995838,0.490015376148,0.22031799173,2.54634234595,6.13521261347,0.00486728995838,7571.34394323,5.0,
599.7523491,0.958835686066,0.0049070101003,0.466130168194,0.216423519053,2.59155211092,6.27663640707,0.0049070101003,7280.66993737,5.0,
575.961140309,0.961187409439,0.00507202877422,0.463329599819,0.213066793856,2.58706657585,6.06880076445,0.00507202877422,7415.55498831,5.0,
641.543717152,0.958422743234,0.00498792150052,0.466655101943,0.215943581521,2.59653725222,6.49163879599,0.00498792150052,7713.04713607,5.0,
575.140946011,0.960188169455,0.00526469429022,0.457871176625,0.216443457673,2.58967036167,6.15097945533,0.00526469429022,7221.96553091,5.0,
650.861283644,0.95791175969,0.00486607248277,0.471587358887,0.219615856545,2.58048215188,6.18824653607,0.00486607248277,7729.46924036,5.0,
661.655359134,0.955727890217,0.00513777245741,0.470028019327,0.219555073905,2.56132347043,6.56919891703,0.00513777245741,7468.55649608,5.0,
644.422200987,0.959278741524,0.00519671856841,0.474768775512,0.219876088499,2.53323998567,6.05940436375,0.00519671856841,7908.26536485,5.0,
602.33747412,0.95921230754,0.00481301083723,0.46918715063,0.213947354824,2.59102361558,6.04666348145,0.00481301083723,7379.88133991,5.0,
608.123586558,0.95921320417,0.00512123508031,0.474251667285,0.216380731965,2.55362205293,6.17582417582,0.00512123508031,7450.70961647,5.0,
634.554387641,0.956436309897,0.00469801011981,0.458004230683,0.215932713744,2.60281295711,6.64229972926,0.00469801011981,7278.76219052,5.0,
613.330785157,0.95855247876,0.00498183412245,0.462948978017,0.208480904828,2.62207549147,6.52842809365,0.00498183412245,7395.73167416,5.0,
565.940436375,0.961972919285,0.00503585960284,0.464944910476,0.214820230516,2.59531045807,6.04459308807,0.00503585960284,7437.59943614,5.0,
626.000318522,0.958625654396,0.00475081812459,0.470550517099,0.217826900561,2.5718702646,6.18888358019,0.00475081812459,7561.32448396,5.0,
574.289377289,0.961452136652,0.00448540844062,0.461527669001,0.214355719541,2.63181115408,6.10336040771,0.00448540844062,7445.13341882,5.0,
643.029304029,0.957848983407,0.00441154825334,0.475379195223,0.21888157683,2.61114137925,6.30339225991,0.00441154825334,7623.65054727,5.0,
560.410893454,0.962820167562,0.00473549822311,0.473896248806,0.220818638779,2.58985434747,5.77830864787,0.00473549822311,7534.84353696,5.0,
608.096671444,0.958248311003,0.00475218778466,0.466290141222,0.214818155946,2.58691073232,6.34161490683,0.00475218778466,7278.72297223,5.0,
652.045389393,0.957493198708,0.0048731236957,0.470662638173,0.218468224812,2.56565289671,6.33588150979,0.0048731236957,7666.99754601,5.0,
609.850931677,0.958150216421,0.00430299001104,0.45571358645,0.211397157801,2.63989126127,6.5370281892,0.00430299001104,7283.91097549,5.0,
685.820512821,0.953847607934,0.00433068758127,0.470567709565,0.213263435442,2.62754609987,6.69581143494,0.00433068758127,7425.17863962,5.0,
633.634018156,0.956735563739,0.00517323143468,0.473413579775,0.218137392747,2.61201023363,6.29208472687,0.00517323143468,7318.77197978,5.0,
538.898709986,0.962097958409,0.00597869301,0.479534458975,0.220623141386,2.53626574823,5.83930562191,0.00597869301,7104.31622809,5.0,
593.859850295,0.962173955044,0.00608872236866,0.479483228697,0.219681843307,2.54320519527,5.9270584488,0.00608872236866,7845.17426773,5.0,
596.712533843,0.959258616273,0.00519103701555,0.479532688493,0.215939239269,2.58081029351,6.22200987418,0.00519103701555,7315.00870533,5.0,
611.999681478,0.958356925855,0.00571439934534,0.483293535741,0.219580627027,2.53634784721,6.18983914636,0.00571439934534,7343.56030003,5.0,
645.851887243,0.958065670357,0.00557870154247,0.47805835908,0.221488319892,2.55425775347,6.17709826405,0.00557870154247,7695.8887763,5.0,
617.411211976,0.957864928122,0.00566397556364,0.485874381724,0.220169160827,2.55461411725,6.1944577162,0.00566397556364,7322.1048277,5.0,
581.691829909,0.957648661904,0.00529974744229,0.474041182124,0.217163338193,2.57285677542,6.16037585603,0.00529974744229,6862.75575657,5.0,
592.817805383,0.959413885834,0.00607883037929,0.49099628134,0.22255711261,2.50681644252,6.04284121675,0.00607883037929,7298.44571864,5.0,
564.100493709,0.9603271255,0.0057900350179,0.483949831292,0.218534113284,2.54338815022,5.97722567288,0.0057900350179,7102.36289454,5.0,
640.638158943,0.95651370662,0.00459954677948,0.469291153825,0.211003938462,2.60507869098,6.30625895843,0.00459954677948,7359.76117568,5.0,
601.617773531,0.9587298256,0.00518084065727,0.47316760613,0.216350799191,2.55660058545,5.99872591177,0.00518084065727,7283.38518597,5.0,
581.45978659,0.960447071187,0.0043706106358,0.471267172188,0.220065189199,2.61882280408,5.90603599299,0.0043706106358,7344.99052827,5.0,
567.215480172,0.960025713579,0.00482295355475,0.469172623504,0.223999804114,2.56951845598,5.92259913999,0.00482295355475,7089.35978824,5.0,
659.512979774,0.95588876598,0.00500709674145,0.461137941471,0.219856704978,2.56603466614,6.39464882943,0.00500709674145,7469.73032694,5.0,
552.056537665,0.962591691604,0.00563932168245,0.476848280338,0.219846882706,2.51396742436,5.66507405638,0.00563932168245,7373.02833551,5.0,
579.46902373,0.960051277293,0.00454283270711,0.46423221019,0.215746472033,2.60970248956,6.1188087275,0.00454283270711,7246.91713785,5.0,
558.785953177,0.961646361581,0.00473747662098,0.469303561573,0.217956259522,2.57821529218,5.73100812231,0.00473747662098,7279.06210417,5.0,
634.310718267,0.958288190734,0.0045087433899,0.449045298287,0.211508333214,2.65036077413,6.33269628922,0.0045087433899,7598.75291356,5.0,
560.010989011,0.961777289152,0.00540237049097,0.473070285735,0.210291437068,2.58472123814,6.02213728301,0.00540237049097,7321.34493127,5.0,
624.666029623,0.957902423206,0.00529822559777,0.47234643362,0.223987288447,2.56731013757,6.20767638159,0.00529822559777,7414.98387591,5.0,
637.889632107,0.957089267961,0.00483700525247,0.475220844465,0.218171116548,2.54921328846,6.25274725275,0.00483700525247,7425.95040101,5.0,
678.186335404,0.956782532215,0.00584198064412,0.500677374948,0.23013954723,2.4808337644,6.16308329352,0.00584198064412,7840.73027231,5.0,
615.472049689,0.960528442162,0.00626429249791,0.490845862894,0.229093879821,2.47083105444,5.77910495302,0.00626429249791,7789.4489083,5.0,
578.329988852,0.959818457367,0.00585572797293,0.479409139894,0.222498350746,2.52620487535,6.02548176461,0.00585572797293,7191.79763333,5.0,
632.540850454,0.955460415386,0.00522416249789,0.446544782547,0.202874193512,2.71385664471,6.944736423,0.00522416249789,7097.89833264,6.0,
629.825927695,0.95889181527,0.00471429385615,0.473800360348,0.223948545307,2.57788341066,6.08456760631,0.00471429385615,7657.56047995,6.0,
704.135690397,0.954774130491,0.00517333289098,0.47674753384,0.22570122302,2.56495024504,6.48128682911,0.00517333289098,7780.87884139,6.0,
596.733237777,0.961364174955,0.0052582518151,0.477922890175,0.224476065908,2.56605434825,5.95604395604,0.0052582518151,7718.96413568,6.0,
689.19350215,0.954557222601,0.00593826267397,0.477636036881,0.223728942918,2.54247045645,6.65392578436,0.00593826267397,7580.35343406,6.0,
632.615384615,0.958496738412,0.00505194042658,0.479354549579,0.224918625945,2.5720741333,6.2204172639,0.00505194042658,7617.90766916,6.0,
772.329988852,0.95009650569,0.0058362483631,0.479650095718,0.224909793365,2.52973081523,6.86637999681,0.0058362483631,7735.13134051,6.0,
604.746456442,0.962296341811,0.00546831708676,0.470112904694,0.220474349119,2.5409820854,5.93295110686,0.00546831708676,8016.23192784,6.0,
672.953973563,0.956160769133,0.00598883864012,0.489171270854,0.222868248446,2.49884208774,6.26532887402,0.00598883864012,7672.59816078,6.0,
707.021022456,0.954740684526,0.00577304108744,0.48680337515,0.22660004308,2.52999185804,6.68338907469,0.00577304108744,7807.2041855,6.0,
552.156075808,0.963736645746,0.00611860124937,0.502289822291,0.230113618191,2.48694967837,5.55566172957,0.00611860124937,7609.85561328,6.0,
598.724159898,0.960913037211,0.00507563047292,0.476921617784,0.22025761249,2.56462601176,5.97658862876,0.00507563047292,7655.67410268,6.0,
658.786749482,0.955712742521,0.00537512947409,0.485810099029,0.222302133181,2.54702302777,6.27647714604,0.00537512947409,7434.27809791,6.0,
654.481127568,0.95693921378,0.00600451363866,0.495906085448,0.229259882727,2.49151257837,6.14158305463,0.00600451363866,7596.80837723,6.0,
590.920688008,0.963032719994,0.00574245201263,0.490429338732,0.232569308523,2.48612288656,5.47969421882,0.00574245201263,7988.80775419,6.0,
679.031692945,0.955489595057,0.00527905035685,0.474623505995,0.22040981555,2.56860369645,6.42809364548,0.00527905035685,7624.0411261,6.0,
761.414715719,0.949284673582,0.00531273384885,0.474724023086,0.219088972726,2.57129970223,7.17582417582,0.00531273384885,7503.50639542,6.0,
751.179964963,0.951920050847,0.00467908851963,0.467572760033,0.221822218824,2.58519161041,6.88087275044,0.00467908851963,7807.76394954,6.0,
745.501831502,0.952150077585,0.00541987170293,0.475226207267,0.221854343618,2.54885973057,6.7160375856,0.00541987170293,7786.82797519,6.0,
567.885332059,0.961169507457,0.00538705058949,0.48341253981,0.224524587212,2.55132152335,6.00891861761,0.00538705058949,7308.9664428,6.0,
789.218824654,0.949191677599,0.00589671631862,0.481255487104,0.227775903833,2.51997820107,7.16467590381,0.00589671631862,7763.61306602,6.0,
772.544991241,0.950844111584,0.00509120401515,0.481167415501,0.224829917177,2.55279022805,6.92307692308,0.00509120401515,7854.1932426,6.0,
520.654085045,0.965443257094,0.00534514913708,0.49008456953,0.221893053879,2.5521245166,5.48479057175,0.00534514913708,7529.50141315,6.0,
620.305303392,0.958803575019,0.00586653306901,0.484721605622,0.221996781897,2.51418754762,6.16993151776,0.00586653306901,7525.38989497,6.0,
747.543876413,0.952888525685,0.00601425344357,0.479826778907,0.220769473615,2.51563931342,6.90874343048,0.00601425344357,7929.50248161,6.0,
561.458034719,0.963463114366,0.00580880443362,0.481606574193,0.225845169668,2.51082187037,5.5972288581,0.00580880443362,7679.84576583,6.0,
689.555502469,0.955891643123,0.00579754278419,0.48702195833,0.226079252283,2.51164341646,6.28109571588,0.00579754278419,7813.35664683,6.0,
629.342251951,0.960093015315,0.00588707797,0.477675972456,0.224361115991,2.52091150291,6.11562350693,0.00588707797,7881.69765512,6.0,
749.610129001,0.951688437087,0.00576259108842,0.479938492341,0.215989141527,2.57175116858,6.81892021022,0.00576259108842,7754.1367846,6.0,
683.455008759,0.955096987511,0.00571008745254,0.485982845914,0.228855702122,2.53835747137,6.43032329989,0.00571008745254,7604.93607756,6.0,
623.447523491,0.959838538004,0.00560528309339,0.48737774201,0.222135197426,2.54018177732,5.9988851728,0.00560528309339,7757.52943817,6.0,
691.96591814,0.957170032684,0.00546035276711,0.485856571575,0.227708853177,2.51500805875,6.35324096194,0.00546035276711,8073.9426273,6.0,
693.481605351,0.957038282278,0.00570374643372,0.48297063519,0.229389422363,2.48621570861,6.10686415034,0.00570374643372,8066.54977217,6.0,
585.319796146,0.962912954989,0.00527691977452,0.486220436044,0.220272080941,2.5552752086,5.77305303392,0.00527691977452,7886.45615241,6.0,
547.541009715,0.963581021642,0.00622944225844,0.493652693699,0.228838363293,2.46343904564,5.50342411212,0.00622944225844,7512.98268651,6.0,
638.06959707,0.958451967167,0.00654091310316,0.488200932591,0.225647311359,2.49847597616,6.03392259914,0.00654091310316,7674.78463945,6.0,
638.140627488,0.959769877041,0.00586217044806,0.489042881243,0.22711926443,2.50785868699,6.13839783405,0.00586217044806,7926.81793873,6.0,
613.532091097,0.959602477435,0.00542925641079,0.484899944654,0.226783241547,2.54127351071,5.90125816213,0.00542925641079,7588.26166029,6.0,
701.094282529,0.95446201248,0.00508816032612,0.468564231044,0.220558680805,2.5683488899,6.41041567129,0.00508816032612,7692.27824021,6.0,
688.076445294,0.954825940171,0.0053799486484,0.475034488059,0.217413710633,2.56873087326,6.62143653448,0.0053799486484,7610.40106787,6.0,
621.323777672,0.958065476873,0.00579698477453,0.474598120876,0.218910680415,2.56076903079,6.28157349896,0.00579698477453,7403.51434685,6.0,
607.5480172,0.961193293326,0.00556957047536,0.480293384095,0.223244716059,2.52542024053,6.0955566173,0.00556957047536,7822.5993061,6.0,
729.888358019,0.951758886082,0.00535174379666,0.476349309577,0.216331311854,2.5646499994,6.66427775123,0.00535174379666,7559.70586256,6.0,
686.8823061,0.955209419883,0.00588621559144,0.485268077518,0.226009025999,2.51902513542,6.36056696926,0.00588621559144,7662.29489195,6.0,
634.728937729,0.958799127805,0.00531075545097,0.480872466497,0.220744125927,2.5511219903,6.28173275999,0.00531075545097,7697.36223773,6.0,
630.57588788,0.959641870047,0.00540034136494,0.474870944816,0.218234148088,2.55772407108,6.21978021978,0.00540034136494,7806.85604551,6.0,
494.419971333,0.966865796436,0.00582904496571,0.486314310391,0.225258908846,2.52896857536,5.40420449116,0.00582904496571,7455.96600332,6.0,
583.418219462,0.961857177305,0.00585552506033,0.477177173477,0.227205668502,2.54139983568,5.88007644529,0.00585552506033,7642.60322529,6.0,
549.584647237,0.965596421994,0.00532211855671,0.474289065483,0.21881584941,2.56219533923,5.47889791368,0.00532211855671,7982.26566835,6.0,
647.279343845,0.957143229757,0.00585811219601,0.480551189719,0.218927694722,2.54734933062,6.38652651696,0.00585811219601,7546.57603317,6.0,
562.498646281,0.963026295225,0.00640663568851,0.493545167835,0.22519244515,2.48780519906,5.65265169613,0.00640663568851,7604.77338729,7.0,
626.514094601,0.959788629746,0.00516196978525,0.498275754143,0.227873090301,2.52289552887,6.07517120561,0.00516196978525,7788.12009689,7.0,
668.689440994,0.955822094625,0.00515786080505,0.499351805163,0.225841445272,2.51057258408,6.17948717949,0.00515786080505,7565.8025319,7.0,
760.73212295,0.949901653599,0.00505701324165,0.479840394667,0.216159353496,2.57003768469,6.99649625737,0.00505701324165,7590.71971386,7.0,
645.826246218,0.957692812546,0.00574767701214,0.493282451874,0.223610935942,2.52011832122,6.2861920688,0.00574767701214,7630.96361374,7.0,
571.216117216,0.962342536196,0.0053254158865,0.490432680105,0.227113297679,2.54731680315,5.98025163243,0.0053254158865,7582.64369351,7.0,
661.68577799,0.956959074624,0.00535285981598,0.480927938169,0.22646071962,2.52373323223,6.24605828954,0.00535285981598,7684.95820972,7.0,
708.616658704,0.954216892602,0.00440454776856,0.467954416878,0.222009865858,2.58144277303,6.62302914477,0.00440454776856,7736.60196126,7.0,
665.47682752,0.956780947943,0.0056016813947,0.497511219679,0.227535932808,2.51142574928,6.12916069438,0.0056016813947,7696.94520891,7.0,
644.756171365,0.957962735598,0.0051493892039,0.496797805644,0.226515161671,2.49766038238,5.95508838987,0.0051493892039,7666.31687938,7.0,
615.461060678,0.960788138591,0.00514005522419,0.490199465603,0.227854041594,2.55741378356,5.9729256251,0.00514005522419,7845.44332741,7.0,
544.396719223,0.963823710312,0.00562547289733,0.498728907807,0.232807786272,2.50261550464,5.39719700589,0.00562547289733,7522.0114529,7.0,
748.199394808,0.951770155337,0.00413188395905,0.467855566523,0.222807813657,2.60577937391,6.58926580666,0.00413188395905,7753.9893864,7.0,
653.915910177,0.956941295663,0.00493029432143,0.492964686993,0.229980491267,2.5408990698,6.07103041886,0.00493029432143,7590.80595988,7.0,
678.760789935,0.955711974693,0.00447703829577,0.474239906121,0.221426653649,2.56876451342,6.2049689441,0.00447703829577,7660.09507577,7.0,
632.436375219,0.959011933359,0.00516587585284,0.470300658724,0.218420953149,2.57958880292,6.17550565377,0.00516587585284,7711.71037427,7.0,
567.983755375,0.962011272123,0.0051541069219,0.486808395085,0.225601547386,2.54301562351,5.76493072145,0.0051541069219,7472.81513987,7.0,
671.879439401,0.956046044558,0.00430968612692,0.473579679827,0.220240885866,2.59443601797,6.41997133301,0.00430968612692,7640.25620989,7.0,
587.246536073,0.961067787496,0.0044496958226,0.476438052202,0.228695113429,2.589648497,5.93486223921,0.0044496958226,7539.02225833,7.0,
684.235706323,0.955518898681,0.00521898822653,0.475111301128,0.219195098991,2.5510080551,6.58416945373,0.00521898822653,7688.65181113,7.0,
724.161172161,0.951959240928,0.00478536399515,0.480068270631,0.224586936817,2.57127147159,6.65233317407,0.00478536399515,7534.25920474,7.0,
641.452301322,0.957712536076,0.00485521665854,0.482895694686,0.219799400191,2.55263918458,6.21866539258,0.00485521665854,7581.82983425,7.0,
663.45819398,0.956692205154,0.00508547173413,0.481771289331,0.221028547565,2.55682437744,6.12040133779,0.00508547173413,7657.31371739,7.0,
550.473164517,0.962376647707,0.00488012418048,0.477264042564,0.219624875607,2.58299496706,5.84026118809,0.00488012418048,7313.32097814,7.0,
585.343844561,0.961602064843,0.00496397781343,0.491056932739,0.230725820468,2.52772450382,5.62095875139,0.00496397781343,7619.2264722,7.0,
542.751871317,0.962739513133,0.00463257080553,0.476390004035,0.223208646419,2.57801693758,5.73801560758,0.00463257080553,7280.27450626,7.0,
652.003981526,0.957427225257,0.00485592685264,0.478613487511,0.226912070921,2.54777471698,6.09953814302,0.00485592685264,7654.6857817,7.0,
660.914954611,0.955067526786,0.00553822047829,0.47867231049,0.2246676237,2.52778408933,6.39735626692,0.00553822047829,7352.3052986,7.0,
731.087115783,0.951820134436,0.0041947868658,0.473113878517,0.217632650135,2.61855428494,6.86765408505,0.0041947868658,7584.26404761,7.0,
619.50931677,0.95849910288,0.00589844107574,0.481906634468,0.225896574018,2.50274709927,6.23682114986,0.00589844107574,7460.71218438,7.0,
596.363911451,0.959686497222,0.0044120048067,0.481387859686,0.219881093312,2.59531201944,6.13776078993,0.0044120048067,7393.27054888,7.0,
632.518394649,0.956575002712,0.00547582485304,0.486684010797,0.228704545029,2.51892080541,6.13744226788,0.00547582485304,7279.97346482,7.0,
648.200031852,0.957180941875,0.00461035187556,0.475054410949,0.218874377347,2.56294656814,6.30546265329,0.00461035187556,7565.55492029,7.0,
687.135371875,0.957023825045,0.00487566010323,0.469524293696,0.225301505606,2.57290126273,6.45787545788,0.00487566010323,7991.524877,7.0,
570.375059723,0.962297996029,0.00612357260813,0.490499203625,0.221823493171,2.49643580362,5.85586876891,0.00612357260813,7561.74511195,7.0,
639.226309922,0.958871279196,0.00518921080212,0.487445853304,0.22860659174,2.52457478988,6.03917821309,0.00518921080212,7767.71244124,7.0,
634.533205925,0.958027909026,0.00495799189166,0.477589196285,0.22255816061,2.56900783152,6.1812390508,0.00495799189166,7555.94017345,7.0,
614.368848543,0.95890807855,0.00536143287343,0.48596411212,0.221714120785,2.52615232181,6.04682274247,0.00536143287343,7471.77337635,7.0,
680.790731008,0.955621725171,0.00477831278222,0.469351555778,0.216734407795,2.58998663312,6.55375059723,0.00477831278222,7666.53340336,7.0,
535.224239529,0.96389380198,0.00474909336747,0.48159216989,0.221787647267,2.57514279498,5.59022137283,0.00474909336747,7408.25362351,7.0,
669.012581621,0.955976034406,0.0049697608226,0.48923501216,0.227625446806,2.55613045672,6.34400382226,0.0049697608226,7594.17615079,7.0,
574.873706004,0.962469032218,0.00518844987986,0.493060307691,0.228650892781,2.53312691883,5.68402611881,0.00518844987986,7652.99499148,7.0,
610.741678611,0.959278347331,0.00452325164097,0.485656272181,0.224478599854,2.57815770882,5.91065456283,0.00452325164097,7493.59822184,7.0,
721.715559803,0.952589074515,0.00479956787732,0.477179623563,0.228078225453,2.5694156289,6.4392419175,0.00479956787732,7605.71062182,7.0,
640.724796942,0.954050309907,0.00404848687946,0.467905948417,0.219741019413,2.63667689787,6.56426182513,0.00404848687946,6965.75882742,7.0,
653.327918458,0.956975436091,0.0047770953066,0.483577361099,0.22338101365,2.57500325529,6.12454212454,0.0047770953066,7586.65103436,7.0,
579.862557732,0.960916462154,0.00556891100941,0.497559261548,0.229864192841,2.50790475672,5.72973403408,0.00556891100941,7412.0942103,7.0,
722.825609173,0.951492880277,0.0052247712357,0.489001353665,0.225199130185,2.53026867534,6.67208154165,0.0052247712357,7446.10643164,7.0,
624.749004619,0.958639804785,0.00510530644102,0.497378214011,0.227435483669,2.5127504784,5.88995062908,0.00510530644102,7547.23400169,7.0,
678.988851728,0.956508775808,0.00486967418146,0.486232149619,0.224437532912,2.53471739615,6.17088708393,0.00486967418146,7801.66858737,7.0,
