77.157011,0.995755,0.001827,0.259969,0.117398,1.344921,1.546728,0.001827,4584.968624,0
76.673822,0.995850,0.002177,0.259841,0.116092,1.262346,1.465192,0.002177,4822.618774,0
81.830114,0.995763,0.001919,0.263404,0.119387,1.309403,1.472726,0.001919,4929.109940,0
75.548597,0.995914,0.001965,0.256438,0.116046,1.264450,1.372869,0.001965,4849.788664,0
83.982380,0.995605,0.002180,0.264926,0.119501,1.271923,1.487451,0.002180,4911.176627,0
66.568285,0.996415,0.002229,0.264097,0.118613,1.261595,1.341064,0.002229,4802.750651,0
89.740902,0.995136,0.002030,0.256884,0.115137,1.264800,1.545074,0.002030,4822.452788,0
63.055411,0.996650,0.002432,0.268240,0.119117,1.219061,1.240381,0.002432,4921.502016,0
69.680672,0.996251,0.001129,0.232799,0.109189,1.361743,1.541837,0.001129,4868.794691,0
76.337540,0.995624,0.001524,0.236887,0.110744,1.341480,1.636066,0.001524,4535.286047,0
76.755555,0.995772,0.001654,0.238074,0.110587,1.321138,1.623948,0.001654,4743.913549,0
74.125063,0.995987,0.001331,0.246703,0.116388,1.372399,1.531931,0.001331,4724.959279,0
55.783081,0.996764,0.001471,0.238434,0.110702,1.324211,1.396746,0.001471,4483.555846,0
72.979233,0.995831,0.001461,0.238507,0.111232,1.371748,1.653020,0.001461,4504.142284,0
60.762567,0.996586,0.001327,0.245705,0.114038,1.408023,1.520065,0.001327,4465.813605,0
67.983009,0.996267,0.001343,0.236578,0.111617,1.356851,1.522312,0.001343,4699.757496,0
68.722977,0.996289,0.001622,0.254663,0.118145,1.341354,1.436282,0.001622,4731.155382,0
57.336695,0.996941,0.001248,0.241911,0.112690,1.356318,1.416739,0.001248,4868.993667,0
68.779809,0.996276,0.001607,0.260816,0.120467,1.369269,1.435257,0.001607,4631.819885,0
74.314293,0.995977,0.001597,0.251279,0.117160,1.339104,1.545074,0.001597,4717.550363,0
60.160140,0.996696,0.001569,0.254594,0.118424,1.348376,1.361255,0.001569,4608.676539,0
61.932937,0.996585,0.001772,0.254532,0.117690,1.339777,1.415031,0.001772,4596.028251,0
69.754315,0.996321,0.001374,0.236952,0.111633,1.341031,1.512783,0.001374,4927.729821,0
61.909187,0.996544,0.001875,0.256176,0.119974,1.333184,1.414078,0.001875,4510.500811,0
87.093383,0.995224,0.001450,0.241845,0.113473,1.371519,1.703560,0.001450,4661.370524,0
87.953577,0.995211,0.001295,0.235190,0.110790,1.373990,1.743510,0.001295,4751.699616,0
61.502876,0.996652,0.001640,0.257269,0.119066,1.359196,1.411974,0.001640,4651.224627,0
59.810266,0.996597,0.001404,0.244888,0.114565,1.367742,1.448921,0.001404,4499.990283,0
72.012585,0.995864,0.001229,0.243476,0.114385,1.421993,1.609493,0.001229,4401.550908,0
71.296745,0.996062,0.001457,0.237591,0.111541,1.377482,1.670352,0.001457,4605.602699,0
88.586425,0.994937,0.001391,0.248374,0.114613,1.381733,1.676609,0.001391,4497.463134,0
71.268662,0.995922,0.001826,0.255894,0.120024,1.358232,1.496063,0.001826,4371.772233,0
73.175764,0.995982,0.001681,0.257166,0.119827,1.363135,1.499928,0.001681,4559.361873,0
76.556202,0.995658,0.001302,0.243314,0.113580,1.358512,1.531571,0.001302,4591.256830,0
68.329467,0.996145,0.001696,0.243654,0.113277,1.294981,1.465426,0.001696,4635.168031,0
76.602643,0.995688,0.001432,0.241776,0.112962,1.330769,1.537019,0.001432,4645.414578,0
87.759618,0.995391,0.001406,0.248225,0.116900,1.346066,1.572420,0.001406,4937.521641,0
76.406508,0.995725,0.001406,0.241744,0.112201,1.386011,1.617116,0.001406,4579.991257,0
54.005681,0.996995,0.000939,0.233428,0.110549,1.420048,1.419417,0.000939,4678.284142,0
73.053937,0.995856,0.001323,0.241905,0.113586,1.378890,1.567925,0.001323,4521.162315,0
75.262405,0.995879,0.001588,0.240432,0.113516,1.390346,1.653272,0.001588,4541.425700,0
75.613969,0.995873,0.001716,0.247055,0.116939,1.328063,1.531266,0.001716,4695.766961,0
73.859726,0.995913,0.001421,0.246564,0.113845,1.365835,1.567961,0.001421,4649.795693,0
83.148597,0.995316,0.001391,0.238505,0.112206,1.350529,1.626987,0.001391,4650.362191,0
67.570855,0.996111,0.001428,0.240579,0.113323,1.345694,1.503362,0.001428,4482.065147,0
79.052247,0.995374,0.001520,0.246103,0.115493,1.401250,1.688709,0.001520,4295.677638,0
70.126015,0.995989,0.001266,0.243357,0.114288,1.373851,1.501241,0.001266,4526.120702,0
77.853703,0.995724,0.001388,0.243951,0.114495,1.356456,1.547339,0.001388,4707.919328,0
65.364868,0.996377,0.001474,0.249369,0.117032,1.355606,1.459295,0.001474,4611.423833,0
70.850863,0.996162,0.001939,0.255582,0.119475,1.301178,1.452697,0.001939,4721.961826,0
59.347375,0.996881,0.001572,0.256994,0.118616,1.378571,1.451582,0.001572,4728.786041,1
64.675908,0.996552,0.002105,0.271430,0.122213,1.358917,1.424560,0.002105,4602.128353,1
76.997608,0.995689,0.002376,0.261156,0.120324,1.332313,1.587576,0.002376,4411.737360,1
73.929845,0.996028,0.001808,0.264333,0.122546,1.379328,1.531248,0.001808,4597.405455,1
75.770622,0.995992,0.002343,0.278554,0.126299,1.351177,1.462963,0.002343,4558.021309,1
80.188672,0.995592,0.002051,0.271913,0.122942,1.426653,1.637756,0.002051,4330.758308,1
78.065785,0.995724,0.001727,0.266009,0.121338,1.430530,1.610770,0.001727,4406.844018,1
102.341963,0.994489,0.002534,0.278133,0.125521,1.353815,1.725027,0.002534,4475.814274,1
103.916540,0.994587,0.001857,0.271126,0.125007,1.432086,1.782560,0.001857,4593.713742,1
86.386371,0.995334,0.001918,0.273258,0.124877,1.436866,1.702913,0.001918,4410.505093,1
78.955609,0.995629,0.001919,0.261037,0.118125,1.363577,1.604729,0.001919,4509.127725,1
76.878569,0.995725,0.001660,0.259276,0.119387,1.412757,1.665085,0.001660,4436.817348,1
60.659313,0.996595,0.002156,0.269076,0.122818,1.362835,1.427958,0.002156,4333.789227,1
75.248507,0.995783,0.001855,0.257700,0.116750,1.400912,1.636893,0.001855,4391.388339,1
86.872527,0.995433,0.001871,0.261712,0.119519,1.349315,1.576879,0.001871,4760.724893,1
76.628263,0.995888,0.002164,0.262047,0.119937,1.318059,1.499281,0.002164,4649.490857,1
64.538079,0.996532,0.002251,0.271276,0.123581,1.338773,1.430924,0.002251,4593.413246,1
94.691154,0.994878,0.002182,0.264883,0.123400,1.374235,1.760230,0.002182,4521.094349,1
81.489643,0.995701,0.002160,0.272556,0.122234,1.351875,1.552319,0.002160,4656.586597,1
73.586910,0.995886,0.002258,0.269958,0.121930,1.383171,1.580259,0.002258,4301.718922,1
93.450485,0.994665,0.001811,0.269077,0.123483,1.469103,1.846170,0.001811,4141.088179,1
76.799658,0.995866,0.001708,0.261128,0.119390,1.392606,1.570676,0.001708,4615.748559,1
66.988673,0.996317,0.002252,0.276606,0.125856,1.383791,1.444013,0.002252,4356.004318,1
105.843545,0.994465,0.002987,0.274143,0.125633,1.307049,1.684826,0.002987,4654.631763,1
76.468320,0.995840,0.002670,0.271864,0.123127,1.352255,1.566451,0.002670,4435.554032,1
95.735436,0.994897,0.002249,0.278475,0.125601,1.398777,1.674919,0.002249,4508.411214,1
83.753038,0.995438,0.001947,0.268736,0.123514,1.390427,1.586695,0.001947,4491.919953,1
65.527436,0.996404,0.001825,0.267336,0.122636,1.377628,1.426753,0.001825,4468.085372,1
81.683171,0.995478,0.002077,0.271799,0.123338,1.393414,1.614887,0.002077,4357.990174,1
84.525242,0.995333,0.002116,0.275222,0.124372,1.383216,1.569687,0.002116,4395.453159,1
92.134412,0.995166,0.002190,0.276429,0.126569,1.366332,1.579108,0.002190,4617.870058,1
95.163933,0.994925,0.001888,0.275201,0.123057,1.423471,1.694283,0.001888,4527.757224,1
127.264113,0.993014,0.002438,0.270015,0.121348,1.342401,1.903488,0.002438,4494.973987,1
85.983135,0.995409,0.002156,0.277429,0.124405,1.394485,1.626393,0.002156,4523.371384,1
84.517853,0.995463,0.002305,0.278823,0.125889,1.363970,1.557479,0.002305,4531.981893,1
84.586191,0.995250,0.002455,0.275266,0.124730,1.342780,1.529414,0.002455,4349.575582,1
126.613807,0.993087,0.002540,0.276238,0.124207,1.395906,2.000647,0.002540,4358.564065,1
98.555969,0.994562,0.003115,0.270490,0.123499,1.309825,1.748238,0.003115,4403.886664,1
82.628532,0.995631,0.002732,0.278624,0.123643,1.276245,1.461039,0.002732,4700.647732,1
86.157299,0.995294,0.002276,0.270277,0.122678,1.357832,1.605304,0.002276,4458.771759,1
87.841333,0.995083,0.002619,0.269779,0.122200,1.334600,1.658163,0.002619,4382.254715,1
96.892502,0.994874,0.002269,0.272593,0.122974,1.338864,1.658594,0.002269,4680.325264,1
86.795181,0.995147,0.002407,0.273065,0.123705,1.373547,1.629018,0.002407,4333.147473,1
91.913717,0.994827,0.002231,0.272198,0.123609,1.408888,1.740471,0.002231,4197.929380,1
94.330743,0.994685,0.003131,0.284302,0.126956,1.337191,1.639590,0.003131,4224.446112,1
113.237899,0.993963,0.002560,0.284459,0.130347,1.385490,1.762711,0.002560,4421.018885,1
83.672240,0.995638,0.001744,0.266528,0.121655,1.357512,1.538044,0.001744,4799.658124,1
98.849802,0.994490,0.002391,0.277878,0.124742,1.381252,1.711866,0.002391,4304.725089,1
71.818320,0.996090,0.002107,0.276813,0.125334,1.375510,1.454926,0.002107,4430.402469,1
98.213196,0.994582,0.002252,0.270283,0.122040,1.371637,1.750845,0.002252,4434.799336,1
80.429089,0.995867,0.002113,0.269711,0.120433,1.314923,1.512945,0.002113,4910.344849,2
89.771538,0.995147,0.002820,0.279890,0.122805,1.320317,1.632524,0.002820,4552.867410,2
66.622258,0.996398,0.002160,0.264324,0.117064,1.276455,1.370083,0.002160,4769.922509,2
91.379503,0.995012,0.002646,0.271866,0.119871,1.299116,1.630924,0.002646,4586.904023,2
67.219543,0.996440,0.002315,0.272703,0.121041,1.299864,1.382794,0.002315,4751.139941,2
83.384196,0.995537,0.002573,0.273099,0.120440,1.265568,1.508288,0.002573,4732.637660,2
76.422761,0.995919,0.002403,0.267442,0.118937,1.249880,1.409349,0.002403,4831.517700,2
65.150647,0.996523,0.002306,0.267717,0.119791,1.305207,1.380529,0.002306,4707.825775,2
96.325943,0.994959,0.003543,0.277860,0.123232,1.203089,1.509511,0.003543,4841.105206,2
71.223606,0.996323,0.002990,0.281032,0.123386,1.241074,1.339572,0.002990,4875.306951,2
86.252750,0.995537,0.002123,0.258952,0.115207,1.259525,1.547429,0.002123,5037.000009,2
93.007587,0.995161,0.002446,0.271562,0.121520,1.302573,1.600791,0.002446,4796.640704,2
58.782488,0.996819,0.002288,0.265231,0.120033,1.309365,1.367925,0.002288,4654.977191,2
85.206472,0.995403,0.002614,0.270860,0.120862,1.302303,1.567638,0.002614,4618.305048,2
56.713286,0.997093,0.002334,0.262770,0.119733,1.231923,1.229899,0.002334,5019.973246,2
68.636641,0.996317,0.001981,0.254881,0.116001,1.280765,1.404675,0.001981,4794.463943,2
96.550647,0.994894,0.002176,0.259475,0.117639,1.313619,1.662981,0.002176,4773.626266,2
84.430295,0.995431,0.001812,0.254477,0.115980,1.315095,1.564635,0.001812,4713.700305,2
85.293239,0.995587,0.001877,0.258737,0.116874,1.308162,1.533801,0.001877,4981.851315,2
87.279449,0.995423,0.002215,0.267887,0.120052,1.305115,1.521881,0.002215,4822.174868,2
87.374972,0.995371,0.002121,0.259431,0.117238,1.317033,1.647213,0.002121,4810.173322,2
64.470424,0.996435,0.001487,0.246713,0.115632,1.383146,1.499910,0.001487,4574.048428,2
62.817511,0.996544,0.002185,0.267069,0.120039,1.312435,1.385185,0.002185,4577.230523,2
82.376339,0.995431,0.001887,0.251418,0.115626,1.339454,1.648688,0.001887,4579.308013,2
87.257065,0.995295,0.002167,0.260334,0.118070,1.338080,1.679252,0.002167,4621.947473,2
77.218698,0.995859,0.002324,0.263953,0.115951,1.243668,1.422042,0.002324,4845.542021,2
86.779665,0.995389,0.002695,0.272023,0.121452,1.291185,1.552841,0.002695,4706.050289,2
94.462459,0.994930,0.002239,0.255226,0.115419,1.271731,1.635778,0.002239,4801.353849,2
63.804548,0.996564,0.001813,0.258296,0.117173,1.318298,1.407497,0.001813,4774.217947,2
67.172437,0.996453,0.002872,0.276430,0.123562,1.247627,1.350000,0.002872,4792.025509,2
62.809546,0.996473,0.002008,0.261617,0.118901,1.333115,1.429899,0.002008,4471.791290,2
73.138457,0.995997,0.001857,0.256064,0.117185,1.318583,1.492251,0.001857,4680.634894,2
87.372042,0.995426,0.001888,0.263890,0.120914,1.342790,1.560104,0.001888,4805.089930,2
64.508971,0.996557,0.001847,0.262698,0.118495,1.343597,1.453164,0.001847,4714.235539,2
79.742538,0.995750,0.001739,0.261296,0.119003,1.380464,1.604926,0.001739,4704.673091,2
78.574343,0.995689,0.001944,0.255430,0.117049,1.298077,1.484700,0.001944,4687.756043,2
86.318878,0.995142,0.001708,0.248368,0.113155,1.347393,1.665947,0.001708,4563.997061,2
88.772060,0.995278,0.002354,0.258128,0.118281,1.283239,1.582668,0.002354,4821.161666,2
81.442358,0.995775,0.002010,0.254294,0.115888,1.281359,1.545200,0.002010,4992.172021,2
98.913556,0.994770,0.001487,0.250483,0.115573,1.378413,1.781122,0.001487,4794.175563,2
85.481067,0.995249,0.001626,0.259366,0.119996,1.395061,1.614581,0.001626,4457.068204,2
85.814257,0.995361,0.002319,0.261751,0.118837,1.313387,1.573337,0.002319,4660.715486,2
75.482721,0.995853,0.001918,0.255179,0.116287,1.336080,1.559241,0.001918,4626.762613,2
88.021287,0.995103,0.001828,0.249780,0.114316,1.339781,1.706904,0.001828,4579.903294,2
85.264742,0.995571,0.001436,0.246781,0.115487,1.359152,1.616127,0.001436,4927.585276,2
69.373103,0.996321,0.002368,0.267423,0.122057,1.294493,1.403991,0.002368,4708.359451,2
72.075242,0.996067,0.002110,0.255839,0.116034,1.295463,1.514006,0.002110,4720.976484,2
65.847518,0.996524,0.001870,0.262674,0.119313,1.344432,1.461974,0.001870,4729.309532,2
94.465138,0.994897,0.001547,0.248104,0.112129,1.346872,1.700306,0.001547,4817.817434,2
54.009529,0.997096,0.001812,0.252742,0.115632,1.331135,1.394139,0.001812,4742.009881,2
91.370586,0.995066,0.001684,0.263676,0.122280,1.475050,1.836965,0.001684,4362.039935,3
101.871376,0.994258,0.002383,0.279483,0.127164,1.439545,1.859223,0.002383,4109.818781,3
112.429323,0.993796,0.002771,0.269954,0.122482,1.321808,1.749065,0.002771,4407.137763,3
97.593365,0.994519,0.002171,0.274054,0.124705,1.423953,1.784736,0.002171,4208.028207,3
98.397842,0.994771,0.002823,0.284345,0.128559,1.331415,1.643510,0.002823,4486.970528,3
114.239517,0.993751,0.002188,0.268843,0.123386,1.394198,1.834951,0.002188,4390.073861,3
114.425853,0.993695,0.002412,0.276585,0.125392,1.425306,1.947968,0.002412,4268.857640,3
126.883980,0.992895,0.002732,0.269903,0.122812,1.378554,1.965570,0.002732,4255.653336,3
141.378244,0.992604,0.003490,0.287245,0.127344,1.328725,1.970442,0.003490,4538.775199,3
110.911470,0.993860,0.002435,0.278031,0.127898,1.425245,1.927580,0.002435,4190.407154,3
96.573480,0.994910,0.002744,0.269910,0.122735,1.293747,1.675782,0.002744,4667.058545,3
68.803973,0.996177,0.001724,0.259427,0.122839,1.452988,1.637702,0.001724,4259.664622,3
80.194426,0.995364,0.001817,0.257675,0.120037,1.431678,1.736246,0.001817,4155.399596,3
91.826806,0.994708,0.001748,0.258952,0.119834,1.455915,1.817170,0.001748,4148.643987,3
83.822905,0.995306,0.002016,0.260182,0.121288,1.439591,1.776196,0.002016,4224.177476,3
97.577975,0.994722,0.001543,0.256732,0.120646,1.472631,1.865642,0.001543,4425.522568,3
109.593563,0.993885,0.001455,0.252475,0.119132,1.505758,2.069148,0.001455,4235.881836,3
74.750791,0.995810,0.001360,0.254906,0.119319,1.468737,1.633459,0.001360,4317.288209,3
98.092232,0.994328,0.001854,0.259896,0.121903,1.476793,1.953074,0.001854,4027.776805,3
83.503182,0.995007,0.001575,0.255102,0.121278,1.493000,1.847195,0.001575,3909.357748,3
54.559205,0.996911,0.001520,0.247171,0.115762,1.370543,1.423750,0.001520,4421.446565,3
79.328748,0.995606,0.001917,0.269973,0.127003,1.426723,1.643779,0.001917,4270.374196,3
84.367295,0.995293,0.001742,0.265006,0.123393,1.443145,1.708109,0.001742,4259.290281,3
79.724217,0.995333,0.001537,0.250691,0.116243,1.464439,1.780457,0.001537,4103.333482,3
100.850179,0.994067,0.001720,0.254374,0.120985,1.495890,1.999982,0.001720,3971.578140,3
96.600251,0.994677,0.003800,0.282251,0.127902,1.334210,1.761345,0.003800,4212.503007,3
83.998363,0.995540,0.002586,0.285437,0.128220,1.386059,1.631014,0.002586,4404.414901,3
98.416720,0.994502,0.002731,0.284104,0.126244,1.413680,1.803704,0.002731,4159.095803,3
113.263807,0.993782,0.002915,0.283435,0.128652,1.388967,1.857551,0.002915,4258.633791,3
85.617439,0.995487,0.003095,0.284028,0.126276,1.323179,1.600719,0.003095,4571.760866,3
96.835059,0.994833,0.003009,0.289624,0.132132,1.347521,1.648472,0.003009,4374.111270,3
59.473229,0.996906,0.002881,0.285192,0.126010,1.283792,1.269561,0.002881,4680.698450,3
84.577363,0.995306,0.002328,0.274649,0.125357,1.382426,1.652769,0.002328,4301.484032,3
86.251779,0.995414,0.002719,0.283442,0.125043,1.356650,1.643006,0.002719,4468.376139,3
90.560805,0.995309,0.002302,0.271141,0.120800,1.345184,1.684502,0.002302,4712.023752,3
82.560086,0.995504,0.002364,0.281193,0.125905,1.388978,1.602301,0.002364,4382.867885,3
61.837288,0.996566,0.002473,0.277934,0.125126,1.380092,1.485005,0.002473,4281.280360,3
88.176788,0.995299,0.002168,0.273616,0.123535,1.370834,1.639248,0.002168,4545.321826,3
69.700143,0.996131,0.002167,0.274286,0.124593,1.436481,1.618051,0.002167,4210.054605,3
122.323390,0.993495,0.003124,0.285624,0.126950,1.338178,1.909259,0.003124,4485.177617,3
101.434699,0.994643,0.002693,0.280376,0.126270,1.359373,1.784790,0.002693,4498.726896,3
89.480168,0.995307,0.002802,0.290839,0.128033,1.369396,1.601924,0.002802,4489.174021,3
86.440956,0.995392,0.002954,0.291126,0.128325,1.357555,1.610895,0.002954,4410.476971,3
84.552696,0.995327,0.002989,0.274945,0.124536,1.330581,1.653668,0.002989,4355.585068,3
71.347824,0.996292,0.002403,0.275811,0.126133,1.352071,1.509673,0.002403,4638.119802,3
58.337612,0.996873,0.002776,0.284629,0.125300,1.340763,1.364329,0.002776,4425.720023,3
81.928137,0.995626,0.002635,0.278860,0.125030,1.328636,1.538206,0.002635,4560.956327,3
86.720514,0.995252,0.002685,0.281134,0.126451,1.358797,1.664239,0.002685,4322.754127,3
84.990452,0.995344,0.002576,0.287653,0.126182,1.415640,1.734070,0.002576,4261.595951,3
70.588565,0.996208,0.002635,0.287934,0.128617,1.342769,1.414419,0.002635,4417.749348,3
100.492610,0.994372,0.001787,0.277689,0.130001,1.508617,1.886138,0.001787,4063.323848,4
76.144839,0.995688,0.002936,0.292677,0.130418,1.432282,1.644229,0.002936,3962.135324,4
117.876303,0.993662,0.003134,0.295207,0.131470,1.392316,1.861093,0.003134,4241.105588,4
99.778712,0.994253,0.002349,0.286079,0.130728,1.502743,1.900539,0.002349,3838.302745,4
99.204494,0.994571,0.002763,0.298966,0.132756,1.444532,1.783315,0.002763,4089.046220,4
89.802157,0.994820,0.002087,0.268502,0.123867,1.518102,1.890327,0.002087,3918.052974,4
86.906382,0.995062,0.001619,0.256616,0.120046,1.508841,1.908504,0.001619,4050.821201,4
95.348040,0.994782,0.001794,0.261158,0.122507,1.496789,1.962280,0.001794,4272.914333,4
64.290902,0.996212,0.001557,0.254719,0.117926,1.519751,1.757138,0.001557,3905.473617,4
81.037270,0.995625,0.002210,0.271694,0.124300,1.447639,1.673840,0.002210,4316.010236,4
88.724900,0.994990,0.002050,0.269598,0.124618,1.497579,1.927706,0.002050,4022.641137,4
64.929953,0.996560,0.002001,0.259120,0.122171,1.421935,1.612765,0.002001,4431.232475,4
81.745558,0.995333,0.001680,0.262693,0.122121,1.500737,1.803848,0.001680,4051.537729,4
80.782524,0.995430,0.002021,0.269958,0.124835,1.473922,1.773031,0.002021,4044.365654,4
107.631553,0.993797,0.001722,0.257224,0.121551,1.517865,2.107713,0.001722,3977.936947,4
83.052409,0.995256,0.001406,0.257198,0.119210,1.539848,1.915624,0.001406,4065.391922,4
80.347464,0.995434,0.001686,0.265425,0.121925,1.549969,1.883243,0.001686,3954.046671,4
97.503523,0.994629,0.001975,0.272144,0.125421,1.464564,1.801223,0.001975,4173.059195,4
92.137630,0.994774,0.001601,0.266947,0.123241,1.558135,1.944570,0.001601,3997.920580,4
104.082667,0.994315,0.001899,0.274316,0.126435,1.485285,1.883783,0.001899,4236.463482,4
78.727723,0.995569,0.001711,0.275675,0.128282,1.519035,1.725135,0.001711,4040.091068,4
93.049136,0.994631,0.001887,0.267360,0.124335,1.502256,1.907282,0.001887,3968.516361,4
88.129323,0.995213,0.002452,0.275984,0.127812,1.445623,1.725225,0.002452,4246.617171,4
110.422437,0.993631,0.001699,0.269376,0.123850,1.558394,2.092629,0.001699,3921.677784,4
95.976428,0.994610,0.001778,0.274314,0.127844,1.539881,1.921413,0.001778,4003.578514,4
80.431193,0.995309,0.001278,0.258475,0.122008,1.598204,1.894876,0.001278,3867.735325,4
83.491549,0.994996,0.001904,0.259570,0.120855,1.511281,1.861668,0.001904,3837.172171,4
76.148651,0.995894,0.001314,0.242743,0.114000,1.431739,1.667494,0.001314,4624.917937,4
77.440452,0.995497,0.001702,0.263959,0.122167,1.538944,1.822546,0.001702,3921.523767,4
89.482128,0.994802,0.001855,0.263190,0.120429,1.505639,1.889824,0.001855,3962.506677,4
83.373516,0.995425,0.001560,0.258468,0.120028,1.459759,1.733711,0.001560,4379.252893,4
84.356885,0.995072,0.001791,0.272105,0.125736,1.539958,1.841064,0.001791,3859.613362,4
86.101887,0.994616,0.001484,0.257071,0.122612,1.565460,1.945649,0.001484,3598.087489,4
82.950629,0.995148,0.002105,0.267203,0.123824,1.476599,1.813017,0.002105,3931.997419,4
76.951420,0.995328,0.002038,0.263030,0.122055,1.552781,1.900611,0.002038,3699.503975,4
78.008881,0.995630,0.002159,0.280293,0.129851,1.515378,1.746782,0.002159,3937.280019,4
65.743563,0.996275,0.001696,0.253928,0.118062,1.406561,1.603650,0.001696,4299.399361,4
76.139500,0.995739,0.001744,0.272165,0.123951,1.476726,1.639177,0.001744,4211.096237,4
87.660301,0.994841,0.002091,0.273848,0.126533,1.498268,1.845631,0.002091,3808.674009,4
79.079845,0.995639,0.002160,0.267838,0.123197,1.421945,1.679558,0.002160,4283.321704,4
72.605609,0.995932,0.002179,0.261604,0.119479,1.354322,1.584035,0.002179,4354.912156,4
76.812081,0.995643,0.001848,0.266767,0.123461,1.451302,1.660230,0.001848,4156.794723,4
82.054206,0.995345,0.002011,0.273672,0.127168,1.446052,1.674128,0.002011,4094.011244,4
73.987108,0.995889,0.001140,0.248052,0.116824,1.562014,1.797285,0.001140,4168.734158,4
87.583297,0.994903,0.001426,0.252599,0.118551,1.533567,1.917817,0.001426,4011.320730,4
91.146565,0.994809,0.001588,0.259917,0.122041,1.490661,1.841999,0.001588,4106.989820,4
81.989410,0.995332,0.002483,0.277413,0.126118,1.463996,1.774164,0.002483,3972.004404,4
83.339590,0.995542,0.002829,0.289892,0.131123,1.412845,1.673571,0.002829,4277.085013,4
69.489356,0.996211,0.002455,0.275989,0.125007,1.367738,1.502014,0.002455,4357.475325,4
80.807101,0.995188,0.001998,0.273767,0.125677,1.516592,1.867512,0.001998,3751.863972,4
95.851024,0.994315,0.000396,0.187811,0.087081,1.573163,2.233513,0.000396,4473.268331,5
76.581301,0.995887,0.001209,0.227938,0.107900,1.313619,1.584250,0.001209,4989.462155,5
94.264724,0.994970,0.001217,0.227839,0.107301,1.316232,1.719957,0.001217,5031.802866,5
83.475548,0.995481,0.001187,0.225429,0.106239,1.337703,1.680870,0.001187,4907.989728,5
91.360661,0.994906,0.001113,0.217516,0.100917,1.336056,1.794678,0.001113,4849.998362,5
75.962710,0.995839,0.001202,0.223932,0.106362,1.342982,1.675548,0.001202,4854.614430,5
85.851707,0.995363,0.001356,0.222424,0.103993,1.293683,1.696620,0.001356,4975.294886,5
86.163933,0.995545,0.001366,0.216403,0.103203,1.262183,1.632506,0.001366,5281.993461,5
91.254746,0.995022,0.001424,0.221527,0.103920,1.254613,1.669238,0.001424,5009.624212,5
116.840398,0.993742,0.001383,0.224159,0.103835,1.301616,1.971000,0.001383,5069.919546,5
72.578209,0.996002,0.001531,0.235152,0.110167,1.271928,1.499568,0.001531,4881.190394,5
86.458971,0.995334,0.001573,0.234664,0.109173,1.335974,1.707335,0.001573,4850.472081,5
75.161326,0.995785,0.001464,0.234127,0.109780,1.334413,1.640687,0.001464,4694.801893,5
60.990794,0.996641,0.001627,0.234622,0.108960,1.230430,1.378857,0.001627,4934.658977,5
61.381158,0.996794,0.001646,0.238143,0.110643,1.252306,1.351169,0.001646,5117.905022,5
85.253721,0.995348,0.001253,0.226486,0.105522,1.325813,1.703488,0.001253,4878.639600,5
122.472761,0.993164,0.001345,0.228217,0.108184,1.369117,2.103937,0.001345,4676.088427,5
100.917043,0.994639,0.001330,0.227501,0.105741,1.313267,1.797339,0.001330,5041.282557,5
96.024972,0.994862,0.001408,0.230356,0.108295,1.330620,1.758342,0.001408,4920.487873,5
93.760841,0.994636,0.001289,0.230551,0.107907,1.350126,1.787666,0.001289,4640.536297,5
102.186299,0.994477,0.001490,0.226702,0.106328,1.304603,1.846890,0.001490,4956.421494,5
102.543149,0.994596,0.001501,0.232602,0.108912,1.307711,1.837325,0.001501,5043.564114,5
82.489320,0.995422,0.001190,0.227059,0.104740,1.348652,1.696908,0.001190,4817.046844,5
88.511740,0.995064,0.001503,0.231338,0.108771,1.318729,1.691532,0.001503,4722.305406,5
86.159708,0.995439,0.001431,0.226905,0.104293,1.306695,1.783513,0.001431,5051.329268,5
72.932955,0.996020,0.001407,0.229541,0.108178,1.315423,1.576717,0.001407,4846.821059,5
80.754836,0.995646,0.001432,0.234339,0.110766,1.325812,1.638080,0.001432,4877.733099,5
84.076375,0.995522,0.001284,0.222603,0.103791,1.301947,1.661345,0.001284,5055.716692,5
102.650593,0.994439,0.001044,0.226598,0.106017,1.397564,1.897015,0.001044,4839.933066,5
87.489122,0.995194,0.001321,0.225773,0.105222,1.311165,1.733783,0.001321,4910.102769,5
70.645433,0.996194,0.001346,0.233943,0.107692,1.342720,1.569202,0.001346,4880.910559,5
90.611434,0.995304,0.001600,0.238521,0.111600,1.307160,1.709277,0.001600,5065.004087,5
66.318284,0.996604,0.001689,0.233827,0.110990,1.222967,1.369921,0.001689,5262.788952,5
72.736911,0.996143,0.001140,0.226089,0.105764,1.318171,1.548346,0.001140,5096.503073,5
76.506958,0.995744,0.001767,0.233943,0.108911,1.272276,1.608720,0.001767,4772.388090,5
74.085526,0.995906,0.001271,0.227076,0.107952,1.298234,1.542377,0.001271,4885.684052,5
88.974936,0.995313,0.001440,0.229159,0.107228,1.282982,1.654333,0.001440,5136.970031,5
69.270945,0.996173,0.001232,0.230146,0.108357,1.333539,1.522150,0.001232,4819.584726,5
80.400988,0.995678,0.001248,0.226790,0.106361,1.301718,1.587612,0.001248,5007.263276,5
102.230474,0.994373,0.001111,0.218336,0.102308,1.347731,1.898544,0.001111,4919.611349,5
91.820801,0.994763,0.000998,0.211629,0.098111,1.359274,1.858954,0.000998,4761.258396,5
96.127903,0.994866,0.001480,0.228025,0.104968,1.290361,1.763179,0.001480,5032.579831,5
84.814707,0.995315,0.001119,0.224003,0.105581,1.328995,1.666810,0.001119,4876.005400,5
98.025925,0.994634,0.001219,0.225884,0.105758,1.291813,1.717979,0.001219,4984.668091,5
76.277939,0.995860,0.001419,0.233772,0.109855,1.327197,1.625297,0.001419,4868.566219,5
91.808180,0.995076,0.001211,0.232266,0.108616,1.333281,1.683765,0.001211,4980.910980,5
77.606382,0.995603,0.001282,0.233861,0.108562,1.361227,1.627706,0.001282,4649.003638,5
72.097123,0.995996,0.001171,0.230341,0.109214,1.352723,1.564941,0.001171,4769.160860,5
63.557263,0.996656,0.001200,0.228603,0.107048,1.318369,1.426987,0.001200,5087.462724,5
83.944372,0.995312,0.001155,0.225724,0.105710,1.347705,1.720424,0.001155,4796.204453,5
74.525835,0.995808,0.001297,0.221311,0.103125,1.345192,1.681895,0.001297,4678.779900,6
87.200610,0.995323,0.001483,0.241528,0.113671,1.347718,1.701043,0.001483,4797.638247,6
97.504044,0.994692,0.002175,0.253261,0.117000,1.305772,1.738673,0.002175,4695.593667,6
100.890039,0.994444,0.001341,0.233095,0.109277,1.375698,1.908738,0.001341,4662.512191,6
91.758485,0.994931,0.001523,0.241905,0.112598,1.373401,1.779306,0.001523,4614.696057,6
79.250143,0.995611,0.001224,0.230515,0.107332,1.367459,1.731302,0.001224,4747.852013,6
79.381930,0.995667,0.001440,0.235423,0.110265,1.334858,1.623103,0.001440,4781.131723,6
97.101510,0.994859,0.001497,0.237163,0.110630,1.352475,1.794534,0.001497,4851.266539,6
75.575080,0.995882,0.001571,0.244424,0.113648,1.327512,1.528047,0.001571,4757.996300,6
84.506166,0.995440,0.002174,0.253375,0.116758,1.275103,1.529684,0.002174,4777.510487,6
81.536407,0.995639,0.001274,0.238164,0.111097,1.367157,1.642377,0.001274,4838.428159,6
69.308414,0.996104,0.001546,0.246750,0.114893,1.340634,1.449011,0.001546,4592.470682,6
85.209169,0.995494,0.001376,0.241167,0.113229,1.340721,1.609313,0.001376,4912.612161,6
82.351438,0.995485,0.001433,0.246224,0.115064,1.370485,1.642700,0.001433,4641.397834,6
88.490417,0.995269,0.001390,0.231011,0.109304,1.284118,1.624542,0.001390,5016.085144,6
88.797338,0.995145,0.001196,0.230046,0.107778,1.381937,1.744984,0.001196,4752.568752,6
69.337360,0.996122,0.001381,0.235473,0.111765,1.354430,1.550521,0.001381,4647.422063,6
99.037594,0.994708,0.001427,0.235916,0.111849,1.343895,1.768626,0.001427,4873.510188,6
79.670945,0.995620,0.001244,0.238269,0.111394,1.393039,1.676951,0.001244,4674.006456,6
103.184178,0.994363,0.001446,0.237141,0.110834,1.378466,1.889572,0.001446,4670.444695,6
94.172833,0.994772,0.001355,0.238259,0.112473,1.404767,1.834754,0.001355,4546.459937,6
83.417889,0.995457,0.001670,0.241411,0.113694,1.339586,1.659924,0.001670,4714.960922,6
75.903793,0.995886,0.001282,0.235292,0.111030,1.328462,1.541298,0.001282,4838.680254,6
88.873246,0.994923,0.001297,0.240012,0.111614,1.413325,1.781769,0.001297,4446.895306,6
71.921502,0.996100,0.001627,0.244795,0.114067,1.296120,1.454585,0.001627,4804.609127,6
84.267080,0.995141,0.001586,0.262479,0.123140,1.510925,1.818536,0.001586,3953.157844,6
83.430168,0.995487,0.001500,0.242556,0.115104,1.332658,1.603020,0.001500,4770.309272,6
86.523156,0.995085,0.001474,0.233048,0.110503,1.350501,1.744588,0.001474,4554.272079,6
111.253559,0.993968,0.001249,0.240086,0.112412,1.413508,1.972510,0.001249,4683.464004,6
110.930096,0.993789,0.001724,0.233378,0.109855,1.341352,2.017332,0.001724,4583.277194,6
93.349424,0.994843,0.001477,0.245662,0.114781,1.398906,1.763125,0.001477,4584.776919,6
82.682919,0.995276,0.001564,0.235741,0.109694,1.323557,1.653866,0.001564,4592.351613,6
101.984555,0.994453,0.001671,0.237470,0.109994,1.373712,1.930187,0.001671,4641.544031,6
103.471394,0.994651,0.001392,0.233723,0.109616,1.352538,1.836264,0.001392,5016.177814,6
78.369129,0.995640,0.001686,0.232353,0.107037,1.335454,1.713538,0.001686,4687.928170,6
89.515551,0.995224,0.001615,0.242961,0.112420,1.322241,1.624685,0.001615,4852.379295,6
85.362585,0.995320,0.001459,0.238268,0.110227,1.376461,1.743276,0.001459,4690.072953,6
91.881697,0.994951,0.001839,0.235090,0.109323,1.322588,1.791873,0.001839,4714.084311,6
96.873696,0.994826,0.001405,0.231492,0.108801,1.372703,1.870676,0.001405,4799.498563,6
79.217547,0.995621,0.001336,0.235949,0.111080,1.362820,1.654441,0.001336,4679.790385,6
82.288582,0.995511,0.001593,0.252385,0.118616,1.389455,1.688403,0.001593,4570.319544,6
83.841837,0.995475,0.001691,0.252510,0.117810,1.351412,1.602140,0.001691,4654.607395,6
98.191297,0.994624,0.001581,0.249331,0.117111,1.373966,1.768501,0.001581,4591.119207,6
101.885598,0.994474,0.001445,0.240618,0.113865,1.353972,1.809619,0.001445,4742.432525,6
108.355411,0.993555,0.001637,0.264669,0.123500,1.557858,2.147321,0.001637,3781.685567,6
93.405609,0.994940,0.001727,0.250419,0.117408,1.340931,1.648939,0.001727,4725.303991,6
95.694767,0.994720,0.001978,0.245898,0.113891,1.281347,1.686318,0.001978,4740.551326,6
104.589500,0.994228,0.002175,0.256588,0.117273,1.333447,1.774038,0.002175,4553.555324,6
99.834555,0.994567,0.002181,0.257512,0.119709,1.309000,1.703668,0.002181,4644.166213,6
75.615965,0.996012,0.001843,0.247251,0.115329,1.307639,1.567314,0.001843,4883.334103,6
