70.502248,0.996127,0.001642,0.242505,0.108868,1.347460,1.666667,0.001642,4625.555275,0
80.407840,0.995651,0.001864,0.238713,0.110226,1.267024,1.611619,0.001864,4858.122381,0
69.006751,0.996433,0.001646,0.240158,0.113684,1.315427,1.509877,0.001646,4965.158800,0
62.002684,0.996655,0.001635,0.233447,0.108300,1.281253,1.499274,0.001635,4888.732164,0
71.106315,0.996286,0.001955,0.249240,0.111638,1.272938,1.517938,0.001955,4947.988414,0
72.226068,0.996114,0.001966,0.244367,0.111632,1.269494,1.522222,0.001966,4829.165331,0
81.047564,0.995610,0.001751,0.234932,0.108589,1.270991,1.643791,0.001751,4858.016461,0
65.785183,0.996508,0.002234,0.250721,0.115055,1.220251,1.376906,0.002234,4951.331488,0
84.133621,0.995475,0.000963,0.210170,0.099323,1.374702,1.856354,0.000963,4899.697954,0
84.785472,0.995145,0.001316,0.217047,0.101424,1.343483,1.850109,0.001316,4563.750418,0
77.109147,0.995754,0.001423,0.216461,0.100334,1.324815,1.840014,0.001423,4769.915905,0
62.344006,0.996632,0.001119,0.224638,0.105912,1.387278,1.644953,0.001119,4750.017650,0
52.400143,0.996964,0.001302,0.218035,0.103505,1.331011,1.544081,0.001302,4505.141237,0
71.251559,0.995938,0.001250,0.217352,0.102565,1.373991,1.817284,0.001250,4547.218799,0
52.824108,0.997036,0.001111,0.220576,0.103713,1.422109,1.679303,0.001111,4498.514738,0
64.027449,0.996491,0.001153,0.215369,0.101686,1.369573,1.727088,0.001153,4727.340252,0
75.679154,0.995917,0.001389,0.233966,0.110314,1.346589,1.633696,0.001389,4772.620064,0
67.316192,0.996418,0.001033,0.217625,0.101901,1.374724,1.696442,0.001033,4901.343655,0
79.728392,0.995693,0.001364,0.236188,0.113723,1.382558,1.681336,0.001364,4658.809218,0
77.033185,0.995838,0.001385,0.230121,0.110114,1.343870,1.726434,0.001385,4752.627372,0
68.902394,0.996219,0.001366,0.233853,0.110510,1.366590,1.653885,0.001366,4636.514891,0
81.778501,0.995500,0.001562,0.234037,0.109714,1.348531,1.689760,0.001562,4625.006046,0
53.295132,0.997193,0.001159,0.213748,0.102667,1.353678,1.614234,0.001159,4955.834408,0
58.320332,0.996743,0.001586,0.232553,0.110634,1.347856,1.589179,0.001586,4537.620435,0
86.860636,0.995241,0.001240,0.219319,0.101098,1.377539,1.881554,0.001240,4701.891274,0
89.019749,0.995154,0.001120,0.215375,0.100863,1.375191,1.938707,0.001120,4788.250438,0
64.042336,0.996515,0.001424,0.235005,0.110731,1.366708,1.645969,0.001424,4675.704512,0
65.098327,0.996297,0.001197,0.221778,0.104245,1.382166,1.706754,0.001197,4529.491308,0
56.345750,0.996769,0.001051,0.218354,0.104183,1.427746,1.746042,0.001051,4444.590958,0
78.490121,0.995667,0.001281,0.218920,0.101939,1.380827,1.926144,0.001281,4639.047298,0
81.925632,0.995322,0.001263,0.229102,0.106975,1.373587,1.787073,0.001263,4538.181198,0
64.107259,0.996335,0.001628,0.237774,0.111537,1.361222,1.628250,0.001628,4405.283535,0
61.467027,0.996625,0.001431,0.234933,0.109698,1.378836,1.655556,0.001431,4575.014886,0
77.881115,0.995591,0.001119,0.221710,0.106098,1.366664,1.732970,0.001119,4625.986420,0
67.020404,0.996220,0.001484,0.224442,0.105997,1.300376,1.647422,0.001484,4662.135266,0
67.609220,0.996198,0.001229,0.219858,0.103476,1.335037,1.659332,0.001229,4682.153210,0
80.848217,0.995754,0.001227,0.229174,0.106289,1.352853,1.746405,0.001227,4962.439211,0
88.438268,0.995053,0.001224,0.221490,0.102518,1.392505,1.964778,0.001224,4605.641127,0
60.910455,0.996615,0.000800,0.211771,0.096950,1.436523,1.694626,0.000800,4699.449099,0
74.992299,0.995757,0.001103,0.216589,0.102821,1.394183,1.795497,0.001103,4566.729075,0
58.434420,0.996804,0.001363,0.216522,0.103312,1.397657,1.755265,0.001363,4568.765414,0
76.405807,0.995838,0.001476,0.226199,0.106490,1.335174,1.685403,0.001476,4752.886345,0
69.238704,0.996175,0.001258,0.226202,0.107319,1.364092,1.713653,0.001258,4684.394913,0
76.747201,0.995691,0.001214,0.219311,0.103043,1.354995,1.799056,0.001214,4677.060092,0
72.675887,0.995823,0.001216,0.218273,0.104797,1.355590,1.715541,0.001216,4518.553153,0
80.140665,0.995320,0.001345,0.226780,0.106505,1.404447,1.880247,0.001345,4317.446100,0
72.992081,0.995828,0.001108,0.222073,0.103824,1.379373,1.698257,0.001108,4564.506983,0
66.806461,0.996335,0.001202,0.222786,0.104896,1.358840,1.664851,0.001202,4740.662456,0
41.687943,0.997694,0.001261,0.227937,0.108066,1.355226,1.445389,0.001261,4645.687471,0
78.340810,0.995761,0.001642,0.233154,0.110523,1.316032,1.702614,0.001642,4750.691460,0
64.391936,0.996621,0.001347,0.234704,0.105703,1.393961,1.669644,0.001347,4762.861957,1
77.163759,0.995891,0.001738,0.246182,0.112811,1.380164,1.730065,0.001738,4627.157180,1
77.888087,0.995643,0.002058,0.239820,0.111346,1.336622,1.730792,0.002058,4447.186917,1
79.186634,0.995751,0.001548,0.239716,0.112780,1.390616,1.761510,0.001548,4632.239925,1
67.289322,0.996443,0.001989,0.254566,0.117772,1.364914,1.595352,0.001989,4594.970882,1
93.345094,0.994880,0.001698,0.244001,0.110307,1.444585,1.965432,0.001698,4367.880804,1
77.745386,0.995746,0.001396,0.236738,0.111534,1.452239,1.907770,0.001396,4427.285627,1
97.126067,0.994779,0.002295,0.257181,0.119100,1.351712,1.803486,0.002295,4525.205663,1
107.182930,0.994424,0.001511,0.243904,0.113012,1.450589,2.025200,0.001511,4631.420243,1
91.053228,0.995098,0.001628,0.249074,0.117290,1.448901,1.946914,0.001628,4451.493126,1
90.347709,0.995004,0.001626,0.238176,0.109712,1.371573,1.884677,0.001626,4540.644328,1
84.186344,0.995323,0.001456,0.236213,0.111695,1.418939,1.958896,0.001456,4469.770150,1
72.330135,0.995944,0.001866,0.248077,0.114957,1.370812,1.656935,0.001866,4364.669885,1
80.280534,0.995508,0.001516,0.231289,0.107662,1.416611,1.919898,0.001516,4423.174852,1
104.683293,0.994505,0.001621,0.240378,0.110279,1.364193,1.885911,0.001621,4790.184172,1
77.862234,0.995828,0.001851,0.238678,0.111675,1.330905,1.698693,0.001851,4686.612712,1
77.403774,0.995851,0.001930,0.249253,0.118405,1.340306,1.606391,0.001930,4632.302739,1
98.237832,0.994698,0.001990,0.248407,0.113045,1.368633,1.906826,0.001990,4563.863955,1
90.624543,0.995228,0.001856,0.250250,0.113098,1.360371,1.823820,0.001856,4694.314238,1
63.163759,0.996478,0.001907,0.244930,0.113779,1.395386,1.748366,0.001907,4342.300458,1
73.182060,0.995838,0.001584,0.248002,0.111200,1.463534,1.860058,0.001584,4197.831975,1
72.251558,0.996115,0.001387,0.234645,0.109789,1.412291,1.755410,0.001387,4649.190423,1
79.735727,0.995627,0.001923,0.250594,0.116502,1.400249,1.758969,0.001923,4375.918897,1
108.615028,0.994328,0.002623,0.253377,0.118074,1.312212,1.860203,0.002623,4688.245726,1
62.520259,0.996609,0.002349,0.250045,0.111919,1.360602,1.643573,0.002349,4481.099450,1
85.379881,0.995462,0.001896,0.253412,0.118556,1.404720,1.763907,0.001896,4554.347768,1
70.052067,0.996193,0.001585,0.243912,0.112153,1.405042,1.702033,0.001585,4541.426965,1
63.557441,0.996523,0.001542,0.243757,0.114339,1.387652,1.593028,0.001542,4509.816959,1
76.477847,0.995775,0.001730,0.248249,0.108996,1.417035,1.823239,0.001730,4393.527089,1
96.709219,0.994675,0.001811,0.251841,0.116639,1.395385,1.831808,0.001811,4422.792064,1
97.759618,0.994883,0.001853,0.255552,0.118227,1.378068,1.720842,0.001853,4659.535605,1
105.632966,0.994383,0.001527,0.245669,0.113789,1.437978,1.960639,0.001527,4575.227033,1
112.649814,0.993830,0.002122,0.246591,0.114126,1.346427,1.973856,0.002122,4536.159229,1
81.386997,0.995660,0.001808,0.255399,0.113976,1.406995,1.775381,0.001808,4552.070655,1
108.002537,0.994210,0.002005,0.255936,0.117923,1.376884,1.935294,0.002005,4562.218613,1
94.330424,0.994708,0.002085,0.252942,0.119380,1.349109,1.752360,0.002085,4382.452751,1
121.791063,0.993370,0.002172,0.253404,0.113868,1.396291,2.131227,0.002172,4398.517373,1
105.114739,0.994204,0.002766,0.250228,0.114426,1.315157,1.917792,0.002766,4437.231961,1
84.792299,0.995525,0.002364,0.255938,0.116304,1.281261,1.559041,0.002364,4745.384392,1
98.304063,0.994635,0.002003,0.253504,0.114701,1.361635,1.817647,0.002003,4498.835687,1
92.611761,0.994826,0.002230,0.247241,0.114761,1.342086,1.860566,0.002230,4418.660031,1
96.743352,0.994889,0.001935,0.250184,0.114148,1.345407,1.776761,0.001935,4718.940272,1
79.970077,0.995538,0.002127,0.253295,0.115367,1.377313,1.740450,0.002127,4361.563618,1
79.740883,0.995521,0.001946,0.250164,0.115428,1.415012,1.855192,0.001946,4229.544741,1
89.843860,0.994951,0.002783,0.267059,0.120278,1.334528,1.724764,0.002783,4259.537485,1
121.370002,0.993549,0.002245,0.264001,0.122664,1.388019,1.940232,0.002245,4458.798574,1
76.615611,0.996012,0.001487,0.244685,0.112176,1.368975,1.684168,0.001487,4845.443471,1
105.231078,0.994151,0.002016,0.253202,0.119461,1.390583,1.923747,0.002016,4343.145412,1
76.533694,0.995841,0.001747,0.255006,0.115938,1.391488,1.643500,0.001747,4456.118716,1
98.773852,0.994568,0.001983,0.251727,0.114471,1.371269,1.885839,0.001983,4474.122001,1
86.809219,0.995542,0.001835,0.249054,0.113634,1.321988,1.723239,0.001835,4951.912224,2
95.671529,0.994846,0.002427,0.258117,0.116583,1.322247,1.818664,0.002427,4595.106605,2
60.037035,0.996761,0.001870,0.242001,0.110328,1.283733,1.457807,0.001870,4806.780632,2
96.212560,0.994750,0.002320,0.249320,0.113690,1.303314,1.783660,0.002320,4623.840886,2
73.879082,0.996097,0.001927,0.247931,0.113416,1.312489,1.602832,0.001927,4791.098068,2
67.747201,0.996377,0.002183,0.248770,0.112873,1.275419,1.555047,0.002183,4773.284227,2
72.606533,0.996130,0.002084,0.247079,0.112439,1.258293,1.546696,0.002084,4861.460105,2
53.683585,0.997136,0.001978,0.242304,0.112058,1.316158,1.490269,0.001978,4743.046692,2
82.228755,0.995702,0.003014,0.254561,0.117365,1.212267,1.572258,0.003014,4885.648156,2
57.321494,0.997044,0.002532,0.260449,0.117098,1.251871,1.389906,0.002532,4899.442570,2
82.069568,0.995756,0.001710,0.232967,0.108439,1.278265,1.709513,0.001710,5067.577318,2
74.514812,0.996127,0.002098,0.251028,0.114289,1.305727,1.622585,0.002098,4831.705421,2
54.798909,0.997037,0.001993,0.245200,0.110994,1.317324,1.521351,0.001993,4683.759960,2
77.859619,0.995805,0.002212,0.250582,0.110811,1.310028,1.672839,0.002212,4657.884728,2
61.682060,0.996842,0.001962,0.239966,0.111479,1.254447,1.432680,0.001962,5058.939830,2
82.542117,0.995574,0.001667,0.231830,0.106307,1.302881,1.716122,0.001667,4825.658716,2
76.045748,0.995981,0.001891,0.236697,0.112026,1.315267,1.720261,0.001891,4810.298082,2
71.442844,0.996140,0.001537,0.232718,0.108184,1.323669,1.625272,0.001537,4751.254579,2
75.119242,0.996120,0.001608,0.233814,0.107381,1.319327,1.678141,0.001608,5020.913797,2
79.719604,0.995824,0.001888,0.244034,0.112737,1.316540,1.646115,0.001888,4856.182116,2
105.454172,0.994420,0.001881,0.240780,0.110099,1.318261,1.912999,0.001881,4850.645076,2
57.358604,0.996834,0.001240,0.221112,0.104544,1.394383,1.617429,0.001240,4609.701256,2
57.495713,0.996841,0.001968,0.251313,0.113005,1.313955,1.492810,0.001968,4602.956964,2
88.447709,0.995104,0.001574,0.228898,0.105227,1.350485,1.857589,0.001574,4614.458729,2
88.337905,0.995246,0.001858,0.240492,0.111062,1.337831,1.828395,0.001858,4660.741553,2
78.418733,0.995797,0.002038,0.243440,0.109989,1.245460,1.554248,0.002038,4880.057627,2
76.127666,0.995965,0.002424,0.253273,0.114302,1.290840,1.647930,0.002424,4755.828677,2
74.852139,0.995984,0.001842,0.230642,0.105921,1.285988,1.694989,0.001842,4845.204792,2
68.885618,0.996290,0.001571,0.237101,0.107199,1.324967,1.622440,0.001571,4801.549715,2
63.916918,0.996634,0.002605,0.259083,0.116794,1.243051,1.409441,0.002605,4840.376879,2
75.047346,0.995795,0.001763,0.240708,0.113241,1.345026,1.713580,0.001763,4501.092708,2
72.695785,0.996030,0.001644,0.236652,0.108818,1.323830,1.648293,0.001644,4711.752079,2
86.018370,0.995505,0.001628,0.240494,0.112530,1.353786,1.732389,0.001628,4850.616855,2
63.521058,0.996615,0.001515,0.236890,0.109303,1.356443,1.610675,0.001515,4750.215727,2
92.767026,0.995065,0.001490,0.238744,0.110650,1.387400,1.866376,0.001490,4736.880861,2
77.488523,0.995756,0.001624,0.232248,0.106705,1.317243,1.677487,0.001624,4707.484635,2
85.219604,0.995210,0.001440,0.226857,0.105515,1.354756,1.830646,0.001440,4595.788463,2
88.990555,0.995272,0.001974,0.234167,0.110626,1.296106,1.773711,0.001974,4851.969500,2
87.171746,0.995479,0.001723,0.231166,0.108105,1.290752,1.801089,0.001723,5025.684727,2
99.676975,0.994733,0.001234,0.225537,0.105062,1.385552,1.974001,0.001234,4852.205709,2
72.866301,0.995952,0.001398,0.236062,0.110976,1.405942,1.746623,0.001398,4484.729362,2
75.607332,0.995918,0.002034,0.242642,0.109802,1.325929,1.685911,0.002034,4677.999815,2
56.222220,0.996919,0.001684,0.236118,0.105060,1.336039,1.574873,0.001684,4663.222605,2
81.105952,0.995496,0.001600,0.228038,0.104555,1.345720,1.896224,0.001600,4623.982345,2
90.961798,0.995280,0.001184,0.221358,0.104121,1.370238,1.828758,0.001184,4971.805599,2
60.199780,0.996811,0.002052,0.246451,0.116037,1.307455,1.493174,0.002052,4732.995992,2
81.203628,0.995570,0.001776,0.233680,0.108571,1.310268,1.785040,0.001776,4752.596496,2
61.816555,0.996739,0.001529,0.236919,0.108992,1.359074,1.631082,0.001529,4760.780613,2
97.841971,0.994722,0.001320,0.222960,0.104835,1.356080,1.964996,0.001320,4848.993193,2
66.024906,0.996453,0.001517,0.228802,0.104850,1.347910,1.691721,0.001517,4773.781305,2
96.855116,0.994786,0.001440,0.240544,0.112152,1.477911,2.063253,0.001440,4404.499711,3
97.697164,0.994511,0.002062,0.257885,0.119704,1.442624,2.010457,0.002062,4158.703958,3
83.181187,0.995416,0.002411,0.247283,0.114732,1.329293,1.740087,0.002411,4434.650970,3
97.909800,0.994519,0.001857,0.251564,0.116347,1.431424,1.990269,0.001857,4241.896905,3
101.072908,0.994641,0.002493,0.265766,0.122208,1.332702,1.716776,0.002493,4533.334922,3
76.492081,0.995827,0.001892,0.248389,0.115309,1.396075,1.791140,0.001892,4430.445978,3
130.493169,0.992823,0.002147,0.257881,0.115275,1.428819,2.199492,0.002147,4309.203683,3
101.630061,0.994323,0.002353,0.244936,0.113350,1.383329,2.038344,0.002353,4288.765127,3
134.895056,0.992956,0.003029,0.266753,0.121167,1.328699,2.073566,0.003029,4579.077236,3
107.135290,0.994093,0.002114,0.255878,0.116930,1.428886,2.060349,0.002114,4230.893237,3
90.654172,0.995229,0.002406,0.249522,0.113956,1.304977,1.795788,0.002406,4703.503143,3
65.589104,0.996366,0.001464,0.235737,0.110645,1.459580,1.796950,0.001464,4297.444548,3
77.949525,0.995498,0.001579,0.234876,0.111456,1.435050,1.889397,0.001579,4185.803987,3
89.723744,0.994841,0.001510,0.236345,0.111484,1.462265,2.024256,0.001510,4174.835627,3
86.835000,0.995143,0.001758,0.239054,0.113202,1.443466,1.989397,0.001758,4245.188689,3
99.787505,0.994620,0.001328,0.233051,0.109879,1.479066,2.075962,0.001328,4458.091661,3
115.288739,0.993581,0.001205,0.225253,0.107014,1.517747,2.396659,0.001205,4283.774845,3
76.739794,0.995707,0.001147,0.230190,0.109998,1.478380,1.838417,0.001147,4359.007929,3
102.933620,0.994063,0.001621,0.238084,0.111293,1.481230,2.197676,0.001621,4060.746193,3
82.277557,0.995091,0.001321,0.230258,0.107014,1.499186,2.052142,0.001321,3957.789481,3
58.481334,0.996694,0.001271,0.223911,0.104837,1.385068,1.651561,0.001271,4456.365329,3
66.259620,0.996336,0.001679,0.250533,0.116888,1.431615,1.724256,0.001679,4300.374293,3
79.084238,0.995598,0.001494,0.240763,0.114267,1.454522,1.877705,0.001494,4292.691360,3
65.867608,0.996154,0.001342,0.229019,0.105595,1.467889,1.902760,0.001342,4138.467264,3
94.864702,0.994440,0.001522,0.233552,0.109810,1.497798,2.176979,0.001522,4013.158198,3
106.644295,0.994133,0.003312,0.261136,0.118806,1.344362,2.036747,0.003312,4245.344867,3
80.450469,0.995742,0.002282,0.266015,0.122225,1.388741,1.748656,0.002282,4435.153721,3
105.619676,0.994111,0.002419,0.262269,0.120975,1.423490,2.098693,0.002419,4188.383596,3
91.097673,0.995010,0.002579,0.260695,0.122235,1.391904,1.893028,0.002579,4288.883365,3
90.878791,0.995219,0.002673,0.261719,0.120061,1.326338,1.800073,0.002673,4615.727525,3
87.930062,0.995316,0.002734,0.272334,0.125329,1.349927,1.717865,0.002734,4403.069763,3
56.987580,0.997037,0.002390,0.261247,0.121576,1.301479,1.407625,0.002390,4708.307569,3
84.559909,0.995318,0.002060,0.254794,0.116805,1.387269,1.807698,0.002060,4341.900800,3
80.868842,0.995710,0.002357,0.262831,0.117670,1.359495,1.721569,0.002357,4505.001107,3
87.052792,0.995497,0.001999,0.249351,0.114808,1.346454,1.808061,0.001999,4756.444252,3
82.560709,0.995511,0.001987,0.257409,0.119199,1.400662,1.840450,0.001987,4418.075289,3
71.449235,0.996038,0.002121,0.256802,0.116626,1.388658,1.682353,0.002121,4315.225902,3
89.645966,0.995231,0.001946,0.257010,0.116243,1.372033,1.768410,0.001946,4585.830767,3
72.948218,0.995960,0.001882,0.249506,0.115038,1.445514,1.847277,0.001882,4255.403203,3
101.503409,0.994620,0.002803,0.267039,0.119458,1.330244,1.861002,0.002803,4546.527650,3
98.501957,0.994808,0.002328,0.260692,0.118072,1.364742,1.903268,0.002328,4534.925811,3
101.453882,0.994686,0.002371,0.266836,0.118782,1.386831,1.908787,0.002371,4527.067541,3
94.964775,0.994948,0.002525,0.267145,0.121203,1.367581,1.833188,0.002525,4452.275175,3
81.803192,0.995488,0.002656,0.258347,0.116878,1.335339,1.799128,0.002656,4383.679460,3
70.960854,0.996320,0.002015,0.251486,0.117421,1.362294,1.670516,0.002015,4677.350755,3
56.395350,0.996983,0.002370,0.260909,0.119267,1.352911,1.498039,0.002370,4473.217850,3
92.547854,0.995064,0.002283,0.255959,0.118451,1.335709,1.760203,0.002283,4594.676218,3
81.764121,0.995529,0.002347,0.261203,0.121219,1.357042,1.732462,0.002347,4370.042140,3
82.575015,0.995484,0.002250,0.264265,0.120183,1.420410,1.930428,0.002250,4290.708349,3
71.074507,0.996188,0.002358,0.267568,0.122124,1.348643,1.534931,0.002358,4456.759679,3
118.510598,0.993379,0.001504,0.252071,0.119236,1.516359,2.185403,0.001504,4115.848164,4
90.209873,0.994904,0.002514,0.268373,0.122664,1.447647,1.942193,0.002514,3989.582317,4
111.621419,0.994011,0.002557,0.267347,0.120995,1.415089,2.065432,0.002557,4268.072367,4
99.890119,0.994255,0.002046,0.265770,0.120936,1.515288,2.117574,0.002046,3857.654382,4
105.004934,0.994273,0.002332,0.274964,0.125588,1.449800,1.966884,0.002332,4141.201771,4
79.953301,0.995400,0.001823,0.245247,0.113150,1.529171,2.093174,0.001823,3949.852393,4
84.038196,0.995234,0.001367,0.231508,0.104796,1.521866,2.138998,0.001367,4092.081135,4
86.470658,0.995281,0.001531,0.238111,0.107337,1.505114,2.213290,0.001531,4310.665171,4
83.387651,0.995105,0.001288,0.229038,0.106012,1.536652,2.155991,0.001288,3945.057424,4
86.802684,0.995328,0.001873,0.245895,0.114540,1.463582,1.902324,0.001873,4355.626991,4
87.040011,0.995098,0.001775,0.245929,0.114359,1.503497,2.157226,0.001775,4060.912660,4
62.205517,0.996707,0.001722,0.237985,0.110724,1.437553,1.796369,0.001722,4458.393608,4
100.577701,0.994268,0.001427,0.237657,0.109413,1.523833,2.229412,0.001427,4082.608413,4
84.766082,0.995221,0.001705,0.246035,0.112432,1.489549,2.053377,0.001705,4077.223441,4
102.982930,0.994086,0.001487,0.234763,0.110518,1.518300,2.241176,0.001487,4031.668360,4
93.814593,0.994657,0.001177,0.230473,0.106479,1.552426,2.249310,0.001177,4104.507701,4
86.750904,0.995078,0.001413,0.237271,0.110704,1.568470,2.225127,0.001413,3970.974808,4
94.305080,0.994812,0.001668,0.247427,0.115604,1.480344,1.999346,0.001668,4189.814736,4
97.141100,0.994507,0.001322,0.240021,0.111542,1.576738,2.264706,0.001322,4033.285762,4
101.567171,0.994467,0.001598,0.248733,0.112949,1.497275,2.067974,0.001598,4272.668819,4
73.409148,0.995883,0.001454,0.250043,0.116078,1.530555,1.913725,0.001454,4076.706618,4
94.977266,0.994531,0.001658,0.241756,0.114312,1.512583,2.223892,0.001658,3995.316854,4
93.388594,0.994942,0.002075,0.251894,0.115183,1.458544,2.019680,0.002075,4273.122249,4
109.071310,0.993732,0.001450,0.244275,0.110209,1.566959,2.358896,0.001450,3952.735245,4
86.441391,0.995157,0.001442,0.244811,0.112601,1.557581,2.150908,0.001442,4044.738937,4
75.797383,0.995590,0.001079,0.232814,0.109136,1.609134,2.113144,0.001079,3908.577418,4
78.812198,0.995289,0.001697,0.239723,0.108776,1.514709,2.066231,0.001697,3870.968564,4
63.790557,0.996567,0.001094,0.217870,0.101532,1.439106,1.804938,0.001094,4664.114437,4
81.142698,0.995298,0.001404,0.236161,0.108698,1.552924,2.131663,0.001404,3961.154780,4
77.885182,0.995487,0.001608,0.240450,0.112217,1.511599,2.057734,0.001608,3993.207858,4
75.959111,0.995840,0.001284,0.231630,0.108425,1.473650,1.927015,0.001284,4419.547730,4
85.638341,0.995013,0.001542,0.248184,0.114412,1.554377,2.086274,0.001542,3903.328946,4
81.857078,0.994897,0.001354,0.241605,0.112139,1.564288,2.124909,0.001354,3632.252750,4
85.191355,0.995033,0.001858,0.245435,0.113606,1.486947,2.113217,0.001858,3964.226837,4
92.473998,0.994402,0.001788,0.240451,0.111010,1.558867,2.270661,0.001788,3732.712938,4
77.178065,0.995681,0.001749,0.251870,0.115970,1.544861,2.041394,0.001749,3968.477645,4
68.387289,0.996128,0.001497,0.235619,0.107710,1.411338,1.773493,0.001497,4322.377867,4
77.895930,0.995652,0.001461,0.246859,0.114754,1.484551,1.826797,0.001461,4254.821636,4
76.494623,0.995507,0.001813,0.251175,0.116902,1.508604,1.989034,0.001813,3842.657850,4
85.519605,0.995292,0.001832,0.243185,0.113849,1.430806,1.913798,0.001832,4325.296263,4
69.614740,0.996103,0.001897,0.240056,0.112848,1.365041,1.772331,0.001897,4381.729554,4
78.314739,0.995567,0.001625,0.245432,0.114840,1.455919,1.836747,0.001625,4198.514903,4
68.204064,0.996139,0.001708,0.251511,0.117989,1.455345,1.759622,0.001708,4130.917511,4
98.617716,0.994528,0.000913,0.216650,0.099593,1.590184,2.335367,0.000913,4198.795425,4
67.978138,0.996055,0.001204,0.225156,0.105843,1.545470,2.076471,0.001204,4046.571747,4
79.297019,0.995491,0.001357,0.236580,0.108287,1.500728,1.993028,0.001357,4137.077866,4
86.544659,0.995085,0.002138,0.251207,0.118339,1.473374,2.029194,0.002138,4006.360185,4
88.444078,0.995281,0.002464,0.267206,0.123784,1.414123,1.818518,0.002464,4323.180706,4
63.481915,0.996543,0.002055,0.251316,0.118602,1.382472,1.621932,0.002055,4394.987716,4
76.784529,0.995447,0.001755,0.250434,0.119049,1.521759,2.041176,0.001755,3784.911799,4
88.072473,0.994787,0.000337,0.161752,0.075386,1.566873,2.527959,0.000337,4520.867315,5
72.198036,0.996122,0.001028,0.208832,0.098105,1.322836,1.751126,0.001028,5010.403408,5
93.664194,0.995001,0.001000,0.203133,0.095037,1.329874,1.985621,0.001000,5069.772059,5
80.631006,0.995643,0.001025,0.204494,0.096398,1.345450,1.902760,0.001025,4946.188036,5
92.686126,0.994834,0.000940,0.193249,0.091650,1.343166,2.109949,0.000940,4881.449991,5
113.575013,0.993788,0.001039,0.202735,0.095673,1.348838,2.108206,0.001039,4893.801104,5
97.435435,0.994740,0.001115,0.198354,0.094836,1.303349,1.983152,0.001115,5023.511913,5
83.283439,0.995697,0.001155,0.193678,0.091475,1.273288,1.843791,0.001155,5320.640671,5
94.541318,0.994843,0.001192,0.197998,0.094259,1.264786,1.890051,0.001192,5032.308524,5
116.258892,0.993784,0.001179,0.201291,0.094017,1.300270,2.203558,0.001179,5114.703484,5
82.551195,0.995450,0.001334,0.214616,0.101796,1.283424,1.733188,0.001334,4897.715202,5
81.762960,0.995588,0.001364,0.213148,0.097568,1.341453,1.916776,0.001364,4877.628704,5
70.940012,0.996028,0.001292,0.213973,0.099657,1.336805,1.825708,0.001292,4717.458250,5
66.681769,0.996330,0.001393,0.215008,0.099001,1.236116,1.545388,0.001393,4977.491485,5
72.395567,0.996218,0.001400,0.216709,0.100778,1.270436,1.623457,0.001400,5139.962318,5
70.729917,0.996144,0.000992,0.198176,0.094426,1.340344,1.812418,0.000992,4925.695160,5
136.756785,0.992361,0.001118,0.205202,0.094550,1.379269,2.448439,0.001118,4709.496976,5
102.936670,0.994538,0.001098,0.201150,0.095326,1.318897,2.029630,0.001098,5088.782907,5
85.540810,0.995422,0.001193,0.208394,0.098037,1.335553,1.929630,0.001193,4946.924231,5
92.776177,0.994701,0.001118,0.210123,0.099113,1.345616,1.954539,0.001118,4676.908740,5
125.327591,0.993229,0.001250,0.202909,0.097114,1.310510,2.240450,0.001250,4980.759912,5
115.932966,0.993897,0.001331,0.210962,0.100146,1.301414,2.050472,0.001331,5098.989813,5
64.614304,0.996422,0.000997,0.204587,0.094345,1.350668,1.767683,0.000997,4851.329524,5
88.730279,0.995057,0.001294,0.207581,0.098846,1.327987,1.934931,0.001294,4755.862436,5
117.290409,0.993807,0.001177,0.201727,0.094410,1.314103,2.185403,0.001177,5109.412947,5
68.340956,0.996272,0.001214,0.208125,0.099637,1.319465,1.733261,0.001214,4877.996637,5
89.162959,0.995200,0.001236,0.214231,0.102851,1.332134,1.922731,0.001236,4915.778413,5
73.464921,0.996091,0.001121,0.199417,0.095690,1.305007,1.794045,0.001121,5096.150220,5
104.532676,0.994340,0.000896,0.203038,0.097079,1.397898,2.089397,0.000896,4885.053860,5
93.266009,0.994881,0.001162,0.205933,0.098385,1.302716,1.900726,0.001162,4945.184824,5
71.707695,0.996141,0.001136,0.210407,0.097681,1.354658,1.835802,0.001136,4905.407015,5
79.992589,0.995862,0.001376,0.216482,0.100242,1.311477,1.816703,0.001376,5100.633808,5
67.640012,0.996536,0.001426,0.213745,0.098488,1.237680,1.537182,0.001426,5297.147329,5
73.528538,0.996100,0.000985,0.204411,0.096110,1.325658,1.778213,0.000985,5124.223920,5
90.446184,0.994977,0.001512,0.211334,0.100953,1.280492,1.876398,0.001512,4792.986898,5
74.964776,0.995863,0.001074,0.202854,0.095665,1.309909,1.754321,0.001074,4929.689436,5
101.469639,0.994647,0.001254,0.208300,0.099322,1.278668,1.902760,0.001254,5180.194130,5
73.852793,0.995922,0.001042,0.207278,0.098292,1.339863,1.729194,0.001042,4855.422709,5
88.923962,0.995214,0.001041,0.202514,0.094948,1.318684,1.882280,0.001041,5035.066375,5
115.264266,0.993669,0.000919,0.195685,0.091654,1.353312,2.183224,0.000919,4964.373189,5
93.320040,0.994676,0.000819,0.186591,0.088093,1.363549,2.167102,0.000819,4788.749164,5
102.995856,0.994496,0.001270,0.205048,0.096844,1.299907,2.047277,0.001270,5059.233158,5
93.259401,0.994847,0.000951,0.203629,0.092562,1.334642,1.945679,0.000951,4914.040339,5
110.289901,0.993972,0.001051,0.207145,0.096226,1.295964,1.935367,0.001051,5022.149204,5
73.543352,0.996017,0.001226,0.211174,0.099592,1.327983,1.821496,0.001226,4914.255313,5
96.567534,0.994824,0.001029,0.207799,0.099898,1.337352,1.908715,0.001029,5016.604429,5
75.735218,0.995716,0.001137,0.214046,0.099174,1.361415,1.845606,0.001137,4665.235997,5
69.920259,0.996122,0.001027,0.212093,0.097737,1.353671,1.753232,0.001027,4811.228870,5
80.873199,0.995749,0.000981,0.203796,0.095445,1.342434,1.828177,0.000981,5112.509638,5
78.866373,0.995602,0.001010,0.206416,0.095560,1.346920,1.869426,0.001010,4831.532308,5
75.321638,0.995768,0.001110,0.199381,0.093829,1.349139,1.915686,0.001110,4711.815358,6
90.351558,0.995162,0.001337,0.224369,0.108522,1.341212,1.824619,0.001337,4838.762299,6
103.002102,0.994402,0.001942,0.234062,0.111772,1.299585,1.884023,0.001942,4743.103064,6
92.320185,0.994924,0.001174,0.213609,0.102092,1.373172,2.022876,0.001174,4703.617655,6
104.814230,0.994223,0.001325,0.218326,0.105419,1.379561,2.061438,0.001325,4646.854158,6
83.851631,0.995359,0.001064,0.210773,0.098926,1.366435,1.913653,0.001064,4781.542917,6
84.036380,0.995420,0.001250,0.213725,0.100970,1.344976,1.856282,0.001250,4813.940975,6
92.478137,0.995106,0.001354,0.221187,0.104643,1.344327,1.916049,0.001354,4889.472784,6
66.697601,0.996368,0.001353,0.222142,0.105255,1.331409,1.620770,0.001353,4795.470714,6
90.340156,0.995126,0.001888,0.235326,0.108903,1.283708,1.727088,0.001888,4812.735781,6
78.921203,0.995782,0.001112,0.216188,0.102448,1.374851,1.805447,0.001112,4870.944048,6
79.586416,0.995532,0.001362,0.224480,0.108861,1.343768,1.691431,0.001362,4619.413783,6
72.197092,0.996185,0.001182,0.220462,0.104067,1.348799,1.713871,0.001182,4946.711983,6
73.166809,0.995993,0.001239,0.228161,0.106466,1.377546,1.732534,0.001239,4670.881962,6
97.869713,0.994768,0.001166,0.207864,0.100647,1.293810,1.856500,0.001166,5054.538800,6
82.291427,0.995507,0.000992,0.207286,0.092694,1.394446,1.932244,0.000992,4778.013094,6
91.886997,0.994860,0.001198,0.215869,0.102616,1.357854,1.841540,0.001198,4677.615730,6
84.690411,0.995479,0.001224,0.216763,0.099458,1.349161,1.847567,0.001224,4900.860978,6
81.664703,0.995517,0.001087,0.215176,0.103659,1.395120,1.846260,0.001087,4715.339910,6
99.742625,0.994554,0.001197,0.209291,0.099396,1.385443,2.080755,0.001197,4713.308761,6
93.083511,0.994840,0.001204,0.219263,0.104283,1.399365,1.997095,0.001204,4592.780515,6
84.812197,0.995382,0.001452,0.221209,0.102854,1.348725,1.895425,0.001452,4744.718559,6
87.903410,0.995239,0.001069,0.212073,0.099868,1.343196,1.804067,0.001069,4881.675660,6
86.649670,0.995065,0.001083,0.216384,0.101226,1.426352,2.013798,0.001083,4474.845186,6
72.303338,0.996081,0.001419,0.222517,0.106538,1.305775,1.647422,0.001419,4825.663305,6
86.602466,0.995019,0.001353,0.239386,0.112124,1.520490,2.004648,0.001353,3985.185851,6
84.843352,0.995414,0.001281,0.221361,0.105963,1.336555,1.774074,0.001281,4812.426844,6
86.767389,0.995076,0.001288,0.214582,0.102857,1.351017,1.916267,0.001288,4579.303051,6
91.836089,0.995036,0.001078,0.219907,0.103920,1.406754,2.012999,0.001078,4739.405629,6
92.971892,0.994794,0.001484,0.212722,0.101606,1.339781,2.125853,0.001484,4613.451030,6
95.489030,0.994730,0.001339,0.228607,0.105373,1.396081,1.956282,0.001339,4625.368977,6
85.230135,0.995133,0.001431,0.220932,0.104769,1.315981,1.797894,0.001431,4625.606651,6
93.613722,0.994920,0.001502,0.222310,0.101563,1.368043,2.030138,0.001502,4675.110345,6
94.162015,0.995140,0.001193,0.212703,0.099910,1.357789,1.940232,0.001193,5054.374378,6
77.994986,0.995665,0.001493,0.212554,0.098879,1.338795,1.945316,0.001493,4719.503494,6
84.183076,0.995518,0.001413,0.226129,0.103630,1.325862,1.733842,0.001413,4897.660758,6
75.871892,0.995845,0.001264,0.216765,0.102826,1.375626,1.841249,0.001264,4729.360376,6
75.133112,0.995875,0.001664,0.218646,0.102078,1.310790,1.789906,0.001664,4763.033707,6
98.543714,0.994741,0.001182,0.208416,0.098908,1.381855,2.118882,0.001182,4828.982443,6
88.050614,0.995147,0.001161,0.217699,0.102522,1.370102,1.924256,0.001161,4712.995921,6
74.827811,0.995927,0.001388,0.230734,0.110208,1.388045,1.787146,0.001388,4625.272414,6
67.430643,0.996367,0.001464,0.232978,0.109871,1.357251,1.639216,0.001464,4685.992926,6
108.232021,0.994084,0.001377,0.229125,0.109691,1.380273,1.996151,0.001377,4623.577670,6
86.725269,0.995304,0.001251,0.220001,0.105125,1.357760,1.923965,0.001251,4773.186947,6
126.919603,0.992477,0.001424,0.240634,0.115171,1.553786,2.412999,0.001424,3830.561434,6
77.809292,0.995795,0.001504,0.232875,0.108011,1.342030,1.694989,0.001504,4776.096838,6
92.776322,0.994887,0.001762,0.229637,0.105278,1.282475,1.803922,0.001762,4764.798228,6
102.972835,0.994320,0.001920,0.239879,0.107930,1.334684,1.944808,0.001920,4581.221186,6
100.787505,0.994526,0.001945,0.239918,0.111534,1.307344,1.834858,0.001945,4679.602203,6
88.163976,0.995354,0.001601,0.224958,0.109410,1.312280,1.799709,0.001601,4926.988415,6
