73.4683689422,0.995043631424,0.00659534921485,0.581805002934,0.252007059277,2.43808667536,1.96397081813,0.00659534921485,7410.10984782,1.0,
77.9629181866,0.994845686339,0.00754759652318,0.586535529997,0.253698688881,2.37921472665,1.95053673788,0.00754759652318,7561.60438347,1.0,
84.2024335591,0.994616703124,0.00669876224725,0.585707943471,0.254611872123,2.41744507156,1.97192808755,0.00669876224725,7819.24946554,1.0,
71.939119333,0.995250756223,0.00733598025939,0.589051564493,0.25480541345,2.38084339863,1.84628973424,0.00733598025939,7572.45767893,1.0,
70.4477957269,0.995416045512,0.00691283587699,0.585993962648,0.25324368066,2.40239608995,1.87998957791,0.00691283587699,7682.65048517,1.0,
75.5001511204,0.995044001178,0.00762822747539,0.591651083053,0.253633692178,2.36423812004,1.89840020844,0.00762822747539,7615.67202304,1.0,
81.6611672746,0.994583194797,0.00725847604425,0.586068447386,0.25401047293,2.38927808139,1.98940072955,0.00725847604425,7536.39612008,1.0,
71.3569775925,0.995362010648,0.0076759403035,0.596937972805,0.253142194724,2.35257797329,1.81660239708,0.0076759403035,7691.35727335,1.0,
80.0544398124,0.994871368085,0.00814567671791,0.589608529494,0.257243408707,2.39918501166,1.94646690985,0.00814567671791,7803.59294169,1.0,
76.9734184471,0.994800988539,0.00941702825832,0.599619783774,0.256607803632,2.33962538727,1.92078686816,0.00941702825832,7401.71256662,1.0,
87.5278791037,0.994253740247,0.00889091721766,0.595510613582,0.256740648116,2.35275758596,2.02947368421,0.00889091721766,7615.04377563,1.0,
71.4566909849,0.995402806925,0.0084142743053,0.600566504111,0.25785875943,2.37541044206,1.82609171443,0.0084142743053,7770.71250989,1.0,
60.8282490881,0.995831682068,0.00912962386774,0.600749450382,0.257028942661,2.33168112263,1.7168681605,0.00912962386774,7295.58526841,1.0,
72.3389265242,0.995125317942,0.00879613383186,0.594177953399,0.255368162184,2.37526500529,1.94211568525,0.00879613383186,7418.94659494,1.0,
78.9504273059,0.994791144272,0.00867961530033,0.594530835315,0.25642936764,2.38185885377,1.92943720688,0.00867961530033,7577.56208471,1.0,
77.2001406983,0.995016836771,0.00899136334741,0.596538614032,0.25697401682,2.35485132688,1.89139656071,0.00899136334741,7745.12569754,1.0,
70.8581396561,0.995449899757,0.00837441014555,0.603189282841,0.258852752399,2.36223536704,1.81415841584,0.00837441014555,7785.3779366,1.0,
68.561651902,0.995715558822,0.00918301111645,0.6043740436,0.258076491929,2.35252590072,1.77136529442,0.00918301111645,8000.2653306,1.0,
66.4332829599,0.995720407389,0.00799261633412,0.60066025858,0.260764022619,2.37872386482,1.76866597186,0.00799261633412,7760.58764535,1.0,
81.5233663366,0.994751255065,0.00845574566178,0.601222253218,0.258572304002,2.3575702035,1.94537780094,0.00845574566178,7764.9019963,1.0,
65.2877800938,0.99579164487,0.00910002940888,0.608941453206,0.257842380325,2.32358728089,1.71569046378,0.00910002940888,7755.90462276,1.0,
68.9915633142,0.995528448384,0.00936753949222,0.607429500891,0.258872679672,2.316787422,1.76093277749,0.00936753949222,7713.52401741,1.0,
68.3130953622,0.995769179847,0.00924210863038,0.601556344628,0.257234169376,2.33903200602,1.7887806149,0.00924210863038,8072.31073404,1.0,
72.1377331944,0.995206412817,0.00890300554424,0.603253458996,0.259113504062,2.3277133744,1.80105784263,0.00890300554424,7523.34686966,1.0,
73.2759197499,0.995270210804,0.00896628422448,0.596975351418,0.256071224034,2.3569859405,1.91214695154,0.00896628422448,7745.21961599,1.0,
86.889557061,0.994428379485,0.00878894763726,0.593812327624,0.255593722008,2.37988416812,2.04963001563,0.00878894763726,7796.48556699,1.0,
73.6394372069,0.995290896833,0.00874375289371,0.606694930436,0.25861642436,2.35919212633,1.8181865555,0.00874375289371,7817.83332028,1.0,
68.5178999479,0.995397102868,0.00851844007472,0.600331084878,0.256749339499,2.37056828122,1.81777488275,0.00851844007472,7441.95877723,1.0,
72.299557061,0.995096324968,0.00864129044977,0.596571931052,0.255442267114,2.40340320185,1.91453361126,0.00864129044977,7371.05102087,1.0,
68.3908129234,0.995616153853,0.00989009181382,0.600004129903,0.255188390735,2.33409332819,1.87030224075,0.00989009181382,7799.38483462,1.0,
75.2639812402,0.994923138144,0.00874751201677,0.599886764309,0.256078297041,2.38636901997,1.9401980198,0.00874751201677,7411.50592245,1.0,
71.5090880667,0.99517038158,0.00898166075185,0.603390124758,0.258247989521,2.33960982762,1.813736321,0.00898166075185,7402.2365112,1.0,
82.3283116206,0.994693723855,0.00906489494675,0.603265330554,0.258947704721,2.33813716133,1.91353309015,0.00906489494675,7756.69062151,1.0,
74.7730693069,0.994995457448,0.00881086629658,0.602315673348,0.257748905603,2.37911371606,1.87752996352,0.00881086629658,7469.63316195,1.0,
76.1576081292,0.994948947465,0.0103864046244,0.607609349087,0.258737814866,2.29083706585,1.84011985409,0.0103864046244,7537.88332038,1.0,
77.0607816571,0.994886373899,0.00946232738575,0.604504322639,0.257335773087,2.34345778833,1.8618238666,0.00946232738575,7533.99422774,1.0,
90.4253361126,0.994348119772,0.00848490656367,0.601335070192,0.258381927253,2.38479268242,1.99253778009,0.00848490656367,7998.63724956,1.0,
72.3488431475,0.995170094448,0.00848573728989,0.593239057824,0.256855226874,2.39999730302,1.89979676915,0.00848573728989,7488.68013979,1.0,
60.2533090151,0.996094557018,0.00887874672001,0.597223099132,0.256531870486,2.40921618084,1.72458572173,0.00887874672001,7713.142507,1.0,
79.004945284,0.994725208596,0.0092686442397,0.598274079737,0.257216177239,2.36306544065,1.95367899948,0.0092686442397,7488.04029263,1.0,
69.7343772798,0.995521494383,0.00917730161157,0.591127459951,0.255698117594,2.34314538254,1.86468473163,0.00917730161157,7784.50110656,1.0,
86.7768994268,0.994345902358,0.00866612496032,0.598724244763,0.259120455185,2.35011060388,1.96508077124,0.00866612496032,7672.80516033,1.0,
71.5128295987,0.995338367499,0.00881401893954,0.602657869185,0.257093446189,2.36780621982,1.870109432,0.00881401893954,7669.48763974,1.0,
74.2303439291,0.995058185252,0.00887001203782,0.599158686794,0.256259493062,2.38047861612,1.92233976029,0.00887001203782,7509.55506295,1.0,
73.9765867639,0.994978305362,0.00938644291296,0.598045412185,0.257291923653,2.34324080626,1.87555497655,0.00938644291296,7364.85656127,1.0,
75.4877644607,0.994757405776,0.00828631134691,0.591705715226,0.254679164468,2.40246111935,1.97386138614,0.00828631134691,7198.56896132,1.0,
72.1196560709,0.99517695225,0.00925410984367,0.601497601433,0.25874177901,2.36361373518,1.84601354872,0.00925410984367,7475.74195924,1.0,
73.4990880667,0.995244060606,0.00884340609701,0.60148614369,0.259045243928,2.36784174931,1.83678478374,0.00884340609701,7726.202773,1.0,
72.6908233455,0.995261592747,0.00905482934295,0.605849633422,0.258842735672,2.34648859893,1.7956591975,0.00905482934295,7669.49465221,1.0,
74.778572173,0.995224163936,0.00910969056589,0.607598446474,0.260321813006,2.31854492706,1.82392912976,0.00910969056589,7827.80272563,1.0,
90.380875456,0.994373856427,0.00799796934796,0.598594376979,0.257633179292,2.37347910541,1.96038561751,0.00799796934796,8031.197242,2.0,
80.6058415842,0.994889865799,0.00787965657595,0.600819065922,0.256987144603,2.37384291446,1.86017196456,0.00787965657595,7885.72398697,2.0,
76.2694163627,0.994954996351,0.00857977766017,0.594505581149,0.255030330785,2.33915814598,1.92907243356,0.00857977766017,7557.94358858,2.0,
83.4803699844,0.99472369364,0.00824740005665,0.601673883107,0.254382244401,2.37388876954,1.94303804065,0.00824740005665,7909.83623512,2.0,
76.6483793643,0.995181145905,0.00816001223062,0.603663647565,0.258084499143,2.34526647235,1.82053152684,0.00816001223062,7951.84701338,2.0,
82.3203178739,0.994683814606,0.00822583902887,0.599491738069,0.254372458826,2.37789172277,1.92702970297,0.00822583902887,7741.40879073,2.0,
76.1666909849,0.995079281846,0.00767483895039,0.59721361583,0.253810804201,2.41294620294,1.91660239708,0.00767483895039,7738.36478,2.0,
99.1132047942,0.99364236369,0.00792484387903,0.597738819138,0.255874959836,2.36340569949,2.13803022408,0.00792484387903,7793.64810344,2.0,
92.696263679,0.994185483042,0.00694800395703,0.595218811082,0.255311893728,2.43764058208,2.05354351225,0.00694800395703,7969.90018138,2.0,
87.874616988,0.994331079236,0.00693249947523,0.590394674195,0.253736287456,2.43670941579,2.07432516936,0.00693249947523,7749.34543735,2.0,
95.6434705576,0.993745017763,0.00845158589362,0.598393398134,0.254343999957,2.37747358866,2.09722772277,0.00845158589362,7644.40165049,2.0,
80.0014434601,0.99476029333,0.00808424876058,0.598192196034,0.253346479808,2.39965177869,1.94816571131,0.00808424876058,7633.16648307,2.0,
74.0820062533,0.9951186113,0.00901015738775,0.601212257903,0.256611440786,2.32819970421,1.82752996352,0.00901015738775,7587.16356709,2.0,
74.1558520063,0.995098664492,0.0084088651892,0.596089425344,0.252504454645,2.38575550617,1.91972902553,0.0084088651892,7563.78396752,2.0,
85.5094736842,0.994669286289,0.00845382884357,0.602737609942,0.258709930482,2.35595507278,1.90316831683,0.00845382884357,8019.40412717,2.0,
83.1005992705,0.994702847083,0.00852438164636,0.598362717281,0.255844377246,2.33762276128,1.90488275143,0.00852438164636,7842.77865591,2.0,
90.2195310057,0.994246411641,0.00829628179954,0.600965241352,0.256370674265,2.35580009599,1.96143824909,0.00829628179954,7839.1936845,2.0,
85.4598593017,0.994521537721,0.00837618999387,0.595617401999,0.254547111449,2.37271519782,2.01236581553,0.00837618999387,7798.47713529,2.0,
83.8137519541,0.994746790551,0.00798347508704,0.602480229975,0.25639628927,2.36407635992,1.92075560188,0.00798347508704,7976.22187921,2.0,
75.2979364252,0.995060207757,0.00879635758919,0.600214040821,0.253741413857,2.33960528297,1.88367899948,0.00879635758919,7620.54263354,2.0,
85.3433090151,0.994186556545,0.00718534058227,0.58582824113,0.252413056133,2.44816404354,2.11643043252,0.00718534058227,7338.99118197,2.0,
80.6187545597,0.994784179108,0.00724438802236,0.59379666011,0.254426977448,2.4237799184,1.94913496613,0.00724438802236,7727.16798384,2.0,
66.2650182387,0.995678436945,0.00821688232727,0.600662126699,0.25657435682,2.36705319872,1.77998436686,0.00821688232727,7665.64180592,2.0,
81.4707972903,0.994905282268,0.00908849689116,0.601192629944,0.258916685612,2.31098948883,1.90775403856,0.00908849689116,7994.40470632,2.0,
83.8952318916,0.994581748432,0.00886745262332,0.600151626994,0.255402909625,2.34150123906,1.94092235539,0.00886745262332,7740.61470831,2.0,
87.2758415842,0.994465598229,0.00756441188618,0.596886205036,0.255584269957,2.40569091997,2.00624283481,0.00756441188618,7883.67294902,2.0,
87.7280614904,0.994338616489,0.0081749340201,0.597702978052,0.25450425208,2.38991679249,1.98233976029,0.0081749340201,7747.03962736,2.0,
77.3881761334,0.994971013334,0.00801933366481,0.596821042366,0.25747070575,2.37552606389,1.87341844711,0.00801933366481,7693.25029795,2.0,
80.0364773319,0.994667037611,0.00724449859758,0.589023688876,0.253569691579,2.40830286747,1.98279312142,0.00724449859758,7502.70614451,2.0,
71.9035695675,0.995113297625,0.00635324031292,0.583745316276,0.252155982835,2.44476485694,1.92892652423,0.00635324031292,7355.69311768,2.0,
79.5481709224,0.994812374494,0.00636985994258,0.583570985112,0.252607548147,2.4406842418,1.94877540386,0.00636985994258,7665.56896687,2.0,
78.0101302762,0.99492011106,0.00611079751293,0.583005662985,0.252493814222,2.47051664469,1.99651902032,0.00611079751293,7676.8685783,2.0,
88.1059249609,0.994113200652,0.00753686741374,0.584922847299,0.251868321664,2.391300429,2.11146951537,0.00753686741374,7481.99079462,2.0,
79.2984314747,0.994819697598,0.00642978611895,0.587492759239,0.250781663414,2.44924021875,1.9889890568,0.00642978611895,7652.39594458,2.0,
78.4513496613,0.994880037357,0.00708279031902,0.588799845113,0.252439856654,2.41699945747,1.95992704534,0.00708279031902,7659.9848648,2.0,
61.5755810318,0.995826319604,0.00773812479956,0.587969428677,0.254407212389,2.38723179981,1.83768629495,0.00773812479956,7375.32133885,2.0,
100.843585201,0.993257967044,0.00693684422335,0.581151755538,0.250309679726,2.43026411646,2.26961959354,0.00693684422335,7477.2612703,2.0,
79.9401719646,0.994612446109,0.00807646613322,0.583235283283,0.251482200403,2.35510965053,2.03776446066,0.00807646613322,7417.53255353,2.0,
86.1344971339,0.994429557961,0.00746047883525,0.591277481698,0.253614358329,2.36790751416,1.99310057322,0.00746047883525,7729.92864528,2.0,
84.8404325169,0.994395268063,0.00732194269151,0.583845822666,0.252471927182,2.39835372765,2.03094841063,0.00732194269151,7567.18083985,2.0,
75.8372173007,0.994861074644,0.00799887871511,0.583088947494,0.251295205382,2.3901738891,2.01420531527,0.00799887871511,7377.22799498,2.0,
86.9733923919,0.994362788654,0.00683433474693,0.582661868853,0.252067241421,2.42710613786,2.08520062533,0.00683433474693,7712.77673024,2.0,
70.8693329859,0.995210431371,0.00737403817615,0.584394547283,0.252989946136,2.41580828846,1.93520062533,0.00737403817615,7397.00078101,2.0,
74.3597238145,0.994938987683,0.00702703890037,0.576219292891,0.251549607192,2.42620399513,2.02017196456,0.00702703890037,7344.90402929,2.0,
80.7340281397,0.994511640424,0.00850626115901,0.58858263105,0.253582173387,2.35155207793,2.00805627931,0.00850626115901,7353.56528956,2.0,
66.3659041167,0.995668850988,0.00682722078467,0.587775681243,0.253492274253,2.41567412056,1.86230849401,0.00682722078467,7659.9096739,2.0,
82.4065294424,0.994806980038,0.00759517699775,0.589204711666,0.254808613846,2.40506152823,1.98756122981,0.00759517699775,7933.01700712,2.0,
78.7424960917,0.994708461833,0.0074407063997,0.586642678452,0.252836242683,2.40037817028,2.01210526316,0.0074407063997,7438.99646593,2.0,
69.2717717561,0.995462044281,0.00732116861065,0.588736260243,0.254555049958,2.39870393718,1.8613079729,0.00732116861065,7631.09750112,2.0,
82.381318395,0.994514311836,0.00715859196901,0.582421421884,0.252042661244,2.42281962745,2.0835383012,0.00715859196901,7507.41052984,2.0,
89.4155237103,0.994510750634,0.00748007188476,0.603406377801,0.254908970789,2.37627487211,1.98136008338,0.00748007188476,8144.73099625,3.0,
95.615059927,0.993867974705,0.007924450077,0.601781138801,0.251929016552,2.36647386257,2.1248566962,0.007924450077,7796.26917775,3.0,
76.5961855133,0.995099607543,0.00786396955814,0.603032223841,0.254496590134,2.35120962049,1.8529338197,0.00786396955814,7814.49484578,3.0,
86.5001250651,0.994397206953,0.0081292240916,0.59954453451,0.254121813235,2.34813598396,2.03963522668,0.0081292240916,7718.47217027,3.0,
79.0796560709,0.995051805696,0.00774435698417,0.606763242226,0.255015170005,2.35074902634,1.83701928088,0.00774435698417,7989.8698324,3.0,
91.637915581,0.994183409622,0.00801853036515,0.604859610523,0.253095123953,2.33362990131,2.01095362168,0.00801853036515,7876.34523347,3.0,
77.5613652944,0.995089809255,0.00797047494936,0.607144758679,0.255047541217,2.32565069243,1.85006774362,0.00797047494936,7897.19989295,3.0,
82.1311985409,0.994816226135,0.0077158621405,0.600506977268,0.255257236422,2.34779541783,1.86793642522,0.0077158621405,7921.08899937,3.0,
94.97845753,0.994059076268,0.00917185246897,0.607782302735,0.255407899789,2.27422530186,1.97532047942,0.00917185246897,7992.69950855,3.0,
86.0074517978,0.994711610208,0.00875052052091,0.613038602328,0.255227105698,2.29488531245,1.85444502345,0.00875052052091,8130.87127293,3.0,
85.9882126107,0.994687077721,0.00797852478207,0.604041025705,0.254610337421,2.34229750286,1.95673788431,0.00797852478207,8091.47950457,3.0,
95.9579676915,0.993964056449,0.00713217491849,0.595395364595,0.254909422823,2.37550137837,2.05963522668,0.00713217491849,7947.86700656,3.0,
85.717800938,0.99452053029,0.00798851250529,0.600892890128,0.254072350699,2.35743786994,1.95508077124,0.00798851250529,7820.8717157,3.0,
79.5303856175,0.994916873363,0.0079555386591,0.600916182263,0.253424198127,2.34919180286,1.92088066701,0.0079555386591,7822.08194086,3.0,
82.1887441376,0.99500482873,0.00961342381022,0.613272616692,0.259615800861,2.26218296212,1.77007816571,0.00961342381022,8225.97182682,3.0,
86.6433038041,0.994463899806,0.00923951690142,0.603697328824,0.257121582019,2.31338005805,1.90137571652,0.00923951690142,7824.43614021,3.0,
94.2610005211,0.994058374785,0.00885728866406,0.603588196147,0.256584867303,2.33676388684,2.03302761855,0.00885728866406,7931.38835283,3.0,
75.6804950495,0.995177444711,0.00906915138677,0.605984037428,0.257064271314,2.31520798126,1.86118290776,0.00906915138677,7845.76707956,3.0,
81.9497550808,0.994947539437,0.00831323787983,0.609619223012,0.257082856918,2.3603299472,1.89786347056,0.00831323787983,8109.10103023,3.0,
88.0246482543,0.994502799357,0.0083588924121,0.609359319053,0.256358334266,2.34447855389,1.92587806149,0.0083588924121,8005.56673508,3.0,
89.3595779052,0.994354593139,0.008393292494,0.603972965504,0.25527254975,2.35989902598,1.99636789995,0.008393292494,7913.55719658,3.0,
80.7496300156,0.994754930178,0.00843162201522,0.597256600744,0.256008366156,2.38312587156,1.93284002084,0.00843162201522,7697.10899111,3.0,
81.9016258468,0.994646534546,0.00889020157439,0.610353750063,0.256545497681,2.32843299129,1.86109431996,0.00889020157439,7648.86138837,3.0,
85.6590568004,0.994416965459,0.00908080077967,0.603296044359,0.254985360507,2.33983682438,1.98141219385,0.00908080077967,7670.85613867,3.0,
95.1048045857,0.993893333309,0.00825329562769,0.599541201454,0.253225145807,2.35868821968,2.0997915581,0.00825329562769,7786.45885443,3.0,
92.2538144867,0.994126654874,0.0097627063883,0.614535904476,0.257106307693,2.2919782953,1.91870244919,0.0097627063883,7853.05538723,3.0,
84.4374830641,0.994662200471,0.00894532245359,0.612754725302,0.25548575943,2.31402561711,1.91826472121,0.00894532245359,7908.96219442,3.0,
88.9978738927,0.994316020915,0.00910050565354,0.606484019705,0.256306129774,2.31482476852,1.97881188119,0.00910050565354,7828.42482167,3.0,
80.1650390829,0.99486969883,0.00863784409817,0.607799407094,0.257663626585,2.34447623546,1.86356956748,0.00863784409817,7812.76689052,3.0,
78.2990411673,0.995085760096,0.00933070045547,0.616745300935,0.257810449112,2.28274744496,1.80158415842,0.00933070045547,7966.56062195,3.0,
73.4851485149,0.995155050245,0.00894108306692,0.606618579601,0.256701283107,2.32702678864,1.83198540907,0.00894108306692,7583.53695933,3.0,
75.3950182387,0.99516546503,0.00913635575894,0.608847097865,0.256535601738,2.32679665895,1.84449192288,0.00913635575894,7797.46686731,3.0,
83.5456904638,0.994719177652,0.00738796527743,0.598605096883,0.257876555732,2.398681155,1.9371651902,0.00738796527743,7910.1693615,3.0,
84.646920271,0.994638785214,0.00805402631484,0.606685358108,0.256472218318,2.36817450439,1.91770713913,0.00805402631484,7894.29315232,3.0,
90.5161803022,0.994172408124,0.00705358118983,0.597028309474,0.254581784199,2.43378144171,2.03862949453,0.00705358118983,7766.13595676,3.0,
80.6893329859,0.994808424705,0.00964175425743,0.608603198861,0.257184389801,2.30296138588,1.87326211569,0.00964175425743,7771.1791415,3.0,
89.5079676915,0.994035701618,0.00828419624278,0.595102296377,0.254480774706,2.38761710031,2.10570609693,0.00828419624278,7503.63735502,3.0,
92.6515320479,0.994110718765,0.00840560343739,0.59880819904,0.25725036421,2.35056784965,2.04170401251,0.00840560343739,7865.21165156,3.0,
91.2749661282,0.994365300981,0.00852276396779,0.603691411755,0.258234325936,2.33480232499,1.98380406462,0.00852276396779,8098.42700186,3.0,
96.3050703491,0.993954433745,0.00807357140859,0.597423149411,0.256702346704,2.39192124936,2.09420010422,0.00807357140859,7964.07896494,3.0,
79.6381188119,0.994793126791,0.00816659140202,0.597844376434,0.257173741997,2.38460941108,1.91104220948,0.00816659140202,7646.52813401,3.0,
86.8090620115,0.994427052496,0.00875653725763,0.602188576131,0.255606000577,2.34179979512,1.97209484106,0.00875653725763,7787.50935328,3.0,
77.8862845232,0.994898227159,0.00809354908174,0.595754415828,0.254505694065,2.38472939989,1.95648775404,0.00809354908174,7632.37917046,3.0,
99.7408963002,0.993349892352,0.00756372318069,0.589970194822,0.252262237524,2.40424946405,2.2335383012,0.00756372318069,7497.86705695,3.0,
98.3139968734,0.993874322417,0.00779146463562,0.594378968081,0.258686140051,2.39467909171,2.04921313184,0.00779146463562,8023.85796112,3.0,
76.7660865034,0.995168620301,0.00864411554893,0.603961895943,0.257928485921,2.31929609724,1.82841063054,0.00864411554893,7943.63289809,3.0,
87.6618342887,0.994294613778,0.00873357025179,0.601775124169,0.254247897291,2.35175256852,2.00702449192,0.00873357025179,7681.50394185,3.0,
84.2522303283,0.994712126002,0.00793744652159,0.598818032406,0.255339909767,2.36901733609,1.95330380406,0.00793744652159,7966.15316509,3.0,
94.2091558103,0.993917899828,0.00782749483308,0.595713609308,0.253228257803,2.41276658941,2.09274101094,0.00782749483308,7743.77607765,3.0,
76.5807139135,0.995095805448,0.00822503203613,0.597279648278,0.256150083013,2.37311888427,1.88162063575,0.00822503203613,7806.62388924,3.0,
82.0067691506,0.994563970516,0.0058821172005,0.569603932547,0.252145897411,2.5044282913,2.14426784784,0.0058821172005,7542.89908109,4.0,
90.5215841584,0.993786860777,0.00633566091641,0.576303830836,0.250316326174,2.46569451688,2.18122980719,0.00633566091641,7284.70524685,4.0,
82.1677905159,0.994403562387,0.00738715975105,0.579497633433,0.252373423569,2.38181255962,2.02754038562,0.00738715975105,7341.06917806,4.0,
77.2882126107,0.9947252339,0.00649877071962,0.576241948645,0.251569727768,2.45571985134,2.0890880667,0.00649877071962,7326.34376366,4.0,
79.9913340281,0.994771404892,0.00688027375514,0.587692050497,0.253651723659,2.3930152934,1.97510682647,0.00688027375514,7649.5049821,4.0,
81.4765502866,0.994486060424,0.00601389896868,0.573257156111,0.251909667845,2.46772539111,2.09415320479,0.00601389896868,7388.42199499,4.0,
100.63965086,0.993142165687,0.00610563713676,0.574174496302,0.250059823802,2.48195889713,2.31200104221,0.00610563713676,7337.92629884,4.0,
77.910442939,0.994572349823,0.00655597971086,0.5744464862,0.249868936206,2.45403574364,2.08886920271,0.00655597971086,7177.31644928,4.0,
89.8041115164,0.994125429748,0.00751937198053,0.585152162468,0.251234004562,2.40336287848,2.12177696717,0.00751937198053,7642.87748892,4.0,
84.9753100573,0.99420944023,0.00630524241146,0.577671278473,0.251489896948,2.45684894492,2.13782178218,0.00630524241146,7336.82882445,4.0,
89.7570713913,0.994208703467,0.00739198997654,0.584469875633,0.25268141596,2.37063613483,2.09196456488,0.00739198997654,7748.77803082,4.0,
78.0016414799,0.994890485596,0.00789875187404,0.589979343655,0.256035167319,2.39910541552,1.95327253778,0.00789875187404,7632.73086265,4.0,
81.78945284,0.994477207428,0.00827610051809,0.592251181112,0.254670653107,2.38466947604,2.02179260031,0.00827610051809,7404.55051794,4.0,
81.4964252215,0.994433829243,0.00752967958983,0.586423408179,0.255953741837,2.42896987138,2.0603960396,0.00752967958983,7320.41533439,4.0,
79.4504273059,0.994653803312,0.00691714678996,0.582452828329,0.25486166271,2.43575003852,2.04538301199,0.00691714678996,7430.43241066,4.0,
84.5053673788,0.994520400578,0.00646684179841,0.584539512854,0.255203537779,2.47616007618,2.07887441376,0.00646684179841,7710.74562879,4.0,
96.6690776446,0.993641103532,0.00732382247029,0.583009912791,0.253607586785,2.45334798858,2.24894215737,0.00732382247029,7601.18170006,4.0,
83.5236321001,0.994465668151,0.00744469949038,0.591094055848,0.256249204303,2.43860397009,1.98219385096,0.00744469949038,7545.99375318,4.0,
83.4638926524,0.994296140658,0.00778144286001,0.58309103085,0.253541271081,2.41790780908,2.13392912976,0.00778144286001,7316.27796301,4.0,
87.3984106305,0.993882622236,0.00779399521148,0.581346788088,0.253611181746,2.42484012492,2.16319437207,0.00779399521148,7143.63940072,4.0,
78.517806149,0.994818867675,0.00885178939331,0.596089451018,0.256941951877,2.34755083929,1.89331422616,0.00885178939331,7577.57713259,4.0,
81.1084314747,0.994763935671,0.00826053575216,0.601307417997,0.25716681623,2.36420173843,1.94924439812,0.00826053575216,7745.22328837,4.0,
78.4552892131,0.994899549161,0.00820024428652,0.600119685223,0.256560528037,2.37199435981,1.92705575821,0.00820024428652,7691.04207849,4.0,
71.844288692,0.99508580303,0.00826228828253,0.58553956386,0.253891294105,2.40930805546,1.99558624283,0.00826228828253,7309.83269735,4.0,
89.9688431475,0.993795722741,0.00747283393269,0.581734084081,0.252430968124,2.43750470047,2.21170922355,0.00747283393269,7250.52099381,4.0,
94.2660031266,0.993769110686,0.0082146982494,0.58938875707,0.252103987153,2.34700552708,2.14053152684,0.0082146982494,7564.57893824,4.0,
93.9452944242,0.994030120081,0.00706264260117,0.597796730864,0.253486311527,2.39234989899,2.08088587806,0.00706264260117,7868.58359534,4.0,
90.2452527358,0.994009566898,0.00717141315514,0.591650274324,0.252464712608,2.40424257062,2.11328817092,0.00717141315514,7532.70693043,4.0,
95.7816258468,0.993644303208,0.00725013695632,0.592244045431,0.251244948238,2.41146124042,2.13652944242,0.00725013695632,7535.42263007,4.0,
92.4961021365,0.994143676967,0.00787538514637,0.59869110085,0.252753222621,2.36859109504,2.06843147473,0.00787538514637,7897.2267909,4.0,
92.4438353309,0.994085011505,0.00740497436431,0.595041335886,0.254785275596,2.36302327834,2.03533090151,0.00740497436431,7813.96605782,4.0,
81.0299062011,0.99499244396,0.0085233135853,0.609353784197,0.257151195361,2.29477250083,1.79917144346,0.0085233135853,8090.32964151,4.0,
91.6758624283,0.993948875919,0.00703619529996,0.59083751861,0.252527687042,2.39572573147,2.10047941636,0.00703619529996,7574.87114939,4.0,
102.103835331,0.993468799672,0.00715804159116,0.595096169403,0.251217959065,2.38883879099,2.14382490881,0.00715804159116,7816.46676292,4.0,
98.9745648775,0.993895978636,0.00828205246295,0.600816449122,0.25321490046,2.35723659203,2.0968681605,0.00828205246295,8107.59139069,4.0,
80.3951849922,0.994805938177,0.00704135171149,0.598679442885,0.252399889986,2.3975749137,1.94892131318,0.00704135171149,7739.38322266,4.0,
80.719009901,0.994708870576,0.00770777152096,0.593976635486,0.254397298729,2.366058882,1.95242313705,0.00770777152096,7627.90871409,4.0,
95.3612454403,0.993897746402,0.00693887031335,0.590517484886,0.251602896096,2.41128846883,2.10023449713,0.00693887031335,7813.71745892,4.0,
83.1155810318,0.994546743073,0.00691041093413,0.59078437483,0.251463994101,2.41394927433,1.98540906722,0.00691041093413,7620.85937939,4.0,
113.11214174,0.992764064647,0.00736263344993,0.594269163901,0.251573843072,2.39118388607,2.31073475769,0.00736263344993,7816.10600057,4.0,
97.4014747264,0.993831148118,0.00739264462965,0.596072915979,0.251488997524,2.37560247457,2.11762897342,0.00739264462965,7894.86072551,4.0,
86.5585513288,0.994546595172,0.00730354815575,0.602418684198,0.25175236319,2.38466631921,1.98503387181,0.00730354815575,7936.54509213,4.0,
105.718462741,0.993262024573,0.00762479730818,0.599440173499,0.252127717819,2.36746578966,2.13582595102,0.00762479730818,7845.18049323,4.0,
83.4640333507,0.994515288049,0.00789869066663,0.591273640719,0.251926877391,2.35980500737,2.04770192809,0.00789869066663,7608.90950935,4.0,
93.0120375195,0.994240885916,0.00761707040291,0.599624079639,0.255541841266,2.36322208798,2.02278269932,0.00761707040291,8075.27366378,4.0,
86.9029807191,0.994506892476,0.00789304388984,0.60123164392,0.254215887862,2.32995804723,1.90820218864,0.00789304388984,7910.35796609,4.0,
97.6258676394,0.993792447817,0.00748793814956,0.599529744474,0.253397608968,2.37176284327,2.09429911412,0.00748793814956,7862.67968435,4.0,
92.8015528921,0.993979339091,0.00759531852969,0.594761065215,0.253738621079,2.36385905427,2.0935383012,0.00759531852969,7706.96679873,4.0,
96.5785617509,0.993725468803,0.00700983467755,0.593607602425,0.250189065019,2.41960685505,2.18133402814,0.00700983467755,7696.12528439,4.0,
79.7978269932,0.99492972095,0.00761404642041,0.603927631442,0.255170114256,2.34625171614,1.87633663366,0.00761404642041,7869.2910684,4.0,
86.5890046899,0.994039611977,0.00543002464861,0.572880264412,0.25222021489,2.51983636012,2.18264721209,0.00543002464861,7263.63595831,5.0,
84.9924960917,0.994266163006,0.00744797623176,0.591111262537,0.252189379716,2.38911236578,2.04339760292,0.00744797623176,7411.49777801,5.0,
90.259666493,0.994152538672,0.00748977160188,0.598235573064,0.252624650446,2.3666467598,2.04180302241,0.00748977160188,7718.01340607,5.0,
75.5850390829,0.994796353579,0.0066827788596,0.586220168143,0.25136834234,2.44401753717,2.02645648775,0.0066827788596,7262.84635454,5.0,
89.8482647212,0.994077580869,0.006949462996,0.596846339248,0.251882859252,2.41016786301,2.06951537259,0.006949462996,7585.59938461,5.0,
79.4868681605,0.99456001694,0.00693220973122,0.574322846901,0.249338808292,2.45796462372,2.11417404898,0.00693220973122,7305.92428432,5.0,
78.7883741532,0.994692905378,0.00717979742902,0.576582590819,0.252938279235,2.43921882477,2.08437206879,0.00717979742902,7423.04212745,5.0,
80.4711672746,0.994782239632,0.00711994560307,0.583875635732,0.251930681698,2.45732465621,2.09576341845,0.00711994560307,7711.67251145,5.0,
71.1794997394,0.995080225487,0.00732014106487,0.575469782646,0.250984129975,2.44229605571,2.01897863471,0.00732014106487,7234.40251555,5.0,
84.6712767066,0.994527338989,0.00709175044215,0.585731523613,0.255375144942,2.43162943334,2.01285044294,0.00709175044215,7736.25960759,5.0,
82.4344502345,0.994493165628,0.00750363907074,0.582099796939,0.252502226602,2.42576450463,2.12468473163,0.00750363907074,7484.86511591,5.0,
84.0181917665,0.994695128492,0.00756380855606,0.581687090964,0.255935419841,2.38294209901,2.00400729547,0.00756380855606,7919.09471054,5.0,
77.5357217301,0.994750164121,0.00693910042495,0.580570286154,0.252038718388,2.45420225178,2.05853569567,0.00693910042495,7384.77279717,5.0,
81.29,0.994557894063,0.00745105789151,0.585262222854,0.253980826287,2.40952244855,2.03806670141,0.00745105789151,7468.76385399,5.0,
85.7417769672,0.994127147234,0.00673305180824,0.572930731353,0.250235298601,2.46772598683,2.22087024492,0.00673305180824,7299.92222213,5.0,
83.8552475248,0.994340217596,0.00693417542846,0.575701373941,0.250880385742,2.47464153059,2.17671704013,0.00693417542846,7408.26543135,5.0,
75.2263522668,0.994953539419,0.00701784165965,0.577957705997,0.250718946283,2.45953461618,2.06953100573,0.00701784165965,7453.57213949,5.0,
79.868900469,0.994729815367,0.00681802196895,0.581258308626,0.254257161205,2.42665013564,2.02069828035,0.00681802196895,7577.63423479,5.0,
78.4430588848,0.994744016657,0.00663897190026,0.579527446022,0.251514759495,2.48805447704,2.10466388744,0.00663897190026,7462.50743161,5.0,
90.5196925482,0.994071183264,0.00635126543729,0.584034553462,0.254018920661,2.47276342795,2.14085982282,0.00635126543729,7634.10909944,5.0,
74.3150390829,0.99506706781,0.00680756364932,0.586476610298,0.253387915978,2.45724172979,2.00556539865,0.00680756364932,7532.90215179,5.0,
79.1337675873,0.994580895165,0.00677708605506,0.578948115957,0.252770384309,2.45468395486,2.1042417926,0.00677708605506,7301.29849212,5.0,
85.3459145388,0.99444710082,0.00710160423683,0.587731587063,0.255528534436,2.42458970867,2.04995831162,0.00710160423683,7684.89994581,5.0,
78.1892443981,0.994637486655,0.0063528389618,0.577990768044,0.250206435491,2.50187098012,2.15931214174,0.0063528389618,7290.70694091,5.0,
90.2774205315,0.993938654452,0.00619841936087,0.585566117822,0.253482788513,2.48366313804,2.14677957269,0.00619841936087,7446.7412786,5.0,
79.0444450235,0.994604734466,0.00720052794781,0.581219994037,0.252255887424,2.47601893346,2.05393955185,0.00720052794781,7325.11281979,5.0,
68.6160187598,0.995180885963,0.00800586026952,0.583257277294,0.251530214606,2.41578605448,1.96522146952,0.00800586026952,7118.78323333,5.0,
77.7308910891,0.995052143837,0.00824951885386,0.590982882621,0.255245373493,2.40581557233,1.94660760813,0.00824951885386,7854.74285465,5.0,
76.2800104221,0.994795468577,0.00736705510106,0.589507874245,0.250906996122,2.44621340047,2.02529442418,0.00736705510106,7327.28644083,5.0,
74.1350078166,0.994962918095,0.0079779699508,0.588692440322,0.252534383448,2.40719462205,1.99553934341,0.0079779699508,7358.65521998,5.0,
90.2888535696,0.994137473786,0.00793452887814,0.593883774098,0.254981916882,2.41227150764,2.05497133924,0.00793452887814,7700.19515666,5.0,
79.7943303804,0.994559383158,0.00760515874686,0.58942150157,0.253830787011,2.42790475714,2.03756122981,0.00760515874686,7332.9227905,5.0,
71.6323553934,0.994789409814,0.00725196307678,0.573857711054,0.250753001995,2.4593642372,2.0807034914,0.00725196307678,6873.38897818,5.0,
79.8886294945,0.994537110343,0.00837492924082,0.589669497142,0.252461805739,2.38403185302,2.05329859302,0.00837492924082,7311.58424342,5.0,
74.48472642,0.994760003415,0.00794421061864,0.581338081197,0.249452512308,2.43119850925,2.06215216258,0.00794421061864,7106.70878149,5.0,
83.2317926003,0.994364172113,0.0064226099717,0.577161929957,0.251672689209,2.46026604311,2.07152162585,0.0064226099717,7383.80200376,5.0,
77.2038144867,0.994703318415,0.00714164061369,0.573505753972,0.250963611894,2.43065649983,2.02580510683,0.00714164061369,7287.5683811,5.0,
71.6227097447,0.995133529895,0.00626261827027,0.579172188035,0.251890682965,2.48838898786,1.95499739448,0.00626261827027,7358.49027018,5.0,
76.6496352267,0.994603782519,0.00666509328698,0.570223155549,0.250290972724,2.45165302863,2.10005732152,0.00666509328698,7101.85395286,5.0,
88.9751068265,0.994053286421,0.00725381906776,0.578528201402,0.251388262471,2.42519478643,2.11574257426,0.00725381906776,7480.68486064,5.0,
79.2394007295,0.994631790526,0.00775223383944,0.578584191237,0.25324353356,2.38433873274,2.01177175612,0.00775223383944,7380.09166873,5.0,
75.4903387181,0.994812366355,0.00652187963757,0.574962816755,0.251232684915,2.46538494051,2.01917665451,0.00652187963757,7275.63979894,5.0,
74.2147733194,0.994905050676,0.00693966264238,0.580151350321,0.252489560146,2.4363700503,1.98498697238,0.00693966264238,7282.73941889,5.0,
76.01373111,0.994998528229,0.00660943191437,0.575995616052,0.253086841864,2.48796184952,2.01900468994,0.00660943191437,7598.88302862,5.0,
73.1741948932,0.995005010865,0.00760792432223,0.584311613968,0.252264268225,2.44209078258,2.01084940073,0.00760792432223,7324.54303904,5.0,
85.2566232413,0.994262042453,0.00741326305253,0.586665989804,0.254598181695,2.42753242607,2.0652527358,0.00741326305253,7429.02028592,5.0,
83.0766023971,0.994415860782,0.00696768471724,0.584307348823,0.252244521872,2.4138069432,2.06312662845,0.00696768471724,7438.13112628,5.0,
87.5257321522,0.99443291497,0.00832605922889,0.604423189015,0.254462326253,2.35564193045,1.98231370505,0.00832605922889,7860.81518996,5.0,
83.6965398645,0.994630857803,0.00887692858312,0.602472216049,0.254733353469,2.32772506954,1.91597707139,0.00887692858312,7794.1135252,5.0,
83.4611516415,0.994205851517,0.00803651730413,0.583767273647,0.251571159409,2.41262282504,2.13056279312,0.00803651730413,7202.20254959,5.0,
87.3274465868,0.99383715264,0.007018287545,0.554174005931,0.241300080163,2.60729868328,2.39291818656,0.007018287545,7084.55814152,6.0,
80.6765346535,0.994725736087,0.00669586969503,0.584014599354,0.257461242725,2.43824667335,1.99139656071,0.00669586969503,7647.7861094,6.0,
101.388577384,0.993483240171,0.00739623245888,0.590321251559,0.25797331588,2.41728892454,2.12057321522,0.00739623245888,7778.67359122,6.0,
84.0412610735,0.994555300866,0.0074009080094,0.587008763311,0.256200390001,2.42670785014,2.03900990099,0.0074009080094,7717.31371226,6.0,
90.5729025534,0.994017498356,0.00836043313335,0.588879464376,0.253117215984,2.40582523234,2.15712350182,0.00836043313335,7569.49969408,6.0,
78.4792235539,0.994839494538,0.0072070925098,0.589644462217,0.25625926848,2.43423394435,1.99634705576,0.0072070925098,7603.42015794,6.0,
96.029015112,0.993780775682,0.00824386990467,0.591357230176,0.255415661558,2.38552381196,2.1272746222,0.00824386990467,7720.05448927,6.0,
84.8852110474,0.994699457545,0.00773616599969,0.590096839459,0.256934941602,2.388085001,1.9519124544,0.00773616599969,8006.99585913,6.0,
88.4704116727,0.994225618008,0.00843972545193,0.595332462437,0.256326644249,2.36199914903,2.03235018239,0.00843972545193,7660.37970196,6.0,
98.2008858781,0.993701770501,0.00804073491247,0.593309638753,0.255648438777,2.40689451195,2.21047420532,0.00804073491247,7795.63149942,6.0,
76.4994372069,0.994972245172,0.00851972271471,0.604796120881,0.256605988779,2.35890569768,1.89713392392,0.00851972271471,7607.3995045,6.0,
79.6240020844,0.994790094808,0.00741898233322,0.592402759519,0.256515011219,2.42053332661,1.98661803022,0.00741898233322,7641.40953633,6.0,
81.6191505993,0.994503901491,0.00769460106703,0.594007978007,0.255936190441,2.41094004557,2.00446586764,0.00769460106703,7424.97997894,6.0,
84.7678843147,0.994420383485,0.00851523882429,0.605606486631,0.259452863921,2.34277202517,1.9116154247,0.00851523882429,7595.99944167,6.0,
72.7619072434,0.995439106872,0.00828290980109,0.602531566953,0.258890194504,2.34786266503,1.79513288171,0.00828290980109,7976.43933363,6.0,
86.4388275143,0.994322562182,0.00757056727641,0.590497848828,0.255540438366,2.41638540052,2.04083897863,0.00757056727641,7612.17474029,6.0,
100.391651902,0.993312232918,0.00741123006516,0.588377874403,0.253889622297,2.43563534865,2.27167274622,0.00741123006516,7505.39094221,6.0,
96.7588170922,0.99379412253,0.00699310919765,0.588838922095,0.255761196171,2.43621465705,2.15454403335,0.00699310919765,7795.49892014,6.0,
92.7167691506,0.99403544313,0.00767218682868,0.58918751753,0.25618007542,2.41109317907,2.10627410109,0.00767218682868,7772.04568891,6.0,
72.1757217301,0.995057926733,0.00769011848005,0.592971398932,0.255363779258,2.42795363989,1.9774830641,0.00769011848005,7301.94914376,6.0,
104.705513288,0.993252665492,0.00824308007389,0.593541338641,0.255297022071,2.38259854273,2.21415320479,0.00824308007389,7758.88414054,6.0,
107.593918708,0.993139641583,0.00718928023188,0.589392258298,0.25591145139,2.42058410874,2.2526263679,0.00718928023188,7841.51002613,6.0,
70.4711776967,0.995314104658,0.00745791138287,0.594058480413,0.256266735852,2.42557591581,1.91961959354,0.00745791138287,7519.35459505,6.0,
86.8889942678,0.994229518064,0.00842485541991,0.597277958062,0.255874698753,2.36434530087,2.01306930693,0.00842485541991,7528.69716325,6.0,
100.4663679,0.993662595821,0.00839579385107,0.590554576844,0.254744011532,2.38393798824,2.20695153726,0.00839579385107,7926.19519952,6.0,
76.6323866597,0.995013183159,0.00835919106296,0.592372595302,0.25638322273,2.37247555971,1.90868681605,0.00835919106296,7683.20372856,6.0,
87.5555601876,0.994386415865,0.00839577744944,0.595419221754,0.25606449288,2.37628010663,2.00917144346,0.00839577744944,7798.34194163,6.0,
77.536597186,0.995076856292,0.00841289553656,0.591786158148,0.25623510755,2.37320582281,1.94926003127,0.00841289553656,7874.48169534,6.0,
96.3352527358,0.993777710588,0.00787225020848,0.585646242107,0.254166241565,2.43718129661,2.16913496613,0.00787225020848,7740.91522588,6.0,
89.303626889,0.994121813921,0.00783337954212,0.591811484179,0.254442875298,2.41391191384,2.0818238666,0.00783337954212,7595.82390933,6.0,
80.2128504429,0.994823799275,0.00773491317591,0.594793570025,0.256433054596,2.40214785415,1.95095362168,0.00773491317591,7748.04776593,6.0,
88.4599009901,0.994517611575,0.00793100964247,0.598093005177,0.256797010134,2.37410898782,2.05122980719,0.00793100964247,8067.55176592,6.0,
83.7231318395,0.994804490578,0.00807553569377,0.593328608572,0.260395859394,2.3355622297,1.89368942157,0.00807553569377,8057.1483459,6.0,
71.8640385618,0.995439482955,0.00759857968408,0.595395566061,0.256531460577,2.41529140594,1.85649296509,0.00759857968408,7878.75792009,6.0,
72.9838770193,0.995130810413,0.0086662829482,0.596125743673,0.257202423912,2.33997388003,1.92456487754,0.0086662829482,7494.28312296,6.0,
77.4681188119,0.994944799195,0.0091133557326,0.600578576987,0.257682236304,2.35304071705,1.90745179781,0.0091133557326,7662.06399807,6.0,
91.0504689943,0.994254437279,0.00821779631077,0.594143156935,0.255992488866,2.38272283296,2.07332464825,0.00821779631077,7923.3934186,6.0,
76.2950859823,0.994964783353,0.00759641336559,0.594971905968,0.257633253285,2.41301869265,1.91822303283,0.00759641336559,7575.7715394,6.0,
87.3996143825,0.994318127712,0.00749777890984,0.588694521936,0.257630392474,2.41058244805,1.99060969255,0.00749777890984,7690.54751537,6.0,
91.0231266285,0.994011065453,0.00788002892552,0.589329330254,0.255076018794,2.43022116971,2.16659718603,0.00788002892552,7598.63486948,6.0,
85.7040385618,0.994208180136,0.00820521197069,0.586364624464,0.252863919834,2.42446301977,2.12815528921,0.00820521197069,7398.21938579,6.0,
94.6677800938,0.993946715634,0.00802463752807,0.593900679494,0.255628473866,2.38180627973,2.13890046899,0.00802463752807,7819.01870901,6.0,
92.8582907764,0.993856751174,0.00789662818892,0.592000657563,0.255279753234,2.4113975591,2.09067222512,0.00789662818892,7557.28667937,6.0,
94.9194424179,0.993798428782,0.00824448007786,0.593813338547,0.256689763204,2.38735118516,2.1029338197,0.00824448007786,7652.31133767,6.0,
81.1128764982,0.994736404103,0.00774071555094,0.594208371912,0.25607431715,2.40133187838,1.9706044815,0.00774071555094,7704.54606721,6.0,
84.874835852,0.994561146838,0.00789131292055,0.593079122618,0.256965982543,2.4124774334,2.03751433038,0.00789131292055,7802.18652657,6.0,
63.8369411152,0.995718369631,0.00821759715589,0.59439777593,0.25606744607,2.40148187039,1.84987493486,0.00821759715589,7454.29956645,6.0,
83.6764356436,0.994526714263,0.00839589291257,0.595738227641,0.256510699986,2.39348607891,1.98310578426,0.00839589291257,7643.72057203,6.0,
68.8274413757,0.995682367404,0.00793636276493,0.59395765774,0.258844217371,2.39054802119,1.80243877019,0.00793636276493,7970.25700947,6.0,
87.1373163106,0.994230216575,0.00827003772646,0.590974494491,0.253959984105,2.4115461125,2.09588848359,0.00827003772646,7550.96902031,6.0,
74.0325638353,0.995120409878,0.00855422288999,0.596792260207,0.252725059287,2.37066881559,1.95570088588,0.00855422288999,7585.02861878,7.0,
83.4043772798,0.994644460147,0.00703886757069,0.592758370818,0.256677315009,2.41081370281,2.03608129234,0.00703886757069,7785.82706937,7.0,
93.74681605,0.993795704446,0.00704117064184,0.593302201721,0.254724078975,2.40313790755,2.12877540386,0.00704117064184,7554.14183766,7.0,
111.572402293,0.99263782137,0.00711851290447,0.586123609368,0.25145742348,2.43327819105,2.3331214174,0.00711851290447,7576.58209626,7.0,
93.1133559145,0.993892655225,0.00771439289125,0.597855615194,0.255630388048,2.39510640762,2.11073996873,0.00771439289125,7622.3129855,7.0,
84.1751954143,0.994450002001,0.0072606751117,0.59168914858,0.254507755093,2.43051025481,2.06314747264,0.0072606751117,7582.65236066,7.0,
90.3509275664,0.994114509268,0.00771008301017,0.59552123337,0.256537079012,2.38495555231,2.04501823867,0.00771008301017,7674.92171168,7.0,
94.3648775404,0.993902735646,0.00626876567693,0.571828866483,0.252823395569,2.46028736803,2.19426784784,0.00626876567693,7737.51214557,7.0,
82.3320218864,0.994646230902,0.00783449946926,0.599010216343,0.257661145607,2.38122050478,1.91304325169,0.00783449946926,7688.41419866,7.0,
81.9055549766,0.994652644611,0.0073169737039,0.595326820048,0.257311536415,2.37099148214,1.93782178218,0.0073169737039,7657.77249625,7.0,
77.4702970297,0.99505578598,0.00716056526966,0.592256797156,0.256645509366,2.42591673435,1.95543512246,0.00716056526966,7833.67534321,7.0,
66.8814590933,0.995551128363,0.00785603182133,0.603975931714,0.259167366091,2.37596145298,1.77614382491,0.00785603182133,7516.0014434,7.0,
93.3514643043,0.993970665041,0.00596994705587,0.580325021487,0.257163251027,2.46307901122,2.09628973424,0.00596994705587,7740.72293706,7.0,
80.1643720688,0.994715181451,0.00673335523838,0.591511986371,0.257626816302,2.42339251567,1.97028139656,0.00673335523838,7583.65454762,7.0,
88.162970297,0.994231799461,0.0065370031345,0.584655329917,0.256993243262,2.4270373148,2.05396560709,0.0065370031345,7641.46887792,7.0,
90.0739239187,0.994153153733,0.00751644901469,0.590476073071,0.255205931117,2.42764681415,2.07339239187,0.00751644901469,7702.05585797,7.0,
76.2836685774,0.994895520951,0.0073397044068,0.592448738954,0.256143105076,2.41470804497,1.94199062011,0.0073397044068,7471.50815157,7.0,
88.0807399687,0.994232451401,0.00603631483633,0.578213124788,0.254945176835,2.46488346205,2.11544554455,0.00603631483633,7635.1674513,7.0,
77.0807399687,0.994886798829,0.00626607771059,0.582356643668,0.255291765661,2.46805588321,2.00754559666,0.00626607771059,7536.63895118,7.0,
89.6406409588,0.994168225628,0.00746261653235,0.591955067926,0.256280664965,2.41079032216,2.1051537259,0.00746261653235,7684.80874456,7.0,
98.0302449192,0.993487816294,0.00688925272385,0.584126868456,0.254625786006,2.44414782243,2.20155289213,0.00688925272385,7525.98734563,7.0,
86.8590411673,0.994279594168,0.00689576753786,0.586030696421,0.253885872742,2.41894404771,2.0488796248,0.00689576753786,7591.43354306,7.0,
85.4868264721,0.994411839982,0.00720068072192,0.589887125903,0.258079282495,2.40996856786,1.97569567483,0.00720068072192,7648.32460588,7.0,
80.4686347056,0.994495652117,0.00696362683469,0.585284816561,0.254153892229,2.4502817369,2.06733194372,0.00696362683469,7308.95842821,7.0,
73.7954507556,0.995153013112,0.00700960950817,0.592615978322,0.258470011116,2.39464155905,1.8796925482,0.00700960950817,7611.91118704,7.0,
70.5408233455,0.99516673602,0.00654995906381,0.582649255167,0.254249142095,2.44126611346,1.96730588848,0.00654995906381,7296.74742439,7.0,
82.6743043252,0.994598633046,0.00716626277202,0.590662368749,0.258522173439,2.40472244423,1.96337154768,0.00716626277202,7652.46396775,7.0,
90.0389317353,0.993878441957,0.00781102765168,0.586452858157,0.254938225443,2.39781285069,2.11386659719,0.00781102765168,7353.64772684,7.0,
100.514981761,0.993368402351,0.00606548611143,0.579023245254,0.254945232373,2.48685407962,2.26855132882,0.00606548611143,7577.88248195,7.0,
90.2610317874,0.993951560672,0.0080935185595,0.582203176715,0.252896602311,2.38711771879,2.20965085982,0.0080935185595,7460.88193842,7.0,
82.3773736321,0.994439031722,0.00615705608135,0.579608180528,0.254159497374,2.48147429781,2.07841584158,0.00615705608135,7406.17254347,7.0,
73.9990568004,0.994915814661,0.00764167985269,0.588242172274,0.255149577084,2.4049257814,1.98408025013,0.00764167985269,7276.78425681,7.0,
88.2486711829,0.994170376048,0.00648519299477,0.571289965527,0.251648678393,2.45074776833,2.21103699844,0.00648519299477,7568.42638237,7.0,
95.6716831683,0.994010715899,0.00698583860525,0.581888854212,0.254778347108,2.4347589291,2.15862428348,0.00698583860525,7986.41034969,7.0,
81.5556122981,0.994607235749,0.00854869418321,0.596043906317,0.253257412465,2.37108983982,2.00660760813,0.00854869418321,7561.11693022,7.0,
86.2153361126,0.994455221534,0.00736002591675,0.592830746255,0.257101055991,2.39137940269,1.98415320479,0.00736002591675,7773.87772587,7.0,
83.3912923398,0.994478377358,0.00689549913769,0.58263125973,0.254295606121,2.44469799201,2.0534392913,0.00689549913769,7550.84228721,7.0,
90.9310265763,0.993916253918,0.00748465700908,0.58360970066,0.254497765843,2.40590349575,2.14521104742,0.00748465700908,7472.73035694,7.0,
99.081427827,0.99353827163,0.00663901236123,0.573336008575,0.252257165565,2.45974552859,2.25840541949,0.00663901236123,7666.31515365,7.0,
66.3484992183,0.995518577826,0.00652737266267,0.581350540665,0.255198282528,2.45318194959,1.9253517457,0.00652737266267,7402.0642134,7.0,
89.6849192288,0.994096113901,0.00684266232114,0.587971200355,0.256381464554,2.43837087785,2.10164669098,0.00684266232114,7594.73629407,7.0,
72.9083011985,0.995241649338,0.00709414475415,0.592622558406,0.257450158125,2.40653381492,1.8891974987,0.00709414475415,7660.20602343,7.0,
82.8294215737,0.994462598971,0.00633702980073,0.588522334394,0.255929804712,2.44988234184,2.04,0.00633702980073,7478.37642247,7.0,
90.5912819177,0.994024837068,0.00677255665283,0.587696047872,0.256470193062,2.44177841777,2.09393955185,0.00677255665283,7579.95086714,7.0,
84.2375977071,0.993967621512,0.00574206281987,0.573903670638,0.249838946166,2.51998429201,2.22490359562,0.00574206281987,6981.23992839,7.0,
85.1419854091,0.994384690317,0.00681486579584,0.595359161419,0.256113801384,2.43756370263,1.99157373632,0.00681486579584,7580.53833274,7.0,
83.6517404898,0.994354513516,0.00763110237685,0.595547625793,0.256306746822,2.39649939791,2.01506513809,0.00763110237685,7408.03012973,7.0,
100.486555498,0.993252471799,0.0073252909592,0.591385346576,0.255063056533,2.40807798469,2.18153204794,0.0073252909592,7445.81810261,7.0,
84.6340541949,0.994390528558,0.00729668809288,0.59647450164,0.256889238982,2.39226354244,2.00620635748,0.00729668809288,7543.35422393,7.0,
88.1507087024,0.994347921639,0.00699727515715,0.590440808786,0.256261717115,2.40401087843,2.00507034914,0.00699727515715,7797.82821272,7.0,
