3.1928036948,0.999784620652,0.00861842900226,0.659364673939,0.247061707109,2.31878298315,0.925146171941,0.00861842900226,7411.84624834,1.0,
3.25423296541,0.999784848783,0.00985186985556,0.665743458622,0.245970651476,2.26290453882,0.902934335778,0.00985186985556,7562.48340149,1.0,
3.38023676289,0.999783877082,0.00901039121132,0.6708745939,0.246114970766,2.28991547128,0.886083593818,0.00901039121132,7819.96962535,1.0,
3.10897689127,0.999794747095,0.00964638736051,0.666602091891,0.246276812591,2.26858995085,0.891501602627,0.00964638736051,7573.34072272,1.0,
3.04387564729,0.999801947106,0.00914653039837,0.669592617325,0.245916164895,2.27688095974,0.8799299941,0.00914653039837,7684.27958113,1.0,
3.16267353231,0.99979238855,0.00993991759445,0.667936618991,0.245434403265,2.25229025458,0.892862226187,0.00993991759445,7616.61430912,1.0,
3.36610259526,0.999776685559,0.00951660819019,0.665213445452,0.245756694264,2.27207670542,0.909940159292,0.00951660819019,7536.49357174,1.0,
3.03385400385,0.999802801402,0.00988458027629,0.671463227919,0.245146071482,2.24395983786,0.873133511666,0.00988458027629,7692.18364007,1.0,
3.18564404297,0.999795918772,0.0112521672993,0.680812130218,0.241622366894,2.25964899203,0.858409731145,0.0112521672993,7804.68874684,1.0,
3.14409310968,0.999787666376,0.0124999965228,0.681352605576,0.239645332476,2.21759369735,0.862333848368,0.0124999965228,7403.52396613,1.0,
3.31359611433,0.999782486916,0.0121260209677,0.685923426059,0.240116099736,2.21492424685,0.852170993158,0.0121260209677,7616.8607031,1.0,
2.92562840407,0.999811811937,0.0113806638051,0.686130646117,0.241389538823,2.24697866384,0.83090100494,0.0113806638051,7773.00349354,1.0,
2.71360392724,0.999814070119,0.012092428494,0.67942984811,0.240710589337,2.21763894239,0.849316945291,0.012092428494,7297.25660458,1.0,
3.03383979856,0.999795580785,0.0118490199722,0.680852756463,0.239598869775,2.24161566749,0.862361230929,0.0118490199722,7420.50487669,1.0,
3.16324548204,0.999791344911,0.0116999224368,0.68177951739,0.240348041483,2.25124796075,0.85929139353,0.0116999224368,7579.94648664,1.0,
3.04258464833,0.999803652268,0.0122561166477,0.687944453544,0.240027239603,2.21912464952,0.831251651248,0.0122561166477,7747.81860059,1.0,
2.86175741275,0.999816284615,0.0113525130432,0.687128624104,0.241464261474,2.23724216468,0.825538976178,0.0113525130432,7788.4114404,1.0,
2.7524086607,0.999828035921,0.0124162243609,0.690884339389,0.240124883149,2.22220100713,0.808270580074,0.0124162243609,8002.72395314,1.0,
2.74425875081,0.999823254332,0.0108803078692,0.68510180314,0.242151026903,2.25665221952,0.826508860875,0.0108803078692,7763.14662514,1.0,
3.16763155148,0.999796104509,0.0114314188178,0.686570040279,0.240969499071,2.22916808724,0.841901131012,0.0114314188178,7767.62717896,1.0,
2.72881788363,0.999824132925,0.0120983510367,0.688701810444,0.240606769428,2.20662795345,0.8142802578,0.0120983510367,7758.0380248,1.0,
2.82647502986,0.999816840498,0.0124081859885,0.688118332846,0.240465937366,2.19908641993,0.821359070324,0.0124081859885,7715.74211625,1.0,
2.74554189948,0.999829992129,0.0124013017055,0.690468162363,0.240788155711,2.20560447798,0.808744588089,0.0124013017055,8074.61497735,1.0,
2.94364855894,0.99980444627,0.0119132515438,0.685558614477,0.241424001821,2.20601599438,0.831605475054,0.0119132515438,7526.30097751,1.0,
2.97073112652,0.999808301989,0.0121126706695,0.685938412997,0.240237476378,2.22143898422,0.839133155973,0.0121126706695,7748.32720018,1.0,
3.27341085121,0.999790135335,0.0119162756331,0.685836004385,0.239876540597,2.23862313074,0.852280149578,0.0119162756331,7798.71668927,1.0,
2.95537399578,0.999811045234,0.0115917613415,0.687543894023,0.240312425908,2.2418827143,0.828912358142,0.0115917613415,7820.17768393,1.0,
2.89019331434,0.999805884125,0.0113937106507,0.681637858275,0.240232558351,2.24770304834,0.849357598581,0.0113937106507,7444.3691817,1.0,
3.05616555739,0.999792791312,0.0115078233925,0.678538417403,0.240116376784,2.2792449911,0.871072156225,0.0115078233925,7374.47919462,1.0,
2.78831841264,0.999821315121,0.01299574425,0.687778056838,0.239484819249,2.20339287096,0.826525776382,0.01299574425,7802.20338667,1.0,
3.11368510298,0.999790011136,0.0117029792387,0.678871267246,0.239721928097,2.26656641338,0.874527872783,0.0117029792387,7413.79516368,1.0,
2.95601846725,0.999800398442,0.0118507643516,0.681383718042,0.240856431126,2.22565515314,0.852066042251,0.0118507643516,7404.66676531,1.0,
3.20229647164,0.999793648781,0.0121209419802,0.686954077529,0.240509726954,2.21416620171,0.840534152455,0.0121209419802,7759.1942765,1.0,
3.02949634499,0.99979728217,0.0117162658907,0.682281229673,0.23996872638,2.26099810598,0.855619513617,0.0117162658907,7472.07402603,1.0,
3.00280507701,0.999800879352,0.0136102014615,0.687560832383,0.239852260168,2.17267576079,0.832555827481,0.0136102014615,7540.03683756,1.0,
3.06454172387,0.999796658822,0.0126062779623,0.684995693709,0.240149970117,2.22299785029,0.843395116054,0.0126062779623,7535.34573369,1.0,
3.41009263249,0.999786880692,0.0113891796878,0.686162726976,0.241444838589,2.25769368407,0.848820975154,0.0113891796878,8000.29333404,1.0,
3.01534040215,0.99979875741,0.0115019655235,0.68116410852,0.241302720444,2.26578449536,0.853618811016,0.0115019655235,7491.6658445,1.0,
2.6800590753,0.99982632531,0.0118480442479,0.681932261094,0.241315435673,2.28170597357,0.835773698929,0.0118480442479,7715.6249016,1.0,
3.19245426341,0.999786919715,0.0123661642126,0.680977767893,0.239847876375,2.2409158846,0.867664756336,0.0123661642126,7491.08218376,1.0,
2.82319304771,0.999818740624,0.0124912528017,0.68701375924,0.241102256992,2.19839003938,0.824612641902,0.0124912528017,7787.57645253,1.0,
3.29205959006,0.999785542777,0.0116789465421,0.685257367213,0.241418863103,2.22346083058,0.849077978711,0.0116789465421,7675.19297495,1.0,
2.96914303145,0.999806491745,0.0117161833108,0.6851306729,0.240329622319,2.24504051281,0.841104793808,0.0117161833108,7671.75612671,1.0,
2.99492917963,0.999800637344,0.0119305819199,0.683634131269,0.240005445012,2.25072911124,0.850722894933,0.0119305819199,7511.13969639,1.0,
3.08454398364,0.999790668261,0.0124075540436,0.679381350566,0.240697759901,2.22297277034,0.864856969109,0.0124075540436,7367.48160504,1.0,
3.18809202522,0.999778659343,0.0110592133848,0.672870781043,0.240881903108,2.2763284612,0.896018042958,0.0110592133848,7201.64967776,1.0,
2.95547343279,0.999802401134,0.012265564324,0.681243212531,0.240237450779,2.24784514962,0.85572521217,0.012265564324,7478.35166193,1.0,
2.90959269048,0.999811740079,0.0118857914285,0.687311428875,0.240379576515,2.2412636468,0.828605916446,0.0118857914285,7727.46737599,1.0,
2.87443011798,0.999812658185,0.0119939569994,0.685920449095,0.240702065343,2.2291055438,0.831015955622,0.0119939569994,7671.4910823,1.0,
2.95420607816,0.99981135723,0.0119945827238,0.689381529747,0.240784899281,2.19991022265,0.821242157069,0.0119945827238,7830.01475814,1.0,
3.44918773325,0.999785336528,0.0106632023605,0.685251910298,0.24262269759,2.24159966467,0.844572005434,0.0106632023605,8033.81842554,2.0,
3.22329637248,0.999795692484,0.010454792591,0.683551676252,0.241890809686,2.25008967107,0.843529599006,0.010454792591,7888.20592652,2.0,
3.17558025095,0.999790003023,0.0112117839008,0.673276479771,0.243023948615,2.22147538791,0.884559889819,0.0112117839008,7560.89612096,2.0,
3.29875953261,0.999791538439,0.0108841792339,0.682847463654,0.240703222666,2.2473034246,0.856451364039,0.0108841792339,7912.02929157,2.0,
3.04389873088,0.999808653959,0.010693460134,0.68484379617,0.242384572332,2.22771430937,0.833434125456,0.010693460134,7953.77329537,2.0,
3.32375083888,0.999785413913,0.0107466115649,0.678664551316,0.241195433598,2.25961457224,0.870344228695,0.0107466115649,7744.43634537,2.0,
3.19856664911,0.999793421033,0.0100513244925,0.676711820411,0.242040773646,2.291681832,0.873728918816,0.0100513244925,7741.62517267,2.0,
3.81704215821,0.999755240844,0.0103946697061,0.678634991967,0.24180744627,2.24478948165,0.891388240695,0.0103946697061,7797.3999124,2.0,
3.54357420548,0.999777777595,0.00937189575147,0.682934062835,0.242369785407,2.30234031283,0.86133929133,0.00937189575147,7972.88675876,2.0,
3.48232979052,0.999775437112,0.00925927937095,0.673995327743,0.242864031089,2.30813628119,0.894434246855,0.00925927937095,7753.4226808,2.0,
3.76592527215,0.999753754312,0.0110750656354,0.677055259222,0.24066194042,2.25966696,0.8973799749,0.0110750656354,7646.55792664,2.0,
3.27554566294,0.999785539191,0.0105410495098,0.674945990287,0.2414683629,2.28273342748,0.884631850815,0.0105410495098,7636.57321958,2.0,
3.15061698143,0.999792463022,0.0117402215389,0.676829286587,0.241375455405,2.21804402095,0.869494154384,0.0117402215389,7590.3702496,2.0,
3.13710579042,0.999792673441,0.0109868377275,0.675384429299,0.240478743276,2.26540655616,0.881111743184,0.0109868377275,7565.48025681,2.0,
3.29217837243,0.999794783138,0.011257535995,0.686891510773,0.242120703684,2.2301703969,0.835633888994,0.011257535995,8021.07857783,2.0,
3.26938888573,0.999791646063,0.0113476890767,0.683634572746,0.242095501376,2.21020856828,0.84567599926,0.0113476890767,7845.61606153,2.0,
3.4103503837,0.999782544398,0.0109140314467,0.682572585219,0.241845443285,2.23435532833,0.857204150822,0.0109140314467,7841.34265728,2.0,
3.35258037646,0.999785100917,0.0111575403358,0.680921572598,0.240945174297,2.24363604327,0.86740121087,0.0111575403358,7800.20880503,2.0,
3.21162738297,0.999798743496,0.0105177560371,0.684415696953,0.241654536425,2.24388816727,0.845270214007,0.0105177560371,7978.79162439,2.0,
3.17381066464,0.999791860462,0.0114761597313,0.676766329534,0.241471610161,2.22473541629,0.873079120367,0.0114761597313,7624.11424785,2.0,
3.59293365448,0.999755360188,0.00952358469725,0.664865368726,0.242288788448,2.32337778443,0.93611199972,0.00952358469725,7343.16674476,2.0,
3.26178690742,0.999789013048,0.00969869336283,0.677948699722,0.24258927156,2.29390209744,0.869415931847,0.00969869336283,7729.68904846,2.0,
2.88110398635,0.999812187077,0.0107542640384,0.679596383161,0.242105454916,2.25188018896,0.849060222102,0.0107542640384,7669.98845772,2.0,
3.09530233945,0.99980646033,0.0121147892249,0.688905065566,0.241872800746,2.18222924991,0.824737031624,0.0121147892249,7996.39665805,2.0,
3.25839221752,0.999789595606,0.0115630869408,0.682908973314,0.240288451321,2.21997044227,0.856271741917,0.0115630869408,7742.99740027,2.0,
3.43154130828,0.999782461227,0.0101098588442,0.68124695787,0.241506706074,2.28013484661,0.865974981311,0.0101098588442,7887.03609578,2.0,
3.45714381573,0.999776934573,0.0107966340221,0.678462339532,0.241676902841,2.26864622595,0.875418413473,0.0107966340221,7749.05966549,2.0,
3.19830263636,0.999792220112,0.0105975664641,0.676172591852,0.242926598088,2.25994589015,0.870681978098,0.0105975664641,7696.26279687,2.0,
3.40940190039,0.999772909799,0.0093344404374,0.661858359739,0.246026905031,2.30198700393,0.92532925193,0.0093344404374,7506.54783186,2.0,
3.17882466386,0.99978401331,0.00828406637586,0.659846139128,0.246698332449,2.33053161298,0.92218464986,0.00828406637586,7358.65075911,2.0,
3.31320098304,0.99978398106,0.00846083185016,0.667925945987,0.245746054594,2.31343525239,0.895038999589,0.00846083185016,7668.55839667,2.0,
3.30880893243,0.999784609173,0.00811998759479,0.664727324827,0.245560581829,2.345368696,0.911551337956,0.00811998759479,7680.74524419,2.0,
3.57773539867,0.999760968111,0.00971822951499,0.660754574455,0.245322976115,2.27817644809,0.940762642636,0.00971822951499,7483.62040143,2.0,
3.35335493845,0.999780966984,0.00838188326362,0.665772962964,0.245430393068,2.32840147826,0.908292626306,0.00838188326362,7654.70573908,2.0,
3.27177976646,0.999786504215,0.00919335052142,0.666357180297,0.245188803391,2.30279350816,0.904435143096,0.00919335052142,7662.21928302,2.0,
2.94045722895,0.999800745846,0.0098354649842,0.658903010699,0.247379488735,2.28509919593,0.916900563268,0.0098354649842,7378.47756106,2.0,
3.9169747672,0.99973817643,0.00906924342329,0.661664198365,0.245018972264,2.30277386611,0.950642887389,0.00906924342329,7479.98388523,2.0,
3.37139911148,0.999772789743,0.0105080009317,0.661686180092,0.24561794577,2.23514823892,0.926977158739,0.0105080009317,7418.92126417,2.0,
3.47812689453,0.999775062731,0.00968249138551,0.668366242989,0.245312400439,2.25372346819,0.903018726401,0.00968249138551,7731.12204221,2.0,
3.48004077665,0.999770146584,0.00959565566274,0.664168737853,0.245842090391,2.27723320947,0.918330998339,0.00959565566274,7569.92615294,2.0,
3.28730521116,0.999777290633,0.0102985115172,0.658425481604,0.246326396619,2.27498625425,0.93568415889,0.0102985115172,7380.0543335,2.0,
3.478148109,0.99977459703,0.00904472757668,0.665947774658,0.24538451562,2.30170302081,0.915343775902,0.00904472757668,7715.19887074,2.0,
3.13880612596,0.999787906361,0.00943732612238,0.658198582983,0.246778786724,2.30614670868,0.928319091131,0.00943732612238,7399.39264923,2.0,
3.32598405961,0.999773682831,0.00915166040466,0.654568955052,0.247555673017,2.3056173562,0.947165115253,0.00915166040466,7347.86644559,2.0,
3.44325057725,0.99976601627,0.0107607302035,0.659081721273,0.245730813383,2.2503294969,0.93912567016,0.0107607302035,7357.67914288,2.0,
2.92214474422,0.999809350491,0.00894123688576,0.667950547408,0.24561923653,2.2977166715,0.884927264722,0.00894123688576,7663.43587531,2.0,
3.3128601496,0.999791270367,0.0100453961028,0.671088887034,0.245246797655,2.28381129573,0.889345950245,0.0100453961028,7935.58513532,2.0,
3.34572146553,0.999775213141,0.00954788437486,0.659403332426,0.246455405045,2.29283689443,0.934060830966,0.00954788437486,7441.78392908,2.0,
3.05031755827,0.999800220307,0.00950027206348,0.665469483685,0.246008341546,2.28600188269,0.896894097993,0.00950027206348,7634.00810171,2.0,
3.45847023446,0.999769756607,0.00932093091792,0.660720292308,0.245689752518,2.30595038272,0.935859201676,0.00932093091792,7510.27068874,2.0,
3.43791508995,0.999788970002,0.0099172100436,0.687646252448,0.2399906703,2.24977049278,0.84193262563,0.0099172100436,8145.6000095,3.0,
3.72903666375,0.999760841672,0.0101919169429,0.677514616753,0.239788881892,2.25529793171,0.895992809882,0.0101919169429,7796.18786105,3.0,
3.18041817937,0.999796504153,0.0101598312383,0.678824793252,0.241301346484,2.24352522789,0.862005911829,0.0101598312383,7814.36375053,3.0,
3.48127177696,0.999774552799,0.0104913305325,0.675638141011,0.24103782632,2.23722175585,0.891549919296,0.0104913305325,7720.71504495,3.0,
3.18523891191,0.999800679673,0.0100716015622,0.684311835983,0.240160696802,2.23816829926,0.841882720212,0.0100716015622,7990.16021248,3.0,
3.61697638399,0.999770407927,0.010360870062,0.680699426737,0.240167663302,2.22486033309,0.874185824413,0.010360870062,7876.8555753,3.0,
3.12771198331,0.999801987999,0.0103446533581,0.683094441927,0.240583461716,2.21552111546,0.846823730419,0.0103446533581,7897.69379292,3.0,
3.26597167297,0.999793885057,0.0101906203114,0.682639394032,0.240613828041,2.22760197583,0.848472665242,0.0101906203114,7922.59617484,3.0,
3.63636977896,0.999772570006,0.0121451559207,0.690042731004,0.238874608097,2.1561181858,0.838825125528,0.0121451559207,7994.39229902,3.0,
3.31623904546,0.999796105698,0.011482982058,0.693586266727,0.238622976187,2.17687788496,0.81492192559,0.011482982058,8132.15694486,3.0,
3.32405027139,0.999794614369,0.0106484121185,0.689787658451,0.239391703088,2.21390493638,0.832791055828,0.0106484121185,8092.11286349,3.0,
3.62974282542,0.999771699637,0.00965762645689,0.684354801403,0.240780615807,2.2413217594,0.858429917607,0.00965762645689,7949.37009533,3.0,
3.47215478605,0.999778057021,0.010296009574,0.67860858815,0.240905587922,2.24444851223,0.873308647908,0.010296009574,7822.07229456,3.0,
3.26964682384,0.999791056499,0.010321326753,0.67876293937,0.24090474797,2.23490200264,0.867955123628,0.010321326753,7824.12743257,3.0,
3.1382866984,0.999809274779,0.0128232984482,0.700301158333,0.238840446984,2.13710981445,0.781137172518,0.0128232984482,8227.1358587,3.0,
3.34647387849,0.999786198722,0.0122719157775,0.68983400317,0.239802432002,2.18568999507,0.828840677514,0.0122719157775,7826.0227685,3.0,
3.57925573826,0.999774437566,0.0118899387178,0.691269310282,0.238752899755,2.20591169453,0.839343431611,0.0118899387178,7933.95824471,3.0,
3.08258393432,0.999803583248,0.0120187568263,0.687551283581,0.239707236246,2.19714479162,0.833536646511,0.0120187568263,7846.95473799,3.0,
3.1658800956,0.999804812935,0.0110749362083,0.694132519596,0.238357409036,2.23545138772,0.814696977386,0.0110749362083,8109.76356888,3.0,
3.32956285751,0.999792073349,0.0110869962215,0.691303934176,0.239431097305,2.22295749176,0.826836049767,0.0110869962215,8006.48794106,3.0,
3.36105383047,0.999787666436,0.0111731062613,0.690269851852,0.239098748515,2.22841308138,0.834946427842,0.0111731062613,7914.47625461,3.0,
3.28173047691,0.999786866129,0.0112049123637,0.68190416722,0.240483535761,2.25549477862,0.859129901841,0.0112049123637,7698.70451805,3.0,
3.26633101068,0.999786529297,0.0115627463525,0.686677958361,0.239824465953,2.21555520616,0.840942087192,0.0115627463525,7650.4815935,3.0,
3.36653080991,0.999780581304,0.0117750489189,0.682731874182,0.239312199399,2.22104318531,0.864874071528,0.0117750489189,7671.43131572,3.0,
3.65705996715,0.999765223898,0.0110624443741,0.686312794873,0.239250213096,2.22187483388,0.861699563589,0.0110624443741,7788.34776311,3.0,
3.49391784727,0.999777570185,0.0126874258797,0.693068572508,0.238269966972,2.17785054748,0.826362041752,0.0126874258797,7853.92749972,3.0,
3.2580597951,0.999794055103,0.0117578759353,0.693117095245,0.238035876338,2.19537553645,0.822655022443,0.0117578759353,7909.99028732,3.0,
3.35998815354,0.999785394314,0.0120481337255,0.691298117167,0.238539008803,2.18890759091,0.832218358446,0.0120481337255,7828.24539498,3.0,
3.13245617552,0.999799510353,0.0114778276147,0.689371541818,0.239416847775,2.22619095038,0.827715936492,0.0114778276147,7812.02764093,3.0,
2.98173704686,0.999812873266,0.0122553959373,0.696074731254,0.238098523543,2.16893755188,0.800659069268,0.0122553959373,7967.18339108,3.0,
3.0873756021,0.999796477343,0.011598556842,0.679799809027,0.240249440168,2.22125395909,0.861673956689,0.011598556842,7584.85811803,3.0,
3.03677468573,0.999805288118,0.0118862768429,0.687001831914,0.239580207676,2.21067784814,0.834281676459,0.0118862768429,7798.13953409,3.0,
3.21883525801,0.999796566622,0.0100847166455,0.688458775673,0.240364738704,2.26385738891,0.832242283141,0.0100847166455,7911.29374961,3.0,
3.27709179634,0.999792453128,0.0106432843738,0.688873324363,0.239567116886,2.24371473421,0.834577277278,0.0106432843738,7894.84475629,3.0,
3.50032162827,0.999774673741,0.00949088715464,0.682844840132,0.240656627974,2.29999074094,0.863997081935,0.00949088715464,7767.25085941,3.0,
3.18603066978,0.999795035533,0.0125937784051,0.68715574117,0.2397063341,2.1879974586,0.838474572676,0.0125937784051,7772.17529803,3.0,
3.54920370485,0.999763530019,0.0108484202365,0.672982943074,0.241739871758,2.2671575369,0.907579838622,0.0108484202365,7504.57697057,3.0,
3.49683993099,0.999777760194,0.01119926772,0.684691643869,0.240994018303,2.2245139111,0.858289827304,0.01119926772,7867.15382418,3.0,
3.34528250345,0.999793495063,0.0112867720955,0.688159972673,0.241702269782,2.20762237659,0.838103646451,0.0112867720955,8099.6573157,3.0,
3.65550663765,0.999770574147,0.0107654831796,0.683423321125,0.241631487397,2.26187148595,0.867455602168,0.0107654831796,7966.53757945,3.0,
3.27313123134,0.99978605413,0.0107452224177,0.675965114405,0.241638376971,2.27038363859,0.879570002208,0.0107452224177,7649.33638227,3.0,
3.38864601274,0.999782519476,0.0115328827117,0.684725403257,0.240079495575,2.21910676006,0.854418979909,0.0115328827117,7790.57916363,3.0,
3.22820570116,0.999788549912,0.0106751385899,0.677749738814,0.241358947938,2.26151741327,0.873798543416,0.0106751385899,7633.39647424,3.0,
3.91911013967,0.999738754797,0.0100038153348,0.671154329665,0.241463087734,2.27830085707,0.927563687584,0.0100038153348,7500.66417594,3.0,
3.63398030007,0.999773599404,0.0106464820593,0.685433344625,0.242678454434,2.25461151329,0.851635678112,0.0106464820593,8025.45287583,3.0,
3.04287520253,0.999808534027,0.0113611102175,0.687115353586,0.241670630396,2.19876821323,0.826906982749,0.0113611102175,7946.15577787,3.0,
3.4644762674,0.999774568528,0.0114684055102,0.682140754077,0.239977988085,2.22964367161,0.86813698869,0.0114684055102,7684.00237764,3.0,
3.25902136223,0.999795454427,0.0105824513872,0.683354803589,0.241816112485,2.23921506254,0.850243092656,0.0105824513872,7966.46021348,3.0,
3.61596294887,0.999766577484,0.0103863378239,0.678837350385,0.241366613866,2.28446767618,0.883388420878,0.0103863378239,7745.40966427,3.0,
3.10507202595,0.999801182061,0.0110111152403,0.683887580823,0.24140925316,2.2421165425,0.842476632068,0.0110111152403,7808.70881134,3.0,
3.47756298199,0.999769514604,0.0079477534444,0.657480163913,0.247936474112,2.36681766619,0.944697600736,0.0079477534444,7544.0125901,4.0,
3.78857354708,0.999740042356,0.00827980730485,0.652961511185,0.246224420965,2.34445012369,0.974147404717,0.00827980730485,7286.91482099,4.0,
3.515769785,0.999760553778,0.00965064192951,0.659535161021,0.246541934764,2.26268128186,0.93456810926,0.00965064192951,7341.46973503,4.0,
3.40514835133,0.999767661907,0.00851902053404,0.653867887308,0.246634031193,2.33482756911,0.957595441075,0.00851902053404,7328.03263555,4.0,
3.32824447599,0.99978247637,0.00915975333045,0.670658654266,0.244561959704,2.26876387567,0.891952059771,0.00915975333045,7650.32809636,4.0,
3.49065530393,0.999763795932,0.00809432985976,0.660054563286,0.245847938245,2.33624322639,0.93664049249,0.00809432985976,7389.09723953,4.0,
4.09760677353,0.999720850049,0.00814125225132,0.657248706066,0.245202220089,2.35137800278,0.971922221191,0.00814125225132,7339.48488226,4.0,
3.44280339106,0.999760194441,0.00857708835662,0.655163200017,0.246426709335,2.32891135301,0.953112925214,0.00857708835662,7178.34770805,4.0,
3.49950080564,0.999771126593,0.0100423588347,0.671429811534,0.243463342086,2.26836397751,0.901244560753,0.0100423588347,7644.98658731,4.0,
3.62919694986,0.999752748856,0.00828163018547,0.657803081485,0.245618010876,2.33398265977,0.952599478834,0.00828163018547,7339.02594216,4.0,
3.61391271468,0.999766851857,0.00988129787703,0.670357699962,0.244160146043,2.23834574391,0.903305916194,0.00988129787703,7750.19357914,4.0,
3.18949629265,0.999791150352,0.0104886987248,0.675589856225,0.242941896119,2.26998587209,0.877122019962,0.0104886987248,7635.84565365,4.0,
3.44477717838,0.999767520355,0.0106963354742,0.666213822809,0.242566164564,2.27021913433,0.925701766904,0.0106963354742,7408.75781118,4.0,
3.51098456567,0.999760310793,0.00993055287911,0.6661936951,0.242886869129,2.30896622363,0.927770038077,0.00993055287911,7324.00378435,4.0,
3.35381137677,0.99977441977,0.00937206405537,0.670201829636,0.244216626665,2.2987933147,0.902432010644,0.00937206405537,7433.74698048,4.0,
3.43009339696,0.999777675335,0.00877143364753,0.672019521941,0.24411986105,2.33851071444,0.898689851939,0.00877143364753,7714.14901662,4.0,
3.78992632035,0.999750808824,0.00983620447519,0.67146336825,0.242101824619,2.31201014386,0.922722488213,0.00983620447519,7604.47689255,4.0,
3.39617574969,0.999775030306,0.00989151836029,0.67248752297,0.242849794901,2.31538255942,0.896201964049,0.00989151836029,7548.090282,4.0,
3.52947228011,0.999758917131,0.010263454541,0.663764413324,0.242677558551,2.29443334243,0.941368329928,0.010263454541,7320.0315645,4.0,
3.80877103609,0.999733531403,0.0101079171284,0.655660579051,0.242047374515,2.31140527257,0.982442171162,0.0101079171284,7146.7916328,4.0,
3.25898295188,0.999784978991,0.0116018045882,0.673660984748,0.242429408008,2.23103863346,0.885982194233,0.0116018045882,7578.34232355,4.0,
3.20832484053,0.999792958341,0.0107922349214,0.678557431126,0.241772391743,2.24912423817,0.871891296654,0.0107922349214,7748.04426626,4.0,
3.22049933268,0.999790700252,0.0107004592206,0.676543911794,0.241909117333,2.25949676573,0.87855768856,0.0107004592206,7693.53125194,4.0,
3.2386427558,0.999778584321,0.0108143717477,0.664146545702,0.24192761618,2.2918322384,0.928562823959,0.0108143717477,7313.51027442,4.0,
3.75797956326,0.999740963401,0.00978323120245,0.660300265505,0.242030289363,2.31700864776,0.966606359614,0.00978323120245,7253.77920992,4.0,
3.75603427998,0.999751764188,0.0106543135283,0.669299779504,0.243718980184,2.22449344452,0.916470572953,0.0106543135283,7565.49820866,4.0,
3.68244902148,0.999766055001,0.0093888714447,0.680688720828,0.239909167557,2.26782712858,0.878700208715,0.0093888714447,7870.38293626,4.0,
3.70340154021,0.999754222684,0.00923897691209,0.666731412457,0.242467126376,2.2910557495,0.929299162514,0.00923897691209,7534.11260176,4.0,
3.76352560657,0.999750344179,0.00946902852511,0.67138216836,0.241710348202,2.28964618739,0.914197820404,0.00946902852511,7537.48189975,4.0,
3.64354821541,0.999769358439,0.0104421284532,0.684023463523,0.239031677876,2.23891872774,0.865737323113,0.0104421284532,7898.76383504,4.0,
3.6255082479,0.999768106062,0.00988112051695,0.679493833433,0.241081693298,2.23869711151,0.876301758063,0.00988112051695,7817.13353796,4.0,
3.22673180912,0.999800628166,0.0111450856262,0.691481411226,0.240030844347,2.17788825926,0.813337568752,0.0111450856262,8092.2170966,4.0,
3.74536891272,0.999752840075,0.00913903691494,0.666233805974,0.242888636011,2.28148845967,0.930233066713,0.00913903691494,7576.8127873,4.0,
3.90299732501,0.999750401081,0.00949589823686,0.679179626896,0.240210204157,2.26023797533,0.889222401626,0.00949589823686,7818.54439521,4.0,
3.69209543972,0.99977232253,0.011055338443,0.689853220092,0.238676127933,2.2175219401,0.84686008474,0.011055338443,8108.23852326,4.0,
3.3032225162,0.999786613427,0.00915548635338,0.674775555742,0.241669563327,2.28197172925,0.88345552217,0.00915548635338,7740.05173807,4.0,
3.39324114289,0.999777635375,0.00983804340034,0.66801436835,0.243110522801,2.2551354835,0.906431172905,0.00983804340034,7629.94202027,4.0,
3.73715507903,0.999760901879,0.00924880432075,0.675778485694,0.241263432365,2.27909381217,0.893976126332,0.00924880432075,7815.14539469,4.0,
3.43921618214,0.999774394248,0.0090387286056,0.668560718573,0.24254070809,2.29390642022,0.907330031165,0.0090387286056,7622.22816731,4.0,
4.16325753784,0.999733723467,0.00979914414073,0.67888364301,0.239402545316,2.25969375205,0.907668621669,0.00979914414073,7817.58313612,4.0,
3.65195484849,0.999768740553,0.0099391808761,0.681949258365,0.239687515793,2.23900245108,0.873269770279,0.0099391808761,7895.85334896,4.0,
3.39254742019,0.999786295561,0.00964716664891,0.684941398199,0.238464648143,2.26014035044,0.854977285091,0.00964716664891,7937.54948298,4.0,
3.95157651122,0.999748170961,0.0100136563495,0.680599126714,0.239603471745,2.2442983787,0.886603114827,0.0100136563495,7845.81701979,4.0,
3.45737493202,0.999772829993,0.0101931723275,0.668541280127,0.24267942261,2.24343462103,0.912627762309,0.0101931723275,7609.70929116,4.0,
3.59757429763,0.999777296868,0.0101775573562,0.6864435864,0.240291272974,2.23374736706,0.850987748781,0.0101775573562,8077.10372649,4.0,
3.46613763185,0.999780957592,0.0103736410811,0.681207487523,0.240713772867,2.21171706957,0.85938326062,0.0103736410811,7912.07743118,4.0,
3.67974384876,0.999766018794,0.00987170788493,0.681083364969,0.239516680474,2.25106698743,0.878354422111,0.00987170788493,7863.24797439,4.0,
3.69001371091,0.999760655506,0.00982759368957,0.671700963805,0.241643502188,2.25119329036,0.911140786455,0.00982759368957,7708.62520192,4.0,
3.79447163854,0.999753543157,0.00912015782653,0.672504487889,0.240497350935,2.29887751831,0.916782808911,0.00912015782653,7698.08724098,4.0,
3.27063642772,0.999792239003,0.00979452983937,0.678955420718,0.241008552338,2.23844358707,0.864746878131,0.00979452983937,7871.19323801,4.0,
3.63149456166,0.999750083205,0.00722736345386,0.654208027334,0.248157462333,2.39247157936,0.962924386469,0.00722736345386,7265.39151734,5.0,
3.58566484624,0.999758183184,0.00941349016187,0.66563104057,0.244664873809,2.27876862294,0.918831267445,0.00941349016187,7414.01050819,5.0,
3.52809950729,0.999771459978,0.00994568751726,0.682857699499,0.239798576328,2.23965310816,0.863548120084,0.00994568751726,7718.8011032,5.0,
3.31749733487,0.999771694341,0.00868718460065,0.665837722677,0.244265553553,2.31832193266,0.912898410419,0.00868718460065,7265.49166794,5.0,
3.62012350937,0.99976146694,0.00910336747715,0.67827398337,0.240683175025,2.28389327192,0.881809858301,0.00910336747715,7588.31599801,5.0,
3.56121343435,0.999756436336,0.00919113721336,0.655505007761,0.243253045512,2.32846120189,0.969507883047,0.00919113721336,7310.64962834,5.0,
3.38833667391,0.999771874901,0.0095225374029,0.660433594138,0.243727984475,2.31082852485,0.944699937132,0.0095225374029,7426.49814022,5.0,
3.31569784269,0.999785054943,0.0095028177633,0.670487129464,0.242567070972,2.32036780883,0.907173212267,0.0095028177633,7712.94082322,5.0,
3.37225544733,0.999767037637,0.00951433523805,0.650920246144,0.244317688715,2.32377811211,0.977085469383,0.00951433523805,7237.81105881,5.0,
3.39775020021,0.9997804444,0.00946102869559,0.672816488876,0.243898524486,2.30067330319,0.891523658205,0.00946102869559,7737.83761066,5.0,
3.40635766989,0.999772531247,0.00989930824446,0.666164478751,0.243039339907,2.29712029107,0.926515767262,0.00989930824446,7487.53903896,5.0,
3.33206971693,0.999789687242,0.0104074521435,0.677894768277,0.244490243351,2.23273798634,0.866220396344,0.0104074521435,7921.71044705,5.0,
3.42089678167,0.999768466117,0.00914287525781,0.659939787886,0.243359219528,2.32995552581,0.947836408544,0.00914287525781,7387.48718464,5.0,
3.44003093014,0.999769789411,0.00976934578424,0.665053333454,0.243049299627,2.28897486903,0.927935548368,0.00976934578424,7471.49569745,5.0,
3.72275624446,0.999745153717,0.00894483217898,0.65489870245,0.244305976085,2.33660576454,0.978438055741,0.00894483217898,7303.93212599,5.0,
3.63850346922,0.999754527739,0.00924825074572,0.658262358616,0.243170565006,2.34486227192,0.964918640618,0.00924825074572,7411.26226196,5.0,
3.33613093387,0.999776298475,0.00928645718073,0.662110538695,0.242767261069,2.32576498875,0.938367930218,0.00928645718073,7456.67900182,5.0,
3.2949115819,0.999782651368,0.00918306237446,0.666846902995,0.245195898937,2.29545986623,0.910582668185,0.00918306237446,7579.79420993,5.0,
3.47229627819,0.999767480869,0.00883156130352,0.662070661181,0.243048532516,2.35663059028,0.943656596146,0.00883156130352,7466.71696098,5.0,
3.6793171294,0.999759104778,0.00851325722552,0.667701743427,0.244019131792,2.34262463614,0.925201030519,0.00851325722552,7636.78434774,5.0,
3.28281138715,0.999782190487,0.00895228283773,0.664351582767,0.243460105189,2.3388681102,0.926045590936,0.00895228283773,7536.01453111,5.0,
3.46889158852,0.999762574071,0.00890369160086,0.656612637743,0.244021010874,2.33472175228,0.962689531946,0.00890369160086,7305.19047351,5.0,
3.42284608356,0.999777374444,0.00946515393334,0.672588745432,0.243668318099,2.29557266376,0.896648589504,0.00946515393334,7687.45147461,5.0,
3.47590021571,0.999761738717,0.00833122747075,0.656710721002,0.242815546631,2.37869670866,0.968633697129,0.00833122747075,7294.34240859,5.0,
3.62618813913,0.999756664283,0.00827665224048,0.671488146567,0.243119492071,2.34869858454,0.909539046831,0.00827665224048,7450.97269645,5.0,
3.3621066105,0.999770648135,0.00946353923129,0.664014416956,0.242065920101,2.34648979902,0.932540958657,0.00946353923129,7329.56213824,5.0,
3.20711972749,0.999774895505,0.0105226048688,0.662442466435,0.240522084132,2.29529274264,0.935841164699,0.0105226048688,7123.57741937,5.0,
3.15433624345,0.999799246459,0.0111283522697,0.683875865142,0.240964826119,2.26204762199,0.847429324255,0.0111283522697,7856.20673791,5.0,
3.28982309838,0.999775639191,0.00967332087124,0.669057573419,0.240344965475,2.32072496561,0.915711898452,0.00967332087124,7331.40581793,5.0,
3.21842965967,0.999781440018,0.0105040008922,0.671136456044,0.240245646808,2.2810536303,0.904471497418,0.0105040008922,7362.76846902,5.0,
3.59686524818,0.999766542279,0.0105995516546,0.680239403345,0.240839353006,2.27866319849,0.87777677157,0.0105995516546,7703.42646219,5.0,
3.40341296986,0.999768094872,0.00999179836976,0.669318293564,0.240606417212,2.3084521584,0.917662976002,0.00999179836976,7337.90562857,5.0,
3.53054571388,0.999743369399,0.00916808929692,0.640993379501,0.243387114149,2.35810994125,1.02682322763,0.00916808929692,6878.61456845,5.0,
3.38624232856,0.999768568856,0.0108482645073,0.668448020545,0.240075606141,2.26774803523,0.922972949862,0.0108482645073,7315.82991997,5.0,
3.39884868014,0.99976100836,0.0103202783145,0.659960753055,0.239995855591,2.30940447308,0.955488011906,0.0103202783145,7110.72819341,5.0,
3.51379683878,0.999762192993,0.00850546329818,0.659304988284,0.245985124188,2.33323289451,0.939751076635,0.00850546329818,7387.87467878,5.0,
3.44114912926,0.999763948258,0.00936487988584,0.65165767413,0.247450876326,2.30720566751,0.96107975512,0.00936487988584,7288.93307195,5.0,
3.22969865819,0.99978061925,0.00822827063162,0.656863369994,0.24700798595,2.36897215302,0.934981557892,0.00822827063162,7360.90929735,5.0,
3.54157555891,0.999750795474,0.0085133810383,0.642398967245,0.247935848666,2.34083928772,1.00400654527,0.0085133810383,7105.72880985,5.0,
3.63568801862,0.999757076197,0.00958008632563,0.661260576311,0.245571611519,2.29826781683,0.93825512902,0.00958008632563,7483.15719925,5.0,
3.49267479116,0.999763426722,0.010085298628,0.656213393237,0.247224665676,2.26560495484,0.945075723061,0.010085298628,7381.76610443,5.0,
3.44805028223,0.999763123253,0.00857893877746,0.652818585923,0.246862982386,2.34343423817,0.959187461292,0.00857893877746,7278.1157834,5.0,
3.38113730336,0.999767971417,0.00897126067929,0.654755878136,0.246585212826,2.32254055724,0.950979889145,0.00897126067929,7285.99009929,5.0,
3.25614348312,0.999785870224,0.00894327175633,0.666789272097,0.244515185237,2.34684808698,0.909412227257,0.00894327175633,7603.17185414,5.0,
3.16762631795,0.9997838567,0.0100435194548,0.669257362131,0.242123184038,2.31078237701,0.906649579201,0.0100435194548,7327.58494898,5.0,
3.43608840212,0.999768864435,0.00990871907466,0.671527700981,0.24288911504,2.29582968138,0.904968215202,0.00990871907466,7433.04713129,5.0,
3.5133818014,0.999763939542,0.00907042799363,0.663267044128,0.244307109095,2.29087276879,0.929575137607,0.00907042799363,7441.64800796,5.0,
3.41049598789,0.999783163651,0.0110052275075,0.688144717462,0.239479607774,2.22625339012,0.84256597585,0.0110052275075,7864.20318803,5.0,
3.30585357844,0.999787984011,0.0116555997184,0.684470895233,0.240172524057,2.20504849746,0.848935271645,0.0116555997184,7796.23142703,5.0,
3.6614085608,0.999745971522,0.0102216529843,0.656963794787,0.242823438523,2.30041114623,0.9679866089,0.0102216529843,7206.69473381,5.0,
3.77805537277,0.999733416013,0.00955313334132,0.658278016964,0.241412569415,2.42837977088,0.973450878349,0.00955313334132,7085.97620929,6.0,
3.28207934756,0.999785429216,0.00901538945754,0.673091151485,0.246134992566,2.3013228179,0.880639230462,0.00901538945754,7647.95412367,6.0,
3.82641101261,0.999754042678,0.00994652530685,0.678826384213,0.24424022485,2.28203459457,0.882080319499,0.00994652530685,7778.55391648,6.0,
3.42102995624,0.999778364353,0.00993045325465,0.675289547913,0.243124863138,2.29288432318,0.886509098253,0.00993045325465,7717.62723524,6.0,
3.55175944168,0.999765400505,0.0112123547952,0.679046417219,0.239930069758,2.2667852817,0.889948366584,0.0112123547952,7569.77867888,6.0,
3.21553841638,0.9997885724,0.0097601303572,0.679351993358,0.241894880247,2.29766112218,0.867897461375,0.0097601303572,7604.27380014,6.0,
3.64384437696,0.999764027938,0.0110986932605,0.683615020987,0.241368369848,2.24438396282,0.867164861053,0.0110986932605,7720.8720445,6.0,
3.30847417362,0.999793363597,0.0105345144317,0.685270228861,0.243496351309,2.24545203443,0.838670175747,0.0105345144317,8005.50834399,6.0,
3.42581022241,0.999776343855,0.0113491721826,0.684816802178,0.241267223602,2.22434429892,0.854623461285,0.0113491721826,7658.61626607,6.0,
3.70501776549,0.999762380988,0.0108091996709,0.683263925348,0.240211079438,2.26940581634,0.879397856553,0.0108091996709,7796.0825174,6.0,
3.16278371674,0.999792111771,0.0112001675531,0.684283786206,0.240880321864,2.24005262805,0.849319375143,0.0112001675531,7606.88184161,6.0,
3.26295996511,0.99978651431,0.00997251868111,0.679751197175,0.242556416481,2.28543705897,0.865012479625,0.00997251868111,7642.06284834,6.0,
3.31893160163,0.999776525731,0.0102711383454,0.677709097662,0.241520032286,2.28322743721,0.879364492818,0.0102711383454,7425.71700431,6.0,
3.33677110637,0.999780351009,0.0111533413438,0.684847830379,0.241319576382,2.22789764985,0.84937086931,0.0111533413438,7595.64806399,6.0,
2.9312163156,0.999816239747,0.0110209312416,0.688904639138,0.242635443778,2.21991899863,0.81351616286,0.0110209312416,7975.60634074,6.0,
3.41032010401,0.999775987708,0.010251880222,0.679475137566,0.24223961528,2.27840300293,0.873092391097,0.010251880222,7611.84633629,6.0,
3.8368280677,0.999744441449,0.00990305885863,0.673829962525,0.240727411633,2.30257660888,0.919984979778,0.00990305885863,7506.70519566,6.0,
3.68830440361,0.99976344722,0.00954385227834,0.680763811184,0.242444394501,2.29116861519,0.877516123235,0.00954385227834,7795.89466923,6.0,
3.56812757769,0.999770479011,0.0104287929709,0.682063623404,0.242214021774,2.26684271636,0.867620177901,0.0104287929709,7772.93839726,6.0,
3.13863986802,0.99978509499,0.0101860359464,0.673094788496,0.241327445061,2.30567455072,0.894249484661,0.0101860359464,7302.34522538,6.0,
3.80207006552,0.999754969743,0.0110653917111,0.683260073983,0.240606411762,2.24306738299,0.879301690495,0.0110653917111,7758.33138984,6.0,
4.01033191682,0.999744310604,0.00976486851094,0.679919554974,0.242285309588,2.28111571521,0.89363164811,0.00976486851094,7842.15376075,6.0,
3.02922775291,0.999798571437,0.00993942066037,0.677706994042,0.241775175706,2.2960562938,0.868244089082,0.00993942066037,7519.32158382,6.0,
3.48473048411,0.999768563764,0.0110877776733,0.678703351988,0.241496977347,2.24233935661,0.880387834255,0.0110877776733,7528.46228973,6.0,
3.72115758888,0.99976530638,0.0113526877068,0.684324053629,0.24100373429,2.23822622498,0.869983676069,0.0113526877068,7927.63460218,6.0,
3.1000815776,0.999798266129,0.0112616554509,0.683031304824,0.24177830605,2.23244679996,0.846097765462,0.0112616554509,7683.53387022,6.0,
3.37216526245,0.999783812066,0.0112282681757,0.683924281163,0.24169112214,2.24028674556,0.853827404448,0.0112282681757,7799.09931488,6.0,
3.10831671922,0.999802645206,0.0114188319682,0.685723937024,0.241939976358,2.23045637084,0.838476254881,0.0114188319682,7874.89325956,6.0,
3.69877585,0.999761107733,0.0107259956986,0.678188310125,0.241476466588,2.2920113229,0.890934979876,0.0107259956986,7741.46365799,6.0,
3.43613148526,0.999773821891,0.0105387762202,0.679305590612,0.241486900437,2.27743272951,0.877957702074,0.0105387762202,7596.01021139,6.0,
3.24785871645,0.99979044409,0.0104502570938,0.68256825761,0.241982129896,2.26565509605,0.853450216682,0.0104502570938,7749.340976,6.0,
3.43471684423,0.999787161653,0.0106421765856,0.685611679765,0.241829926134,2.24126108652,0.852082490478,0.0106421765856,8068.80520366,6.0,
3.2548962215,0.999798005468,0.0109808137391,0.683841695901,0.245456799086,2.2023813331,0.835199319342,0.0109808137391,8056.85978728,6.0,
2.95415290179,0.999812501361,0.0102559166894,0.684326824465,0.242080091069,2.27899058985,0.835621179,0.0102559166894,7877.76213626,6.0,
3.0753538168,0.999794851057,0.0115005236067,0.680320053218,0.241812864731,2.21471981218,0.859747271113,0.0115005236067,7495.38087673,6.0,
3.1222266863,0.999796232947,0.0120603891855,0.683275705387,0.240968031935,2.22932056376,0.850575608531,0.0120603891855,7661.22453377,6.0,
3.50632775467,0.999778748789,0.0110830069371,0.684454615088,0.24176080766,2.24426087722,0.858399544459,0.0110830069371,7923.81885813,6.0,
3.12386861193,0.999793833121,0.01015276701,0.679093959421,0.242807149068,2.28681323738,0.861926474366,0.01015276701,7576.00754708,6.0,
3.39294245802,0.999779389159,0.0102951905868,0.682088979897,0.243317045949,2.26741891112,0.854386176909,0.0102951905868,7689.78942341,6.0,
3.57851874551,0.999764561155,0.0107332205319,0.679911308748,0.240749448523,2.29065906035,0.886639001869,0.0107332205319,7599.58046946,6.0,
3.46798983313,0.99976562594,0.0110623124543,0.676553769144,0.240860163425,2.28078730308,0.893779775614,0.0110623124543,7398.32518471,6.0,
3.61072605748,0.999769122216,0.0108007647853,0.683822121783,0.241397846555,2.24281345691,0.868129512223,0.0108007647853,7819.47493502,6.0,
3.61272358258,0.999761016363,0.0106892495024,0.679247615414,0.242172923027,2.27371244229,0.879864761925,0.0106892495024,7558.43852703,6.0,
3.62961946371,0.999762861222,0.01115429547,0.681866311141,0.242009747796,2.25170711127,0.872883610752,0.01115429547,7652.85623807,6.0,
3.20897847067,0.999791789404,0.0104240983867,0.682206653805,0.242383401721,2.26477681941,0.854451315629,0.0104240983867,7706.00042063,6.0,
3.30249888764,0.999788380041,0.0107145644327,0.681962818213,0.241852117715,2.27668322087,0.863115886829,0.0107145644327,7802.8367464,6.0,
2.83396065565,0.999809917543,0.0110191817133,0.678471767011,0.241492734523,2.27373700025,0.859281580667,0.0110191817133,7454.48478498,6.0,
3.33744884811,0.999781697631,0.0112777430043,0.681110685168,0.24114129117,2.26112895658,0.866659638788,0.0112777430043,7644.04589326,6.0,
2.85768451383,0.999820737392,0.0108222866892,0.686963214945,0.242648055632,2.25046707921,0.817778870588,0.0108222866892,7970.63093019,6.0,
3.4442772831,0.99977193789,0.0111278381971,0.678472775951,0.240723216953,2.2733253331,0.88497604867,0.0111278381971,7551.14955703,6.0,
3.16038106058,0.999791700018,0.0113025080874,0.682621778499,0.237759224496,2.24046364982,0.864444735404,0.0113025080874,7586.00162826,7.0,
3.35349474839,0.999784683157,0.00944609274528,0.681140053569,0.242339614916,2.27728338188,0.86527471671,0.00944609274528,7787.22426259,7.0,
3.7259555182,0.999753404653,0.00929169346082,0.674931224727,0.242174838233,2.27941415888,0.902935176881,0.00929169346082,7554.69087531,7.0,
4.28496610497,0.999717277714,0.00960349953291,0.675038316551,0.241306430444,2.29006336316,0.924218622739,0.00960349953291,7577.94326618,7.0,
3.68508513033,0.999758314206,0.0102305952226,0.681117132399,0.240076055638,2.26995220884,0.884411762315,0.0102305952226,7623.61588685,7.0,
3.41434431243,0.999774861214,0.00978668411353,0.679381964099,0.241088620646,2.29099988381,0.877089310418,0.00978668411353,7582.6628468,7.0,
3.6310710198,0.999763504594,0.0104486682365,0.68323561313,0.241513694348,2.25009906313,0.865791807867,0.0104486682365,7676.71870225,7.0,
3.72643989981,0.999759221917,0.00869557750305,0.669872392346,0.246689986033,2.30205867806,0.907745816192,0.00869557750305,7738.22016238,7.0,
3.23176786392,0.999789856919,0.0104409232313,0.683055684917,0.241672564719,2.25727437091,0.851162604655,0.0104409232313,7689.33497942,7.0,
3.29149259348,0.999785098347,0.00974392707808,0.678874580072,0.242915264595,2.2488551157,0.866035634151,0.00974392707808,7658.03297115,7.0,
3.17621341426,0.999797319685,0.00962402190252,0.678110029034,0.242470303367,2.29684359502,0.869064444436,0.00962402190252,7835.41470936,7.0,
2.89738427387,0.999807274021,0.0103841587353,0.683392980732,0.241111034666,2.26351597551,0.840141824843,0.0103841587353,7516.74702683,7.0,
3.65706978002,0.99976380633,0.0081922638735,0.670908575359,0.247032043984,2.323205145,0.898674899005,0.0081922638735,7741.57356692,7.0,
3.22541062393,0.999787396146,0.00907847028578,0.675803146052,0.244893490907,2.2944889743,0.874427501212,0.00907847028578,7585.38260918,7.0,
3.47866258339,0.999772361629,0.00884052724474,0.674021826385,0.246142903345,2.29071050308,0.88468698976,0.00884052724474,7640.65946524,7.0,
3.57738503273,0.999767815155,0.0101153409632,0.678546236212,0.242085103577,2.28943075297,0.880824273023,0.0101153409632,7703.62577767,7.0,
3.21790210146,0.999784697067,0.00992058178503,0.677977630105,0.241489093639,2.28434996826,0.872552309803,0.00992058178503,7472.85643083,7.0,
3.58216230831,0.999765443213,0.0082982942715,0.669474593804,0.246678690045,2.32219621754,0.905872120077,0.0082982942715,7635.90638768,7.0,
3.31832797037,0.999779879492,0.00857434138324,0.671894964945,0.244905925842,2.3292539204,0.891932527501,0.00857434138324,7537.40599648,7.0,
3.51172099769,0.999771557387,0.0100471089997,0.680335796375,0.241916877039,2.27575605304,0.877318277224,0.0100471089997,7686.10151211,7.0,
3.82891198432,0.999745687866,0.00937920283048,0.673659186051,0.241867996747,2.30502367582,0.911846658407,0.00937920283048,7527.86802666,7.0,
3.47576891025,0.999771090547,0.00935336128186,0.674560172011,0.24356709824,2.28108557176,0.88918660804,0.00935336128186,7591.91249367,7.0,
3.39109081749,0.999778329941,0.00976515151503,0.677990818592,0.244461784579,2.27616277817,0.868890242752,0.00976515151503,7648.85790071,7.0,
3.48988644274,0.999761324751,0.0093165081375,0.666951675663,0.24315681274,2.32475565558,0.924833001425,0.0093165081375,7310.85308029,7.0,
3.09983055522,0.999796414858,0.00942298373917,0.677244076491,0.245360064361,2.26897491393,0.860373144867,0.00942298373917,7613.00762692,7.0,
3.19566830317,0.99978116004,0.00867529971191,0.66343391671,0.244417724478,2.31931618401,0.923020425428,0.00867529971191,7301.26984992,7.0,
3.28831892665,0.999785163039,0.00968715850449,0.677268906973,0.244849430981,2.27508966882,0.868821272343,0.00968715850449,7652.94600731,7.0,
3.63858907477,0.999752634113,0.0104545122691,0.671254122718,0.243020876589,2.26828354603,0.913070275707,0.0104545122691,7354.56760538,7.0,
3.87537103136,0.999744365836,0.00831480017365,0.669585262609,0.244791659127,2.34415412532,0.925594105778,0.00831480017365,7579.80853652,7.0,
3.6046995577,0.999758475451,0.0108727516073,0.6728757734,0.24272215898,2.24405958761,0.909827918829,0.0108727516073,7462.28069863,7.0,
3.48124215146,0.999765017837,0.00838575192495,0.667224440708,0.245635068883,2.34378012776,0.914768929036,0.00838575192495,7407.35982235,7.0,
3.17114483683,0.99978214576,0.010165303568,0.67076930897,0.243550748683,2.27821477263,0.89780445132,0.010165303568,7278.03527702,7.0,
3.61401103022,0.999761284933,0.00900864493808,0.668362610021,0.244139905771,2.2990206919,0.922247732551,0.00900864493808,7569.61720577,7.0,
3.73198220489,0.999766373603,0.00953770586115,0.676686125164,0.245048051784,2.28552586019,0.886746662996,0.00953770586115,7986.99113395,7.0,
3.34887447862,0.99977855679,0.0112694714942,0.68230577581,0.23830898772,2.24029124968,0.869661907615,0.0112694714942,7561.39622945,7.0,
3.42981499202,0.99977942476,0.00994324671221,0.681467656536,0.243025479096,2.25597234905,0.859969882921,0.00994324671221,7774.61650003,7.0,
3.42889164833,0.999772952372,0.00937743868265,0.673401391843,0.24288079397,2.30405208193,0.894601252439,0.00937743868265,7550.95978161,7.0,
3.64459127603,0.999756172399,0.0101834419711,0.676673712362,0.242094991758,2.26106535739,0.892338686577,0.0101834419711,7473.62284957,7.0,
3.91630870744,0.999744593187,0.00909638509618,0.670020584811,0.245619574972,2.30372947376,0.918170628119,0.00909638509618,7666.73571476,7.0,
2.98594368108,0.999798320405,0.00885298426142,0.669593386318,0.24576422577,2.31752079245,0.887934299798,0.00885298426142,7402.59931137,7.0,
3.60480142457,0.999762738189,0.00907332664305,0.671742683713,0.244344649725,2.31158811144,0.905969314149,0.00907332664305,7596.56506833,7.0,
3.06654906184,0.999799888352,0.00942074885934,0.676575419406,0.245106373455,2.28240109049,0.863578680144,0.00942074885934,7661.94968234,7.0,
3.40847921089,0.999772149051,0.00840626322528,0.671212336626,0.245333685598,2.32370464125,0.89930880996,0.00840626322528,7479.50885615,7.0,
3.54089277055,0.99976648546,0.0090750304733,0.674297598094,0.24510057437,2.30634687057,0.890780871197,0.0090750304733,7581.62722658,7.0,
3.75691846567,0.999731113006,0.0074360807942,0.650400252273,0.243975295796,2.39847987547,0.998751429991,0.0074360807942,6985.90692885,7.0,
3.42407325218,0.999774185027,0.00903267955309,0.67707120112,0.243292564503,2.31282708611,0.877806490527,0.00903267955309,7581.47835994,7.0,
3.48426105543,0.999764849701,0.0100289142497,0.676369372968,0.242347611839,2.27736014377,0.887930748476,0.0100289142497,7408.46777022,7.0,
3.90507522214,0.999737778589,0.00964377958543,0.672989935301,0.242494037551,2.28527831443,0.916148150308,0.00964377958543,7446.07755955,7.0,
3.4200201659,0.999773306887,0.00961044037151,0.677954542582,0.242795969005,2.2718848139,0.877643036264,0.00961044037151,7543.18296947,7.0,
3.45072461452,0.999778735304,0.0093564521271,0.678355720341,0.244970799653,2.27162256066,0.867512703686,0.0093564521271,7797.67871598,7.0,
