3.81593128594,0.999742588639,0.00814504541222,0.644348411079,0.249621952985,2.34247387455,0.993876374519,0.00814504541222,7411.90264642,1.0,
3.90396067255,0.999741895314,0.00931568013264,0.65062530825,0.248958845906,2.28647408656,0.970816010069,0.00931568013264,7562.5450442,1.0,
4.07265616413,0.999739610559,0.00851155007125,0.655339485201,0.249596748628,2.31397752715,0.95448158525,0.00851155007125,7820.0921325,1.0,
3.72067696006,0.999754367919,0.00912286380916,0.651531745575,0.249194337775,2.29205797078,0.957826451439,0.00912286380916,7573.47101887,1.0,
3.64823898297,0.999762626684,0.00864334754063,0.654203737228,0.249121755872,2.30077087723,0.946867919241,0.00864334754063,7684.35457032,1.0,
3.79081158972,0.999751157706,0.00939849458698,0.652851159805,0.248470919146,2.27569938187,0.95988531146,0.00939849458698,7616.67897086,1.0,
4.0448867338,0.999731657875,0.00899716535031,0.650010548997,0.248697624519,2.2958698166,0.97899967496,0.00899716535031,7536.59172135,1.0,
3.63480137432,0.999763744411,0.00936123136904,0.656408488256,0.248348047207,2.26726366497,0.938465359683,0.00936123136904,7692.29882995,1.0,
3.82861113693,0.999754733768,0.0106311437982,0.665517466864,0.246161018807,2.28325426089,0.923843526167,0.0106311437982,7804.83809496,1.0,
3.77071066701,0.99974535253,0.0118220245365,0.666242137422,0.24417563278,2.24096617742,0.927603419474,0.0118220245365,7403.63097577,1.0,
3.99678911244,0.999737644656,0.0114594881717,0.670530100929,0.245123902773,2.23856073528,0.918560215611,0.0114594881717,7616.969108,1.0,
3.50917352639,0.999774280048,0.0107510922028,0.670850427467,0.246213344082,2.27055983446,0.894129754531,0.0107510922028,7773.12645211,1.0,
3.22601688131,0.999778963507,0.011439978174,0.664383748046,0.245079054919,2.24079803441,0.911681545057,0.011439978174,7297.33209821,1.0,
3.63025412067,0.999755398857,0.0112010417436,0.665690459355,0.244157373822,2.26495580667,0.927518267562,0.0112010417436,7420.61976616,1.0,
3.79733750491,0.999749521884,0.0110560968626,0.666494772586,0.245033666711,2.27479356858,0.924646218571,0.0110560968626,7580.02627888,1.0,
3.65910717394,0.999763871138,0.0115825027957,0.672434072806,0.245195407359,2.24271759587,0.895432979784,0.0115825027957,7747.96880803,1.0,
3.4339349713,0.999779556405,0.0107302047428,0.671852039489,0.246279325282,2.26082215931,0.888631087477,0.0107302047428,7788.52455188,1.0,
3.30060075736,0.999793789945,0.0117357432559,0.67552204809,0.245260286913,2.24578414561,0.870103588127,0.0117357432559,8002.85556296,1.0,
3.28314603058,0.999788549785,0.0102809759676,0.669842687924,0.246751118113,2.28031515813,0.88916770964,0.0102809759676,7763.232501,1.0,
3.81565365769,0.999754396972,0.010797834118,0.671243823801,0.245862727107,2.25282916739,0.907163422324,0.010797834118,7767.75581108,1.0,
3.26374236286,0.999789660984,0.01143970297,0.673659964012,0.24559093804,2.22957361461,0.875056905537,0.01143970297,7758.12881979,1.0,
3.38711191603,0.999780514487,0.0117247712158,0.672841796275,0.245401113352,2.22242946041,0.883771885339,0.0117247712158,7715.86780596,1.0,
3.29268257301,0.999796116239,0.0117219414084,0.67517143498,0.245799293961,2.22900309582,0.870539726316,0.0117219414084,8074.75161792,1.0,
3.53161671638,0.999765390893,0.0112556907508,0.670137790915,0.246368199382,2.22951955401,0.894963464876,0.0112556907508,7526.43759394,1.0,
3.56565412944,0.999769914898,0.0114452161424,0.670630315916,0.245082607718,2.24502599923,0.90358055536,0.0114452161424,7748.39968151,1.0,
3.94589657416,0.999747024619,0.0112567723033,0.67056545174,0.244718982092,2.26232880227,0.918506199578,0.0112567723033,7798.81211052,1.0,
3.54825058816,0.999773142099,0.0109513308155,0.672250907292,0.245297455535,2.26528874767,0.892162415125,0.0109513308155,7820.2649524,1.0,
3.45183444581,0.999768165623,0.0107672095975,0.666484189898,0.244992579715,2.27086986309,0.9126218722,0.0107672095975,7444.46135503,1.0,
3.6537160672,0.999752282402,0.0108803453698,0.663477174393,0.244518265053,2.30258058327,0.936303892787,0.0108803453698,7374.61698399,1.0,
3.33651163043,0.999786186473,0.0122948768604,0.672647409446,0.244388641553,2.22658546169,0.889171129869,0.0122948768604,7802.24020644,1.0,
3.72868383449,0.999748537942,0.0110658905422,0.663893540794,0.244027126762,2.29005422416,0.94045593306,0.0110658905422,7413.85905896,1.0,
3.53604933339,0.999761236897,0.0112053561276,0.666342027741,0.245450390479,2.24879742708,0.915511022337,0.0112053561276,7404.78584921,1.0,
3.85683121193,0.99975147559,0.0114638399926,0.671746417046,0.24540840469,2.23742207746,0.905055735583,0.0114638399926,7759.30438564,1.0,
3.62616765444,0.999757360438,0.011083003067,0.667340145252,0.244484217338,2.2841514519,0.919659878259,0.011083003067,7472.19373825,1.0,
3.60728739973,0.999760800006,0.0128761441481,0.672357372665,0.244704745084,2.19595628949,0.896211848523,0.0128761441481,7540.17360679,1.0,
3.6807624139,0.999755775375,0.0119184056367,0.669703478014,0.244946036848,2.246609903,0.907883085717,0.0119184056367,7535.47221845,1.0,
4.1214065775,0.999742429707,0.0107629265273,0.670853110275,0.246293774648,2.28126835351,0.914899744827,0.0107629265273,8000.39370766,1.0,
3.61405968937,0.999758803662,0.0108664507865,0.665858573814,0.245865200177,2.28960997865,0.918475653394,0.0108664507865,7491.79034936,1.0,
3.18864686771,0.999793371324,0.011202852665,0.666930681261,0.245696995446,2.30499194383,0.897177768416,0.011202852665,7715.7526807,1.0,
3.83091507406,0.999744311588,0.0116960270997,0.665960963323,0.244465963506,2.26407878167,0.933094538437,0.0116960270997,7491.24179308,1.0,
3.38453188385,0.999782702968,0.0118069541883,0.671638772233,0.245883052938,2.2220826993,0.887834409959,0.0118069541883,7787.64472339,1.0,
3.97052316769,0.999741351747,0.0110354797203,0.669924510795,0.246259006519,2.24691699163,0.914706207032,0.0110354797203,7675.37439367,1.0,
3.55849205162,0.999768085235,0.0110762265836,0.670076806704,0.245019301679,2.26824608046,0.904756760378,0.0110762265836,7671.84795215,1.0,
3.59081852453,0.999760975472,0.0112768792061,0.668522246817,0.244666384782,2.27425889593,0.915405820805,0.0112768792061,7511.26825203,1.0,
3.69188075336,0.999749456681,0.0117324280548,0.664355630151,0.245083985997,2.24623329082,0.929501764602,0.0117324280548,7367.61946699,1.0,
3.81247614685,0.999735314773,0.0104546877104,0.657821547606,0.24494368179,2.29994119912,0.963014113517,0.0104546877104,7201.76362451,1.0,
3.53334735234,0.999763769221,0.0116002683066,0.666202702802,0.244814505157,2.27095936191,0.919623553066,0.0116002683066,7478.46267555,1.0,
3.49146582059,0.99977409518,0.0112305538667,0.672005265151,0.245359141572,2.26483263723,0.891994705957,0.0112305538667,7727.59436679,1.0,
3.44402264239,0.999775537829,0.0113469213693,0.670657327342,0.245583583064,2.25247623329,0.893917700323,0.0113469213693,7671.57897512,1.0,
3.5521199288,0.999773180691,0.0113362350715,0.674050285608,0.24587525665,2.22331840655,0.884347781168,0.0113362350715,7830.12385978,1.0,
4.16957637749,0.999740505923,0.0100823016185,0.670051693171,0.247179402981,2.26507635571,0.909692740764,0.0100823016185,8033.91103921,2.0,
3.88134458408,0.999753984296,0.00988389419257,0.668302468594,0.246289027965,2.27369019212,0.908008218929,0.00988389419257,7888.25280701,2.0,
3.80339649986,0.999748489403,0.0106086178403,0.658392060591,0.246770599729,2.24479256683,0.950467533534,0.0106086178403,7560.97323763,2.0,
3.97121582307,0.999749046366,0.0102877518676,0.667704806886,0.245143602535,2.27081159177,0.921937868825,0.0102877518676,7912.11209199,2.0,
3.66131369351,0.999769842168,0.0101116485961,0.669594947642,0.246807831073,2.2513839002,0.897167979484,0.0101116485961,7953.76572244,2.0,
3.99369651764,0.99974216157,0.0101699129036,0.66382736576,0.245258450574,2.28278265415,0.935366278239,0.0101699129036,7744.4305522,2.0,
3.83715911519,0.999752179477,0.00951056431603,0.661846734694,0.245936567147,2.31506592807,0.939087133758,0.00951056431603,7741.66754445,2.0,
4.61960789078,0.999703783434,0.00982988401587,0.663506050929,0.245959268793,2.26837380105,0.960692249666,0.00982988401587,7797.52210651,2.0,
4.28612104026,0.999731215041,0.00885851461698,0.667579121827,0.246774233027,2.32636260652,0.928824323349,0.00885851461698,7972.97553537,2.0,
4.19452588783,0.999729513669,0.00874693025486,0.658721671483,0.246794349897,2.33204814537,0.963295751698,0.00874693025486,7753.50543578,2.0,
4.54779841028,0.999702634323,0.0104714648377,0.661984468712,0.244835939904,2.28322454077,0.966408985815,0.0104714648377,7646.67133217,2.0,
3.92951615315,0.999742725512,0.00996793542538,0.659903728765,0.245342295469,2.30630088458,0.95122116334,0.00996793542538,7636.67511088,2.0,
3.77034423073,0.99975164184,0.0111096676753,0.661954859621,0.2452947641,2.24108007038,0.933684233121,0.0111096676753,7590.39823684,2.0,
3.75035122215,0.99975214796,0.0104005134334,0.660528398855,0.244508227774,2.28833819869,0.946362904713,0.0104005134334,7565.55526637,2.0,
3.97509849081,0.999752214024,0.0106420519882,0.67151260584,0.246945396286,2.25380151622,0.900371436888,0.0106420519882,8021.07786297,2.0,
3.93985373685,0.999748919532,0.0107264484012,0.668298777388,0.246679516436,2.23380536031,0.91053081485,0.0107264484012,7845.64074579,2.0,
4.1156824112,0.999737571954,0.0103222346704,0.667313145144,0.246333304411,2.25784148823,0.923128934148,0.0103222346704,7841.38341365,2.0,
4.03923179766,0.999741089749,0.0105482792604,0.665656831495,0.245287596592,2.26749771837,0.934458384303,0.0105482792604,7800.27952636,2.0,
3.8695052839,0.99975752169,0.00994066963731,0.669278444425,0.246014243466,2.26745905854,0.910155533152,0.00994066963731,7978.90869234,2.0,
3.80243612309,0.999750638122,0.010854803852,0.661775728285,0.245562609206,2.24788997323,0.938179357761,0.010854803852,7624.19505489,2.0,
4.31064089905,0.999706495839,0.00900195740069,0.6498842094,0.245669279878,2.34715330228,1.00652968924,0.00900195740069,7343.24227478,2.0,
3.92141386613,0.999746349677,0.00916964420651,0.66287641395,0.246568389363,2.31752151819,0.935326414878,0.00916964420651,7729.80132464,2.0,
3.44223515986,0.999775610318,0.0101649186133,0.664479336046,0.246237527378,2.27534929798,0.912442369138,0.0101649186133,7670.04484236,2.0,
3.73435728705,0.999766504634,0.0114515589743,0.673421374959,0.246835184378,2.20594680975,0.889280223386,0.0114515589743,7996.46166367,2.0,
3.92108741115,0.999746806132,0.0109458245124,0.667947553883,0.244573704351,2.24323155958,0.921241911158,0.0109458245124,7743.06320638,2.0,
4.14006121503,0.999737549322,0.00955482602676,0.665994314236,0.245776652654,2.30388508182,0.932997238814,0.00955482602676,7887.1359956,2.0,
4.16326688025,0.999731376582,0.0102097727533,0.663427252322,0.245846569525,2.29210055679,0.941786284268,0.0102097727533,7749.1392205,2.0,
3.83610816133,0.999750788742,0.0100154038161,0.661095326662,0.246946353155,2.28334817425,0.935760901922,0.0100154038161,7696.37647437,2.0,
4.08904118475,0.999727645287,0.00883586430339,0.646960367796,0.248748461555,2.32537831558,0.99423573446,0.00883586430339,7506.64595064,2.0,
3.79711460032,0.999742008009,0.00783914912745,0.64487737594,0.249266304052,2.35403210658,0.990320515572,0.00783914912745,7358.7627272,2.0,
3.98109792659,0.999740437068,0.00799659828449,0.65260553301,0.248935041171,2.33738635327,0.963050910465,0.00799659828449,7668.60821121,2.0,
3.96937420657,0.999741613508,0.00768316950164,0.649835000128,0.248243359896,2.36904367899,0.979952149815,0.00768316950164,7680.85946515,2.0,
4.29990668671,0.999712722463,0.00920598500703,0.64591230744,0.247874498164,2.30171844659,1.01172053567,0.00920598500703,7483.68540633,2.0,
4.02520107409,0.999737088249,0.00792650487571,0.650676566242,0.248362712215,2.35217784515,0.976913806923,0.00792650487571,7654.81722756,2.0,
3.92358134791,0.999743973354,0.00869740739865,0.651262111546,0.248240997519,2.32633053314,0.972364666249,0.00869740739865,7662.24722328,2.0,
3.49746112851,0.999763002435,0.00931066233499,0.643908626263,0.249928726727,2.30850120868,0.984078597338,0.00931066233499,7378.48246192,2.0,
4.72818672187,0.999683956533,0.00858316573979,0.646713567365,0.24779489223,2.32645231571,1.02341524271,0.00858316573979,7480.06020261,2.0,
4.04208285352,0.999727594162,0.00994531272383,0.646554878143,0.248355719618,2.25888248737,0.99698913688,0.00994531272383,7419.01052795,2.0,
4.18826097151,0.999729139959,0.00916238818415,0.65332758192,0.248454570044,2.27720261561,0.971373389485,0.00916238818415,7731.18368134,2.0,
4.18422722399,0.999723638593,0.00907760084157,0.64906637155,0.248760302557,2.30086799172,0.987652972698,0.00907760084157,7569.9808664,2.0,
3.9309905078,0.999733682987,0.00975475715199,0.643563983226,0.248879824381,2.2983629825,1.00489623496,0.00975475715199,7380.05686936,2.0,
4.18581586147,0.999728738445,0.00855436353707,0.650844291012,0.248399541776,2.32554936121,0.985146298534,0.00855436353707,7715.23642216,2.0,
3.74570820209,0.999746900735,0.00893589979734,0.643176959277,0.249265117428,2.32975183154,0.997011309401,0.00893589979734,7399.47719728,2.0,
3.97549535533,0.999729488195,0.00865943085419,0.639589909732,0.249776372411,2.32940736415,1.01742807258,0.00865943085419,7347.88393053,2.0,
4.12347086271,0.999719793626,0.0101992684947,0.644406420728,0.24823224848,2.2733597968,1.00815134962,0.0101992684947,7357.6884016,2.0,
3.49087329537,0.999772245392,0.00845149537001,0.652620523906,0.248668304973,2.32171566855,0.951948492764,0.00845149537001,7663.42599071,2.0,
3.98334808356,0.999749024945,0.00950186813729,0.655844603753,0.248717744839,2.30746852646,0.957152194537,0.00950186813729,7935.54035806,2.0,
4.00498917085,0.999730922945,0.00903525545029,0.64441391615,0.249167795375,2.31618843431,1.00360409597,0.00903525545029,7441.86060341,2.0,
3.64230618269,0.999761449732,0.00899405781207,0.650566297843,0.248964248254,2.30907991593,0.962738490221,0.00899405781207,7634.03529643,2.0,
4.14923191088,0.999723775635,0.00881909408751,0.645739932544,0.248303960647,2.32963273721,1.00633992549,0.00881909408751,7510.40100409,2.0,
4.15860098003,0.999744735835,0.00937847897439,0.672436028791,0.244551961997,2.27335081124,0.907755711665,0.00937847897439,8145.72576889,3.0,
4.50564384989,0.999711040113,0.00964845936527,0.662594456791,0.243584039545,2.27865427569,0.965240564767,0.00964845936527,7796.33663152,3.0,
3.81732037074,0.999755755071,0.00961450591269,0.663822556438,0.245210279399,2.26677196701,0.926937772115,0.00961450591269,7814.43129994,3.0,
4.19210070947,0.999728524072,0.00992688558151,0.66070101117,0.244813645979,2.26054770577,0.959573480911,0.00992688558151,7720.83271299,3.0,
3.83104374544,0.999760270741,0.00952964240162,0.669387118954,0.244335856991,2.26124965856,0.905446467281,0.00952964240162,7990.25292205,3.0,
4.36893056746,0.999722679246,0.00981890254605,0.665945648468,0.244123375633,2.24772088179,0.940816000634,0.00981890254605,7876.91521133,3.0,
3.76044420049,0.999761933659,0.00978998752703,0.668117725423,0.24468240448,2.23867519667,0.911068498463,0.00978998752703,7897.78980822,3.0,
3.93065697649,0.999751941683,0.00964756596058,0.667763660847,0.244660183727,2.25057666973,0.912220997754,0.00964756596058,7922.73761761,3.0,
4.40778437083,0.999724326229,0.0114996502778,0.675050715745,0.24326424224,2.17948398815,0.904334421045,0.0114996502778,7994.46555866,3.0,
4.01213839332,0.999753322427,0.0108613374751,0.678357689902,0.243349271361,2.200424271,0.878786016782,0.0108613374751,8132.24809529,3.0,
4.01898604594,0.999751679875,0.0100711851297,0.674681148055,0.24385940832,2.23747911199,0.897902385244,0.0100711851297,8092.23196892,3.0,
4.39516561221,0.999723560449,0.00912834277341,0.669193598668,0.244983672922,2.26509472128,0.925541728919,0.00912834277341,7949.46177073,3.0,
4.1843523572,0.999732534535,0.00974755521426,0.663666511112,0.244814688355,2.26749311507,0.939471260876,0.00974755521426,7822.11107247,3.0,
3.9294442104,0.999748896299,0.00977494797874,0.663966315113,0.244775415939,2.25783707109,0.933121074697,0.00977494797874,7824.22277222,3.0,
3.79868873131,0.999769141591,0.012128208004,0.685057777541,0.244171752724,2.16041992858,0.842027988325,0.012128208004,8227.18969867,3.0,
4.04199652222,0.999741765251,0.0116065322057,0.67454849113,0.24478393619,2.20900120514,0.892778292254,0.0116065322057,7826.08397462,3.0,
4.33772333507,0.999726641093,0.0112350494196,0.675965692782,0.243785048884,2.2296351134,0.905685175689,0.0112350494196,7933.99392728,3.0,
3.70703189682,0.999763799168,0.0113650505263,0.672482474238,0.244399990402,2.220293232,0.897095682916,0.0113650505263,7847.09690824,3.0,
3.8226260897,0.999764328345,0.0104734569364,0.679007033491,0.243379962378,2.25895470632,0.878201275533,0.0104734569364,8109.95759099,3.0,
4.0260543623,0.999748582238,0.0104847552842,0.676097848037,0.244346931059,2.24653603391,0.891392627684,0.0104847552842,8006.59914543,3.0,
4.06242920715,0.999743361268,0.0105626679562,0.67497536081,0.243950796926,2.25215928133,0.90056202621,0.0105626679562,7914.58936138,3.0,
3.94683407077,0.999743674682,0.0105967799884,0.666932136222,0.244856788629,2.27871748734,0.923986704036,0.0105967799884,7698.82101429,3.0,
3.93489346104,0.999742838593,0.0109287309387,0.671481564418,0.244577187175,2.23903745629,0.905377355064,0.0109287309387,7650.56763743,3.0,
4.05398973271,0.999735780878,0.0111310176422,0.667768124995,0.24368797003,2.24440954137,0.930798739091,0.0111310176422,7671.59232476,3.0,
4.42797351186,0.999715738305,0.0104613081609,0.671180907172,0.243772120734,2.24558189668,0.929489027197,0.0104613081609,7788.49361516,3.0,
4.23290309995,0.999730527874,0.0120013620609,0.677929561765,0.243216980233,2.20133908011,0.891058270798,0.0120013620609,7854.00757855,3.0,
3.93560899657,0.999751231171,0.0111248362614,0.677902620109,0.243028610891,2.21883159162,0.88703773244,0.0111248362614,7910.13084138,3.0,
4.06208105141,0.999740553816,0.0113963172353,0.676041787123,0.243536750724,2.21233401188,0.897369655066,0.0113963172353,7828.32694513,3.0,
3.77171798347,0.999758597425,0.0108398789257,0.674028690447,0.24444073169,2.24979531182,0.891550547921,0.0108398789257,7812.10545433,3.0,
3.59345705442,0.999774487258,0.0115966868979,0.681125025422,0.243057210469,2.1922057954,0.862262064092,0.0115966868979,7967.3305129,3.0,
3.69506486877,0.999756422946,0.0109686660229,0.664901744651,0.244531058982,2.24421085055,0.925589730066,0.0109686660229,7585.01662223,3.0,
3.64658571495,0.999766191913,0.0112510531569,0.672102374153,0.244191555379,2.23374413659,0.897109010016,0.0112510531569,7798.26320133,3.0,
3.88452398194,0.999754499753,0.00952768553058,0.673213583264,0.245053533287,2.28763142266,0.896837042827,0.00952768553058,7911.46564017,3.0,
3.95314710618,0.999749639195,0.0100613421602,0.673741796663,0.244295883657,2.2672860333,0.899030117359,0.0100613421602,7894.92359512,3.0,
4.2264012443,0.99972793936,0.00896609810789,0.66764194419,0.245019319573,2.32380783411,0.930983785283,0.00896609810789,7767.41214515,3.0,
3.83453190744,0.999753319481,0.0119085461448,0.672030241161,0.244512406128,2.21114422414,0.902396566373,0.0119085461448,7772.28784616,3.0,
4.26951523795,0.999715543014,0.0102523433885,0.658018075026,0.245500199182,2.29080175934,0.976730883632,0.0102523433885,7504.70154258,3.0,
4.22813978217,0.999731290101,0.0105827891188,0.669336911974,0.245550563804,2.24834457099,0.925646458695,0.0105827891188,7867.35352881,3.0,
4.04773896905,0.999750136396,0.010667287391,0.672728644167,0.246581254974,2.23136057489,0.90406764317,0.010667287391,8099.77728625,3.0,
4.42437637428,0.999722319805,0.0101760502971,0.667997125564,0.246317877478,2.28563482304,0.935787438182,0.0101760502971,7966.56048764,3.0,
3.92467074987,0.999743468566,0.0101636658741,0.661119675732,0.245534562847,2.29367336784,0.945005781367,0.0101636658741,7649.37912486,3.0,
4.08826149044,0.999737621091,0.0109087395591,0.669529652932,0.244664614488,2.24257761438,0.920380603102,0.0109087395591,7790.636556,3.0,
3.8754917464,0.999746156209,0.0100912290981,0.662509577086,0.245602963823,2.28511018646,0.940353680001,0.0100912290981,7633.50658715,3.0,
4.73184813616,0.999684584539,0.00945439812194,0.656009490971,0.245277539954,2.30213829869,0.999451819821,0.00945439812194,7500.79559919,3.0,
4.40382716568,0.999725638707,0.0100524967378,0.670042592979,0.24733361286,2.27860340649,0.918443809881,0.0100524967378,8025.48572881,3.0,
3.66176068208,0.999769595095,0.0107370391126,0.671896290191,0.246213020696,2.22236033672,0.890281289082,0.0107370391126,7946.24752915,3.0,
4.17935563826,0.99972805815,0.0108394448734,0.666874375922,0.244445521433,2.25338958787,0.935438103051,0.0108394448734,7684.17174411,3.0,
3.92831753974,0.999753451272,0.0100054268504,0.668109779132,0.246243590674,2.26287365267,0.91584243075,0.0100054268504,7966.57910135,3.0,
4.36668052842,0.999718120247,0.00980817210773,0.663615652384,0.245536026831,2.30846774735,0.951925376732,0.00980817210773,7745.50764066,3.0,
3.73305158508,0.999760977486,0.010405021139,0.66860940051,0.245879600933,2.2658748229,0.906965049032,0.010405021139,7808.85753841,3.0,
4.17341069027,0.999723398695,0.00750715581157,0.642176094252,0.250637389945,2.39107795039,1.01646934696,0.00750715581157,7544.1066114,4.0,
4.54821225801,0.999687921959,0.00783326492638,0.63804141019,0.248612582741,2.36807633297,1.04683213657,0.00783326492638,7286.98968545,4.0,
4.21709008318,0.999712791766,0.00913866575136,0.64449400785,0.249293897579,2.28612736194,1.00419449829,0.00913866575136,7341.53137867,4.0,
4.06881347768,0.999722381317,0.00805994411847,0.638998432769,0.248890324407,2.35847758742,1.02846184982,0.00805994411847,7328.09556051,4.0,
4.00119590082,0.999738499069,0.00866595440377,0.65564861082,0.247710173855,2.29245123633,0.959671016412,0.00866595440377,7650.46889351,4.0,
4.18865877954,0.999716568243,0.00765854330012,0.644958137219,0.248513538087,2.36011101526,1.00739087936,0.00765854330012,7389.21873165,4.0,
4.9436195271,0.999663217608,0.00771029503518,0.642314018754,0.247751428017,2.37521780402,1.04606789226,0.00771029503518,7339.54114059,4.0,
4.11844088499,0.999713137812,0.00811621955867,0.64005716478,0.249015885679,2.35264097436,1.02419658817,0.00811621955867,7178.45936927,4.0,
4.22092651885,0.999723946084,0.00950922869075,0.656296013272,0.246676079468,2.29230147972,0.971148833749,0.00950922869075,7645.0331084,4.0,
4.35802994328,0.999703098944,0.00783642149641,0.642856172852,0.24806216369,2.35792982144,1.02449226108,0.00783642149641,7339.12425374,4.0,
4.36245890418,0.999718560835,0.0093467362021,0.655117719073,0.247407976129,2.26219816504,0.973213472778,0.0093467362021,7750.206855,4.0,
3.82523029936,0.9997495235,0.0099106544786,0.660264640182,0.247150486493,2.29371148145,0.943615045423,0.0099106544786,7635.88281175,4.0,
4.12177159851,0.999721833928,0.0101205897106,0.651341857382,0.246171289576,2.2934396513,0.994120626058,0.0101205897106,7408.81713974,4.0,
4.20814748123,0.999712717984,0.00938585565148,0.651176718309,0.246572659986,2.33260602306,0.997102830016,0.00938585565148,7324.03535416,4.0,
4.02628068712,0.999729193925,0.00884957551319,0.654980612589,0.247972563105,2.32292827299,0.971035494431,0.00884957551319,7433.8855662,4.0,
4.12719207205,0.999732495486,0.0082827471879,0.656639423345,0.248095523399,2.36265814117,0.967801844659,0.0082827471879,7714.24273851,4.0,
4.57446192719,0.999699228489,0.00929200385719,0.656101657274,0.246183147731,2.33615243045,0.994627173792,0.00929200385719,7604.57097335,4.0,
4.07624304101,0.999729983235,0.00934339377496,0.657359052024,0.246912562744,2.33892261816,0.96337099674,0.00934339377496,7548.14788537,4.0,
4.22722434014,0.999711257374,0.00970322927774,0.648702293366,0.246317879998,2.31805569927,1.01192704675,0.00970322927774,7320.04694669,4.0,
4.55739474775,0.999681157806,0.00956075946005,0.641026979636,0.245055626571,2.33469588206,1.05425827967,0.00956075946005,7146.82991808,4.0,
3.9027486141,0.999742506835,0.0109730299278,0.658694239145,0.246491799091,2.25424371518,0.951505278239,0.0109730299278,7578.41330705,4.0,
3.85473638053,0.99975124485,0.0101972954184,0.663301120158,0.246243231272,2.27281866691,0.938405564642,0.0101972954184,7748.0839796,4.0,
3.86167637933,0.999749032917,0.0101113525175,0.661391525163,0.246268827983,2.28292422755,0.944673075626,0.0101113525175,7693.61565564,4.0,
3.8565409642,0.999736342347,0.0102373816221,0.649359862234,0.245450304793,2.31489547355,0.996226897531,0.0102373816221,7313.561529,4.0,
4.50307325282,0.999689609355,0.00925503436979,0.645556452559,0.245345127864,2.3403809041,1.03827448731,0.00925503436979,7253.89996249,4.0,
4.53396924436,0.999700354452,0.0100927734993,0.654293794033,0.246959917598,2.24803741441,0.986776450519,0.0100927734993,7565.60186773,4.0,
4.45013565337,0.999717286064,0.00888715386622,0.665758235813,0.243944210084,2.29109213224,0.946413736395,0.00888715386622,7870.44526216,4.0,
4.45601125326,0.999704279044,0.00875005984887,0.6518137511,0.245691079585,2.31443282453,0.999625307998,0.00875005984887,7534.20934708,4.0,
4.53975674387,0.999698857441,0.00896394423198,0.656375777187,0.245259741935,2.31334033031,0.984242178644,0.00896394423198,7537.61517124,4.0,
4.40897885638,0.999720909874,0.00988449920286,0.668972229102,0.243140921227,2.26258622125,0.933414388833,0.00988449920286,7898.88889621,4.0,
4.3808230581,0.999719797115,0.00934797765941,0.664393172433,0.24502402969,2.26224520355,0.943981953456,0.00934797765941,7817.19448054,4.0,
3.89601571607,0.999759276577,0.0105489893129,0.676367264904,0.244722042609,2.20099478717,0.875685402132,0.0105489893129,8092.27471116,4.0,
4.5072507679,0.999702564849,0.00864830757895,0.651482099696,0.24609486123,2.30462921578,0.999736878232,0.00864830757895,7576.86309421,4.0,
4.72838851539,0.999697621494,0.00898555365919,0.664219281079,0.243981412157,2.28373730525,0.958323446119,0.00898555365919,7818.66545471,4.0,
4.47728625809,0.999723904771,0.010460641407,0.674676638608,0.243476494913,2.24115652196,0.913691696297,0.010460641407,8108.3051084,4.0,
3.96686611713,0.999743746957,0.00866214976208,0.659947576807,0.245191703398,2.30526020826,0.949801532357,0.00866214976208,7740.19720604,4.0,
4.06876453303,0.999733367444,0.00931322248249,0.653178390362,0.246356103635,2.27830043112,0.973666358296,0.00931322248249,7629.95355517,4.0,
4.51504688544,0.999711135754,0.0087505573922,0.660793289459,0.24493538383,2.30274171914,0.962710538693,0.0087505573922,7815.21340815,4.0,
4.1278982904,0.999729220422,0.00855689296704,0.653718516331,0.245797190957,2.31719163081,0.974943047287,0.00855689296704,7622.30012985,4.0,
5.05412288577,0.999676749539,0.00928043630037,0.664059962679,0.243213108509,2.2832129976,0.978964882974,0.00928043630037,7817.70091896,4.0,
4.42004141072,0.999720104012,0.00939750276547,0.666814996508,0.243791207146,2.2628866058,0.94168957434,0.00939750276547,7895.92934988,4.0,
4.09269847118,0.999742195598,0.00913252270237,0.670037508242,0.242675321356,2.28346799156,0.920641601969,0.00913252270237,7937.68768847,4.0,
4.79272420546,0.999694568625,0.0094774584116,0.665610284115,0.243569812347,2.26776154719,0.955736101722,0.0094774584116,7845.90133119,4.0,
4.1521270759,0.999727184869,0.00965638081841,0.653734701587,0.245802553389,2.26684868427,0.981334512094,0.00965638081841,7609.83219267,4.0,
4.35708242186,0.999730284872,0.00962595604509,0.671309705945,0.244680586949,2.25736389812,0.917453948383,0.00962595604509,8077.23941256,4.0,
4.18042274976,0.999735819766,0.0098187522793,0.666278222337,0.244687964598,2.23477630268,0.924377789551,0.0098187522793,7912.12563065,4.0,
4.44878371933,0.99971712065,0.00934192417518,0.666202286081,0.243487670417,2.27441470142,0.946072067295,0.00934192417518,7863.30042734,4.0,
4.44583442034,0.999711632765,0.00929937982782,0.656815727343,0.245123774867,2.27452133688,0.980320001359,0.00929937982782,7708.68065208,4.0,
4.57884335869,0.999702603111,0.00863622316372,0.657686367997,0.243974623033,2.32221696437,0.987065400915,0.00863622316372,7698.25089626,4.0,
3.93059777114,0.999750317384,0.00927492839138,0.664049735867,0.244986375648,2.26132936019,0.929554955063,0.00927492839138,7871.23531074,4.0,
4.36145583352,0.999699851221,0.00683406632678,0.639211181338,0.2504631712,2.41644354286,1.03559314558,0.00683406632678,7265.47248736,5.0,
4.3124329812,0.999709171061,0.0089166583223,0.650777880965,0.24771532966,2.30194951535,0.987641886438,0.0089166583223,7414.03745337,5.0,
4.26245305441,0.999723892065,0.0094118294,0.667848581271,0.243889912969,2.26302612922,0.930349037925,0.0094118294,7718.84264084,5.0,
3.9745020736,0.999726484711,0.0082204068943,0.650955142108,0.247330941373,2.34187052598,0.981130949489,0.0082204068943,7265.61515216,5.0,
4.37411292229,0.999711786468,0.00862047803987,0.663393191657,0.244307381264,2.30746998246,0.949836560221,0.00862047803987,7588.33183568,5.0,
4.24910012591,0.999709390347,0.00868933093011,0.640653663663,0.246000233868,2.35214993788,1.04066711452,0.00868933093011,7310.67487124,5.0,
4.0438841349,0.999727741462,0.00900853620065,0.645601859151,0.246812502683,2.3343102239,1.01410526097,0.00900853620065,7426.56335992,5.0,
3.97372768654,0.999742400364,0.00898569310508,0.655381990008,0.24627425788,2.34418001217,0.975966639321,0.00898569310508,7713.04210313,5.0,
3.9994408515,0.999723711878,0.00899612914468,0.636216745728,0.247012039642,2.34712862544,1.04667893389,0.00899612914468,7237.85603796,5.0,
4.08463015057,0.999736060457,0.00894240699491,0.657564607936,0.247750145904,2.3245600819,0.95923747288,0.00894240699491,7737.868037,5.0,
4.08031028319,0.999727527315,0.0093576907011,0.651016600069,0.246591429841,2.32092697764,0.996612086099,0.0093576907011,7487.57072981,5.0,
4.01556640646,0.999746546753,0.00982839938229,0.662271229824,0.248827783189,2.25686377587,0.933309894935,0.00982839938229,7921.72109929,5.0,
4.08075031336,0.999723805762,0.00864481374363,0.645052994802,0.246555298504,2.35347854091,1.01731709204,0.00864481374363,7387.49051495,5.0,
4.11739972006,0.999724459085,0.00923364741372,0.649883999264,0.246616836651,2.31269279338,0.997367838807,0.00923364741372,7471.49494708,5.0,
4.4528803283,0.999695174998,0.00845164988731,0.639832370393,0.247390674292,2.36034560823,1.05123739174,0.00845164988731,7304.00302942,5.0,
4.35324976023,0.999706308572,0.00874196418342,0.643379588139,0.246193978693,2.36858620079,1.03664575059,0.00874196418342,7411.30006747,5.0,
3.97832435661,0.999733236763,0.00878439634861,0.647214466181,0.246042986698,2.34919575813,1.00746518089,0.00878439634861,7456.68374936,5.0,
3.9484770781,0.999739537893,0.00867027658869,0.651464836663,0.248771140449,2.31949664198,0.979629233005,0.00867027658869,7579.76544084,5.0,
4.15162878389,0.999721990892,0.00834294326983,0.647071750548,0.246378105195,2.38043347945,1.01391266669,0.00834294326983,7466.74563874,5.0,
4.42764870803,0.999710112602,0.00804937702464,0.652621944219,0.247555805304,2.36647821276,0.995480579939,0.00804937702464,7636.87196311,5.0,
3.91867909806,0.999740003532,0.00846044750003,0.649308423631,0.246923557582,2.36248852082,0.994767639065,0.00846044750003,7536.07589203,5.0,
4.13846526533,0.999716748437,0.00841126434298,0.641628984958,0.247140471164,2.35846914804,1.03365198862,0.00841126434298,7305.26319315,5.0,
4.11596876694,0.999732295626,0.00894525819788,0.657307184343,0.247550698292,2.31943282509,0.965183364383,0.00894525819788,7687.52701289,5.0,
4.14338449839,0.999715986514,0.00787365169813,0.641764186435,0.24597521625,2.4023671484,1.04016410495,0.00787365169813,7294.38875827,5.0,
4.37100287252,0.99970668638,0.00782181192031,0.656414999112,0.246695286242,2.37276252569,0.979481691395,0.00782181192031,7451.04497184,5.0,
4.01602294809,0.999726041468,0.00894996431358,0.649166928354,0.245489918941,2.37011652516,1.00130204586,0.00894996431358,7329.59611357,5.0,
3.8081569871,0.99973270953,0.00995823837004,0.647793704226,0.24385435833,2.31844324739,1.00324166962,0.00995823837004,7123.57779884,5.0,
3.79388802689,0.999758544511,0.0105215888006,0.668470751548,0.245671323213,2.28578240364,0.91273509358,0.0105215888006,7856.25118529,5.0,
3.92699957212,0.999732186547,0.00914490347377,0.654202688215,0.24418283809,2.34399014933,0.983138270194,0.00914490347377,7331.43944349,5.0,
3.84243275476,0.999739066228,0.0099379447305,0.656307924046,0.244075256337,2.30426320784,0.971233631845,0.0099379447305,7362.80821548,5.0,
4.34045067298,0.999718281626,0.0100166876604,0.665023665508,0.245288834221,2.30234272948,0.945366320697,0.0100166876604,7703.48857123,5.0,
4.07138749498,0.999722582375,0.00945585337946,0.654530134993,0.244309508274,2.33174273377,0.985530307712,0.00945585337946,7337.97116249,5.0,
4.17051859166,0.999696851197,0.00867659727364,0.626710647652,0.245549082141,2.3808900778,1.09794793326,0.00867659727364,6878.62324112,5.0,
4.04901896034,0.999723270294,0.0102670641631,0.653715609841,0.243703348748,2.2908446803,0.991264734701,0.0102670641631,7315.7872866,5.0,
4.04251545354,0.999715749518,0.00976916654286,0.645453210431,0.243041368831,2.33249866907,1.02450334734,0.00976916654286,7110.74101074,5.0,
4.21425282617,0.999714788612,0.0080452395003,0.644210460719,0.248626720739,2.35707887621,1.01028451117,0.0080452395003,7387.8990039,5.0,
4.10972165939,0.99971808529,0.00885724308079,0.63675823709,0.249624143922,2.33083567214,1.03141728164,0.00885724308079,7288.90172002,5.0,
3.85223230102,0.999738335089,0.00778202817326,0.641948397278,0.24951613893,2.39259113026,1.00340006161,0.00778202817326,7360.96513083,5.0,
4.21606884992,0.999703333995,0.00805957865619,0.627587810645,0.249773238393,2.3640221554,1.07653128377,0.00805957865619,7105.71404376,5.0,
4.36989070835,0.999708020005,0.00906841963719,0.646369339606,0.248292823167,2.3218201409,1.00867959812,0.00906841963719,7483.16972278,5.0,
4.18191078533,0.999716744887,0.00954455253895,0.641265853865,0.249767103885,2.2889583779,1.0147302194,0.00954455253895,7381.8389929,5.0,
4.11639346505,0.999717211569,0.00811422637806,0.637846971949,0.249239623045,2.36694232543,1.02951233193,0.00811422637806,7278.17936187,5.0,
4.03856839114,0.999722855468,0.00849165962079,0.639922411532,0.248958249045,2.34602452822,1.02062964296,0.00849165962079,7285.98141692,5.0,
3.89577276186,0.999743807177,0.00844814291252,0.651719236256,0.248079933368,2.37054850949,0.976992118377,0.00844814291252,7603.17187447,5.0,
3.7824218855,0.999741909899,0.00948990315294,0.653999475503,0.246056270828,2.33458174374,0.974823457205,0.00948990315294,7327.69160894,5.0,
4.12756758963,0.999722353034,0.00936534232333,0.656343418396,0.246823133062,2.31960596668,0.973643124325,0.00936534232333,7433.10968878,5.0,
4.21266065052,0.999716957371,0.00859066887825,0.648641215817,0.247136510233,2.31403590556,0.998126422049,0.00859066887825,7441.68541896,5.0,
4.12218497449,0.999737914409,0.0104114180211,0.672858298926,0.244126824668,2.25008302579,0.908678937663,0.0104114180211,7864.18077182,5.0,
3.98317636447,0.999744543733,0.0110291404067,0.669464095118,0.244663560175,2.22823944304,0.913450864988,0.0110291404067,7796.19441892,5.0,
4.38058376,0.999696074515,0.00967684133215,0.642246013998,0.245844180181,2.32351306312,1.03907269803,0.00967684133215,7206.6806524,5.0,
4.52912737924,0.999680425214,0.00901966799001,0.643180523638,0.244467996473,2.45273669766,1.04719043506,0.00901966799001,7086.09461961,6.0,
3.94875753689,0.999741848548,0.00850738765756,0.657517038224,0.250060562888,2.32555074211,0.948527084205,0.00850738765756,7648.07824743,6.0,
4.63726688779,0.999701925986,0.00938481774559,0.663167194549,0.248650005819,2.30638179307,0.951825364514,0.00938481774559,7778.65762508,6.0,
4.12060258777,0.999733046623,0.0093805733575,0.65996362761,0.247196197532,2.3169412799,0.954815352442,0.0093805733575,7717.76304207,6.0,
4.28245160612,0.999717142852,0.0105900392797,0.663787803381,0.244311444787,2.29063497206,0.959292550363,0.0105900392797,7569.92619503,6.0,
3.86246975456,0.999746040726,0.00921678777955,0.663995790617,0.246410291686,2.32154979199,0.93442312056,0.00921678777955,7604.42289614,6.0,
4.41293464626,0.999714225716,0.0104877258061,0.668081187149,0.246158206127,2.26831791353,0.935780125968,0.0104877258061,7720.95706768,6.0,
3.99614292501,0.999750417588,0.00994825069573,0.66972774605,0.248286483289,2.26921954552,0.903992280189,0.00994825069573,8005.61677466,6.0,
4.13776777446,0.999729867949,0.0107211397891,0.669488754237,0.245895462416,2.2482455381,0.921402661929,0.0107211397891,7658.74465423,6.0,
4.48704582305,0.999712232249,0.010211814871,0.667817332506,0.244992006759,2.29338585404,0.949393109819,0.010211814871,7796.24390683,6.0,
3.80197663299,0.999750101529,0.0105907627021,0.66909370419,0.245582717348,2.26353141831,0.914343898618,0.0105907627021,7606.98552459,6.0,
3.9284192031,0.999742981003,0.0094162597505,0.664239222511,0.247038825506,2.30959088266,0.932253162061,0.0094162597505,7642.22800952,6.0,
3.98840070556,0.999731453736,0.00969730474992,0.662430602362,0.245885105172,2.30701461636,0.946570359303,0.00969730474992,7425.86457955,6.0,
4.02465655002,0.999735074018,0.0105374230398,0.669535818229,0.246033264438,2.25154816441,0.914898565438,0.0105374230398,7595.76695556,6.0,
3.52934497658,0.999778747536,0.0104081077454,0.673243189983,0.247589735334,2.24398781277,0.877007261736,0.0104081077454,7975.77924108,6.0,
4.11073333959,0.999729985126,0.00967834157799,0.664044020895,0.24676712605,2.30236897577,0.940763046051,0.00967834157799,7611.98593647,6.0,
4.63364215251,0.999691373312,0.00935095150059,0.658495486964,0.244991324156,2.32657279871,0.991966825192,0.00935095150059,7506.82247952,6.0,
4.46646630414,0.999713545332,0.00901366449368,0.665283921877,0.246923770395,2.31529064116,0.946834188705,0.00901366449368,7796.05905365,6.0,
4.31784154291,0.999722258019,0.00984303135892,0.666478978627,0.246867579123,2.2910124681,0.93617816988,0.00984303135892,7773.06220287,6.0,
3.74949722631,0.999743272227,0.00962280074645,0.658012002441,0.245387963205,2.32929958573,0.961324756185,0.00962280074645,7302.42823654,6.0,
4.6101905846,0.999702895185,0.0104492431337,0.667861863542,0.24532842831,2.2670977429,0.949153222021,0.0104492431337,7758.48404822,6.0,
4.86824840865,0.999689617761,0.00921697933912,0.664439702242,0.246832537386,2.30530244506,0.964867052154,0.00921697933912,7842.29858931,6.0,
3.62620315406,0.999758883479,0.00938035899365,0.662408857255,0.246064613857,2.3201027213,0.934348111397,0.00938035899365,7519.56435185,6.0,
4.19713552269,0.999721252672,0.0104778216034,0.663545511868,0.24592565313,2.2657840808,0.947655515462,0.0104778216034,7528.53664071,6.0,
4.51217790287,0.999715421254,0.0107255772441,0.668800560018,0.245826699367,2.26234644308,0.939479162785,0.0107255772441,7927.75577586,6.0,
3.72520050799,0.999757590918,0.0106396636341,0.667626343852,0.246421928597,2.25628688839,0.910935463342,0.0106396636341,7683.64138027,6.0,
4.07007365522,0.99973907403,0.0106053257247,0.668400555965,0.246498321565,2.2641093954,0.920458678678,0.0106053257247,7799.22937683,6.0,
3.74260546454,0.999762377721,0.0107814216779,0.670249989057,0.246720441546,2.25433299418,0.903640940096,0.0107814216779,7875.05611497,6.0,
4.47190529409,0.999711180824,0.0101258579658,0.6626601103,0.24595738743,2.31630442528,0.961056091287,0.0101258579658,7741.64783122,6.0,
4.14273925447,0.999727317361,0.00995524159919,0.664050107259,0.245797033818,2.30141469911,0.945949646679,0.00995524159919,7596.19368318,6.0,
3.9118676527,0.999747606812,0.00986544755968,0.667190407961,0.246520700631,2.28968782967,0.919401827865,0.00986544755968,7749.50240836,6.0,
4.15318333702,0.999742644732,0.010047908103,0.670127941771,0.246711243057,2.26519992112,0.919284242745,0.010047908103,8068.9310405,6.0,
3.93211906549,0.999755982073,0.010366197178,0.668090557059,0.250105137128,2.22654371876,0.900624415907,0.010366197178,8056.99353376,6.0,
3.54617604226,0.999774930603,0.00968032610335,0.668704953206,0.246907375668,2.30312746743,0.900234863599,0.00968032610335,7877.9211738,6.0,
3.68998040327,0.999753853921,0.0108634492781,0.664933785833,0.246278929165,2.23853485993,0.925731846485,0.0108634492781,7495.46868873,6.0,
3.75051350613,0.999755233338,0.011395094983,0.667991949471,0.245689276066,2.25292694891,0.915575888752,0.011395094983,7661.36115006,6.0,
4.24149506944,0.999732366341,0.0104725659692,0.669112537601,0.246496700669,2.26808525861,0.92562039419,0.0104725659692,7924.0220333,6.0,
3.74903195721,0.999752579354,0.00959190446425,0.663816746556,0.2472551999,2.31040434404,0.927263401519,0.00959190446425,7576.16367891,6.0,
4.09757902027,0.999733576195,0.00971540044301,0.666503486651,0.247960757455,2.29158779289,0.920984568398,0.00971540044301,7689.86142967,6.0,
4.3222865435,0.999715631551,0.010135016567,0.664559834782,0.245180261532,2.31472970303,0.956408353662,0.010135016567,7599.69112918,6.0,
4.1735186044,0.999717950758,0.0104452976519,0.661283847679,0.24517773137,2.30467520689,0.962726814266,0.0104452976519,7398.47159672,6.0,
4.37024641218,0.99972056158,0.0101986329985,0.668333981101,0.24608245389,2.26691999936,0.937155293972,0.0101986329985,7819.59870827,6.0,
4.36591262801,0.999711200512,0.0100871411142,0.663828126078,0.246582084762,2.29788415468,0.948538288404,0.0100871411142,7558.6394072,6.0,
4.39176661205,0.99971307288,0.0105334538832,0.66641220523,0.246543880782,2.27575227826,0.941601473954,0.0105334538832,7653.00721244,6.0,
3.86359418438,0.999749319805,0.00984176499604,0.666754745528,0.246947207252,2.28870267681,0.920643371053,0.00984176499604,7706.12316122,6.0,
3.98101926132,0.999744906389,0.0101096088209,0.666538724707,0.246453522566,2.30078129904,0.930388783347,0.0101096088209,7802.98454117,6.0,
3.37825080989,0.999773414564,0.0104067385267,0.663239790452,0.245856833738,2.29744169538,0.923882328077,0.0104067385267,7454.6161799,6.0,
4.01675924087,0.999737268907,0.0106513446157,0.665823960461,0.245734738844,2.2848686868,0.933141714011,0.0106513446157,7644.18314218,6.0,
3.42945517872,0.999784875576,0.0102214382608,0.671527939305,0.247543351493,2.27417493337,0.880127926006,0.0102214382608,7970.82618719,6.0,
4.14673821,0.999725429932,0.0105141128283,0.663329331497,0.244980435344,2.2972576429,0.953131302362,0.0105141128283,7551.29307686,6.0,
3.7878631163,0.999750346867,0.0106856631115,0.667631849904,0.242349345883,2.26373373942,0.929818430648,0.0106856631115,7586.11063485,7.0,
4.04320976006,0.999740402632,0.00892111343881,0.665829784138,0.246732023675,2.3011986689,0.932489865507,0.00892111343881,7787.32451879,7.0,
4.49928080836,0.999702230706,0.00877542212512,0.659567660316,0.246233962973,2.30349288484,0.973461616301,0.00877542212512,7554.85964372,7.0,
5.19697253108,0.999657112276,0.00906476944787,0.659725219289,0.245503241209,2.31416866092,0.997208031547,0.00906476944787,7578.12570364,7.0,
4.45278361838,0.999707970728,0.00965650304774,0.6658576565,0.244650195286,2.2938219283,0.953457521461,0.00965650304774,7623.75913179,7.0,
4.11435371114,0.999728709089,0.00924198471998,0.664055023145,0.24546802314,2.31499000835,0.945178326031,0.00924198471998,7582.81594936,7.0,
4.39027609977,0.999714060477,0.00986471437347,0.667831998632,0.246223384682,2.27397031968,0.933411794177,0.00986471437347,7676.80462194,7.0,
4.5024028879,0.999709087753,0.00820074068861,0.654129461698,0.25039889499,2.32683724407,0.97930808528,0.00820074068861,7738.29949516,7.0,
3.8890040104,0.999747123921,0.00986286067061,0.667705821562,0.246416826509,2.28086398788,0.916290126954,0.00986286067061,7689.42048145,7.0,
3.9610437077,0.999741389231,0.00920458189401,0.66352879081,0.247157981275,2.27272855815,0.932476774285,0.00920458189401,7658.19524596,7.0,
3.81446825343,0.999756596047,0.00909389613493,0.662750563535,0.246911046068,2.32055788614,0.935461808778,0.00909389613493,7835.55092901,7.0,
3.46653895452,0.999769420896,0.00981346375335,0.668276532251,0.24567801079,2.28703247426,0.903326750768,0.00981346375335,7516.913842,7.0,
4.41783099916,0.999714677425,0.0077280782143,0.655344154035,0.250856294457,2.34756588884,0.968378684,0.0077280782143,7741.70444462,7.0,
3.87790961254,0.99974439257,0.00856511823332,0.660342091932,0.249049867078,2.31866979291,0.941705849913,0.00856511823332,7585.54998121,7.0,
4.19836574374,0.99972527049,0.00834333021868,0.658442827059,0.250141397668,2.31508065978,0.953612493224,0.00834333021868,7640.7902634,7.0,
4.31847581851,0.999719716961,0.00955485191129,0.663244461522,0.246366540072,2.31344359203,0.949039175069,0.00955485191129,7703.64518294,7.0,
3.86150890604,0.99974163957,0.00936516296978,0.662670959322,0.245851309629,2.3082685172,0.939092676888,0.00936516296978,7472.98428111,7.0,
4.31970957773,0.999717155844,0.00782799865249,0.653900057997,0.250311348482,2.3467452848,0.976415750792,0.00782799865249,7636.07045594,7.0,
3.98153335714,0.999735893357,0.00808969040295,0.656538189848,0.248817644298,2.35339167443,0.959760885882,0.00808969040295,7537.60525268,7.0,
4.24018559343,0.9997241728,0.00949147306242,0.66500847983,0.246354766862,2.29974803641,0.945930304693,0.00949147306242,7686.1746271,7.0,
4.62584768611,0.999692761186,0.00885304110031,0.658234172289,0.246131685309,2.32906995998,0.982913478581,0.00885304110031,7527.97621084,7.0,
4.18620116797,0.999724306396,0.0088381052343,0.659402794048,0.247412932702,2.30491908435,0.957122238047,0.0088381052343,7592.00998679,7.0,
4.08719650184,0.999732829543,0.00921393067401,0.662503332308,0.248785233606,2.30017835392,0.935851361086,0.00921393067401,7648.92949102,7.0,
4.18217036893,0.999713984508,0.00880003099576,0.651820393049,0.246837076796,2.34854659738,0.994451916531,0.00880003099576,7310.98110657,7.0,
3.72305437315,0.999755488796,0.00889050112873,0.661620466812,0.249705927902,2.29301158845,0.926364588881,0.00889050112873,7613.15007186,7.0,
3.80706723133,0.999739292307,0.00819408845377,0.648334741801,0.247940208963,2.34288983438,0.990947007205,0.00819408845377,7301.28429533,7.0,
3.95971253092,0.999741304995,0.00914461828861,0.661706807202,0.249097988889,2.2991985591,0.936044545065,0.00914461828861,7653.12179721,7.0,
4.38023902448,0.999702214616,0.00987186307114,0.656025850835,0.246978935667,2.29211868995,0.982897792702,0.00987186307114,7354.57703494,7.0,
4.68331991974,0.999691077863,0.0078463224737,0.654140960367,0.248705114924,2.36852033192,0.997997278913,0.0078463224737,7579.97804402,7.0,
4.34423556935,0.999708928566,0.0102639587373,0.657311078814,0.246882143885,2.26830528167,0.981137907886,0.0102639587373,7462.37200033,7.0,
4.1794869043,0.999717893997,0.00791913344442,0.651936557056,0.249253081148,2.36777445099,0.984122234745,0.00791913344442,7407.54133162,7.0,
3.79291998409,0.999739436686,0.00959777177888,0.655436676054,0.247528456652,2.30200610749,0.96560075028,0.00959777177888,7278.19790654,7.0,
4.35369957934,0.999712431631,0.00850399738084,0.652887718327,0.247704873682,2.32348490028,0.994160843235,0.00850399738084,7569.74037496,7.0,
4.51803864246,0.999717170967,0.00899315992888,0.660902830096,0.249441157901,2.30997509868,0.957092517435,0.00899315992888,7987.13462223,7.0,
4.02786071506,0.999733664797,0.0106510526016,0.66717558907,0.242879811763,2.26396699527,0.936346232865,0.0106510526016,7561.55032935,7.0,
4.13810625921,0.999733879192,0.00938973783013,0.666047116997,0.247571587466,2.27978405672,0.926387940791,0.00938973783013,7774.76500483,7.0,
4.12116798703,0.999727116588,0.00885461450755,0.658068514412,0.246963914691,2.32796744,0.962943468094,0.00885461450755,7551.06202914,7.0,
4.39788988372,0.999705778977,0.00961898204681,0.66131799952,0.246392436935,2.2851095891,0.961646257727,0.00961898204681,7473.69425134,7.0,
4.74182777519,0.99969075846,0.00857916895685,0.654075835628,0.249633204856,2.32861112426,0.991387509134,0.00857916895685,7666.79005287,7.0,
3.56528615996,0.999759194528,0.00835441895691,0.654003991445,0.249670170398,2.34166653516,0.95530479903,0.00835441895691,7402.73225212,7.0,
4.34437815752,0.999714064486,0.00856531091815,0.656184944301,0.24844270262,2.33562026966,0.976161238566,0.00856531091815,7596.65768497,7.0,
3.67749680268,0.999760023104,0.00889556784917,0.661140505353,0.249282800796,2.30634084823,0.929459660402,0.00889556784917,7662.02768633,7.0,
4.0989709356,0.999725997807,0.00793249486551,0.655685936534,0.24929733202,2.34797245087,0.968752904246,0.00793249486551,7479.68520529,7.0,
4.27314976216,0.999718198548,0.0085675093999,0.658760491686,0.24916181737,2.33070942453,0.960306353465,0.0085675093999,7581.72033664,7.0,
4.48708828107,0.999678856699,0.00703128243661,0.635570500149,0.246742004843,2.42213134056,1.07217650647,0.00703128243661,6985.95126336,7.0,
4.12606033001,0.999727894945,0.00853108275878,0.661815281743,0.247363380832,2.33685515873,0.945318437488,0.00853108275878,7581.61773696,7.0,
4.19488666304,0.999716895627,0.00947846355294,0.661035986512,0.246463203506,2.30116085123,0.956479470841,0.00947846355294,7408.60037048,7.0,
4.71986789896,0.99968307149,0.00911464873745,0.657831295826,0.246340261678,2.30911498577,0.987123426871,0.00911464873745,7446.19562968,7.0,
4.11937236672,0.999726956613,0.00908052587579,0.662720831529,0.247046924112,2.29564657595,0.945131032518,0.00908052587579,7543.32966744,7.0,
4.16543672081,0.999732912501,0.00883340727024,0.662793129722,0.249183731326,2.29560267482,0.935049140437,0.00883340727024,7797.83151764,7.0,
