12.5963075892,0.999150266159,0.00679935515568,0.59572800417,0.25497610619,2.41607629224,1.33620110183,0.00679935515568,7411.43380247,1.0,
13.2517318642,0.999123866054,0.00778388453591,0.601106222352,0.255376505769,2.36013901791,1.31477079796,0.00778388453591,7562.18938743,1.0,
14.2367364263,0.999089700482,0.00707238287583,0.604689112734,0.256760151359,2.39003128881,1.30510204082,0.00707238287583,7819.33189816,1.0,
12.3701841008,0.999183301514,0.00761025286539,0.60276589314,0.256138255411,2.36316819332,1.28006710324,0.00761025286539,7572.84958951,1.0,
12.2239204001,0.999204625956,0.00719809195429,0.60324231053,0.256207663285,2.37624694489,1.28130233418,0.00719809195429,7683.86401597,1.0,
12.7843283324,0.999160766509,0.00785549323081,0.604009554142,0.2554343014,2.34748798546,1.29362692445,0.00785549323081,7616.21425644,1.0,
13.8521984685,0.999081031359,0.00751312993809,0.600926522212,0.254914061602,2.36948294942,1.32950117229,0.00751312993809,7536.35350562,1.0,
12.183805135,0.999208069516,0.00783116980905,0.607281084622,0.255999799495,2.33838345417,1.25900696442,0.00783116980905,7692.02092965,1.0,
13.3041434231,0.999147682479,0.00877629963562,0.613604901073,0.25875027923,2.35937014223,1.26356386358,0.00877629963562,7804.32733662,1.0,
12.9105419078,0.999128123909,0.00983457637507,0.616064938545,0.257643838728,2.31472407544,1.26293440976,0.00983457637507,7403.56259019,1.0,
14.289508333,0.999062022842,0.0094953477321,0.618447159355,0.258791204946,2.31587000312,1.27790559348,0.0094953477321,7616.85096588,1.0,
12.0392640588,0.999225580782,0.00892013384108,0.619954393682,0.259652944427,2.34479960743,1.21447281799,0.00892013384108,7772.74728139,1.0,
10.2777785478,0.999295813295,0.00954032349383,0.615902111186,0.25818871363,2.30996931064,1.20076111939,0.00954032349383,7297.31763795,1.0,
12.2476727533,0.999174756019,0.009309649549,0.61475147788,0.257196770501,2.34073646248,1.26536906783,0.009309649549,7420.3286556,1.0,
13.0737760299,0.99913761894,0.0091914007814,0.615978876713,0.258553456886,2.34768182673,1.25680503101,0.0091914007814,7579.73226975,1.0,
12.7642487555,0.999176302692,0.00960889039623,0.620505416637,0.259754206325,2.31684616939,1.22452155735,0.00960889039623,7747.83397583,1.0,
11.7780597808,0.999243851496,0.00889386558378,0.620837348817,0.260252011239,2.33444101809,1.20684025733,0.00889386558378,7787.83553073,1.0,
11.301099523,0.999293911165,0.00974545047015,0.624239286487,0.259859893681,2.31967150625,1.17853735722,0.00974545047015,8002.28354249,1.0,
11.002333599,0.999291368911,0.00852220292676,0.619167813939,0.260191102056,2.35316465554,1.19638901401,0.00852220292676,7762.73293856,1.0,
13.4690591687,0.999132993337,0.0089670549299,0.619913967642,0.259698048805,2.328043724,1.25246815195,0.0089670549299,7767.19776645,1.0,
10.947757643,0.999294417961,0.00951965193451,0.623469533587,0.26007935299,2.30082408695,1.17405033321,0.00951965193451,7757.61689347,1.0,
11.5055311089,0.999254413196,0.00975009742293,0.622755512921,0.259605549161,2.29399430087,1.19037108901,0.00975009742293,7715.41865353,1.0,
11.2809841424,0.999301481946,0.00974234646624,0.623124006078,0.260152064324,2.30381150317,1.18430119076,0.00974234646624,8074.61799935,1.0,
12.0934063269,0.999196607599,0.00936122238942,0.619991758248,0.2596623323,2.30239331121,1.20794266773,0.00936122238942,7526.11928552,1.0,
12.2397271982,0.999210167342,0.00949398154499,0.619071177804,0.258816988863,2.32042097711,1.23897531848,0.00949398154499,7747.97449008,1.0,
14.0571982953,0.999098774696,0.00932516190307,0.618249348217,0.258511394732,2.33917048283,1.27793562247,0.00932516190307,7798.59737008,1.0,
12.21931557,0.999218739728,0.00913640847139,0.622392374084,0.259484464024,2.33680701401,1.20811706686,0.00913640847139,7819.9217742,1.0,
11.4672181606,0.999229837031,0.00895476739692,0.616972645294,0.25821477149,2.34299937552,1.22418315374,0.00895476739692,7444.34898196,1.0,
12.2252370558,0.999171118344,0.00905991828789,0.614198710641,0.257479681222,2.3749604155,1.26398600187,0.00905991828789,7374.22723813,1.0,
11.3237985517,0.999274348288,0.010239878442,0.620912425886,0.258300700286,2.30114405055,1.21490188605,0.010239878442,7802.19249381,1.0,
12.587026899,0.999151139681,0.00921843039023,0.614475102903,0.257193126419,2.36278745767,1.27725477288,0.00921843039023,7413.75215517,1.0,
11.8728145248,0.999198301657,0.00933506220823,0.617347800951,0.258601212056,2.31952603098,1.22781492903,0.00933506220823,7404.47487653,1.0,
13.6318168694,0.999121575201,0.0095335481767,0.621014812894,0.259222881036,2.31100342152,1.24147465438,0.0095335481767,7758.91264188,1.0,
12.3110876269,0.999176225199,0.00920223262422,0.617312703366,0.258475252473,2.35640368375,1.24564868392,0.00920223262422,7472.06393983,1.0,
12.4889348948,0.999171846603,0.0107310769034,0.621574772555,0.259382334159,2.26829778649,1.21979430142,0.0107310769034,7539.92782224,1.0,
12.7104119746,0.999156632855,0.00990964244866,0.61966029811,0.258666500601,2.31944053285,1.23246018271,0.00990964244866,7535.23074343,1.0,
14.8787019392,0.999070105084,0.00893478261615,0.619435561459,0.260027342944,2.35654376608,1.26939526235,0.00893478261615,7999.88086299,1.0,
12.2933936223,0.999179522625,0.00900576808652,0.614343983163,0.258474259777,2.3664535776,1.25078941594,0.00900576808652,7491.28108637,1.0,
10.2938636915,0.99933292926,0.00931437708679,0.61687369467,0.258772512232,2.37719463801,1.19040573785,0.00931437708679,7715.43198715,1.0,
13.1649792684,0.999121314021,0.00974047944848,0.616419217538,0.257676618966,2.33626841588,1.27103588464,0.00974047944848,7490.99497459,1.0,
11.5275053994,0.99925986254,0.0098085410022,0.61876525643,0.259647704866,2.29830124697,1.2115334419,0.0098085410022,7787.08024405,1.0,
14.1646235404,0.999077239293,0.00915813350071,0.618470327036,0.260358813921,2.32090296343,1.26087107169,0.00915813350071,7674.8041643,1.0,
12.133209175,0.999209256697,0.00922135482578,0.61981605203,0.258531080833,2.34133750405,1.23137278681,0.00922135482578,7671.74274563,1.0,
12.2619422981,0.999183777793,0.00937300493121,0.617593513226,0.258147800766,2.34945905778,1.25240809397,0.00937300493121,7511.10962585,1.0,
12.4861514385,0.999152617787,0.00979958105467,0.615381392624,0.258021563196,2.3173122464,1.25178556992,0.00979958105467,7367.21205832,1.0,
12.7592090826,0.999114126234,0.00870967129059,0.60856334545,0.256811611695,2.3733112746,1.30233417645,0.00870967129059,7201.18027585,1.0,
11.8468065325,0.99920796233,0.0096629428875,0.617177505936,0.258352842767,2.34149496805,1.23520725778,0.0096629428875,7478.41714662,1.0,
11.9837999376,0.999224613371,0.0093495952064,0.621268861732,0.259255737692,2.3386232377,1.21231939295,0.0093495952064,7727.32797304,1.0,
11.7416542508,0.999234709577,0.00942930821476,0.620288558219,0.259574952544,2.32509093245,1.20716942125,0.00942930821476,7671.06266871,1.0,
12.4008154026,0.999208131827,0.00948647806797,0.623764181911,0.259910213356,2.29574601434,1.20629107331,0.00948647806797,7829.75744582,1.0,
15.0433866925,0.999063698785,0.0083773895855,0.618868879825,0.259412707648,2.34051726478,1.2556523798,0.0083773895855,8033.10680056,2.0,
13.6219379093,0.999136540939,0.00823300722538,0.618093834622,0.257668091463,2.34785773784,1.23584710624,0.00823300722538,7887.66444453,2.0,
12.843833085,0.999150625164,0.00885089386497,0.609148076278,0.25703409381,2.31765608961,1.28553873162,0.00885089386497,7560.45774042,2.0,
13.9627536583,0.999117608674,0.00855477726678,0.61753019313,0.257299538625,2.34508842057,1.26316135962,0.00855477726678,7911.58050343,2.0,
12.7275539078,0.999199889082,0.00842790341409,0.619252890739,0.258636941447,2.32483619076,1.2186687918,0.00842790341409,7953.28516039,2.0,
13.8726176039,0.999104328557,0.00847803811227,0.614704686484,0.256714343291,2.35511907982,1.26925666701,0.00847803811227,7743.94083544,2.0,
13.1131613596,0.999153046675,0.00793335012366,0.612545662622,0.256962338917,2.38853316465,1.2736790132,0.00793335012366,7741.06144036,2.0,
16.7340973401,0.998926886142,0.0081950650413,0.613345367902,0.25722101234,2.34254798296,1.34151796542,0.0081950650413,7796.62603523,2.0,
15.4798955915,0.999029164533,0.00735724495381,0.616250691806,0.258356488934,2.40352498269,1.29343173602,0.00735724495381,7972.09400569,2.0,
14.7310222561,0.999049986108,0.00727407680578,0.608482337117,0.256801729466,2.40789056417,1.32755621773,0.00727407680578,7752.68679585,2.0,
16.2690314496,0.998936206465,0.00873515775913,0.612982862494,0.255951070233,2.3562862522,1.33513449522,0.00873515775913,7646.40170952,2.0,
13.4244568795,0.999121019456,0.0083094771344,0.611270058887,0.256428896259,2.37842287432,1.28674855341,0.0083094771344,7636.07561891,2.0,
12.6893443286,0.999164079902,0.00932307547697,0.614692137467,0.256489955238,2.31002170488,1.24502731483,0.00932307547697,7589.73904116,2.0,
12.5467932504,0.99917078104,0.00870305822468,0.612171254119,0.25523778325,2.35963953781,1.27482877701,0.00870305822468,7565.09467294,2.0,
14.2209533049,0.999113493747,0.00884586183845,0.620254655078,0.259413671668,2.32892399826,1.24061998314,0.00884586183845,8020.45510989,2.0,
13.9390619406,0.999111667847,0.008932421232,0.617705995031,0.258186970085,2.30813898984,1.24526061698,0.008932421232,7845.2905045,2.0,
14.7406927457,0.999060029467,0.0086039443477,0.616933405406,0.258184985951,2.33192561832,1.26885647298,0.0086039443477,7840.69191141,2.0,
14.2349231373,0.999087497475,0.00878473785374,0.614763569025,0.256764737625,2.34306980439,1.29086829978,0.00878473785374,7799.57447065,2.0,
13.6603184228,0.999143949783,0.00829026230172,0.618736373317,0.257812931776,2.34109140764,1.24918459744,0.00829026230172,7978.33439999,2.0,
12.8957133617,0.999154252842,0.00906906557995,0.613514079401,0.256820119993,2.31869489675,1.2617771387,0.00906906557995,7623.55784215,2.0,
14.6810696095,0.999000317494,0.00750869394384,0.60184262945,0.254321246112,2.42139549347,1.37173983345,0.00750869394384,7342.49974519,2.0,
13.578945636,0.999121602109,0.0076015023537,0.612062979245,0.257420156193,2.39301401948,1.27771329245,0.0076015023537,7729.03121549,2.0,
11.3732632272,0.999258558301,0.00851875562795,0.616051807096,0.257471232302,2.34575478382,1.21686647494,0.00851875562795,7669.32787978,2.0,
13.2877071712,0.999169152688,0.00954163454806,0.62158771709,0.259471291725,2.28240536107,1.23034718132,0.00954163454806,7996.10372099,2.0,
13.7660331705,0.999111046187,0.0091493502996,0.617878048937,0.256764583013,2.31632947833,1.26093517203,0.0091493502996,7742.42281332,2.0,
14.7041826918,0.9990677893,0.00796015995932,0.615786168895,0.257013776783,2.37866485218,1.28704768835,0.00796015995932,7886.35426403,2.0,
14.6597351674,0.999054066598,0.00851528691949,0.614008066005,0.257139485879,2.3653210861,1.28733758359,0.00851528691949,7748.55258396,2.0,
13.0968556183,0.999149121034,0.00835112491316,0.612654952579,0.257350903807,2.35447069039,1.25758462978,0.00835112491316,7695.80167997,2.0,
13.866194865,0.999076385218,0.00742051041346,0.599627133546,0.254702171365,2.39578387013,1.34012277237,0.00742051041346,7506.09095746,2.0,
12.4909006387,0.999151254252,0.00656853946422,0.596923460888,0.254794317392,2.42610354238,1.32490153956,0.00656853946422,7357.98834001,2.0,
13.6069961771,0.999112779435,0.00667819941508,0.602303679423,0.255374924941,2.41238327557,1.30720522504,0.00667819941508,7667.82305267,2.0,
13.4611401776,0.999123658306,0.00640472995828,0.599984265585,0.25462094643,2.44451457224,1.33304805793,0.00640472995828,7679.8238794,2.0,
14.7966656272,0.999011367394,0.00772935907721,0.59774955194,0.253986061777,2.37391474733,1.38301860642,0.00772935907721,7482.96784124,2.0,
13.7263521707,0.999103360799,0.00662948882148,0.601288683234,0.254742103345,2.42705054499,1.32932042087,0.00662948882148,7653.86373096,2.0,
13.3088972431,0.999131492641,0.00729568936235,0.602659699011,0.254629510545,2.39893665069,1.31651652172,0.00729568936235,7661.51205259,2.0,
11.0405737847,0.999251820544,0.00786693703776,0.597112553392,0.255535968928,2.37752436023,1.30099788642,0.00786693703776,7377.85930525,2.0,
16.8782099257,0.998871734364,0.00718340786261,0.597357677114,0.25337455896,2.40347727594,1.42614774263,0.00718340786261,7479.24591162,2.0,
13.6698982479,0.999078695624,0.00835564632662,0.597696832209,0.254391075761,2.33249048636,1.35455112435,0.00835564632662,7418.32413962,2.0,
14.6032939492,0.999055569458,0.00766258443417,0.603825924984,0.255679580698,2.3500882375,1.32595313168,0.00766258443417,7730.78673569,2.0,
14.4549646004,0.999045204719,0.00761910644893,0.600515636755,0.255089647232,2.37316191095,1.3411085317,0.00761910644893,7569.18940499,2.0,
13.0591259254,0.999115268847,0.00824192172507,0.59600822998,0.254371566628,2.36970931704,1.35343889678,0.00824192172507,7379.78719532,2.0,
14.573521361,0.999055529236,0.00714010699862,0.600786835492,0.254652656859,2.40115518147,1.3542554543,0.00714010699862,7714.69550869,2.0,
12.1894742617,0.999176285937,0.00752370757288,0.595971330225,0.254532117107,2.40081572288,1.33080916577,0.00752370757288,7398.65602918,2.0,
13.1036681566,0.999108284032,0.00728576708861,0.59189757671,0.254201349981,2.40223374898,1.36585703891,0.00728576708861,7346.99012067,2.0,
13.8872128478,0.999056232693,0.00861958921022,0.598274160003,0.253692127794,2.34209945307,1.35504487024,0.00861958921022,7356.84514204,2.0,
11.4413862999,0.999253463628,0.00708032275241,0.603484054652,0.255381954473,2.39484666362,1.27801589227,0.00708032275241,7662.45524886,2.0,
13.8186734116,0.999129304065,0.00791905493279,0.605706560782,0.256779615984,2.38154195898,1.30891399004,0.00791905493279,7934.97669335,2.0,
13.4384278669,0.999097035525,0.0075876111878,0.596713836374,0.254935786259,2.38774991371,1.3557384244,0.0075876111878,7440.80087021,2.0,
11.9945289491,0.999214388725,0.00754326554506,0.602211736612,0.255830391545,2.37990943476,1.28610119769,0.00754326554506,7633.41568314,2.0,
14.1417091115,0.999058473942,0.00738976152044,0.597302165082,0.254172863567,2.40287959514,1.37167573311,0.00738976152044,7509.53872767,2.0,
15.043656376,0.999076581839,0.00782032142344,0.621701668221,0.256259312132,2.34869878669,1.2622674197,0.00782032142344,8145.73436403,3.0,
16.17993948,0.998962342213,0.00809973960305,0.614406450158,0.253448094773,2.35089658144,1.34081055172,0.00809973960305,7796.4153564,3.0,
13.0854636591,0.999162754206,0.00804006091048,0.615609261527,0.255348149813,2.33690228148,1.25147199797,0.00804006091048,7814.36121598,3.0,
14.6984026887,0.999048115798,0.00832282719281,0.612251390536,0.254934295606,2.33196512941,1.31789958768,0.00832282719281,7720.43550311,3.0,
13.3509620826,0.999164539302,0.00796679330772,0.620188788935,0.255753537549,2.33255417993,1.22920376979,0.00796679330772,7989.94740644,3.0,
15.661544414,0.999005880521,0.00822875841559,0.6177392161,0.254577047601,2.31824146835,1.29569314993,0.00822875841559,7876.8334631,3.0,
13.0464184655,0.999174028204,0.00818209115663,0.619189367744,0.255986158533,2.3095291133,1.23673527136,0.00818209115663,7897.39199812,3.0,
13.7806994445,0.999130268879,0.00804184588188,0.618255874943,0.255786783988,2.32238433733,1.23708233718,0.00804184588188,7922.14877902,3.0,
16.1433803403,0.998990289239,0.00958670800654,0.624114222529,0.255706677437,2.25337135457,1.26085490223,0.00958670800654,7993.82981365,3.0,
14.5306185972,0.999106590936,0.00907880284888,0.627736991411,0.256266065004,2.27382825488,1.21317868404,0.00907880284888,8131.87668803,3.0,
14.5052712426,0.999103781929,0.00836383426114,0.622852666749,0.256273184866,2.31359277936,1.25104235242,0.00836383426114,8092.23215659,3.0,
15.9733712161,0.998995265879,0.00759008360206,0.617676000328,0.255746174003,2.34216901266,1.29407966922,0.00759008360206,7948.75021699,3.0,
14.7432706189,0.999057563845,0.00817860062498,0.615225933492,0.255169037121,2.33801736808,1.28069944446,0.00817860062498,7821.63003355,3.0,
13.6310176363,0.99912890971,0.00820241982389,0.615313675638,0.254731703009,2.32915104425,1.27040643082,0.00820241982389,7823.83997046,3.0,
13.8358390215,0.999159146576,0.0100989515911,0.633207507087,0.259309165061,2.23389909248,1.15950533015,0.0100989515911,8226.98699776,3.0,
14.5428351986,0.999070883573,0.00966249543361,0.623391157991,0.258223353398,2.28259512,1.2279523694,0.00966249543361,7825.89889947,3.0,
15.9228052851,0.998996530043,0.009340542449,0.624305647429,0.257371307893,2.30601955118,1.27121317118,0.009340542449,7933.60260081,3.0,
12.8799781712,0.999179326362,0.00947873631144,0.622800122292,0.257646221471,2.29209738115,1.22285148355,0.00947873631144,7846.96418078,3.0,
13.6929945832,0.999155773838,0.00869027114963,0.627482837195,0.257486106048,2.33460401924,1.21902856219,0.00869027114963,8109.55313223,3.0,
14.5227613966,0.999093055129,0.00872361138524,0.625357093121,0.257796711123,2.32075807801,1.23486076944,0.00872361138524,8006.19725186,3.0,
14.6985210723,0.999071408211,0.00876714538175,0.623348386973,0.25702111025,2.32929997571,1.25723352159,0.00876714538175,7914.20158633,3.0,
13.7624250719,0.999106176836,0.00883663193045,0.617076530984,0.257504466608,2.35146856314,1.25834690413,0.00883663193045,7698.49860826,3.0,
13.8447276024,0.999095176624,0.00912536013488,0.622294730315,0.257841403636,2.31043716178,1.23275296536,0.00912536013488,7650.38058457,3.0,
14.265020847,0.999070245859,0.00930758431847,0.618567277528,0.256768071308,2.31607694389,1.27684418419,0.00930758431847,7671.27941389,3.0,
16.1248414816,0.998964790074,0.00868397573238,0.619549883713,0.256575011814,2.32314237074,1.3053076239,0.00868397573238,7788.0680759,3.0,
15.4779754686,0.999014681326,0.0100212397897,0.627719426313,0.257510686141,2.27434971084,1.2354174607,0.0100212397897,7854.17077137,3.0,
14.1735871938,0.999104067995,0.00927823787292,0.626930078983,0.257459536669,2.29276959565,1.23040319693,0.00927823787292,7909.86579357,3.0,
14.7008702632,0.999061056054,0.00947698547077,0.624478528071,0.257348405927,2.28784860481,1.25070568125,0.00947698547077,7828.31578661,3.0,
13.2471478235,0.99915214227,0.00900751795875,0.623874309112,0.258156905572,2.32238433409,1.21840661562,0.00900751795875,7812.14151879,3.0,
12.7440923738,0.999200201405,0.0096579614985,0.630430254643,0.257651118144,2.26515998667,1.18441668688,0.0096579614985,7967.12355504,3.0,
12.4491147223,0.999179351369,0.00916637885114,0.617434657512,0.256896894158,2.31280937521,1.23924673435,0.00916637885114,7584.94576612,3.0,
12.612837393,0.999191298696,0.00937400202312,0.62272032854,0.257434613131,2.30579795864,1.21988843075,0.00937400202312,7798.24030022,3.0,
13.8334476745,0.999125705011,0.00789644506488,0.62201671353,0.257612144639,2.36360657262,1.23782497719,0.00789644506488,7911.23112556,3.0,
14.1097120682,0.999106393037,0.00837049856084,0.623476726545,0.257478344397,2.34189431561,1.2380952381,0.00837049856084,7894.85111086,3.0,
15.147012693,0.999024960661,0.00742074749243,0.616430769183,0.256740823884,2.40187679731,1.29399535706,0.00742074749243,7767.43326082,3.0,
13.4515072243,0.999134679177,0.00992082857602,0.622241906505,0.258069018697,2.2826028601,1.23102052366,0.00992082857602,7772.60341846,3.0,
14.938825751,0.999004695241,0.0085351959354,0.60880355117,0.256186544904,2.36554344909,1.34650277768,0.0085351959354,7504.70576201,3.0,
15.2851645242,0.999028550914,0.00881431587378,0.617928184646,0.257664518958,2.32395439927,1.29041728746,0.00881431587378,7866.91369323,3.0,
14.7090208239,0.999091992166,0.00886242845489,0.62083746255,0.25952373043,2.30769419724,1.25980446508,0.00886242845489,8099.33790105,3.0,
16.1178349099,0.998988398625,0.00845308400194,0.616261536002,0.258829486872,2.36206103374,1.31141794579,0.00845308400194,7966.23865617,3.0,
13.4101809824,0.999123435311,0.00846910040211,0.612633012766,0.256923304625,2.36480226327,1.2751232921,0.00846910040211,7649.02272005,3.0,
14.5664160401,0.99906513182,0.00909935266526,0.619297881021,0.256769838748,2.31658743497,1.26931268263,0.00909935266526,7790.35417771,3.0,
13.2602935911,0.999131455144,0.00840580059964,0.61305455197,0.256097969578,2.35937304252,1.28207384822,0.00840580059964,7633.38043252,3.0,
16.9375656884,0.998870985596,0.00785519463541,0.606167505885,0.255283086088,2.37830697928,1.39544079092,0.00785519463541,7500.6439444,3.0,
16.1937938163,0.998991079848,0.00832555416459,0.617439758621,0.259750987588,2.35651957616,1.28351581719,0.00832555416459,8025.06462271,3.0,
12.8327737547,0.99919249138,0.00892894372956,0.620744282391,0.258789990927,2.29671900267,1.21540313918,0.00892894372956,7945.65297429,3.0,
14.8786684453,0.999031859405,0.00903613591293,0.61702355834,0.256210031346,2.327742611,1.29142383609,0.00903613591293,7683.90515312,3.0,
13.9191948766,0.999126384003,0.00829894687699,0.616532963634,0.258025233341,2.3394549834,1.26370245891,0.00829894687699,7966.35068799,3.0,
15.6758653546,0.998988054657,0.00813616003516,0.612877377148,0.256434857256,2.3850436916,1.3227844958,0.00813616003516,7745.10792397,3.0,
12.9231731402,0.999172518989,0.00866087405322,0.617797162675,0.257779296518,2.34040453011,1.23682131596,0.00866087405322,7808.43160362,3.0,
14.1560115727,0.999061713165,0.00625145803572,0.591695422165,0.255803084924,2.46926945999,1.39335608607,0.00625145803572,7543.58056911,4.0,
15.5326467089,0.998934187078,0.0065980556637,0.591247320651,0.252845255065,2.44113258663,1.42298083919,0.0065980556637,7286.79635299,4.0,
14.3038471755,0.999025787413,0.00765808400284,0.596269668344,0.254715454536,2.3586363251,1.35617268979,0.00765808400284,7341.26547797,4.0,
13.447118372,0.999082426456,0.00675978032226,0.591211944459,0.253179684634,2.43285159616,1.39102999434,0.00675978032226,7327.63093477,4.0,
13.8034683483,0.999097827502,0.00724089660838,0.60578715698,0.255141849641,2.36718907266,1.31135673285,0.00724089660838,7650.20001,4.0,
14.1773130984,0.999040640565,0.00638736346159,0.595394707029,0.254150727897,2.43601970108,1.37361606782,0.00638736346159,7389.03128126,4.0,
17.4776907707,0.998809300227,0.00645680633258,0.593375238342,0.25267834214,2.45215368503,1.45410068951,0.00645680633258,7339.38293698,4.0,
13.7199952647,0.999044293425,0.00683412115661,0.591889083984,0.253291247553,2.42805830865,1.38772565053,0.00683412115661,7177.99922789,4.0,
14.9494744927,0.999022224247,0.00795486025134,0.605143342137,0.254295482092,2.37048937627,1.35083157202,0.00795486025134,7644.46662365,4.0,
14.8328482497,0.998989417669,0.00658089652057,0.594502125137,0.253367926222,2.43252753284,1.39980596653,0.00658089652057,7338.61488902,4.0,
15.4671604126,0.99900211918,0.00778095866371,0.604143601734,0.254589839377,2.3398959062,1.34803079126,0.00778095866371,7749.87172664,4.0,
13.0702141298,0.999144117573,0.00827409700436,0.610007482914,0.2582255077,2.36814600036,1.28203169213,0.00827409700436,7635.46525234,4.0,
13.8989079842,0.999061989622,0.00848471719131,0.603685998199,0.25638993823,2.36500361478,1.34067137891,0.00848471719131,7408.69128269,4.0,
14.1968590832,0.999030751574,0.00783531226152,0.603026094515,0.256301759551,2.40507800346,1.35070452629,0.00783531226152,7323.57670964,4.0,
13.7853845443,0.999072740321,0.00734453308203,0.603981688233,0.25796426476,2.3999363166,1.32925458808,0.00734453308203,7433.40567909,4.0,
14.3839188986,0.999067661526,0.00685755918753,0.605110143473,0.25824364132,2.44150419726,1.33558954991,0.00685755918753,7713.88484991,4.0,
16.3063118626,0.998927799262,0.00772698034056,0.605140791794,0.256526801421,2.41515763516,1.39123153506,0.00772698034056,7604.18995571,4.0,
13.9995091415,0.999072591381,0.00776662051146,0.607824335684,0.258103568186,2.41204154854,1.30545834633,0.00776662051146,7547.69270371,4.0,
14.2806925147,0.999024524847,0.00812349489446,0.599989925263,0.256050097555,2.39181092083,1.37985516787,0.00812349489446,7319.84907463,4.0,
15.2640737789,0.998932064803,0.00802742306009,0.595262482212,0.253826668475,2.40444858677,1.4185498308,0.00802742306009,7146.63496743,4.0,
13.241650786,0.999126358606,0.00916796375894,0.610122196167,0.258014428166,2.32533018893,1.27666343278,0.00916796375894,7578.56280585,4.0,
13.3330209163,0.99913955584,0.00851202001474,0.614109178491,0.258523414973,2.34487788382,1.27719240498,0.00851202001474,7747.82448065,4.0,
13.1756586166,0.999143656024,0.00843880410598,0.612278387264,0.258436851753,2.35399840819,1.27937874641,0.00843880410598,7693.02313083,4.0,
12.4925770648,0.999145935418,0.00854644143086,0.601680822152,0.255375208678,2.38607987516,1.3327281337,0.00854644143086,7313.65360581,4.0,
15.3391751268,0.998942630799,0.0077388769845,0.597722954271,0.25466127931,2.41290225311,1.41813519975,0.0077388769845,7253.50766284,4.0,
16.1469358881,0.99893279964,0.00852488407986,0.605831305379,0.25505102939,2.32124504221,1.36314345772,0.00852488407986,7565.20156704,4.0,
16.0227134657,0.998982012122,0.00742366009397,0.616140440547,0.254744206245,2.36495817894,1.31489899865,0.00742366009397,7869.93733804,4.0,
15.4966061467,0.998971521846,0.00736377482219,0.604971942024,0.253824878936,2.38587319474,1.36631151612,0.00736377482219,7533.89579266,4.0,
16.074175069,0.998933638168,0.00750783522437,0.607869945058,0.254014142065,2.38764213352,1.35816268783,0.00750783522437,7537.0678632,4.0,
15.9298799995,0.998991601706,0.00823426320343,0.618140767422,0.254210934225,2.33920571311,1.30404351894,0.00823426320343,7898.71069696,4.0,
15.7224697689,0.998994299083,0.00780956697754,0.614472052224,0.255720836003,2.33600334951,1.30409780211,0.00780956697754,7816.58279915,4.0,
13.9205294342,0.999139865428,0.00880647741695,0.625740355679,0.2575277953,2.27316799188,1.19632144878,0.00880647741695,8091.99176682,4.0,
15.7553572872,0.998960219187,0.00725638272128,0.604428169538,0.254223086797,2.37544673989,1.36341660603,0.00725638272128,7576.27861433,4.0,
17.2505566913,0.998896740231,0.00751132192295,0.614542823232,0.253831934299,2.35821649749,1.33666250881,0.00751132192295,7818.00387301,4.0,
16.5335377615,0.998980433133,0.00870828959182,0.622668314258,0.256038045183,2.32004331305,1.2915156555,0.00870828959182,8108.29469894,4.0,
13.6312284167,0.999119405042,0.00725769325195,0.611990625451,0.254494979766,2.37690028159,1.28944192278,0.00725769325195,7739.92265631,4.0,
13.8348532622,0.999093363411,0.00783359616253,0.606468873247,0.254615472582,2.34823089327,1.30837000335,0.00783359616253,7629.87653983,4.0,
16.1641985147,0.998965827739,0.00728813640701,0.611000855196,0.254200990927,2.3784287978,1.33282977028,0.00728813640701,7815.12783284,4.0,
14.0585715441,0.999077737452,0.00718119209949,0.60641383253,0.254448836611,2.38842810422,1.31349456591,0.00718119209949,7621.89296332,4.0,
18.7822944458,0.998798663786,0.00774559885817,0.613955023869,0.253116313357,2.36051352972,1.39190834228,0.00774559885817,7817.34319979,4.0,
16.0687357795,0.998982413875,0.00781102970954,0.615398070264,0.254312597081,2.34181700294,1.32096081217,0.00781102970954,7895.66426298,4.0,
14.5703977686,0.999082115089,0.00763319627313,0.620263927529,0.253788200074,2.35765491925,1.27224686139,0.00763319627313,7937.13042497,4.0,
17.5993179954,0.99887837299,0.00793446231483,0.616430917481,0.25396094094,2.34147635672,1.33488502362,0.00793446231483,7845.5974959,4.0,
14.2690707183,0.999062463286,0.0081173885792,0.605697015065,0.254030844421,2.33935391819,1.33851968631,0.0081173885792,7609.97331043,4.0,
15.911545569,0.999014978116,0.00801740309093,0.620417922966,0.255983687368,2.33360502711,1.28098183246,0.00801740309093,8076.84257337,4.0,
14.8360070684,0.999062406093,0.00820917219266,0.617097939412,0.255779958256,2.30597375618,1.25745931649,0.00820917219266,7911.87121004,4.0,
16.0750343601,0.998977831503,0.00780994931072,0.616995242504,0.254081364573,2.34782256017,1.31430765855,0.00780994931072,7862.99374804,4.0,
15.6940045967,0.998982004351,0.00780496763958,0.60907159263,0.254104602299,2.34546128676,1.34608872411,0.00780496763958,7708.383446,4.0,
16.3060317845,0.998940840738,0.00723817786898,0.609340385152,0.252799783258,2.39624763565,1.37184724484,0.00723817786898,7697.72299229,4.0,
13.6267373503,0.999134375178,0.00780285736806,0.616052075728,0.255309284616,2.33026031106,1.25674093067,0.00780285736806,7871.13675807,4.0,
14.9001062564,0.998974518027,0.00570348153328,0.590351090212,0.255122511903,2.49222555489,1.41862836816,0.00570348153328,7264.90211355,5.0,
14.9120606817,0.998994261754,0.00756094987915,0.604473062959,0.254144224423,2.37120276027,1.34048196528,0.00756094987915,7413.50202149,5.0,
15.2381304644,0.999012870408,0.00788467308385,0.618411203366,0.25389173633,2.33727823187,1.29168716723,0.00788467308385,7718.47384968,5.0,
13.3976023007,0.999077905677,0.00691106198612,0.603224747091,0.254050694526,2.41568868281,1.33278934664,0.00691106198612,7264.82645102,5.0,
15.6296380352,0.99897005495,0.00722808656897,0.614271035013,0.25379833266,2.38239653749,1.3173076701,0.00722808656897,7587.65308886,5.0,
13.9184909278,0.999047958598,0.00727046858236,0.593085328575,0.25306605981,2.42563277834,1.39749142441,0.00727046858236,7309.84378515,5.0,
13.3322557546,0.999102333328,0.00751108256162,0.59674136016,0.255360749827,2.40796224208,1.36812538258,0.00751108256162,7426.10666628,5.0,
13.5265323447,0.999123120748,0.00747862114521,0.60450378284,0.255718942608,2.42222965459,1.34329198572,0.00747862114521,7713.00329046,5.0,
12.5375991823,0.99913383277,0.00753230377094,0.58965451079,0.254399815135,2.41723820994,1.3812243743,0.00753230377094,7237.52498299,5.0,
14.1756043334,0.99908397736,0.00743851891383,0.607037344054,0.257313241429,2.40037605655,1.31018502477,0.00743851891383,7737.72111458,5.0,
13.7896469284,0.999079102314,0.00782061449968,0.601427935158,0.255881386937,2.39564143149,1.36281602624,0.00782061449968,7487.11025347,5.0,
14.1538425557,0.999106618114,0.00811296343584,0.608752193516,0.25906401822,2.33713881489,1.28853412333,0.00811296343584,7921.54805315,5.0,
13.3364736727,0.999097310837,0.0072096148696,0.596666569913,0.255009564261,2.42643667872,1.36760103023,0.0072096148696,7387.153136,5.0,
13.8311198503,0.999074368229,0.00772003403362,0.601222844548,0.255819561371,2.38578822296,1.3480920042,0.00772003403362,7471.22131961,5.0,
14.9357633716,0.998977515894,0.00705858437441,0.591558896295,0.25428608913,2.43541536979,1.43198318377,0.00705858437441,7303.69745452,5.0,
14.5598662555,0.999017666348,0.00728553201587,0.595110973784,0.254071406029,2.44288068024,1.40852130326,0.00728553201587,7410.94555153,5.0,
13.0016025086,0.999128113408,0.00732406831469,0.59812595623,0.254492861684,2.42444500452,1.36086933925,0.00732406831469,7456.09208848,5.0,
13.3354607717,0.999120269088,0.00720819242777,0.601281961964,0.257223438892,2.39518530889,1.33039742213,0.00720819242777,7579.34194088,5.0,
13.7916328841,0.999076398915,0.00694936352568,0.598275085123,0.254837663207,2.45513265453,1.3751204047,0.00694936352568,7466.31461214,5.0,
15.4374842637,0.998989209783,0.0066965082523,0.602870818564,0.256796900238,2.44236974954,1.36980469607,0.0066965082523,7636.41691757,5.0,
12.8811042583,0.999145295017,0.00705920872212,0.601006208068,0.255966919004,2.43486638492,1.33962151924,0.00705920872212,7535.54315571,5.0,
13.5514644907,0.999072433493,0.00702218284416,0.593868528147,0.254987947415,2.43162730778,1.39124597207,0.00702218284416,7304.82197149,5.0,
14.3034192624,0.999069627149,0.00744926505464,0.606883758041,0.257307697971,2.39588370492,1.32537045378,0.00744926505464,7686.95036893,5.0,
13.5145865817,0.999073544947,0.00657397056748,0.593556812821,0.253463030247,2.47669184695,1.40916057425,0.00657397056748,7293.82559709,5.0,
15.4356807918,0.998964092058,0.00651338249725,0.606032549659,0.256537734928,2.44967808473,1.35734670778,0.00651338249725,7450.25714319,5.0,
13.2750528395,0.999094327811,0.00748848097878,0.600710776263,0.255202207373,2.44347710441,1.34728641881,0.00748848097878,7328.791912,5.0,
12.0795346662,0.999152107969,0.00833714933651,0.600949925053,0.253428868071,2.38878088229,1.32961609092,0.00833714933651,7123.16600296,5.0,
13.1934865967,0.999160295345,0.00873700586636,0.616501923197,0.258093426071,2.36347787171,1.25337479644,0.00873700586636,7855.95328989,5.0,
13.0149070834,0.999112376169,0.00763100247192,0.605464867524,0.255049333018,2.4169095308,1.32746959565,0.00763100247192,7331.00330829,5.0,
12.7013264729,0.999137425044,0.00829911410778,0.607613559702,0.255137891683,2.37653183258,1.30909589642,0.00829911410778,7362.36703442,5.0,
15.5032119469,0.998993716271,0.00833845480689,0.614125692644,0.257569687024,2.3776085829,1.30664911126,0.00833845480689,7703.12559144,5.0,
13.6775960639,0.999067937396,0.00791173201191,0.606787097947,0.255032351401,2.40273891957,1.33125902313,0.00791173201191,7337.20232577,5.0,
12.7396677177,0.999073895334,0.00732461882375,0.583161840879,0.252018013966,2.44703334987,1.43542092559,0.00732461882375,6878.00876908,5.0,
13.5266166568,0.99907547961,0.00861826644937,0.605975569681,0.254607673987,2.36127451825,1.33977859395,0.00861826644937,7315.37901514,5.0,
12.9885664622,0.999086634634,0.00818605916172,0.598398569338,0.252291139845,2.40342911016,1.36896099696,0.00818605916172,7110.09405169,5.0,
14.2923299031,0.999032572876,0.00675284588734,0.595795196875,0.254959792477,2.42995391631,1.36626705011,0.00675284588734,7386.67561238,5.0,
13.4793377453,0.999075344178,0.00740443618119,0.588935859931,0.254433285362,2.40352880329,1.3773997205,0.00740443618119,7288.74772623,5.0,
12.5365198711,0.999148409346,0.00651157179557,0.593988364387,0.254838890431,2.46556420358,1.33871083238,0.00651157179557,7360.57568691,5.0,
13.5318457434,0.99904778638,0.00679693022818,0.581720117068,0.253201203699,2.43322570155,1.43141609785,0.00679693022818,7105.3950048,5.0,
15.1268851853,0.998989184199,0.00757999217265,0.597158710857,0.254419305264,2.39641896891,1.37831098484,0.00757999217265,7482.44180366,5.0,
13.9767182934,0.999053279751,0.00800330115527,0.593181358202,0.254881907296,2.361346044,1.36408994837,0.00800330115527,7381.55909902,5.0,
13.4723479205,0.999074426206,0.00680682848242,0.590746045686,0.254006181059,2.43887306957,1.37481145259,0.00680682848242,7277.74315861,5.0,
13.1864892646,0.99909504976,0.00712981555564,0.592510949682,0.254873006235,2.41657851792,1.36185394361,0.00712981555564,7285.65227551,5.0,
13.0610038922,0.999141000152,0.00700617427619,0.600569836355,0.257674045794,2.44677075229,1.32475081714,0.00700617427619,7602.38572892,5.0,
12.421918275,0.999152343925,0.00791288407974,0.604368752143,0.256550337443,2.40894807786,1.31834829008,0.00791288407974,7327.168609,5.0,
14.2755061617,0.999039644506,0.00780527006671,0.606436077624,0.257290056828,2.39525474798,1.33329348717,0.00780527006671,7432.38789925,5.0,
14.3629217052,0.999034887038,0.00724289453054,0.601286245218,0.254422316801,2.38613434368,1.35204659113,0.00724289453054,7440.9333511,5.0,
14.8207979626,0.999057637,0.00867850246342,0.621606292518,0.257072420581,2.32646987932,1.26389649238,0.00867850246342,7863.60921776,5.0,
14.0946507975,0.999096048609,0.00921319127026,0.619480935531,0.257252067682,2.30084702065,1.24891664645,0.00921319127026,7796.13239744,5.0,
14.6285050183,0.998985011483,0.00815945585524,0.596441010809,0.253621550899,2.39340354077,1.40063465114,0.00815945585524,7206.26540914,5.0,
15.3891988035,0.998914161842,0.00743597124095,0.589186304103,0.251425860066,2.53939868668,1.46074749085,0.00743597124095,7086.15915629,6.0,
13.7429062287,0.999101576269,0.0070218843915,0.60474969584,0.259457611025,2.40520406658,1.3044310084,0.0070218843915,7648.2228953,6.0,
17.0159719575,0.998906294167,0.00775296986141,0.610897393825,0.259768563472,2.38490325314,1.33200050818,0.00775296986141,7778.92617845,6.0,
14.4087701974,0.999066581753,0.00777513966076,0.608656646003,0.258001473011,2.39410721271,1.31575886721,0.00777513966076,7718.14491507,6.0,
15.2177823591,0.998994898961,0.00875932293281,0.6117807274,0.256712750873,2.36850738868,1.33994028851,0.00875932293281,7570.14677715,6.0,
13.3629095781,0.999121399316,0.007612184551,0.611517658102,0.258499816815,2.3997347126,1.28779552568,0.007612184551,7604.48832963,6.0,
16.1347418084,0.998955213333,0.00868460397118,0.614933936177,0.258839746025,2.34709219889,1.31551748034,0.00868460397118,7721.43679143,6.0,
14.3729086541,0.999102372099,0.00823306297587,0.616106267918,0.260761737441,2.34723972247,1.25330549877,0.00823306297587,8005.96802009,6.0,
14.866063777,0.999029530673,0.00887799328263,0.616744439469,0.258869014617,2.32639141194,1.28518184863,0.00887799328263,7659.12769817,6.0,
16.4546747052,0.998944752381,0.0084534811258,0.614880115318,0.257742311039,2.37327982681,1.34906505896,0.0084534811258,7796.47975019,6.0,
13.2014523636,0.999132334958,0.00882345486142,0.618495019847,0.258699495896,2.33734928701,1.25341406512,0.00882345486142,7607.34738534,6.0,
13.7247415774,0.999102095563,0.00779506260562,0.612085211825,0.258752598331,2.38841202793,1.28697434831,0.00779506260562,7642.56805931,6.0,
13.8378076528,0.999068295988,0.00805704280896,0.611904197276,0.257865255571,2.38254296284,1.29728584133,0.00805704280896,7425.98823447,6.0,
14.2774667082,0.999060251984,0.00876890608554,0.619051070959,0.259319242775,2.32488142911,1.25485603409,0.00876890608554,7596.34037117,6.0,
12.3150502986,0.999228003901,0.00862517183519,0.620602759572,0.2608285985,2.32083020149,1.2000358038,0.00862517183519,7976.00564863,6.0,
14.4972419528,0.999047782324,0.00801916929254,0.612198948054,0.258903336836,2.37950324646,1.3001871037,0.00801916929254,7612.22642586,6.0,
16.6052192694,0.998893977297,0.0077608758227,0.607385517153,0.257030633234,2.40399806603,1.39178245152,0.0077608758227,7506.62890771,6.0,
16.2896007299,0.998955356007,0.00743522745801,0.611732315426,0.259039464371,2.39654776408,1.33507847961,0.00743522745801,7796.6120702,6.0,
15.6511901875,0.99899328516,0.00814872969011,0.613407965938,0.258914230351,2.3711101616,1.31254287793,0.00814872969011,7773.29013817,6.0,
12.4330076343,0.999148737395,0.00800374970499,0.608371072274,0.256743008102,2.40378947231,1.30530242657,0.00800374970499,7302.59223481,6.0,
17.004294723,0.998904190439,0.0086722750782,0.61554719702,0.257814948396,2.3458364865,1.34467909405,0.0086722750782,7758.70915057,6.0,
18.0818723075,0.99884720449,0.00761710646584,0.611585496586,0.258321209957,2.38586302399,1.37289017475,0.00761710646584,7842.52841846,6.0,
12.1565110934,0.999191715865,0.00778009240617,0.611313626996,0.258230956196,2.39626319194,1.27121028377,0.00778009240617,7519.87199061,6.0,
14.7844894494,0.999018156697,0.00869814970855,0.6126635585,0.258575015492,2.34026734668,1.30438134507,0.00869814970855,7528.9048963,6.0,
16.6455522447,0.998950191548,0.00888857185851,0.615318130784,0.258684223609,2.34254771202,1.33452467574,0.00888857185851,7927.77668256,6.0,
12.9175744661,0.999159442248,0.00881763868108,0.615165791639,0.259050362639,2.33383616109,1.24674762944,0.00881763868108,7683.80451025,6.0,
14.5446034441,0.999067575961,0.00879405804181,0.615886356651,0.259360085889,2.34116496766,1.27633715625,0.00879405804181,7799.2481823,6.0,
13.1631013016,0.999164276725,0.00892668063909,0.617294448821,0.259707741925,2.33198382285,1.24832472887,0.00892668063909,7875.1638889,6.0,
16.101991153,0.998960047758,0.00837701676795,0.610511814708,0.257753649842,2.3952929602,1.34413452987,0.00837701676795,7741.59523933,6.0,
14.6674491528,0.999034622379,0.00823803138769,0.612016321065,0.257779357672,2.37971510539,1.3134085213,0.00823803138769,7596.60044562,6.0,
13.7367416236,0.999113716796,0.00817447912863,0.615018170474,0.259110603849,2.36724430172,1.26632248825,0.00817447912863,7749.54783421,6.0,
14.993818648,0.999070922344,0.00832789374491,0.617339148675,0.259737355523,2.34347150591,1.28998071215,0.00832789374491,8069.13022346,6.0,
14.1033037663,0.99912479616,0.00856768366034,0.614750670705,0.261810194028,2.3039764764,1.24131584722,0.00856768366034,8057.08929444,6.0,
12.1263510158,0.999230399228,0.00801404428472,0.616438484011,0.259591911123,2.38013995424,1.22806382315,0.00801404428472,7878.26334236,6.0,
12.5875431667,0.999160341954,0.00901725854785,0.613498893646,0.258649784599,2.31426201061,1.26678274026,0.00901725854785,7495.5572737,6.0,
12.95282388,0.99915470505,0.00947188250691,0.617101903987,0.258799630067,2.32719347588,1.24998845039,0.00947188250691,7661.63424491,6.0,
15.369405657,0.999030258926,0.00866413194723,0.615986785151,0.259056166216,2.34690944387,1.29870817597,0.00866413194723,7924.40567012,6.0,
12.8561449707,0.999151565726,0.00793352999615,0.612269647521,0.259743825388,2.38592232778,1.26420082464,0.00793352999615,7576.26042727,6.0,
14.6448771699,0.999047837584,0.00802303635141,0.613522284535,0.259943395685,2.37021159574,1.27435755287,0.00802303635141,7690.12110347,6.0,
15.4223502304,0.99898539114,0.00838065903806,0.612218939621,0.257519044375,2.39349074493,1.34342480626,0.00838065903806,7599.92476841,6.0,
14.595853112,0.999013604486,0.0086407600028,0.609337114778,0.256890757617,2.38325071016,1.33744788238,0.0086407600028,7398.39402691,6.0,
15.9057632561,0.99898297771,0.00843633300698,0.615393926756,0.258692160092,2.3459477771,1.3228023977,0.00843633300698,7819.5763136,6.0,
15.676181814,0.998963045943,0.00834573630374,0.611698243101,0.258864728264,2.37581071506,1.31859314184,0.00834573630374,7558.5873914,6.0,
15.891573981,0.9989617708,0.00869496460538,0.614004454161,0.259142003835,2.35372049925,1.31787013617,0.00869496460538,7653.00778323,6.0,
13.5616599101,0.999120080883,0.00816115522469,0.614769271089,0.259027382004,2.36626477286,1.27009112643,0.00816115522469,7706.00266771,6.0,
14.0992186688,0.999096574554,0.00837536178653,0.614603584314,0.258910681853,2.37810698556,1.29125059192,0.00837536178653,7803.04887258,6.0,
11.0044344733,0.999261931847,0.00863479685347,0.612347144606,0.257965217605,2.37249828836,1.24720614901,0.00863479685347,7454.72628479,6.0,
14.0655145929,0.999079999172,0.00883641466174,0.614471652111,0.258452654253,2.36044646726,1.28294526639,0.00883641466174,7644.17324526,6.0,
11.7868819514,0.999260649707,0.00843968066949,0.618344267883,0.260780041142,2.35193693425,1.19864754051,0.00843968066949,7971.03348192,6.0,
14.5976733308,0.999033456865,0.00870177844856,0.611390832812,0.257389824555,2.37549717504,1.32415658963,0.00870177844856,7551.42079605,6.0,
12.8676934271,0.999151943377,0.00888963354889,0.616894999174,0.255928940059,2.3377864999,1.27089266946,0.00888963354889,7586.28754702,7.0,
14.3232672696,0.999080382955,0.00737637763209,0.613312213571,0.258588653146,2.37976604028,1.29780961621,0.00737637763209,7787.34297914,7.0,
16.0259993301,0.998939380785,0.00730180202781,0.60885438023,0.256568328675,2.38013569971,1.35544159939,0.00730180202781,7554.76387346,7.0,
19.1303945347,0.998737819744,0.00750460431187,0.60791787426,0.256840343873,2.3928899798,1.41266472633,0.00750460431187,7578.0591274,7.0,
15.9888373006,0.998951413795,0.00803086594758,0.615264070757,0.257593767428,2.36876425646,1.32908192139,0.00803086594758,7623.76630107,7.0,
14.4533984731,0.999047040628,0.0076525270568,0.611960643287,0.257619158256,2.39358394739,1.31201852558,0.0076525270568,7583.20713705,7.0,
15.8499376321,0.998967690549,0.00816123342398,0.615986617957,0.259239392565,2.35059974929,1.29841828072,0.00816123342398,7676.65927301,7.0,
16.1382603975,0.998957318098,0.00672191076496,0.599060723531,0.258638153055,2.41196209891,1.37587863668,0.00672191076496,7738.56027707,7.0,
13.6265756557,0.999113990523,0.00819048686356,0.616485186514,0.259261088552,2.3550343375,1.25288798032,0.00819048686356,7689.59046009,7.0,
13.8160585796,0.999097980065,0.00764433592284,0.612505876816,0.258111515396,2.34730019084,1.27613734798,0.00764433592284,7658.14052384,7.0,
13.1697642724,0.99915966747,0.00753152416517,0.611617044715,0.258473693651,2.39629195768,1.28032754698,0.00753152416517,7835.77848858,7.0,
11.5700091242,0.999230437705,0.00815425506924,0.618335145345,0.259470906424,2.35826927234,1.21260755576,0.00815425506924,7517.02267328,7.0,
15.7941460795,0.998979949944,0.00635979338424,0.602446806315,0.259691965873,2.4276437821,1.34357610616,0.00635979338424,7741.6121607,7.0,
13.4535884642,0.999113237611,0.00708410261395,0.608896811663,0.260095107697,2.39489240229,1.28939456937,0.00708410261395,7585.53348683,7.0,
14.8996910479,0.999025032777,0.00688517456733,0.605423753905,0.259871650843,2.39464517209,1.32305360175,0.00688517456733,7640.88298788,7.0,
15.4042011711,0.999000252156,0.0079212087693,0.611518227529,0.258571101067,2.39071666369,1.31538234988,0.0079212087693,7703.76992786,7.0,
13.1831179331,0.999117961055,0.00775087610401,0.611672423065,0.257980063445,2.38387414724,1.27968538859,0.00775087610401,7472.83929227,7.0,
15.2311106106,0.999002715295,0.00644248333717,0.600601806635,0.25918515353,2.42729034999,1.35712149036,0.00644248333717,7636.01938197,7.0,
13.5771219523,0.999099392423,0.00666738504281,0.604352001346,0.259046895604,2.43127921133,1.31351246781,0.00666738504281,7537.48076978,7.0,
15.1772686324,0.99901275161,0.00787161577888,0.612844595687,0.258853515805,2.37730964633,1.32187785131,0.00787161577888,7686.37827821,7.0,
16.5538564152,0.998900517755,0.00733069502476,0.60704065434,0.257414679143,2.40688201763,1.36924165252,0.00733069502476,7527.77435726,7.0,
14.7018970237,0.999031760073,0.00729731489182,0.60715801573,0.257608895054,2.38370918998,1.32152212328,0.00729731489182,7591.83962482,7.0,
14.4312572907,0.999056723466,0.00760252280081,0.610705895244,0.2600880924,2.37698165177,1.28522169479,0.00760252280081,7649.31166572,7.0,
14.1059948258,0.999035317616,0.00730339249479,0.602507420354,0.256807789287,2.42280061753,1.35313109964,0.00730339249479,7310.98368067,7.0,
12.7409064135,0.999163284212,0.00736296908329,0.610188722057,0.260398885033,2.36873231621,1.26052689327,0.00736296908329,7613.4181093,7.0,
12.3277981821,0.999155740493,0.00681698327041,0.599589483743,0.257175077515,2.41543072952,1.32562916508,0.00681698327041,7300.69559679,7.0,
13.8608404652,0.999094453367,0.00754664032314,0.609787736249,0.260196374136,2.37612985226,1.28461649515,0.00754664032314,7653.0534214,7.0,
15.2963647598,0.998960137661,0.00818147370669,0.605192152922,0.257669624446,2.36814486863,1.35489357033,0.00818147370669,7354.76464804,7.0,
16.8439583983,0.998888934955,0.00646747725479,0.602004108887,0.258061823583,2.44876391581,1.40214534031,0.00646747725479,7579.85161446,7.0,
15.3158426019,0.998973828486,0.00850511644709,0.604596679039,0.256939206406,2.34878873411,1.37649538593,0.00850511644709,7462.38116436,7.0,
14.3203359782,0.99903340777,0.00653216255709,0.60045896471,0.258012672698,2.44696514869,1.35171396233,0.00653216255709,7407.41413367,7.0,
12.6723854567,0.999129457668,0.00796027451101,0.604788027441,0.257837173276,2.378059175,1.31354365176,0.00796027451101,7278.22430042,7.0,
15.2601775175,0.998992006151,0.00698707966842,0.598874003014,0.256127603716,2.40654221174,1.39327408383,0.00698707966842,7569.36193975,7.0,
16.429554878,0.998971532139,0.00740271197187,0.606265715452,0.259671090483,2.39237327302,1.3493728561,0.00740271197187,7987.21525022,7.0,
14.0032125244,0.99907409677,0.00887359110564,0.616192625167,0.255803504513,2.3397277794,1.29120785836,0.00887359110564,7561.74496861,7.0,
14.7262655487,0.99905295238,0.00775176528523,0.613465210239,0.259406749429,2.35764204397,1.28055911669,0.00775176528523,7774.61770561,7.0,
14.2194189391,0.999058450941,0.00732340722573,0.606051709246,0.2576668845,2.40599393954,1.32206495501,0.00732340722573,7550.89918432,7.0,
15.6702533985,0.998951672891,0.00794132073278,0.608005385443,0.257402525304,2.36600255292,1.3455037363,0.00794132073278,7473.75409487,7.0,
17.1606851229,0.998880874878,0.00705912303412,0.599704707635,0.258061064888,2.41262367825,1.40019403347,0.00705912303412,7666.85016555,7.0,
11.6626254577,0.999212300384,0.00689565551316,0.60217226641,0.258889250339,2.41953117739,1.29464098033,0.00689565551316,7402.75740426,7.0,
15.2870309414,0.99899386574,0.00711830244875,0.605801346212,0.258033068296,2.41160807157,1.34738690043,0.00711830244875,7596.65709903,7.0,
12.4824278438,0.999185464757,0.00737302157512,0.609282501936,0.260306994066,2.3819399346,1.26494173221,0.00737302157512,7661.97521013,7.0,
14.1664119977,0.999053018193,0.00657350864506,0.604717145113,0.25881450955,2.42471416842,1.331485973,0.00657350864506,7479.50376629,7.0,
15.2024866313,0.998997459846,0.00709019425992,0.606530272459,0.259008501929,2.41004910604,1.3356432556,0.00709019425992,7581.73250177,7.0,
14.7906286453,0.998941359356,0.00591981684097,0.588853109751,0.253490368988,2.49449048577,1.44870702101,0.00591981684097,6985.34142325,7.0,
14.521976023,0.999042299176,0.0070828319386,0.611034172688,0.258090719779,2.41302026423,1.29950740908,0.0070828319386,7581.43841816,7.0,
14.642868115,0.999011840998,0.0078784446475,0.61012506157,0.257591569804,2.37633891233,1.31810574824,0.0078784446475,7408.91827813,7.0,
16.957519952,0.998861310077,0.0075800220488,0.607654150283,0.256714680465,2.38482239327,1.37448633103,0.0075800220488,7445.92981953,7.0,
14.442643475,0.999042688332,0.00755197366962,0.611752255773,0.258194835541,2.37090034976,1.30397999607,0.00755197366962,7543.12626432,7.0,
14.857266438,0.999047383945,0.00731344103017,0.610086133989,0.259757526569,2.3735653799,1.2944042133,0.00731344103017,7798.03561625,7.0,
