3.58883306761,0.999757918103,0.00829986813242,0.649184879127,0.248989577936,2.33472966515,0.970796614959,0.00829986813242,7412.22007533,1.0,
3.66581607736,0.999757647588,0.00949354244607,0.655596535379,0.248149753754,2.27867328758,0.947637852573,0.00949354244607,7562.79210752,1.0,
3.81855809666,0.999755862899,0.00867648557431,0.660484666707,0.248692325488,2.30587485662,0.930897014954,0.00867648557431,7820.30261234,1.0,
3.49749783165,0.99976910856,0.00929118488994,0.656491979497,0.248392447441,2.28433618939,0.935306374221,0.00929118488994,7573.70095807,1.0,
3.42757362547,0.999776989773,0.00880529673413,0.659248110474,0.248268709783,2.29291711642,0.924117644116,0.00880529673413,7684.55164718,1.0,
3.56210465816,0.999766179011,0.00957443429878,0.657794613944,0.247620267749,2.26800255604,0.937174951428,0.00957443429878,7616.9529553,1.0,
3.7955793503,0.999748204729,0.00916568304854,0.654986585388,0.247851886153,2.28802113795,0.955453376067,0.00916568304854,7536.8252718,1.0,
3.41473962504,0.999778055971,0.00952747625778,0.661333423525,0.24748181619,2.25954353335,0.916238163267,0.00952747625778,7692.58167173,1.0,
3.59275524151,0.999769849694,0.0108279119697,0.670600897259,0.244729850412,2.27549403326,0.901432144401,0.0108279119697,7805.07055927,1.0,
3.54195015112,0.999760810337,0.0120460189371,0.671289061944,0.24274573796,2.23330064799,0.905338002655,0.0120460189371,7403.91286375,1.0,
3.74538761964,0.999754155472,0.0116750878953,0.675597879737,0.243642135758,2.2307768134,0.895847731896,0.0116750878953,7617.23664067,1.0,
3.29511750859,0.999788056294,0.0109584682363,0.675874353255,0.244784993679,2.26271843077,0.872585419507,0.0109584682363,7773.410016,1.0,
3.03926764043,0.999791768025,0.0116585071975,0.669459387735,0.243573737526,2.23311027164,0.890377746495,0.0116585071975,7297.6546184,1.0,
3.41234862066,0.999770089942,0.0114170858494,0.670676426371,0.242815708502,2.25720822759,0.905349749925,0.0114170858494,7420.91356496,1.0,
3.56536278504,0.99976483171,0.011264751343,0.671449437551,0.243605875858,2.2671336518,0.902678007567,0.011264751343,7580.30386481,1.0,
3.43264931595,0.999778492404,0.0118003530303,0.677554073557,0.243622367241,2.23497483153,0.873566534031,0.0118003530303,7748.23760541,1.0,
3.2238590084,0.999793049654,0.0109294344495,0.676851741355,0.244938226458,2.25297771587,0.867065073128,0.0109294344495,7788.8051125,1.0,
3.0993715646,0.999806368628,0.0119573837421,0.680633353756,0.243678720498,2.23793492609,0.848927398178,0.0119573837421,8003.13290678,1.0,
3.08501814192,0.999801316782,0.0104817932576,0.675002275522,0.245304297636,2.2723016557,0.867425866573,0.0104817932576,7763.49730041,1.0,
3.57914613886,0.999769627552,0.0110060548635,0.676381527125,0.244311188062,2.24499441381,0.884821179369,0.0110060548635,7768.00659474,1.0,
3.06728074429,0.999802329194,0.0116549670463,0.678566286583,0.244078561557,2.22198972041,0.854482660052,0.0116549670463,7758.40211032,1.0,
3.1815077098,0.999793844273,0.0119514228048,0.677999698595,0.243813350792,2.21469411463,0.862236727924,0.0119514228048,7716.12027216,1.0,
3.09237389035,0.99980852677,0.0119459090168,0.680248449199,0.244178248196,2.22130181103,0.849476474244,0.0119459090168,8075.06781106,1.0,
3.31576366061,0.999779737034,0.0114675356429,0.675242933691,0.244852812942,2.22177045808,0.873296238068,0.0114675356429,7526.67543493,1.0,
3.34783925298,0.999783978961,0.0116672549351,0.675828142841,0.243425938762,2.23729290009,0.881447428903,0.0116672549351,7748.72397495,1.0,
3.69900200421,0.9997628621,0.0114727263771,0.67558210878,0.24326422439,2.25450571756,0.895923871604,0.0114727263771,7799.10768095,1.0,
3.33183011795,0.999786985905,0.0111593733902,0.677286177698,0.243850583047,2.25765411095,0.870630151803,0.0111593733902,7820.52506812,1.0,
3.24667797015,0.999781952984,0.0109732211953,0.671500568342,0.243499519362,2.26326574255,0.891073119572,0.0109732211953,7444.75738043,1.0,
3.43584838017,0.999767058869,0.011088211103,0.668425418771,0.243153552599,2.29491796211,0.914250916885,0.011088211103,7374.79014557,1.0,
3.13624537261,0.99979902804,0.0125227537302,0.677608689435,0.242829130001,2.21909088214,0.868075664596,0.0125227537302,7802.55310583,1.0,
3.50254361011,0.9997637974,0.011273166342,0.668882355908,0.242827533289,2.28216467721,0.917683838781,0.011273166342,7414.13441612,1.0,
3.32354035285,0.999775592958,0.0114145511123,0.671403854781,0.243914051514,2.24118131593,0.893765202108,0.0114145511123,7405.01946749,1.0,
3.61708688172,0.999766932824,0.0116771284287,0.676681989706,0.244082141992,2.22976873669,0.88314708473,0.0116771284287,7759.60049172,1.0,
3.40901946631,0.999771898132,0.0112857581621,0.672218544925,0.24308963402,2.27674229008,0.898117674136,0.0112857581621,7472.44583696,1.0,
3.38533969078,0.999775525339,0.0131125326382,0.677402642546,0.243245765437,2.18823589612,0.874311506689,0.0131125326382,7540.44550259,1.0,
3.45365974209,0.999770850676,0.0121450537319,0.674899290873,0.243417742938,2.23861325783,0.885422574292,0.0121450537319,7535.69646622,1.0,
3.859525828,0.999758804224,0.0109645417273,0.675936763163,0.244775684206,2.27352250651,0.892281130427,0.0109645417273,8000.66755896,1.0,
3.39399242475,0.999773497863,0.0110727905155,0.670901941613,0.24457588392,2.28163643963,0.896234739155,0.0110727905155,7492.0369804,1.0,
3.00164820714,0.999805495218,0.0114146723921,0.67202720277,0.244346757107,2.2971261847,0.875794490661,0.0114146723921,7716.00126725,1.0,
3.59667991715,0.999759952618,0.0119065099656,0.670869700194,0.243056187538,2.25652290857,0.910881299718,0.0119065099656,7491.47678133,1.0,
3.17856197326,0.999795933511,0.0120294450843,0.676699573958,0.244482142787,2.21424340337,0.866275395584,0.0120294450843,7787.90516539,1.0,
3.72085910391,0.999757623337,0.0112420520425,0.674976057353,0.244786269129,2.23925968618,0.89231702486,0.0112420520425,7675.63163742,1.0,
3.34283981097,0.999782148573,0.0112859509794,0.675065247687,0.243599073239,2.26054332881,0.883022759464,0.0112859509794,7672.16308576,1.0,
3.37259346856,0.999775509884,0.0114866318848,0.673448162205,0.243328185326,2.26654876212,0.89347717647,0.0114866318848,7511.54598577,1.0,
3.46974904135,0.999764538952,0.0119462440071,0.669224971787,0.243848579945,2.23859874455,0.907595218687,0.0119462440071,7367.86513603,1.0,
3.58360868715,0.999751211955,0.0106461299153,0.662689173488,0.24387169816,2.29212145268,0.940280798893,0.0106461299153,7201.99552751,1.0,
3.32222324467,0.99977789093,0.011824021774,0.671264645192,0.243315243335,2.26328580635,0.897656702589,0.011824021774,7478.6856245,1.0,
3.27839744623,0.999787888257,0.0114473871996,0.677128097164,0.2437692686,2.257031568,0.87022878677,0.0114473871996,7727.85943148,1.0,
3.23576323422,0.999789118258,0.0115580493189,0.675763337032,0.244008240863,2.24482077214,0.872463704745,0.0115580493189,7671.84758916,1.0,
3.33192268208,0.999787247984,0.0115590886373,0.679261255104,0.244230001644,2.21547026504,0.862442631449,0.0115590886373,7830.37523115,1.0,
3.90344527828,0.999757078534,0.0102715282041,0.675128151363,0.24578509766,2.25722721456,0.887247316782,0.0102715282041,8034.24413991,2.0,
3.63886349086,0.999769361423,0.0100727758178,0.673444912677,0.244853544811,2.26583040379,0.885770641529,0.0100727758178,7888.52077567,2.0,
3.57472427092,0.999763619299,0.0107996137946,0.663199222752,0.24576131171,2.23718390187,0.928200037722,0.0107996137946,7561.24357488,2.0,
3.72561261465,0.99976457394,0.0104822106086,0.672788554483,0.243749278128,2.26306470677,0.89949221341,0.0104822106086,7912.3569674,2.0,
3.43677391271,0.999783965862,0.0102966054633,0.67449841116,0.24550079149,2.24383450905,0.875960583996,0.0102966054633,7954.09007024,2.0,
3.74922821529,0.999757954962,0.010351005816,0.668605642616,0.244110127655,2.27521940303,0.913502463555,0.010351005816,7744.7616868,2.0,
3.60289650678,0.999767317788,0.00968304345262,0.666619018882,0.244912536713,2.30734861335,0.917040023164,0.00968304345262,7741.9595541,2.0,
4.3241074849,0.999722738456,0.0100147254847,0.668417768487,0.244752615881,2.26057321662,0.937173754947,0.0100147254847,7797.72696027,2.0,
4.01371112986,0.999748306103,0.00902521735657,0.672649212057,0.245490594865,2.31837090282,0.905748069369,0.00902521735657,7973.23776357,2.0,
3.93371374907,0.99974634076,0.00891278136774,0.663709339576,0.245727141213,2.32422159272,0.939850827084,0.00891278136774,7753.77052128,2.0,
4.26141959658,0.999721368303,0.010668459551,0.666982874071,0.243502599465,2.27543151523,0.942871724388,0.010668459551,7646.91298626,2.0,
3.69039832597,0.999758389374,0.010149515909,0.664714296072,0.244363471107,2.29851321172,0.928785443306,0.010149515909,7636.94158452,2.0,
3.54430939436,0.999766539424,0.0113155094057,0.66680938923,0.244157801424,2.23355248044,0.912045910939,0.0113155094057,7590.67448464,2.0,
3.52636783354,0.999766957568,0.0105891870902,0.665428883604,0.243283505516,2.28077944393,0.924124061605,0.0105891870902,7565.79011839,2.0,
3.72436435852,0.999767851856,0.0108426441143,0.676663883724,0.245429696128,2.2459012672,0.878140898923,0.0108426441143,8021.37511882,2.0,
3.69324105636,0.999764645631,0.0109302952116,0.673456501268,0.245192543996,2.22598127475,0.888188947429,0.0109302952116,7845.9759188,2.0,
3.8567353077,0.999754092396,0.0105088731527,0.672354720134,0.244915450736,2.25017685983,0.900681189337,0.0105088731527,7841.68356493,2.0,
3.78722312611,0.99975725127,0.0107475968788,0.670693504371,0.2440473775,2.25944952293,0.911464421111,0.0107475968788,7800.54391226,2.0,
3.6282693031,0.999772646399,0.0101289958594,0.67433004624,0.244684060047,2.25959934367,0.887864809815,0.0101289958594,7979.19288926,2.0,
3.57463953831,0.999765584483,0.0110578897027,0.666765418665,0.244263455565,2.24032081677,0.916057820929,0.0110578897027,7624.44691441,2.0,
4.04938791289,0.999724294391,0.00917195753956,0.654779527226,0.244680902119,2.33939052579,0.982672995399,0.00917195753956,7343.5227629,2.0,
3.67842002709,0.999762073793,0.00934565711012,0.667949338887,0.245349186162,2.3095345568,0.912448689995,0.00934565711012,7730.01715483,2.0,
3.23818850147,0.999788919306,0.0103541975656,0.669339858609,0.2451186397,2.26759242364,0.891203971099,0.0103541975656,7670.33280963,2.0,
3.49915158611,0.999781218039,0.0116712484931,0.678625482396,0.245168771601,2.19816048425,0.867157854801,0.0116712484931,7996.71941327,2.0,
3.67832963838,0.999762489971,0.0111442134109,0.672855633273,0.243273493813,2.23565863868,0.899238559411,0.0111442134109,7743.34385942,2.0,
3.87965814576,0.999754065976,0.00973699472513,0.671072637545,0.244489173219,2.29596304908,0.910016135092,0.00973699472513,7887.42916445,2.0,
3.90421798755,0.999748100357,0.0103994855903,0.668357989799,0.244640700883,2.28423816692,0.919118963508,0.0103994855903,7749.43191701,2.0,
3.60195977082,0.999766007428,0.0102008696675,0.666013098419,0.245809377029,2.2755501975,0.913595680312,0.0102008696675,7696.62180302,2.0,
3.84093903755,0.999744178527,0.00899599159861,0.651800929165,0.248054069722,2.31763760218,0.97084295141,0.00899599159861,7506.89191939,2.0,
3.57096199041,0.999757381209,0.00798379352999,0.649855521366,0.248514391998,2.34621943182,0.967001594365,0.00798379352999,7358.99581822,2.0,
3.73655987311,0.999756387831,0.00815245755646,0.657699368399,0.247939049442,2.329465181,0.939866816423,0.00815245755646,7668.84258816,2.0,
3.72839519467,0.999757307019,0.0078213892573,0.654556391984,0.247666689911,2.36133310681,0.957033818865,0.0078213892573,7681.0882889,2.0,
4.03502480958,0.999730426869,0.00937088984583,0.650755872159,0.247231123798,2.29388266251,0.987592817023,0.00937088984583,7483.90376746,2.0,
3.77912740849,0.999753166918,0.00807934721902,0.65576912864,0.247509397748,2.34409926478,0.953148409561,0.00807934721902,7655.01232678,2.0,
3.68549123055,0.99975951795,0.00885977586968,0.656227175621,0.247400145042,2.31858316333,0.949288126361,0.00885977586968,7662.52313967,2.0,
3.29486461599,0.999776739018,0.0094783695221,0.648860784007,0.249185479085,2.3008410982,0.961272842728,0.0094783695221,7378.75708213,2.0,
4.43025504844,0.999703881085,0.00874166624007,0.651669461144,0.247092739828,2.3185884585,0.998302954677,0.00874166624007,7480.32306499,2.0,
3.79813003052,0.999744044776,0.010123563734,0.651501485785,0.247686647689,2.25106768768,0.973196103474,0.010123563734,7419.30942434,2.0,
3.92715681495,0.999746034468,0.00932975616546,0.658279356884,0.247495840652,2.26954836805,0.948150055266,0.00932975616546,7731.45325532,2.0,
3.92402377473,0.999740834691,0.00925273317746,0.654140799133,0.247813582291,2.29285672102,0.963742597317,0.00925273317746,7570.28359838,2.0,
3.69602113464,0.999749612412,0.00992852728822,0.648393436014,0.248129819618,2.29080160466,0.981597902721,0.00992852728822,7380.38082125,2.0,
3.92646927339,0.999745554169,0.00871761384021,0.655826995354,0.247563709938,2.31761705298,0.961243365784,0.00871761384021,7715.51084423,2.0,
3.52595472124,0.999761758254,0.00909250397868,0.648018005275,0.248621246976,2.32206702263,0.973995787951,0.00909250397868,7399.75418396,2.0,
3.73736412597,0.999745702048,0.00881901622759,0.644503742273,0.249214416917,2.32143486252,0.993406953905,0.00881901622759,7348.18818448,2.0,
3.87492356117,0.999736692578,0.0103826231912,0.649176671893,0.24759323487,2.26575961469,0.98478598107,0.0103826231912,7357.9531413,2.0,
3.28313311853,0.999785806706,0.00861246554102,0.657729249398,0.247817239563,2.31371595302,0.928924887743,0.00861246554102,7663.71193416,2.0,
3.73699332559,0.999764555642,0.00967968520685,0.660862764778,0.247804224572,2.29954167153,0.933907796554,0.00967968520685,7935.84664017,2.0,
3.76389881424,0.999747129083,0.00920684417617,0.649429004389,0.248354583813,2.3084229912,0.979739876301,0.00920684417617,7442.11521304,2.0,
3.42735869395,0.999775535695,0.00915890966984,0.65538347234,0.248135279246,2.30156762172,0.940693258568,0.00915890966984,7634.31977677,2.0,
3.89743524481,0.999740547176,0.00898746787617,0.650745850637,0.247452111488,2.32174505453,0.98222899213,0.00898746787617,7510.66496293,2.0,
3.89243743437,0.999761082194,0.00955456700901,0.677521956855,0.243128790931,2.26552768403,0.88506754571,0.00955456700901,8146.01882463,3.0,
4.21884216304,0.999729441723,0.00982539164227,0.667628399581,0.242483604642,2.27079471384,0.941031427643,0.00982539164227,7796.572475,3.0,
3.58389007776,0.999770698923,0.00979831129598,0.668824642041,0.243988483595,2.2590346221,0.90469016251,0.00979831129598,7814.71478611,3.0,
3.93017803857,0.999745492433,0.0101080421041,0.665542953066,0.243796693369,2.25286189768,0.936386035281,0.0101080421041,7721.03482287,3.0,
3.59542850666,0.999775022276,0.00970150543706,0.674279596595,0.24306939893,2.25378169241,0.884022800144,0.00970150543706,7990.5340774,3.0,
4.09308895098,0.999740197661,0.00998949762444,0.670788312553,0.242974332352,2.24031073775,0.918094231808,0.00998949762444,7877.19836517,3.0,
3.52684446811,0.999776730242,0.00997064564894,0.672987079389,0.24360066147,2.23094587815,0.889120679915,0.00997064564894,7898.0717646,3.0,
3.68674742697,0.999767339678,0.0098225961786,0.672602437826,0.243488421101,2.24310590512,0.890679150968,0.0098225961786,7922.91922849,3.0,
4.12363500538,0.999742104573,0.011709954526,0.680017511835,0.241923962533,2.17172687931,0.881879249819,0.011709954526,7994.6847793,3.0,
3.75678388483,0.999769029371,0.0110654847344,0.68332122614,0.242063092959,2.19251859713,0.856983740692,0.0110654847344,8132.49974791,3.0,
3.76385323919,0.999767451604,0.0102553868644,0.679622667504,0.242546708162,2.22981891228,0.875758813769,0.0102553868644,8092.51125473,3.0,
4.11478017487,0.999741202177,0.00929885196964,0.674066510856,0.243865922894,2.25729943778,0.902921219549,0.00929885196964,7949.66773708,3.0,
3.92235272568,0.999749290363,0.00992619605611,0.668647266183,0.243627920949,2.25990678054,0.916744057241,0.00992619605611,7822.38744956,3.0,
3.68750273287,0.999764365153,0.00995315758905,0.668768063414,0.243718079505,2.25033252498,0.911057182444,0.00995315758905,7824.49444017,3.0,
3.55525393354,0.999783942796,0.012356587738,0.690182025075,0.242516393491,2.15257458907,0.820985865642,0.012356587738,8227.45707405,3.0,
3.78661128917,0.999758090349,0.0118229110157,0.679696771299,0.243113321268,2.20132909238,0.870874886579,0.0118229110157,7826.38174222,3.0,
4.05901414741,0.999744215255,0.0114525385584,0.681108652446,0.242170392559,2.22173959613,0.882834476843,0.0114525385584,7934.31481875,3.0,
3.47809982699,0.999778393242,0.0115768415599,0.677300062505,0.243096489928,2.21274893701,0.875760554106,0.0115768415599,7847.35683561,3.0,
3.58219379383,0.999779156614,0.0106660130826,0.68387003921,0.241993406595,2.2512018123,0.856698978183,0.0106660130826,8110.15238825,3.0,
3.76846382483,0.999764674305,0.0106802455259,0.681133915921,0.242932969046,2.23854752019,0.86903197933,0.0106802455259,8006.81173358,3.0,
3.80473623791,0.999759648381,0.0107583355491,0.680021313828,0.242521486173,2.24429709238,0.878100327335,0.0107583355491,7914.8467085,3.0,
3.70341604064,0.999759490479,0.0107893445945,0.671800822056,0.243598782533,2.27118470222,0.902084552928,0.0107893445945,7699.0514642,3.0,
3.68944048844,0.999758887878,0.0111302447872,0.676475309306,0.243086697065,2.23134808509,0.883474703017,0.0111302447872,7650.82236283,3.0,
3.8026447889,0.999752168526,0.0113373739916,0.672590842618,0.24251734467,2.2367507797,0.908562084209,0.0113373739916,7671.78656,3.0,
4.14512402397,0.999733905824,0.0106513922195,0.676183675987,0.242459949853,2.23777622421,0.906171732459,0.0106513922195,7788.77343523,3.0,
3.96075008925,0.999747862136,0.0122240448315,0.682976730314,0.241670743783,2.19354584784,0.868834886257,0.0122240448315,7854.27914833,3.0,
3.68587954307,0.99976702315,0.0113285139199,0.682908958222,0.241542831083,2.21111409442,0.864987546807,0.0113285139199,7910.35807457,3.0,
3.80432008002,0.999757026576,0.0116022699785,0.680917989157,0.242188154995,2.20474689701,0.87543630772,0.0116022699785,7828.63444682,3.0,
3.53836951819,0.999773538913,0.0110443902753,0.679119367782,0.242849614838,2.242035881,0.869844607557,0.0110443902753,7812.32569239,3.0,
3.3692407109,0.999788563767,0.0118143637111,0.686041307917,0.24147254194,2.18451655622,0.841421763296,0.0118143637111,7967.53628545,3.0,
3.47223989751,0.999771117973,0.011175728466,0.669905890622,0.243195128111,2.23654174957,0.903557638738,0.011175728466,7585.23159983,3.0,
3.42260007096,0.999780559017,0.0114557447714,0.677045645858,0.242751301841,2.226089372,0.875620674585,0.0114557447714,7798.46941825,3.0,
3.64028665077,0.999769943368,0.00970650781811,0.678174234615,0.243736152937,2.27975186753,0.874902677137,0.00970650781811,7911.73760219,3.0,
3.70511134562,0.999765356165,0.0102511284417,0.6786773219,0.242922939744,2.2595160071,0.877166636972,0.0102511284417,7895.20465757,3.0,
3.96009746318,0.999745089906,0.00913762271784,0.672664987798,0.243700673377,2.31599995395,0.90816539633,0.00913762271784,7767.65836215,3.0,
3.59587501167,0.999768680583,0.0121284882073,0.676979790949,0.243015320957,2.20361492903,0.880764782035,0.0121284882073,7772.55495472,3.0,
4.0065179941,0.999733075892,0.0104570411169,0.66303219161,0.244326518093,2.28284466631,0.952971547896,0.0104570411169,7505.00027729,3.0,
3.95987589663,0.999748345704,0.0107829978614,0.674436776679,0.24419914632,2.24039434119,0.902456549788,0.0107829978614,7867.56758251,3.0,
3.78799790202,0.999766176843,0.0108695552492,0.677960033873,0.245044988679,2.22342600214,0.881050632253,0.0108695552492,8100.0191281,3.0,
4.14190266169,0.999740058025,0.0103697618023,0.67319165294,0.244770828306,2.27770682172,0.912273351124,0.0103697618023,7966.86436192,3.0,
3.68648507129,0.999759045674,0.0103447596506,0.665911233611,0.244495700068,2.28604322193,0.922862317871,0.0103447596506,7649.64961741,3.0,
3.83292130874,0.99975401679,0.0111096570859,0.674542387017,0.243232403775,2.2350029868,0.897952886054,0.0111096570859,7790.90430343,3.0,
3.63726760258,0.999761769229,0.0102882885515,0.667724899895,0.244150629167,2.27714646226,0.917302052531,0.0102882885515,7633.8115315,3.0,
4.43492893881,0.999704387435,0.00963252450353,0.660993542645,0.244133112593,2.29429619173,0.974931762506,0.00963252450353,7501.07760958,3.0,
4.12037437677,0.999743305374,0.0102492133811,0.675102134466,0.245949214899,2.2705628463,0.895666084307,0.0102492133811,8025.72065084,3.0,
3.43548106047,0.999783841681,0.0109397312859,0.676899930404,0.244837313559,2.21458924144,0.868760378114,0.0109397312859,7946.56975043,3.0,
3.9172094884,0.9997451246,0.0110411412173,0.671853913891,0.243094214364,2.24555211011,0.912631316523,0.0110411412173,7684.45187935,3.0,
3.68278098326,0.999768869154,0.0101905922327,0.673137626345,0.244920890852,2.25506953549,0.893475871218,0.0101905922327,7966.8403589,3.0,
4.09179109527,0.999735874105,0.00999457376486,0.668498222188,0.244474019047,2.3005365244,0.928773369724,0.00999457376486,7745.77927691,3.0,
3.50285850218,0.999775723317,0.010604640618,0.673706311044,0.24458322266,2.25797762403,0.884794204158,0.010604640618,7809.10148925,3.0,
3.91740081661,0.999740376252,0.00765297950847,0.647292754127,0.249892868269,2.38291623437,0.991677929905,0.00765297950847,7544.39605061,4.0,
4.26853844174,0.999707121368,0.00797938552576,0.642905504221,0.248123916035,2.36013550761,1.02187428551,0.00797938552576,7287.22433705,4.0,
3.95876034113,0.999730396951,0.00930047994038,0.649514708659,0.248571931857,2.27837386619,0.980084245324,0.00930047994038,7341.84234625,4.0,
3.82658626749,0.999738918188,0.00821507442989,0.643989835792,0.248247058912,2.35051230226,1.00406074817,0.00821507442989,7328.36067786,4.0,
3.75561992624,0.99975455658,0.00881733401377,0.660419373281,0.246905045387,2.28485728519,0.937053889292,0.00881733401377,7650.7083148,4.0,
3.93194806924,0.999733948543,0.00780021045291,0.650008245702,0.247796852976,2.35213891225,0.982910986372,0.00780021045291,7389.4835198,4.0,
4.63308187651,0.999684385878,0.0078514927263,0.647257685528,0.247029662399,2.36734627918,1.02068084997,0.0078514927263,7339.84100828,4.0,
3.87271844645,0.999730264067,0.00826593487261,0.645053776436,0.248233992289,2.3449070859,1.00001729459,0.00826593487261,7178.74881501,4.0,
3.95615864731,0.999741272297,0.00968220572935,0.66131211552,0.245720865792,2.28437408342,0.947184603768,0.00968220572935,7645.33361963,4.0,
4.09141681421,0.999721271992,0.00798015473164,0.647703610967,0.247508688072,2.35004648429,1.00000696134,0.00798015473164,7339.37413442,4.0,
4.08728427717,0.99973632459,0.00952210150109,0.660231435474,0.246380494237,2.25431888089,0.949112896261,0.00952210150109,7750.53744982,4.0,
3.5925271487,0.999764771095,0.0101039408776,0.66534277766,0.245913608724,2.28579189388,0.920885731049,0.0101039408776,7636.21355892,4.0,
3.87428398762,0.999738547352,0.0103099223788,0.656291392003,0.24509348081,2.28572221722,0.970658802087,0.0103099223788,7409.1356856,4.0,
3.95224669788,0.9997301989,0.00956169097179,0.656131047424,0.245418687462,2.32478846322,0.973538188306,0.00956169097179,7324.33703778,4.0,
3.78003379733,0.999745763862,0.00901990811328,0.659981478104,0.246883948015,2.31497107695,0.947642964811,0.00901990811328,7434.10317519,4.0,
3.87203340662,0.999749043367,0.00844196377107,0.661761170089,0.246894122774,2.35464913656,0.944042644328,0.00844196377107,7714.54181569,4.0,
4.28610354609,0.999718198705,0.00947064944669,0.661278761064,0.244848578191,2.32818633543,0.969811149594,0.00947064944669,7604.85649369,4.0,
3.82707584581,0.999746498396,0.00952407138965,0.662451255661,0.245674541852,2.33106730846,0.94022140992,0.00952407138965,7548.44303934,4.0,
3.97047236857,0.999728807748,0.00988684733342,0.653743944931,0.245174910936,2.31022909811,0.987616855417,0.00988684733342,7320.39324273,4.0,
4.28325320173,0.999700349099,0.00973326780668,0.645781960702,0.244298732492,2.32705858696,1.02978846431,0.00973326780668,7147.11315983,4.0,
3.66706814047,0.999758066858,0.011180460417,0.663664072649,0.245267357882,2.24650566944,0.929009402819,0.011180460417,7578.73786612,4.0,
3.61662884699,0.99976661938,0.0103892501615,0.668348750409,0.244944892571,2.26489222219,0.915570961882,0.0103892501615,7748.37787365,4.0,
3.62694632129,0.99976429595,0.0103060746664,0.666548089984,0.244903420912,2.27504121253,0.921713587218,0.0103060746664,7693.87996207,4.0,
3.6314335606,0.99975174306,0.0104170266448,0.654175230568,0.244469263154,2.30733951983,0.973280183466,0.0104170266448,7313.88282152,4.0,
4.23156434686,0.999708336322,0.00942770590647,0.650421168938,0.24435991251,2.332634585,1.01385024799,0.00942770590647,7254.20348143,4.0,
4.24827103039,0.999719245883,0.0102749057276,0.659250974054,0.246153353149,2.24018136781,0.962506088457,0.0102749057276,7565.86732528,4.0,
4.16779103261,0.999735232485,0.00905155018172,0.670656549493,0.242843699607,2.28325711188,0.923178515202,0.00905155018172,7870.71824016,4.0,
4.18040836118,0.999722580199,0.00890382567661,0.656703349431,0.244760083729,2.30681675288,0.975745043359,0.00890382567661,7534.50322354,4.0,
4.25331604744,0.999717867727,0.00912487132229,0.661312260509,0.244334631319,2.30540038182,0.960078754563,0.00912487132229,7537.86314242,4.0,
4.12786793807,0.999738712766,0.0100731861537,0.674085610592,0.241748488563,2.25471329634,0.910058773328,0.0100731861537,7899.14286848,4.0,
4.10378581857,0.999737524675,0.0095237855451,0.669431795218,0.243795704204,2.25442586408,0.920756184774,0.0095237855451,7817.43176179,4.0,
3.64990179065,0.999774490561,0.0107448310799,0.681341493937,0.24340233809,2.19323718042,0.854300577378,0.0107448310799,8092.53897167,4.0,
4.22881809636,0.999720949415,0.00880650207595,0.656261405029,0.245229966375,2.29702088299,0.976261379351,0.00880650207595,7577.15312646,4.0,
4.42582241218,0.999716979016,0.00915323398808,0.669164965725,0.242777211215,2.27606737146,0.934740221105,0.00915323398808,7818.90153878,4.0,
4.18879482372,0.99974170435,0.0106481285283,0.679557867509,0.242120909681,2.23342673369,0.891148824196,0.0106481285283,8108.60155627,4.0,
3.72488482781,0.999759385472,0.00882293114632,0.664846821365,0.244170096653,2.29761797335,0.927247421202,0.00882293114632,7740.41713181,4.0,
3.82141649008,0.9997495867,0.00948668223196,0.65800376334,0.245442082296,2.27070090211,0.95091490561,0.00948668223196,7630.26052642,4.0,
4.23006232797,0.999729378242,0.00891708949666,0.665833623398,0.243764258059,2.29480991686,0.939044616346,0.00891708949666,7815.49210784,4.0,
3.87485895119,0.999745828501,0.00872129883158,0.65880458687,0.244743970378,2.3093593816,0.951358038711,0.00872129883158,7622.57826147,4.0,
4.72671696673,0.999697700409,0.00944790966883,0.668923520957,0.242080670055,2.27550957472,0.954646403932,0.00944790966883,7817.97612223,4.0,
4.13624047791,0.999738083551,0.00957452256554,0.671950947671,0.242461005259,2.25487668856,0.917826328806,0.00957452256554,7896.16901011,4.0,
3.8367914901,0.99975832273,0.00930086826953,0.674831783331,0.241461159146,2.27584589878,0.898631073311,0.00930086826953,7937.92118807,4.0,
4.48316779473,0.999714304936,0.0096521694839,0.670668432503,0.242285786412,2.25999549438,0.931790351272,0.0096521694839,7846.1416433,4.0,
3.89615152933,0.999744012495,0.00983056676195,0.658600421352,0.244981049706,2.25904899299,0.957710265786,0.00983056676195,7610.09105079,4.0,
4.0768165901,0.999747641285,0.00980365791697,0.676360078545,0.243372657373,2.24950733224,0.894487006541,0.00980365791697,8077.46789787,4.0,
3.91990744457,0.999752292104,0.00999511903265,0.671227597086,0.243435402992,2.22732420123,0.902264786494,0.00999511903265,7912.41596683,4.0,
4.16628183483,0.99973509539,0.00951982116356,0.671235218317,0.242190655187,2.26660626133,0.922691112299,0.00951982116356,7863.64949652,4.0,
4.16882609756,0.999729610228,0.00946451498454,0.661654189925,0.244144768526,2.26688634315,0.956842273114,0.00946451498454,7708.96548083,4.0,
4.29064604107,0.999721329829,0.0087913258537,0.662536351667,0.243102168864,2.3144437919,0.962940954962,0.0087913258537,7698.4764276,4.0,
3.68862383569,0.999765697361,0.00944163262279,0.668820135529,0.243935921514,2.25388145888,0.907821136078,0.00944163262279,7871.53961865,4.0,
4.09387199349,0.999718276228,0.00696686466214,0.644311625716,0.249663036328,2.40838974608,1.01048704831,0.00696686466214,7265.7387159,5.0,
4.04595673133,0.999727152611,0.0090756155065,0.655650538261,0.24686625069,2.29431331008,0.964145267602,0.0090756155065,7414.32199305,5.0,
3.99188959829,0.999741426163,0.0095920865796,0.672906053128,0.242667976241,2.25503742577,0.907171773139,0.0095920865796,7719.07637445,5.0,
3.73477766009,0.999742990738,0.00836902942809,0.655832078367,0.246418585325,2.3341746983,0.957993396729,0.00836902942809,7265.86275196,5.0,
4.09706148586,0.999730050447,0.00877576701874,0.668290501687,0.243295332165,2.2996688325,0.92649983804,0.00877576701874,7588.58014155,5.0,
3.99813109648,0.999726566493,0.00885333993415,0.645654901711,0.245175384927,2.34422706052,1.01611072715,0.00885333993415,7310.98383354,5.0,
3.80503165998,0.999743832106,0.00917407040667,0.650416768316,0.245991037427,2.32659267817,0.990623068635,0.00917407040667,7426.84300359,5.0,
3.73367537466,0.999757970217,0.00915083577039,0.660215480281,0.24534942077,2.33639431318,0.952815026411,0.00915083577039,7713.30464947,5.0,
3.77095718273,0.999739507669,0.00916674444016,0.641167785489,0.246211711447,2.33929949249,1.02267222965,0.00916674444016,7238.18065032,5.0,
3.83198783592,0.999752396156,0.00911218213359,0.662662373235,0.246582662613,2.31659639545,0.935922235688,0.00911218213359,7738.19449012,5.0,
3.83462259613,0.999743943905,0.00953635047309,0.656083621459,0.245541369925,2.31299971736,0.972637129246,0.00953635047309,7487.86831033,5.0,
3.76464813774,0.999762395218,0.0100134264638,0.667347372817,0.247568211604,2.24898130443,0.91064711573,0.0100134264638,7922.09027565,5.0,
3.83967239912,0.999740133018,0.00881001387293,0.649965816055,0.245491355561,2.34578617032,0.993866185116,0.00881001387293,7387.78988029,5.0,
3.86798516711,0.999741160753,0.00940568769528,0.654912551931,0.24562994453,2.30473476949,0.973433659364,0.00940568769528,7471.79949423,5.0,
4.18796620615,0.99971332054,0.00861457717361,0.64471602458,0.246530054704,2.3525477646,1.02678453529,0.00861457717361,7304.27389245,5.0,
4.09260024282,0.999723905709,0.00890621936371,0.648306401801,0.245295866035,2.36078280116,1.01212318187,0.00890621936371,7411.63258478,5.0,
3.74391583908,0.999748966281,0.0089432028588,0.652133085645,0.244982800278,2.34152492539,0.983973679156,0.0089432028588,7457.02248017,5.0,
3.70879302682,0.999755360299,0.00883870295286,0.656523389972,0.247790119213,2.311426562,0.956042371095,0.00883870295286,7580.12423755,5.0,
3.9032137048,0.999738633937,0.00850094134678,0.652041804187,0.245284432573,2.3726752395,0.99000209493,0.00850094134678,7466.97825865,5.0,
4.15340421723,0.999728079198,0.00819885326658,0.65763605213,0.246466902,2.35858895835,0.971358308463,0.00819885326658,7637.18609453,5.0,
3.68732380456,0.999755363236,0.00862102821373,0.654238137732,0.245895291521,2.35470434203,0.971499384465,0.00862102821373,7536.37390025,5.0,
3.89405072601,0.999733486997,0.00857363283632,0.646562353501,0.246214054431,2.35055507038,1.00947743578,0.00857363283632,7305.53627197,5.0,
3.86125311167,0.999748870986,0.0091125126398,0.662324716499,0.246445866975,2.31158007238,0.941819147309,0.0091125126398,7687.78873992,5.0,
3.90045222636,0.999732649636,0.00802673502345,0.646756374994,0.244919083063,2.39445133308,1.01577125282,0.00802673502345,7294.68777703,5.0,
4.09770160326,0.999725037009,0.00796402171756,0.66111421213,0.245944089244,2.3648896037,0.956051072776,0.00796402171756,7451.34189079,5.0,
3.77557647005,0.999742454859,0.00911716290177,0.653974978366,0.244658084259,2.36213784215,0.977778082337,0.00911716290177,7329.90990441,5.0,
3.58950505492,0.999748067656,0.0101410646068,0.652635789378,0.242868555576,2.31080066769,0.980309510089,0.0101410646068,7123.8957925,5.0,
3.55681903963,0.999773639622,0.0107265542127,0.673691895382,0.244263348625,2.27768579668,0.889881968224,0.0107265542127,7856.50464106,5.0,
3.69474361911,0.999748035349,0.00931964096705,0.659164414719,0.242994732675,2.33629157157,0.960050039016,0.00931964096705,7331.71890029,5.0,
3.61356650793,0.999754615946,0.010120783536,0.661163505552,0.242977621584,2.29657555216,0.948514873239,0.010120783536,7363.04259365,5.0,
4.06756539803,0.999736003793,0.0102049086686,0.670031032278,0.243979665115,2.29451003434,0.92232672941,0.0102049086686,7703.7954429,5.0,
3.82882977837,0.999739119128,0.00962514969171,0.659346630924,0.243200837715,2.32412631654,0.96270209382,0.00962514969171,7338.23327815,5.0,
3.93779309709,0.999713779414,0.0088418663478,0.631487594863,0.244919298752,2.3732625989,1.07360828035,0.0088418663478,6878.90703154,5.0,
3.80615417682,0.999739880063,0.0104517461537,0.65860000696,0.242580042459,2.28334107089,0.967933435622,0.0104517461537,7316.10454632,5.0,
3.80698638383,0.999732322075,0.00994825705342,0.650302146729,0.242154131138,2.32477982403,1.00064860154,0.00994825705342,7111.04390199,5.0,
3.95698606839,0.999732212034,0.00819965768019,0.649273697178,0.247878231865,2.34901230222,0.985949830894,0.00819965768019,7388.23682282,5.0,
3.865257734,0.999734866416,0.00902140104871,0.641690750828,0.249004359549,2.32302178093,1.00735009234,0.00902140104871,7289.22281855,5.0,
3.62593540351,0.99975371591,0.00792118939432,0.646655842894,0.248891357187,2.38505118569,0.98074078715,0.00792118939432,7361.24981213,5.0,
3.97035043627,0.999720636194,0.00821088045487,0.632508929871,0.249241371719,2.35638119739,1.05171572131,0.00821088045487,7106.02277558,5.0,
4.10089261843,0.999726004716,0.00924203398361,0.651430932674,0.247430929746,2.31385522711,0.984257897809,0.00924203398361,7483.47800126,5.0,
3.9304458328,0.999733787265,0.0097185643681,0.646159399996,0.248980476779,2.28141293143,0.991331711775,0.0097185643681,7382.11202324,5.0,
3.87252385511,0.999733972183,0.00827071169569,0.642908264903,0.248530315802,2.35907815139,1.00525059427,0.00827071169569,7278.37903287,5.0,
3.79841272638,0.999739347149,0.00865277774052,0.644865914509,0.248259662362,2.33825351188,0.9968365039,0.00865277774052,7286.29452757,5.0,
3.661490363,0.999759224746,0.00860982845955,0.656637580308,0.247192547747,2.36261736847,0.953936020456,0.00860982845955,7603.51260813,5.0,
3.55751919863,0.999757264841,0.00967278681928,0.65909090941,0.244888276463,2.32655732642,0.951380771852,0.00967278681928,7327.96171122,5.0,
3.87419729713,0.999739406147,0.00954093628749,0.661302255127,0.245791017926,2.31170523324,0.95015688043,0.00954093628749,7433.38917747,5.0,
3.95593479656,0.999734216076,0.0087508793571,0.653552879927,0.246282333839,2.30629095421,0.97446981202,0.0087508793571,7441.95795616,5.0,
3.85934570321,0.999754634067,0.0106073561761,0.678027352343,0.242725653302,2.24197458408,0.88560411311,0.0106073561761,7864.45525035,5.0,
3.73422064374,0.999760521091,0.0112282592262,0.674394345643,0.243391411019,2.22050151188,0.891355162805,0.0112282592262,7796.54913838,5.0,
4.11795879014,0.999714308263,0.00986209523353,0.647168709365,0.244873851594,2.315814018,1.01474227905,0.00986209523353,7207.00285425,5.0,
4.2546658957,0.999699804024,0.00919764076163,0.648243138203,0.24355641365,2.44459407271,1.02176127243,0.00919764076163,7086.4003815,6.0,
3.70393901166,0.999757862442,0.00867343289861,0.662661986162,0.248958067816,2.31747570535,0.925202743727,0.00867343289861,7648.35784673,6.0,
4.33795196803,0.999721174748,0.009570542569,0.668419760711,0.247420949965,2.29810780232,0.927477580663,0.009570542569,7778.92241804,6.0,
3.86300421618,0.999749743996,0.00955787591273,0.664949137573,0.24606048712,2.30897771703,0.931590430152,0.00955787591273,7718.03889958,6.0,
4.01446665331,0.999734853826,0.0107893640901,0.668730153623,0.243119514272,2.28270727574,0.935717311102,0.0107893640901,7570.22807977,6.0,
3.62720193317,0.999761519523,0.00939349907821,0.669061630617,0.244973013224,2.3137624169,0.911953129266,0.00939349907821,7604.7394147,6.0,
4.13048409844,0.999732527133,0.0106842561281,0.673215316274,0.244734502386,2.26037488452,0.912251596922,0.0106842561281,7721.25916953,6.0,
3.74445316788,0.999766146369,0.0101400510568,0.675026305406,0.246657886294,2.261448387,0.881453737622,0.0101400510568,8005.9361913,6.0,
3.87627765149,0.999746947781,0.0109240799169,0.674579599596,0.244481145698,2.24031172384,0.89849761128,0.0109240799169,7659.00645591,6.0,
4.19809137331,0.999730773767,0.010404801498,0.673038692622,0.243546723793,2.28532510089,0.924975847397,0.010404801498,7796.53543686,6.0,
3.56676473461,0.999765569768,0.0107901304742,0.674254957222,0.244087666274,2.25564136076,0.891745106882,0.0107901304742,7607.25046309,6.0,
3.6855582335,0.99975887947,0.0095944040747,0.669306167001,0.245695911151,2.30171575107,0.909491641274,0.0095944040747,7642.51984184,6.0,
3.74350783902,0.99974795158,0.00988467672377,0.667557523226,0.244526326517,2.29905251659,0.923480354759,0.00988467672377,7426.12458394,6.0,
3.77246659805,0.999751684301,0.0107388940495,0.674570285243,0.244704174272,2.2437142068,0.892531956379,0.0107388940495,7596.06546365,6.0,
3.30924653668,0.999792552752,0.0106066052547,0.678539337692,0.246033513401,2.23596155846,0.855045550036,0.0106066052547,7976.06489614,6.0,
3.853445746,0.999746894321,0.00987075255325,0.669223301233,0.245359491546,2.29433782528,0.917439865402,0.00987075255325,7612.26388887,6.0,
4.34186652796,0.999710817953,0.00953341652967,0.663634927223,0.243733868422,2.31851300481,0.967083607708,0.00953341652967,7507.10298087,6.0,
4.17988767435,0.999731934412,0.00917601315511,0.670339704303,0.245621224248,2.30748237886,0.923251826863,0.00917601315511,7796.33720624,6.0,
4.04187607806,0.999740018651,0.0100357040828,0.671681537765,0.245536189115,2.28291133346,0.912420083218,0.0100357040828,7773.3439052,6.0,
3.52678877736,0.999758532582,0.00980602314033,0.662965960963,0.244223563169,2.32146285985,0.93855688713,0.00980602314033,7302.77872076,6.0,
4.31261278194,0.99972207963,0.0106460307361,0.672965727115,0.243871481426,2.25918615694,0.92518044567,0.0106460307361,7758.68024228,6.0,
4.5508369603,0.999709864224,0.00939552912271,0.669623790527,0.245420744941,2.29717761295,0.940210206506,0.00939552912271,7842.55527799,6.0,
3.40653274345,0.999773497025,0.0095666712716,0.667568280837,0.244751137227,2.31192584013,0.911430375784,0.0095666712716,7519.79958157,6.0,
3.93607571159,0.999738602359,0.0106738419872,0.668434777593,0.244704511051,2.25812016718,0.924908191828,0.0106738419872,7528.87597722,6.0,
4.22069921052,0.999733814305,0.0109308723716,0.673978940966,0.244312358402,2.25433008086,0.915475787246,0.0109308723716,7928.04873277,6.0,
3.49676232207,0.999772464404,0.0108389054754,0.672695149912,0.245012270779,2.2484052394,0.888940120035,0.0108389054754,7683.92703927,6.0,
3.81438292138,0.999755474105,0.0108033603129,0.673452392773,0.245109238534,2.25631328303,0.89786750081,0.0108033603129,7799.49150922,6.0,
3.509279255,0.999777198935,0.0109957497793,0.675545441593,0.245154495215,2.24622378877,0.880938054256,0.0109957497793,7875.30807951,6.0,
4.18706547341,0.999729584115,0.010316195211,0.667918613206,0.244583519336,2.30806386492,0.93659128618,0.010316195211,7741.8453875,6.0,
3.88217597714,0.999744477555,0.0101429033132,0.669011040598,0.244585807418,2.29347295676,0.92276431519,0.0101429033132,7596.47720856,6.0,
3.66902688885,0.999763283494,0.0100512916197,0.672137977449,0.245277836084,2.28173418744,0.897162555884,0.0100512916197,7749.78666866,6.0,
3.88956555335,0.999758988633,0.0102411476541,0.67522190683,0.245224865863,2.25722378766,0.896346120671,0.0102411476541,8069.22105846,6.0,
3.68317723605,0.999771437591,0.0105654628006,0.673345488575,0.248634557273,2.21853130102,0.878221498242,0.0105654628006,8057.23378596,6.0,
3.32881487674,0.999788732888,0.00987318079478,0.673955590745,0.245431127536,2.29489672295,0.877888550176,0.00987318079478,7878.17504046,6.0,
3.46462864598,0.999768895851,0.0110679283463,0.670117614732,0.244858260817,2.23064353617,0.902971689299,0.0110679283463,7495.77770026,6.0,
3.51888123359,0.999770359009,0.0116095233628,0.673165666736,0.244156103785,2.24504686748,0.893055253716,0.0116095233628,7661.65787549,6.0,
3.96987532449,0.999749512539,0.0106710669547,0.674171510259,0.245126102974,2.25994934089,0.902473626837,0.0106710669547,7924.25428282,6.0,
3.51990650914,0.999767707369,0.0097746058872,0.668851444594,0.245940178291,2.30254996705,0.904999398496,0.0097746058872,7576.38407838,6.0,
3.83860666075,0.999750422713,0.00990713264826,0.671717262748,0.246409075323,2.2835991196,0.898273216683,0.00990713264826,7690.11732812,6.0,
4.04700996103,0.99973375103,0.0103297394326,0.669756407382,0.243821339194,2.30661713834,0.932013984471,0.0103297394326,7599.94372871,6.0,
3.91417586489,0.999735485913,0.0106486254179,0.666337749751,0.243879746119,2.29668806279,0.939060496914,0.0106486254179,7398.71518558,6.0,
4.09155506217,0.99973839204,0.0103966334723,0.673538129455,0.244593918974,2.25886803146,0.913381183877,0.0103966334723,7819.91987047,6.0,
4.08741969708,0.999729629887,0.0102845156273,0.669071971958,0.245188322528,2.28972687792,0.924548594863,0.0102845156273,7558.8500812,6.0,
4.10952686133,0.999731520651,0.0107393332988,0.671599467009,0.245226731453,2.2676294233,0.917619555113,0.0107393332988,7653.24481551,6.0,
3.62185572918,0.999765013106,0.0100320418595,0.67182807291,0.245703454178,2.28062989994,0.897864128908,0.0100320418595,7706.41134688,6.0,
3.73220783617,0.999760858161,0.0103093533418,0.67158844267,0.245065620507,2.29281591014,0.907582166166,0.0103093533418,7803.26659048,6.0,
3.18067517648,0.999786673929,0.0106035607447,0.668224737687,0.2446381172,2.28951439679,0.901902035171,0.0106035607447,7454.88443773,6.0,
3.76725777185,0.999753595484,0.0108638122478,0.671000763792,0.244285657983,2.27679574825,0.91010413084,0.0108638122478,7644.40260349,6.0,
3.22038344827,0.999797996032,0.0104167845315,0.676626157784,0.245988335422,2.26646488733,0.859107929777,0.0104167845315,7971.05267111,6.0,
3.88943883512,0.99974247548,0.0107086527855,0.66816029864,0.24391873644,2.28935033761,0.930147256371,0.0107086527855,7551.55400904,6.0,
3.55694423506,0.99976557511,0.0108910892283,0.672877016631,0.240696744149,2.25584827475,0.906773344924,0.0108910892283,7586.39657195,7.0,
3.79048821433,0.999756638591,0.00909387347283,0.670964515665,0.245385310939,2.29321484854,0.90931271296,0.00909387347283,7787.64255673,7.0,
4.21547363358,0.999721021322,0.00894330800501,0.664662626506,0.245008320224,2.29554865649,0.949278554512,0.00894330800501,7555.0757341,7.0,
4.86282844223,0.999679167693,0.00924410485941,0.664930548131,0.244137266301,2.30609078591,0.971859416513,0.00924410485941,7578.34586636,7.0,
4.16983059785,0.999726536498,0.00985115425947,0.671065769835,0.243193417997,2.2855814776,0.929262404192,0.00985115425947,7624.00634562,7.0,
3.85768857685,0.99974564137,0.00941443737888,0.668972141555,0.244354625944,2.30712908273,0.922097331347,0.00941443737888,7583.06979836,7.0,
4.10997053828,0.999732326556,0.0100538710287,0.672984470876,0.244841981424,2.2658786342,0.9099245499,0.0100538710287,7677.08832065,7.0,
4.21841588944,0.999727447433,0.00836280807316,0.659386350276,0.249273651252,2.3186054226,0.954723631351,0.00836280807316,7738.60304498,7.0,
3.64833004954,0.999762781819,0.0100479178774,0.672773283133,0.244950711453,2.27313953869,0.894152318139,0.0100479178774,7689.69979976,7.0,
3.71564440407,0.999757417953,0.00938144992236,0.668574625808,0.245922900503,2.26475048937,0.909840252366,0.00938144992236,7658.41940895,7.0,
3.58109085577,0.999771495973,0.00926463843254,0.667823438995,0.245548417417,2.31271721779,0.91274606994,0.00926463843254,7835.82794168,7.0,
3.25782895671,0.999783310381,0.00999386292212,0.67310618363,0.244499345831,2.27921697215,0.881964852605,0.00999386292212,7517.16087918,7.0,
4.13775805107,0.999732774691,0.00787927206631,0.66049856587,0.249754116624,2.33941719486,0.944399086933,0.00787927206631,7741.96706315,7.0,
3.63900695982,0.999760146488,0.00873472295468,0.665541001072,0.247735141543,2.31058053431,0.918519961547,0.00873472295468,7585.77470602,7.0,
3.93516812626,0.99974250262,0.00850548771432,0.663579468212,0.248923918385,2.3070625318,0.93015574051,0.00850548771432,7641.06748553,7.0,
4.04557353105,0.999737440577,0.0097334045273,0.668305808122,0.245100356178,2.30550111825,0.925589750986,0.0097334045273,7703.98411663,7.0,
3.62402647225,0.999757537111,0.00954555340528,0.667719829226,0.244625872168,2.30017029668,0.916178447981,0.00954555340528,7473.24751666,7.0,
4.04826278554,0.999734939222,0.00798403599061,0.659089675305,0.249249090301,2.33855087781,0.952160333692,0.00798403599061,7636.35434663,7.0,
3.73821743456,0.999752041168,0.00824907463657,0.661682006329,0.2475861684,2.34538621449,0.936432806816,0.00824907463657,7537.85192855,7.0,
3.97163828505,0.999741652027,0.00966729142129,0.670090104004,0.245040475683,2.29176290944,0.922266252728,0.00966729142129,7686.4778858,7.0,
4.33284408132,0.999712232203,0.00902768747634,0.663447302463,0.244782853746,2.32101752126,0.958317425573,0.00902768747634,7528.2512182,7.0,
3.92472099692,0.999741536223,0.00900227886672,0.664285717563,0.24637541568,2.29713415946,0.934108805383,0.00900227886672,7592.2886342,7.0,
3.83321053086,0.999749442635,0.0093919534338,0.667614263546,0.247457101517,2.29230162289,0.913123940434,0.0093919534338,7649.25800354,7.0,
3.92736783071,0.999731419505,0.0089678367085,0.656769307955,0.245876154432,2.3406021488,0.970559929238,0.0089678367085,7311.23667884,7.0,
3.49363515549,0.999770564647,0.00906692297658,0.666902382658,0.248363789185,2.28485583597,0.903447562474,0.00906692297658,7613.44467229,7.0,
3.58440608743,0.999754551606,0.00835012489191,0.653298833747,0.246947024481,2.33511420645,0.967845222331,0.00835012489191,7301.62992359,7.0,
3.71220147524,0.999757481276,0.00932268270138,0.666925722471,0.247869710836,2.29107216462,0.912752161117,0.00932268270138,7653.3138901,7.0,
4.10797034815,0.999720737466,0.01006145748,0.66104968937,0.245868795262,2.28420288138,0.95897407617,0.01006145748,7354.92309005,7.0,
4.38593325419,0.999710704719,0.0079993317023,0.659326173774,0.24747465465,2.3603598001,0.972973666756,0.0079993317023,7580.25917193,7.0,
4.07308063217,0.999727105887,0.0104691922714,0.662523879997,0.245648469172,2.26011675256,0.956486809448,0.0104691922714,7462.63485883,7.0,
3.92413200189,0.999735139075,0.00806781974733,0.6569214894,0.248261039872,2.35983530848,0.960543750638,0.00806781974733,7407.80279277,7.0,
3.56533483089,0.999755078859,0.00979032043593,0.660713609135,0.246190532412,2.29394681535,0.94199122305,0.00979032043593,7278.43003804,7.0,
4.08237718176,0.999730362241,0.00866644938264,0.657931443588,0.246709118689,2.3153767157,0.969684540137,0.00866644938264,7570.00707832,7.0,
4.22840117708,0.999735310964,0.00917538466453,0.666230296099,0.248100156407,2.3017032305,0.932647575614,0.00917538466453,7987.40061037,7.0,
3.77908629305,0.999750122149,0.010852426577,0.672208218009,0.241532402529,2.25599763135,0.913364106828,0.010852426577,7561.78322619,7.0,
3.8781679829,0.999750602658,0.00956618070912,0.671057258172,0.246215689323,2.27207867785,0.903996964854,0.00956618070912,7774.98388168,7.0,
3.86764775944,0.999743912969,0.00902595423739,0.663205435564,0.245827006208,2.31985635345,0.939222130637,0.00902595423739,7551.34585345,7.0,
4.12078455225,0.999724327656,0.00979933586909,0.666310144666,0.245190319726,2.27720407051,0.938009660171,0.00979933586909,7473.97426532,7.0,
4.43863454963,0.999710541835,0.00874616973403,0.65943845514,0.248509327719,2.32020525247,0.965930743757,0.00874616973403,7667.06880821,7.0,
3.35356060819,0.999773503259,0.0085174559724,0.659219003294,0.248431713204,2.33367296309,0.932231744037,0.0085174559724,7403.01139894,7.0,
4.07136770628,0.999732042573,0.00873230863141,0.661405379575,0.247186460235,2.3275005903,0.951856645028,0.00873230863141,7596.924978,7.0,
3.45394167655,0.999774619853,0.00906193507984,0.666286160301,0.248065460241,2.29832798082,0.90674713111,0.00906193507984,7662.32395734,7.0,
3.84640837032,0.999742889693,0.00808764860523,0.660838844234,0.248067014069,2.3399014352,0.945034962266,0.00808764860523,7479.95000994,7.0,
4.00397993131,0.999735958511,0.00873351023277,0.663904560549,0.248011784253,2.32254559315,0.936373309073,0.00873351023277,7581.98374655,7.0,
4.22065820385,0.999697939784,0.00716472459821,0.640516475614,0.245875866455,2.41424658069,1.0470566238,0.00716472459821,6986.29348695,7.0,
3.86964305487,0.999744813665,0.00869831452666,0.667022845788,0.245994554418,2.32876041368,0.921909918894,0.00869831452666,7581.87547909,7.0,
3.93405985843,0.999734508131,0.00965308665145,0.666063468231,0.245288731433,2.29332544965,0.933073305353,0.00965308665145,7408.87919458,7.0,
4.42126196998,0.999703131565,0.00928357604265,0.662769247165,0.245208621469,2.30135393422,0.963124995513,0.00928357604265,7446.43306424,7.0,
3.86360506725,0.999743918345,0.00924998846424,0.667732448677,0.245732307491,2.28782083826,0.922154327357,0.00924998846424,7543.59161052,7.0,
3.90446217847,0.999749654306,0.00899846087302,0.667808854807,0.248030041258,2.2878240601,0.912292386051,0.00899846087302,7798.0868332,7.0,
