211.242789682,0.985560950549,0.00580711972493,0.532518228626,0.236924747611,2.50346264941,3.1613943333,0.00580711972493,7312.48832482,1.0,
232.441479638,0.984348544483,0.0064165944805,0.538600335544,0.237934211056,2.45948954712,3.21511627907,0.0064165944805,7423.25200015,1.0,
234.845993704,0.984726799063,0.00551313253642,0.529474967037,0.240571041312,2.51071574023,3.21529399817,0.00551313253642,7685.52917097,1.0,
202.855133543,0.986347657623,0.00621398712374,0.537371362741,0.239641428884,2.46109594841,2.96034325175,0.00621398712374,7426.93422614,1.0,
203.860287397,0.98650835406,0.00567191150427,0.533140783701,0.238605454523,2.4952481801,3.07197623642,0.00567191150427,7552.1936246,1.0,
220.264115974,0.985277017474,0.00654413872763,0.541588534966,0.239945200401,2.44174471606,3.0921346603,0.00654413872763,7477.78986268,1.0,
232.290393013,0.984306242128,0.0060288992624,0.534990670454,0.23864231944,2.47568936758,3.24941606581,0.0060288992624,7398.20715526,1.0,
206.884000203,0.986298102562,0.00647039699275,0.545826672035,0.243073738159,2.42550116603,2.92187976033,0.00647039699275,7547.01027089,1.0,
223.643470092,0.985401052815,0.00744168606943,0.543850434011,0.241226222427,2.46165483838,3.12519041332,0.00744168606943,7657.51471745,1.0,
224.809891337,0.984552700658,0.00839327957209,0.551303367708,0.243535398944,2.40411027228,3.15984563827,0.00839327957209,7274.7679473,1.0,
237.539250533,0.984120820015,0.00796632212054,0.547618652231,0.243484752103,2.41741802578,3.25388443181,0.00796632212054,7477.630814,1.0,
195.215090891,0.987241702378,0.0075812155078,0.552301479081,0.244946838153,2.44008849579,2.90474256119,0.0075812155078,7648.45616464,1.0,
172.104143394,0.988003375821,0.00848473159602,0.553552814876,0.246609487512,2.39066092633,2.7252462679,0.00848473159602,7171.26371539,1.0,
206.472047324,0.985871521313,0.00814987976547,0.550420995997,0.243493339905,2.4262110969,3.08258860567,0.00814987976547,7305.08849133,1.0,
229.198436072,0.984658238045,0.00750876678645,0.54068599017,0.241074373018,2.47075153716,3.26845739819,0.00750876678645,7467.92149897,1.0,
227.511145527,0.985070951613,0.00799484576703,0.544429124543,0.243573433112,2.42830402028,3.13179140855,0.00799484576703,7617.99278151,1.0,
209.90101046,0.986321837239,0.00747232004807,0.553694946682,0.248696684779,2.42740699728,2.9584898954,0.00747232004807,7670.83772889,1.0,
208.732456586,0.986737675676,0.00828108647665,0.552516273078,0.245832906404,2.41725014793,2.92109271859,0.00828108647665,7867.56160243,1.0,
185.353787956,0.987920281114,0.00718295444831,0.554052079005,0.244767802895,2.44047473032,2.79544531329,0.00718295444831,7670.07651105,1.0,
218.806692394,0.985703625337,0.00759444859246,0.555415814057,0.246378209917,2.41775700482,3.05392505332,0.00759444859246,7650.49652832,1.0,
181.466004875,0.988143414863,0.00827670466908,0.561178554643,0.247756519776,2.38406048812,2.71750279273,0.00827670466908,7650.69589279,1.0,
187.587285468,0.987675803649,0.00845391842607,0.560471247006,0.245830687571,2.37820680088,2.77805422971,0.00845391842607,7608.66130024,1.0,
192.692520565,0.987858265463,0.00837773633763,0.549270231659,0.24499379035,2.40701532453,2.86678683863,0.00837773633763,7933.35320645,1.0,
207.294455164,0.986042050464,0.00782367294863,0.55309337575,0.246760483152,2.39714295928,2.92073728039,0.00782367294863,7423.76647099,1.0,
209.784553671,0.986262488534,0.00823198419107,0.550012361808,0.24386126,2.41127355629,3.04300802275,0.00823198419107,7633.59749466,1.0,
244.917538337,0.984024488091,0.00790140974726,0.544629543616,0.241024381383,2.44310219102,3.35487965878,0.00790140974726,7663.3858602,1.0,
211.176271961,0.986320442117,0.00794505249913,0.561558569038,0.24593868818,2.41742839697,2.92000101554,0.00794505249913,7716.72808866,1.0,
195.35013202,0.986679820194,0.00782711367955,0.554130926683,0.243476624317,2.4297600643,2.89628820961,0.00782711367955,7331.03247134,1.0,
211.798695034,0.985447894192,0.00793049546144,0.54401113528,0.242952500881,2.46607956343,3.14103280187,0.00793049546144,7275.46641719,1.0,
204.039682137,0.986730877533,0.00869480053037,0.548104335539,0.242862555193,2.41480164488,3.08797095562,0.00869480053037,7686.69859619,1.0,
218.483421347,0.985029017569,0.00788196297843,0.551199866569,0.244395938662,2.45122926691,3.18145120341,0.00788196297843,7295.09250521,1.0,
219.491824921,0.984983164173,0.00791704322194,0.554469089774,0.245424486528,2.41452055268,3.04671473545,0.00791704322194,7306.36445922,1.0,
237.904209404,0.984473535042,0.00811342013563,0.555642153825,0.24655795417,2.40551506018,3.17865847466,0.00811342013563,7659.38011036,1.0,
218.152533767,0.9851290978,0.00788083497559,0.552882727827,0.245786976657,2.44877841923,3.10246775668,0.00788083497559,7333.18727241,1.0,
220.723062862,0.985094669539,0.00948053765313,0.563633690739,0.246551984903,2.35218920759,3.0059408957,0.00948053765313,7402.3345422,1.0,
231.245125419,0.984377147574,0.00842706164549,0.553997720205,0.24532028229,2.41347604437,3.09914187062,0.00842706164549,7399.14821933,1.0,
258.618259368,0.983546331527,0.00733517939742,0.54852071132,0.245896569789,2.46339344928,3.36706611151,0.00733517939742,7857.10478197,1.0,
215.829237331,0.985352176988,0.0073754523214,0.539069528105,0.241034036982,2.48043474569,3.15512338783,0.0073754523214,7365.32492494,1.0,
179.632172235,0.988161702896,0.00832562131762,0.549166416507,0.241921567862,2.4623673236,2.7598761044,0.00832562131762,7585.1395378,1.0,
226.402381436,0.984651641994,0.00848709975739,0.551062263053,0.243813495968,2.42384614598,3.18657966893,0.00848709975739,7373.74359487,1.0,
197.887910023,0.987147976085,0.00821866602277,0.542366495963,0.240937147178,2.40931298764,2.96118107038,0.00821866602277,7696.72707767,1.0,
249.950822586,0.983464823363,0.00763426902616,0.548587137881,0.247218387066,2.41752709001,3.23090789073,0.00763426902616,7556.14424459,1.0,
203.228952981,0.986551493193,0.0080892525138,0.555261173319,0.245393404951,2.42232353372,2.99746115568,0.0080892525138,7554.05238794,1.0,
202.23728039,0.986303811025,0.00810673978057,0.551698217754,0.246998706255,2.43142261042,3.00655021834,0.00810673978057,7381.23614283,1.0,
211.190946481,0.985428119371,0.00840562443509,0.55043686363,0.244731473801,2.40805187911,3.03597542399,0.00840562443509,7244.82180246,1.0,
222.966207982,0.984318664192,0.00744934746467,0.544817195638,0.24029361881,2.46484754794,3.22816593886,0.00744934746467,7107.37682607,1.0,
225.415431096,0.984674108403,0.00835033682654,0.555029495525,0.245745058184,2.42724242401,3.10462577435,0.00835033682654,7352.43828811,1.0,
212.205214786,0.986027881025,0.00798618012698,0.553266754877,0.244401478138,2.43671655013,3.04552147862,0.00798618012698,7592.06403672,1.0,
211.428785417,0.986015878035,0.00833681755145,0.559012680255,0.24900377979,2.39949874793,2.87902406824,0.00833681755145,7557.79880237,1.0,
217.381740632,0.985896384097,0.00802175153516,0.560783356354,0.247308819992,2.38942483442,2.97699807048,0.00802175153516,7704.46350108,1.0,
262.345739819,0.983489659849,0.00721097532782,0.550193030789,0.243101644544,2.44501139666,3.26160251853,0.00721097532782,7942.89983054,2.0,
231.774245963,0.985171790496,0.00649529040383,0.548605458493,0.2447359884,2.46814771096,3.08271554788,0.00649529040383,7812.99676858,2.0,
215.025210724,0.985633119085,0.00760284093353,0.551373288503,0.241166162646,2.4030163319,3.08649842592,0.00760284093353,7481.37466822,2.0,
229.732405809,0.985312240303,0.0072360672674,0.55276792951,0.242494236356,2.45292323195,3.15182289022,0.0072360672674,7818.30624196,2.0,
229.612445415,0.985444687018,0.00681499605691,0.553532820941,0.244177799928,2.43764027567,3.08192850614,0.00681499605691,7885.18077691,2.0,
242.537219458,0.984200780824,0.00693991818089,0.543848201874,0.239228958466,2.47153495179,3.30323956535,0.00693991818089,7673.35560236,2.0,
213.702625165,0.986106118407,0.00682109629623,0.546673702629,0.241432463405,2.47854380524,3.08076063776,0.00682109629623,7688.35898253,2.0,
274.842997867,0.982241495395,0.00675978064055,0.545953114085,0.245094855769,2.43808655478,3.55179242409,0.00675978064055,7735.80133001,2.0,
271.576343049,0.982843791682,0.00576889783238,0.538505533026,0.242425125903,2.52682063851,3.44787752615,0.00576889783238,7912.15781373,2.0,
270.325149792,0.982421409011,0.00588513368997,0.537750377391,0.239985581718,2.52228574224,3.57608916421,0.00588513368997,7686.43689421,2.0,
279.491926475,0.981477607548,0.0072612159294,0.545219750679,0.239834226436,2.46727049217,3.60800243729,0.0072612159294,7542.54723346,2.0,
224.078805728,0.985184211673,0.00744617229784,0.548600508329,0.242200327141,2.45988175561,3.17081344572,0.00744617229784,7560.05335208,2.0,
215.95531634,0.985625741885,0.00774188694211,0.551115517178,0.242453112964,2.42085999696,3.01767035645,0.00774188694211,7509.73551636,2.0,
217.165837311,0.985472808708,0.00729428252672,0.543276452776,0.238466441477,2.47125960893,3.17903930131,0.00729428252672,7472.19657247,2.0,
241.33170001,0.984770046736,0.0071019934953,0.549550424728,0.244682594741,2.45771418681,3.19216512643,0.0071019934953,7920.57120658,2.0,
242.864501879,0.984384310819,0.00709556710202,0.546383767971,0.242541519246,2.431363772,3.15855082766,0.00709556710202,7773.8781048,2.0,
262.100182797,0.983105426337,0.00721536358112,0.550504377717,0.245749334703,2.42897867222,3.26480146237,0.00721536358112,7754.58913164,2.0,
247.334543516,0.983965257562,0.00724475482292,0.544454435677,0.241547498914,2.4515556266,3.35114755763,0.00724475482292,7710.16804186,2.0,
242.84165228,0.984625817982,0.00699436397703,0.550428205521,0.244562119939,2.43616348597,3.22948613791,0.00699436397703,7895.34543021,2.0,
208.590789073,0.986222773843,0.00780925900615,0.549873866297,0.241470713207,2.4094766871,3.02340814461,0.00780925900615,7567.96328188,2.0,
238.192749061,0.983719137245,0.00646157020944,0.536126828697,0.240552632036,2.50929913902,3.43246674114,0.00646157020944,7312.68371173,2.0,
227.82240784,0.985069736883,0.00616170193645,0.540105805779,0.239032714095,2.50909521165,3.1703310653,0.00616170193645,7626.8954168,2.0,
197.726769574,0.987028576492,0.00714128151167,0.550563379925,0.242081745457,2.44084762796,2.87549507464,0.00714128151167,7619.26887839,2.0,
239.958921499,0.984834391694,0.00737782692851,0.548338998086,0.245011669207,2.41284735631,3.23098405606,0.00737782692851,7908.75284792,2.0,
240.064232761,0.98436059403,0.00736022234944,0.548126801636,0.243090991827,2.42955997928,3.21981314106,0.00736022234944,7672.39185251,2.0,
265.69488169,0.983022468916,0.00637889855956,0.544235908288,0.240411914471,2.48829096495,3.43683355337,0.00637889855956,7822.46343703,2.0,
257.805829187,0.983178162316,0.00681175385449,0.544633973237,0.24173186489,2.48545876183,3.37742459632,0.00681175385449,7660.66719718,2.0,
234.615847466,0.984599788864,0.00693220908724,0.545213326143,0.242153656619,2.45885158201,3.1412866863,0.00693220908724,7615.04838203,2.0,
226.611252158,0.984807618931,0.00646087020311,0.538699666787,0.238254690155,2.47576930089,3.19112420026,0.00646087020311,7455.73886245,2.0,
205.566314614,0.985920304518,0.00552642878924,0.534886564194,0.23822697335,2.51305513584,3.08220777902,0.00552642878924,7297.48556567,2.0,
227.907763786,0.984996723233,0.00522166047194,0.52943728264,0.236612288848,2.53711435077,3.23273585864,0.00522166047194,7592.26072316,2.0,
224.992408855,0.985256759114,0.00535914016802,0.532225189967,0.238502072411,2.53402001767,3.187442876,0.00535914016802,7627.77074196,2.0,
250.158703158,0.9830776286,0.00634609494804,0.532832863708,0.239203209495,2.47525173352,3.48662029044,0.00634609494804,7388.86929324,2.0,
223.27934904,0.985303526976,0.00544914834832,0.533615280921,0.23764667985,2.51991657725,3.21247588098,0.00544914834832,7593.61181906,2.0,
240.771453234,0.984145052142,0.00590685580166,0.53900877347,0.239915674351,2.50390429019,3.2985680918,0.00590685580166,7590.38390139,2.0,
180.078399513,0.987651021646,0.00662440096346,0.539240939476,0.243675481395,2.46329926745,2.92175281812,0.00662440096346,7288.7769736,2.0,
285.109652686,0.980792722824,0.00575506142735,0.530079841394,0.234057798294,2.51513047933,3.79905047223,0.00575506142735,7419.1165296,2.0,
221.896618259,0.984916152368,0.00676548253373,0.533504749601,0.237406317019,2.43005112763,3.23849903524,0.00676548253373,7352.79689649,2.0,
244.524144409,0.983995848336,0.00605521846906,0.539497786003,0.239025750448,2.4645479616,3.29234792323,0.00605521846906,7636.52545542,2.0,
240.835381334,0.983906473143,0.00607486505554,0.534323904275,0.236677679798,2.4870009641,3.32771402458,0.00607486505554,7479.55670551,2.0,
232.689093125,0.984041423055,0.00655324783393,0.534452480635,0.236088272292,2.48869212025,3.33218239058,0.00655324783393,7287.6484604,2.0,
257.373133949,0.983098697195,0.00555570400789,0.530659424997,0.237633533543,2.5246344776,3.51251650249,0.00555570400789,7611.21683988,2.0,
213.108434041,0.985439107027,0.00611519856939,0.531734575686,0.236783296247,2.51041428637,3.24273890525,0.00611519856939,7315.39709619,2.0,
221.391439017,0.984819819727,0.00580648546505,0.52319310294,0.235445376394,2.51704332968,3.33903727023,0.00580648546505,7289.45981949,2.0,
243.647151417,0.98325324521,0.00695533507903,0.542783899162,0.239711669353,2.45336987488,3.37397176805,0.00695533507903,7271.73065614,2.0,
203.850766731,0.986617055637,0.00568549136922,0.537231391281,0.23920058059,2.49773962654,3.03671168884,0.00568549136922,7613.34537234,2.0,
243.091956941,0.984494545733,0.0066529400797,0.538672610166,0.241120910252,2.48999888091,3.34249009851,0.0066529400797,7836.55619106,2.0,
213.987432721,0.985517786829,0.00652307794789,0.540216901034,0.238671663979,2.46574480728,3.1602772418,0.00652307794789,7385.3802044,2.0,
204.33365492,0.986498601474,0.0063201985813,0.538274133194,0.240626602102,2.47973818209,3.03661013507,0.0063201985813,7564.67304713,2.0,
227.149207881,0.984749707232,0.00633601124729,0.534687681461,0.238442799846,2.48356744074,3.29569919773,0.00633601124729,7444.90990565,2.0,
246.961231847,0.984652397238,0.00658654261011,0.554495562152,0.245132528556,2.43870215158,3.19419620189,0.00658654261011,8045.14307828,3.0,
277.808164923,0.981996630249,0.00667840071506,0.551528130992,0.239845134628,2.44132723497,3.58007514979,0.00667840071506,7714.67291157,3.0,
220.288768153,0.985675829429,0.00681617562559,0.554763524803,0.243108966819,2.42068238723,3.03884431807,0.00681617562559,7688.0919955,3.0,
256.220371687,0.983187288081,0.00699207316442,0.552696117205,0.240890920724,2.41919697615,3.38829085001,0.00699207316442,7618.19998186,3.0,
229.251345587,0.98546329836,0.00672120165453,0.555312090706,0.244773682504,2.42301646968,3.06159236316,0.00672120165453,7883.7214452,3.0,
245.33136996,0.984205081026,0.0069107680094,0.555377596352,0.24254560225,2.40464884953,3.22773433533,0.0069107680094,7764.49881089,3.0,
214.766578653,0.986187369728,0.00702556002337,0.556961869711,0.247448636577,2.38629876717,2.96212044277,0.00702556002337,7772.94644721,3.0,
241.629404895,0.984565277852,0.00680303020287,0.551818680062,0.243187417279,2.41410274263,3.09853254798,0.00680303020287,7826.08693228,3.0,
274.473469077,0.982592303183,0.00755478027799,0.555611483185,0.245978925798,2.35652052226,3.30976439525,0.00755478027799,7882.30095697,3.0,
247.232913578,0.984598135016,0.00746089821368,0.563966123663,0.246603827494,2.36689061966,3.08647303747,0.00746089821368,8024.8264467,3.0,
241.190337159,0.984822860971,0.00693044682453,0.552334054168,0.243445584446,2.41577760678,3.20612877018,0.00693044682453,7944.52053204,3.0,
274.111632985,0.982552226149,0.00595712476446,0.542683963561,0.244023515882,2.45210544725,3.4559002742,0.00595712476446,7853.7403503,3.0,
246.783538133,0.984003448226,0.00686395137984,0.548680261143,0.24244134705,2.43484201613,3.30085305169,0.00686395137984,7712.44506814,3.0,
231.152178328,0.985042351408,0.00672360720114,0.548986510438,0.24395195903,2.42808066636,3.19213973799,0.00672360720114,7725.53342909,3.0,
233.821620798,0.985647660948,0.00799156617936,0.563775041528,0.248237498827,2.35629167786,2.91824921296,0.00799156617936,8144.49179977,3.0,
247.396618259,0.983984072219,0.00789843310893,0.557124588859,0.243400170302,2.40489910217,3.15537727227,0.00789843310893,7722.21071503,3.0,
277.503300498,0.982268310637,0.00766821224283,0.55228651231,0.243579340886,2.41405071492,3.45694120037,0.00766821224283,7823.81012349,3.0,
211.046359297,0.986352751384,0.00825205232832,0.558223468278,0.245677791901,2.37574776278,2.98293896618,0.00825205232832,7731.02549252,3.0,
234.656773637,0.985298969937,0.00735265248358,0.561274854467,0.245411012171,2.42353238921,3.05984056058,0.00735265248358,7978.83394624,3.0,
247.141261298,0.984335714201,0.00715598680117,0.557716371604,0.246511248715,2.42424876634,3.20315832233,0.00715598680117,7886.59861653,3.0,
253.801919366,0.983723279707,0.00730716625279,0.556881204543,0.242866950761,2.42539350692,3.30684472428,0.00730716625279,7794.45888136,3.0,
241.034198233,0.98413178206,0.00771161650267,0.550397588645,0.242634528626,2.44397922735,3.21887376866,0.00771161650267,7593.0406719,3.0,
233.519066721,0.984519785369,0.00775892945348,0.560466723946,0.24645488398,2.40254578015,3.07842490099,0.00775892945348,7540.48532723,3.0,
229.002843506,0.98486871649,0.00809215309251,0.554976193959,0.243637239659,2.39831306265,3.1537524119,0.00809215309251,7565.35562884,3.0,
258.093886463,0.983241591475,0.00727258490881,0.551998749271,0.241831331028,2.42367121201,3.37717071189,0.00727258490881,7698.36629555,3.0,
244.452320504,0.984165036493,0.00824926390531,0.565102156379,0.247825961915,2.37249838596,3.09058596527,0.00824926390531,7716.73348496,3.0,
228.494312989,0.985390212823,0.00788838034768,0.563978012136,0.249814830621,2.3730237184,3.084898954,0.00788838034768,7817.92916246,3.0,
256.042017873,0.9833822437,0.00784778642632,0.558197767148,0.242767238894,2.3956635305,3.35353407129,0.00784778642632,7701.93141829,3.0,
230.107697776,0.985038436823,0.00770486911202,0.559339140629,0.24620161895,2.40965623298,3.0405707322,0.00770486911202,7688.7249968,3.0,
223.158220778,0.985808795603,0.00823631701109,0.572246147445,0.248727381855,2.34117196475,2.91469483091,0.00823631701109,7861.30280632,3.0,
210.425738804,0.985946613184,0.0079826568907,0.562186119086,0.245056306852,2.38528054506,2.96610642835,0.0079826568907,7485.46744208,3.0,
214.000634711,0.986065596633,0.00821809106361,0.562078992918,0.247404466776,2.38531367398,2.97773433533,0.00821809106361,7677.70921253,3.0,
246.468899157,0.984226804691,0.00646119635707,0.546054678903,0.245791034811,2.4710669675,3.23730577841,0.00646119635707,7811.52426627,3.0,
248.569158119,0.984058703964,0.00707623506719,0.558083962712,0.245191666373,2.43622724535,3.16532954199,0.00707623506719,7795.15831523,3.0,
247.88877323,0.983850338666,0.00614416954957,0.545696662177,0.241816636808,2.50455599559,3.30554991368,0.00614416954957,7673.4363229,3.0,
247.891540571,0.98382338223,0.00798726945543,0.558145740341,0.244665603805,2.39989444618,3.24251040926,0.00798726945543,7660.85909402,3.0,
251.617497715,0.982991627535,0.00761530181968,0.548314875549,0.241926582972,2.44384534006,3.42251447141,0.00761530181968,7395.78940777,3.0,
268.225068549,0.982680436958,0.00716290435911,0.549943003216,0.244797924301,2.42315365653,3.41172438306,0.00716290435911,7741.70008905,3.0,
257.881613689,0.983793837747,0.00734503491931,0.552691764199,0.24761040964,2.41418050964,3.2805169087,0.00734503491931,7954.50602434,3.0,
290.494312989,0.981492451442,0.00695756401263,0.545175659032,0.241687889436,2.48245803257,3.69467858231,0.00695756401263,7846.27798106,3.0,
240.695008632,0.984068305107,0.00707078713579,0.545875378749,0.24117061532,2.47539574524,3.27015842389,0.00707078713579,7552.28681042,3.0,
252.134203311,0.983608794744,0.00741157548411,0.551384911411,0.245281015999,2.42166290568,3.24586168376,0.00741157548411,7689.14777869,3.0,
216.747461156,0.985594143966,0.007194493595,0.547295067862,0.243628288706,2.44756042325,3.10538742764,0.007194493595,7520.91501216,3.0,
262.691149589,0.982244129971,0.00659339184331,0.540214235001,0.239959010227,2.47166404929,3.53739717681,0.00659339184331,7394.71336413,3.0,
296.974713111,0.981202860932,0.00673160506351,0.542216580523,0.241992153796,2.48204269892,3.56682238245,0.00673160506351,7897.47571042,3.0,
223.909337869,0.985732977664,0.00754420412343,0.55799324651,0.245061445758,2.39473355681,3.00337666294,0.00754420412343,7845.07419936,3.0,
250.431298873,0.983417112471,0.00757431213047,0.551563012933,0.243738537166,2.4253724993,3.33609221083,0.00757431213047,7548.92304275,3.0,
240.136539047,0.984743251645,0.00700534234517,0.549759374633,0.244059638561,2.43524626306,3.17416472022,0.00700534234517,7868.57741911,3.0,
263.828754951,0.982683925259,0.00694449851696,0.543912438438,0.242344113306,2.47366610818,3.38760536204,0.00694449851696,7616.04511651,3.0,
208.270818523,0.986453736356,0.0072778678295,0.548751195279,0.243042942425,2.4424731395,2.98987001117,0.0072778678295,7685.29796075,3.0,
236.75700721,0.984220387899,0.00505223573565,0.516334945898,0.233806139716,2.58746012533,3.48291357774,0.00505223573565,7500.03915297,4.0,
264.998451305,0.981752191893,0.00543152572121,0.526824532953,0.235561310002,2.54204212037,3.63438102976,0.00543152572121,7259.15395067,4.0,
232.236518737,0.984026226777,0.00600638561501,0.527092361256,0.238382140287,2.47206143929,3.2940997258,0.00600638561501,7267.58775189,4.0,
227.633797096,0.984385724318,0.00549543642798,0.525493724791,0.236181880094,2.53046924667,3.37239768457,0.00549543642798,7287.98039187,4.0,
231.455138621,0.984752802995,0.00573196250763,0.538713409822,0.238883502831,2.47724842064,3.21963542196,0.00573196250763,7588.69127541,4.0,
223.37491114,0.984786254154,0.00512819480181,0.522863159477,0.235739021929,2.53966955359,3.32586066822,0.00512819480181,7339.95485782,4.0,
288.161394333,0.980276367312,0.00516453711936,0.523039376557,0.232652512556,2.55802512956,3.86445110186,0.00516453711936,7304.03193189,4.0,
210.514649132,0.985278317778,0.00544609951781,0.521263587433,0.23567934497,2.52216820466,3.25736264852,0.00544609951781,7148.56026543,4.0,
263.647329136,0.98262578865,0.00613577720849,0.535758356245,0.237276610508,2.48991621985,3.53277648015,0.00613577720849,7584.99897366,4.0,
237.649690261,0.98376617419,0.0053475778167,0.525465715887,0.235095392571,2.53169431971,3.47456077993,0.0053475778167,7317.36633586,4.0,
259.604498832,0.98309663593,0.00589939293492,0.528991164744,0.239571635768,2.47038545662,3.47014319082,0.00589939293492,7677.06878065,4.0,
233.023458921,0.98461632614,0.00685857435149,0.540164588465,0.239357550734,2.48645847413,3.2844521174,0.00685857435149,7572.05226258,4.0,
241.586549203,0.983552072752,0.00751941771148,0.546368852476,0.24167752289,2.45072004223,3.3791763989,0.00751941771148,7342.59216954,4.0,
242.804280492,0.98326258824,0.00663578928006,0.538835525759,0.241209826863,2.50385714199,3.45188890017,0.00663578928006,7251.58795414,4.0,
215.827587082,0.985432544205,0.00625230956968,0.535113162877,0.239591589045,2.49530494103,3.22613486341,0.00625230956968,7406.46713452,4.0,
237.708032903,0.984467614297,0.00562022190247,0.532412688645,0.238437378813,2.55572172,3.38844318066,0.00562022190247,7650.3574479,4.0,
297.512897329,0.980325409417,0.00660326025666,0.531558809005,0.236711953882,2.52667100583,3.91804610541,0.00660326025666,7559.46424023,4.0,
249.045140652,0.983339700112,0.00669482314715,0.542061412408,0.24274608644,2.51248165907,3.32476896517,0.00669482314715,7472.84929935,4.0,
231.476464913,0.98409690695,0.00694139167487,0.535862940232,0.238252082557,2.49227002994,3.48113638672,0.00694139167487,7276.11562183,4.0,
231.412308317,0.983794683149,0.0074536132491,0.539507022516,0.238502333195,2.46944614976,3.36341017569,0.0074536132491,7138.79729617,4.0,
227.665989642,0.984799182337,0.0077080094719,0.5480135199,0.241508406272,2.4392163211,3.10729156088,0.0077080094719,7487.7924336,4.0,
256.270107647,0.983371238794,0.00747839063703,0.555167327602,0.245035206219,2.43487118423,3.32530212247,0.00747839063703,7704.36599442,4.0,
217.173098406,0.985817431485,0.00767648340417,0.553269099772,0.245128632081,2.42921688876,3.10891642125,0.00767648340417,7655.08620973,4.0,
202.980882502,0.986022399175,0.0076922496609,0.542513064176,0.236465378511,2.46687217336,3.18531024678,0.0076922496609,7259.63193149,4.0,
260.01614705,0.982029632992,0.00685380837837,0.531922001287,0.238766042446,2.50063390999,3.67482481974,0.00685380837837,7233.03635395,4.0,
262.268889002,0.98263662089,0.00669604139021,0.538160045488,0.239527847062,2.4257892273,3.48956534985,0.00669604139021,7550.88257273,4.0,
265.912816086,0.983041788356,0.00585706769035,0.542034646257,0.242793428817,2.47671696594,3.4694830913,0.00585706769035,7838.81615099,4.0,
247.906367422,0.983528900381,0.00608051538287,0.540600708655,0.241143266012,2.47508621712,3.4184523205,0.00608051538287,7524.31456133,4.0,
261.0101046,0.982673796945,0.0062647330706,0.543040037809,0.240285074829,2.4725607001,3.4259165228,0.0062647330706,7531.17176788,4.0,
273.731441048,0.982526070622,0.00664296079978,0.547969671444,0.241048808741,2.44764330149,3.51553772723,0.00664296079978,7831.40244823,4.0,
271.475804814,0.982575367288,0.00634688003802,0.549215130628,0.240856131739,2.43866509229,3.42304762872,0.00634688003802,7788.67803207,4.0,
230.977734335,0.985593712063,0.00696989727331,0.559370449796,0.245927555311,2.38928167092,2.9566111506,0.00696989727331,8015.20907401,4.0,
249.594775058,0.983441245271,0.00622838559647,0.542705830422,0.240696054353,2.45612025748,3.38826546156,0.00622838559647,7535.30249871,4.0,
286.759520666,0.981573818793,0.00612005478273,0.544722116035,0.238711049468,2.46093781181,3.57103686402,0.00612005478273,7779.76398282,4.0,
285.543693511,0.98221345692,0.00704943500903,0.55089942058,0.240589547054,2.4435844721,3.57903422362,0.00704943500903,8025.58913785,4.0,
223.418096882,0.985488531486,0.0062284732584,0.549326727234,0.242270061112,2.4574348192,3.13582817102,0.0062284732584,7696.416316,4.0,
230.402330659,0.984779361436,0.0065461124103,0.547630176727,0.240663595988,2.44788513733,3.19094648116,0.0065461124103,7567.36749471,4.0,
263.3987255,0.982991772246,0.00589938391089,0.540392999222,0.239341721553,2.49238539213,3.43518330456,0.00589938391089,7742.04568746,4.0,
237.678226871,0.984338918461,0.00587399288942,0.538202848416,0.238910228847,2.4930724441,3.28917436783,0.00587399288942,7587.03891059,4.0,
318.315908398,0.979529847836,0.00618300765395,0.544927297025,0.240422455468,2.46522577753,3.86201381131,0.00618300765395,7773.97842805,4.0,
302.250177719,0.980749535752,0.00616236713583,0.541033349907,0.240666441701,2.46197330902,3.72478927592,0.00616236713583,7849.87600009,4.0,
239.207499746,0.984893966783,0.00625552470004,0.547992792326,0.242966944267,2.45616979458,3.25152330659,0.00625552470004,7917.13605487,4.0,
319.594368843,0.979520657695,0.00632205366253,0.547371719586,0.239437066088,2.4570935987,3.74263735148,0.00632205366253,7802.39028354,4.0,
243.295902305,0.983896953057,0.00675638760803,0.547078907125,0.239701608406,2.42482921633,3.33616837616,0.00675638760803,7553.72230126,4.0,
263.379734945,0.983567270115,0.0062185055808,0.547757140362,0.243018436074,2.45574525398,3.38862089977,0.0062185055808,8013.27572193,4.0,
250.456839647,0.984058765369,0.00642703269643,0.549901438436,0.241260069782,2.42710423757,3.17731288717,0.00642703269643,7855.23778231,4.0,
300.394587184,0.980674533977,0.00629421842006,0.548080557034,0.239224489779,2.46035439506,3.68569107342,0.00629421842006,7769.45904143,4.0,
265.718924546,0.982647700658,0.00641918179671,0.545512578698,0.242046969808,2.44331684398,3.46981314106,0.00641918179671,7656.09666105,4.0,
266.408906266,0.982644229311,0.00606504562974,0.545876197595,0.23889620191,2.48414431282,3.56854879659,0.00606504562974,7674.27536958,4.0,
231.316314614,0.985210751474,0.00636039544567,0.55492632306,0.242842817776,2.43059523613,3.09030669239,0.00636039544567,7819.7625112,4.0,
245.81702549,0.983070516034,0.00464284289963,0.519714325777,0.235165382355,2.59676104471,3.55745404692,0.00464284289963,7257.75242562,5.0,
245.539707525,0.983450187279,0.00603897651742,0.539189622854,0.238233372107,2.47636301703,3.42160048746,0.00603897651742,7416.35161435,5.0,
268.399817203,0.982597841643,0.006058606345,0.543856592648,0.239697927569,2.45975711065,3.5171118107,0.006058606345,7709.86712659,5.0,
198.294582106,0.98644619927,0.00579180080189,0.534891338221,0.237481640289,2.50949113115,3.1550472225,0.00579180080189,7313.39564585,5.0,
276.173276125,0.981732711957,0.00545390271912,0.541288036731,0.237843477976,2.51521502296,3.66261297857,0.00545390271912,7557.30810482,5.0,
235.489666904,0.983867350327,0.00593249047174,0.522049547785,0.235914046174,2.53909105488,3.52515994719,0.00593249047174,7296.81000197,5.0,
226.290850005,0.984721262736,0.00623680629876,0.526730144094,0.235652773025,2.52067051966,3.3775261501,0.00623680629876,7403.78177252,5.0,
235.332334721,0.984655645405,0.00603456763778,0.531895670184,0.23532252211,2.54226970448,3.47918147659,0.00603456763778,7667.18233062,5.0,
204.612800853,0.985825262411,0.00645611712146,0.523723411927,0.235812963786,2.52126015671,3.27975525541,0.00645611712146,7216.37937841,5.0,
249.322661724,0.983834907623,0.00594095629414,0.533752703816,0.239062168767,2.5160093613,3.3453082157,0.00594095629414,7710.45969707,5.0,
237.47961308,0.984111796243,0.0063006577048,0.531431930987,0.237587087397,2.51076872288,3.49702955215,0.0063006577048,7471.77165875,5.0,
232.552376358,0.985213651771,0.00629064490709,0.531873080498,0.23780105685,2.48149470006,3.23827053925,0.00629064490709,7861.90670115,5.0,
222.620366609,0.984845076032,0.00584228505209,0.527354395688,0.236154571535,2.54666612922,3.38948410683,0.00584228505209,7343.32992315,5.0,
227.894663349,0.984690358434,0.00625824350916,0.534326861362,0.238205937406,2.49973297829,3.36973189804,0.00625824350916,7441.14598449,5.0,
272.92611963,0.981253873317,0.00564887188527,0.516006632277,0.231587517046,2.5619523327,3.91078501066,0.00564887188527,7277.88548373,5.0,
262.626079009,0.982164381031,0.0059147969416,0.520996041858,0.232597009038,2.57283215231,3.77820656037,0.0059147969416,7360.94198231,5.0,
218.971438001,0.985274785098,0.00586411545205,0.523034055067,0.233016322952,2.5536687473,3.43030872347,0.00586411545205,7433.66450003,5.0,
244.659388646,0.98379760961,0.00568030384534,0.529420077139,0.237605017898,2.51876547804,3.4180968823,0.00568030384534,7548.19910466,5.0,
234.605945973,0.984206050243,0.00563994068113,0.525811957547,0.234959445302,2.58086811503,3.5124657256,0.00563994068113,7425.57646154,5.0,
267.196252666,0.982457349295,0.00534818887195,0.530202149065,0.239941911411,2.55649726954,3.62440337159,0.00534818887195,7614.00076366,5.0,
206.990733218,0.986204038806,0.00586829357454,0.536044134955,0.239210097813,2.53992886729,3.23573169493,0.00586829357454,7500.94033193,5.0,
239.423225348,0.9836000163,0.00585616270979,0.529614711177,0.237188385011,2.52693918407,3.46130801259,0.00585616270979,7297.970952,5.0,
247.76777191,0.9838103453,0.00600154229313,0.535842540059,0.239202451321,2.51150808531,3.39720219356,0.00600154229313,7650.67199596,5.0,
226.292449477,0.984485985722,0.00557124079662,0.524668904438,0.233729529514,2.57780579033,3.56771097796,0.00557124079662,7291.99875507,5.0,
238.321696964,0.984085125703,0.00550384037137,0.536806749944,0.23849038756,2.54594066861,3.39552655631,0.00550384037137,7485.59737543,5.0,
235.843302529,0.983853217735,0.00646035067723,0.534104578393,0.234386278053,2.55353455008,3.41129277953,0.00646035067723,7301.65035119,5.0,
184.353381741,0.987039610335,0.00733575177828,0.539351622966,0.238637637196,2.47034064913,3.04420127958,0.00733575177828,7110.5514612,5.0,
226.79859348,0.985422880011,0.00705649952963,0.542636520668,0.239137009697,2.49359656676,3.19688737687,0.00705649952963,7777.49107283,5.0,
215.42187976,0.985280536639,0.00661107892772,0.538574557994,0.236764784053,2.52094278129,3.31138925561,0.00661107892772,7314.85394884,5.0,
218.88829085,0.985047133882,0.00695084498318,0.538945960594,0.23627900901,2.4953916856,3.33355336651,0.00695084498318,7317.59524893,5.0,
258.615872855,0.983057786831,0.00678374070986,0.540829117135,0.240153346641,2.50387643544,3.48019701432,0.00678374070986,7630.43607111,5.0,
234.216106428,0.984042813445,0.00694175650322,0.544026100077,0.239807079858,2.49636221771,3.3942825226,0.00694175650322,7337.24040332,5.0,
201.185361024,0.985417077594,0.0068671523296,0.534370737756,0.23402235274,2.50968343766,3.28254798416,0.0068671523296,6896.37354737,5.0,
231.746344064,0.984121504046,0.00745021763828,0.546401044924,0.240574279325,2.45066290702,3.38201990454,0.00745021763828,7295.72966724,5.0,
216.983802173,0.984727691059,0.00718605742296,0.536733732012,0.235703232759,2.49917185768,3.37290545344,0.00718605742296,7101.66086354,5.0,
243.766020108,0.983567783651,0.00563068461217,0.52593965073,0.235989540708,2.54000517175,3.46714735452,0.00563068461217,7415.27909762,5.0,
224.888468569,0.98443659993,0.00595820506888,0.521163554646,0.235463458779,2.51813990467,3.27061541586,0.00595820506888,7222.81966254,5.0,
217.640118818,0.985096707765,0.00555269127347,0.529305931922,0.23481967941,2.57077432909,3.28254798416,0.00555269127347,7299.86637573,5.0,
220.361912258,0.984500057564,0.00563696017536,0.522095374846,0.231653705033,2.53436898844,3.43376155174,0.00563696017536,7106.7194863,5.0,
261.835076673,0.982331782694,0.00588318707936,0.524051138435,0.233417687419,2.53332957208,3.57393114654,0.00588318707936,7407.82725275,5.0,
208.456484208,0.98576658405,0.00651945029078,0.529455873584,0.238642460834,2.47215687295,3.14562811008,0.00651945029078,7320.73305612,5.0,
218.166472022,0.984873602704,0.00550339819426,0.524880836469,0.233823405368,2.55661018216,3.28041535493,0.00550339819426,7209.51378156,5.0,
213.297628719,0.985237419938,0.0058061206367,0.529774301138,0.235236814891,2.53139516182,3.27736874175,0.0058061206367,7222.08151732,5.0,
225.784198233,0.985127698339,0.00608773975758,0.523658003504,0.233880529731,2.56046470094,3.34909109373,0.00608773975758,7589.15881186,5.0,
206.187188992,0.985900296243,0.00716111373518,0.538620455412,0.236175733926,2.49904298606,3.24893368539,0.00716111373518,7310.27454901,5.0,
248.957728242,0.983167122146,0.00663773202322,0.539785331529,0.237535151343,2.50266719794,3.42106733015,0.00663773202322,7393.60386973,5.0,
233.291306997,0.984342126412,0.00595282288394,0.531764163371,0.238723811364,2.48932721107,3.33924037778,0.00595282288394,7447.61354255,5.0,
257.286229308,0.98356318428,0.00676251363027,0.552180837493,0.244307855322,2.45287937258,3.35254392201,0.00676251363027,7824.59477369,5.0,
242.007514979,0.984339324542,0.00720296586313,0.551638859215,0.243471498974,2.43091808707,3.20579872042,0.00720296586313,7724.51458181,5.0,
255.915837311,0.982141633522,0.00683837729963,0.535864304735,0.234409231401,2.51025792688,3.71105412816,0.00683837729963,7163.32957515,5.0,
228.634177922,0.983554581053,0.00701832146805,0.509357857027,0.224189961361,2.63498001821,3.72420534173,0.00701832146805,6949.41372646,6.0,
221.626789885,0.985197189854,0.00608064300833,0.538935195485,0.243129344065,2.49450627029,3.16025185336,0.00608064300833,7484.35589714,6.0,
287.531329339,0.981139459335,0.00654369783967,0.540555672681,0.241468615945,2.49281099161,3.58170001016,0.00654369783967,7620.5256084,6.0,
221.752589621,0.985326366211,0.00670322064481,0.540700351608,0.240612128675,2.48534921742,3.19932466741,0.00670322064481,7554.10222071,6.0,
253.891413629,0.982855940111,0.00782002724347,0.54367440123,0.239224251235,2.45371728834,3.46661419722,0.00782002724347,7403.01827055,6.0,
224.677668325,0.984917696564,0.00655892652248,0.540292092428,0.240602119174,2.4947339484,3.27196100335,0.00655892652248,7446.44613805,6.0,
294.284452117,0.98052062169,0.00735027787647,0.542843133453,0.239341604634,2.45956301692,3.69630344267,0.00735027787647,7552.04331213,6.0,
238.617472327,0.984737483156,0.00681990899268,0.538411660261,0.241706129069,2.4631121382,3.23283741241,0.00681990899268,7815.20630484,6.0,
245.714481568,0.983566219913,0.00760634483262,0.548064042657,0.242973838788,2.42273959727,3.31593378694,0.00760634483262,7474.09059896,6.0,
265.098710267,0.98259998038,0.00752429712945,0.551529899103,0.241952185789,2.45100058783,3.56697471311,0.00752429712945,7615.84768315,6.0,
215.909363258,0.98548914836,0.00774044567678,0.556063437752,0.246881337238,2.42191239418,3.08241088656,0.00774044567678,7437.64461366,6.0,
229.066111506,0.984731519033,0.00668796231164,0.543343960768,0.241538112916,2.48658450592,3.27820656037,0.00668796231164,7499.32529691,6.0,
226.303214177,0.984482214697,0.00723745309945,0.550007004157,0.242756673042,2.46007945659,3.20013709759,0.00723745309945,7289.82814259,6.0,
246.921168884,0.98338607908,0.0077101571893,0.560092953451,0.247451976857,2.40570501638,3.18079110389,0.0077101571893,7429.38209137,6.0,
198.705341728,0.987275322462,0.00748747138212,0.557418782444,0.247282755634,2.40357420653,2.80745404692,0.00748747138212,7805.97328303,6.0,
250.1695948,0.983226443944,0.00695028549378,0.543026207586,0.241072806084,2.47773292809,3.37148370062,0.00695028549378,7455.25223961,6.0,
274.170762669,0.981423346132,0.0070671066237,0.542996990513,0.241137480479,2.48041748313,3.67370772824,0.0070671066237,7377.60992025,6.0,
262.187519041,0.98280794469,0.00636134296805,0.539768523916,0.240961645181,2.49857338024,3.54549609018,0.00636134296805,7623.18670829,6.0,
275.351807657,0.981926835293,0.00681955318836,0.539570774735,0.241396025409,2.47851459257,3.56654310958,0.00681955318836,7615.83806683,6.0,
204.642809993,0.985711638321,0.00739509504044,0.5496626843,0.241871441514,2.46532218439,3.1368183203,0.00739509504044,7159.42553275,6.0,
285.031177008,0.981243438281,0.00775262166164,0.550319829413,0.241103802965,2.43254501151,3.60673301513,0.00775262166164,7596.44745423,6.0,
309.35208693,0.9798818993,0.00642055989389,0.541623342195,0.242564617465,2.48371169499,3.76734030669,0.00642055989389,7686.30226466,6.0,
192.337970956,0.98694158696,0.00713058417738,0.550266164103,0.242746062203,2.46800837086,2.98243119732,0.00713058417738,7362.56397237,6.0,
243.527343353,0.983513965816,0.00762540227933,0.549894526125,0.242164592632,2.4266222275,3.30164009343,0.00762540227933,7384.15069588,6.0,
282.967071189,0.981768104028,0.00778410260926,0.546021513006,0.241283791246,2.43595360238,3.61442571342,0.00778410260926,7758.21345666,6.0,
223.132070681,0.985183594877,0.0075222151585,0.546723130804,0.243716780393,2.43111830081,3.0774347517,0.0075222151585,7527.96566437,6.0,
254.242307302,0.98338933568,0.00747943742366,0.547237732451,0.242679949878,2.44518170641,3.33649842592,0.00747943742366,7651.18249961,6.0,
228.322280898,0.985177354791,0.00757824918264,0.543481629169,0.23959710779,2.43955309643,3.2014319082,0.00757824918264,7699.89200878,6.0,
265.088935716,0.982560252979,0.00738931193106,0.539219939304,0.239058972099,2.48816228615,3.5232812024,0.00738931193106,7598.3120018,6.0,
251.683025287,0.983040997507,0.00699839513687,0.542260590453,0.242987773854,2.47830871081,3.43746826445,0.00699839513687,7418.3778822,6.0,
225.869604956,0.985142886216,0.00708724179654,0.545109541576,0.243713008779,2.46373685683,3.15811922413,0.00708724179654,7599.38732256,6.0,
255.946074947,0.983846279604,0.00714954751642,0.54915882932,0.245201061541,2.43431212838,3.35746927998,0.00714954751642,7920.36358098,6.0,
239.973697573,0.984880883625,0.00689574172253,0.545402042119,0.246425736851,2.41826375504,3.08962120443,0.00689574172253,7934.23968492,6.0,
199.634634914,0.987024552151,0.00701962092731,0.548764826719,0.242231134458,2.47084788597,2.97829288108,0.00701962092731,7690.91077848,6.0,
206.946201889,0.985915192978,0.00785694580932,0.553099292673,0.245055445157,2.39323753249,3.00982532751,0.00785694580932,7344.64435672,6.0,
235.244109881,0.984315044769,0.00841748973574,0.554021973156,0.243482213496,2.41160622377,3.17464710064,0.00841748973574,7497.33616771,6.0,
249.84703463,0.983858506388,0.00736846128213,0.548767106311,0.243282703546,2.43852305315,3.34276937138,0.00736846128213,7737.4754979,6.0,
215.786559358,0.985467927103,0.00704529169349,0.548106517572,0.245876482167,2.46241844987,3.04541992485,0.00704529169349,7422.04847495,6.0,
260.695389459,0.982695355289,0.00667063618813,0.539641132195,0.24221665048,2.4901740293,3.34690768762,0.00667063618813,7529.95039856,6.0,
251.714735452,0.983045500348,0.00716647916123,0.538581856603,0.240043866047,2.4946199084,3.53727023459,0.00716647916123,7420.67446898,6.0,
237.411165837,0.983574872337,0.00761525154298,0.537408603126,0.239847580041,2.48132930077,3.47595714431,0.00761525154298,7224.86209898,6.0,
236.76043465,0.984530552033,0.00743119113108,0.548229870508,0.240531775871,2.43882827092,3.32492129583,0.00743119113108,7650.11172594,6.0,
268.148319285,0.981854939356,0.0072461999557,0.543212263719,0.242860482087,2.47106500199,3.45633187773,0.0072461999557,7386.71171522,6.0,
267.17710978,0.982120860154,0.00751637661584,0.549924124698,0.243441295095,2.44622620548,3.41423783894,0.00751637661584,7469.4055091,6.0,
224.577383975,0.985131849341,0.00712837844841,0.547225544329,0.244007757765,2.45559838785,3.17010256931,0.00712837844841,7549.85425441,6.0,
240.821036864,0.984241781838,0.00720714140733,0.544624961583,0.243505741865,2.46936516212,3.29559764395,0.00720714140733,7638.90592758,6.0,
178.678023764,0.987780900641,0.0078098339653,0.55081072375,0.244242454691,2.44701206967,2.92556108459,0.0078098339653,7309.13370004,6.0,
237.433609221,0.984143134812,0.00776001620364,0.550636768366,0.240916670708,2.44795147742,3.27645475779,0.00776001620364,7484.65849293,6.0,
196.627424596,0.987394140671,0.00723934427677,0.544075656903,0.242142131636,2.4559808524,2.89202295115,0.00723934427677,7796.82258235,6.0,
238.343505636,0.98388447436,0.00779724674284,0.54868706437,0.240317842756,2.45415991341,3.32421041942,0.00779724674284,7392.66961882,6.0,
204.777470296,0.986244100057,0.00820491083394,0.552065422117,0.241579089409,2.41572295722,3.08827561694,0.00820491083394,7440.63616815,7.0,
234.512465726,0.984702057725,0.00670053793179,0.553464694052,0.244744577015,2.45382451914,3.24157103686,0.00670053793179,7662.08161861,7.0,
251.411902102,0.983107558687,0.00622544376508,0.550669713964,0.243380538201,2.45407228309,3.36610135067,0.00622544376508,7438.90162166,7.0,
307.660378796,0.979393623249,0.00663356808134,0.540230610364,0.239845647956,2.48711365147,3.86125215802,0.00663356808134,7462.6824727,7.0,
245.590332081,0.983649377484,0.00717456984211,0.552856443244,0.242133826416,2.45049149213,3.38031887885,0.00717456984211,7507.66302465,7.0,
225.477378897,0.984844959806,0.00708431543491,0.551257958551,0.242997772586,2.46899149109,3.24878135473,0.00708431543491,7436.72191042,7.0,
253.572331675,0.983172174101,0.00715966989156,0.550400549414,0.24236038835,2.44483364462,3.36414644054,0.00715966989156,7531.80131078,7.0,
283.995531634,0.981343374703,0.00544703157043,0.525349921137,0.237099262598,2.53470239885,3.72864831929,0.00544703157043,7608.55389882,7.0,
252.961130293,0.9832561943,0.00696501527705,0.552749496969,0.244519687872,2.4523962303,3.28412206763,0.00696501527705,7551.47557399,7.0,
232.809637453,0.984537953361,0.00640348257558,0.550174245415,0.24441797578,2.43515634393,3.13156291256,0.00640348257558,7525.86702728,7.0,
225.414339393,0.985361578705,0.0066156064088,0.547058502443,0.244528873047,2.48078125729,3.17284452117,0.0066156064088,7696.90572972,7.0,
188.630877425,0.987236435523,0.00744211148764,0.560228614479,0.247806971031,2.42247798333,2.83667614502,0.00744211148764,7387.1000468,7.0,
284.697750584,0.981311415831,0.00514322882357,0.531544511011,0.241889469489,2.54186589322,3.57944043871,0.00514322882357,7614.43464473,7.0,
225.373489388,0.98493052771,0.00629008155025,0.548037593295,0.242986130127,2.47312876213,3.12067127044,0.00629008155025,7475.54246908,7.0,
272.153092312,0.981821255336,0.00550957964978,0.532056590202,0.241040578167,2.5200278475,3.52711485732,0.00550957964978,7483.09875219,7.0,
253.319285061,0.983254354065,0.0068072431323,0.541843416311,0.239776686734,2.49251682971,3.43388849396,0.0068072431323,7561.29718392,7.0,
212.936732,0.985502031776,0.00669231962544,0.544842383218,0.243212790414,2.47098185335,3.07570833756,0.00669231962544,7341.41984795,7.0,
236.045876917,0.984257062256,0.00534725424103,0.529867427222,0.240547352804,2.52558234454,3.34911648218,0.00534725424103,7494.48910302,7.0,
215.268609729,0.985493438355,0.00590515541796,0.538046706885,0.244020111902,2.51429248157,3.14867472327,0.00590515541796,7417.24660217,7.0,
276.486975729,0.981721276852,0.00660241973341,0.540162501036,0.24008184861,2.49343607592,3.68231441048,0.00660241973341,7560.64306774,7.0,
271.720777902,0.981702863115,0.00652557760216,0.5407897912,0.239852938744,2.4940961197,3.59190616431,0.00652557760216,7422.89588609,7.0,
249.730882502,0.983288914802,0.00608411081133,0.537692330979,0.241428910046,2.48597750899,3.35696151112,0.00608411081133,7469.74454421,7.0,
251.334822789,0.983267735957,0.00637199389308,0.539807646549,0.243640026872,2.49068515763,3.33335025896,0.00637199389308,7508.30212682,7.0,
217.057250939,0.984937921807,0.00647265815499,0.539053867783,0.239768294636,2.50210425687,3.27741951864,0.00647265815499,7203.35860428,7.0,
196.06131309,0.986888988299,0.00638484410135,0.547038495997,0.248197289198,2.45006305177,2.90197522088,0.00638484410135,7474.79077379,7.0,
210.768482787,0.985547436264,0.00580252649739,0.53424029849,0.23629014338,2.5160992959,3.25655021834,0.00580252649739,7289.27909217,7.0,
248.195821062,0.983512633828,0.00640133485818,0.542848450234,0.242786221939,2.47146844065,3.25528079618,0.00640133485818,7524.63003813,7.0,
268.90705291,0.981413233573,0.0068749890487,0.539846065538,0.240182013539,2.47592696391,3.6074185031,0.0068749890487,7231.68196717,7.0,
273.360668224,0.981717471754,0.00556998259003,0.531300380849,0.238811068877,2.54291507315,3.66857926272,0.00556998259003,7473.80000203,7.0,
261.141108967,0.982241080776,0.00709120334249,0.536142170747,0.239053504315,2.45936901468,3.67792220981,0.00709120334249,7350.16734771,7.0,
218.026632477,0.985076597414,0.00567718669008,0.535372875625,0.239356985739,2.53040398978,3.26863511729,0.00567718669008,7302.53481855,7.0,
217.106910734,0.984781040674,0.00687053118151,0.544660578129,0.239764731474,2.46094719754,3.20186351173,0.00687053118151,7130.67313741,7.0,
245.415481873,0.983550857596,0.00566948919875,0.523146648674,0.236325255164,2.5144886185,3.50139636437,0.00566948919875,7457.52612009,7.0,
295.053620392,0.981219803993,0.00613206833518,0.531138437307,0.241331657447,2.5117461643,3.70183812329,0.00613206833518,7853.34651132,7.0,
211.892936935,0.985729306485,0.00788169483604,0.552906228452,0.241447405675,2.42086185077,3.16190210216,0.00788169483604,7422.17515859,7.0,
263.20678887,0.982766297327,0.00661226880957,0.548385077663,0.242621495283,2.45744571652,3.37592667818,0.00661226880957,7634.27884226,7.0,
247.082893267,0.983385905092,0.00613720171493,0.537567880236,0.239012941081,2.51263995303,3.43756981822,0.00613720171493,7433.92434832,7.0,
258.591601503,0.982400252783,0.00653618727452,0.538242904949,0.240203886957,2.47595611802,3.53132933888,0.00653618727452,7344.3341036,7.0,
281.875266579,0.981284295792,0.00564382616746,0.522757304119,0.235123919643,2.54869878449,3.81159236316,0.00564382616746,7528.34147681,7.0,
192.110998274,0.986788871475,0.00588720534774,0.536010363188,0.239381322889,2.51410451885,3.07616532954,0.00588720534774,7268.75024008,7.0,
276.875190413,0.981528406363,0.00599336266117,0.541843181826,0.242031747175,2.51059875103,3.60470193968,0.00599336266117,7492.15003946,7.0,
217.879176399,0.985571971876,0.00622462000073,0.547836040701,0.24528304341,2.47808077124,3.07720625571,0.00622462000073,7547.62156558,7.0,
224.901112014,0.984759907912,0.00562821331911,0.539400969862,0.244256246886,2.51780128655,3.22339291155,0.00562821331911,7375.97546632,7.0,
281.479054534,0.981109877444,0.00587517374724,0.538876960821,0.243620072317,2.52029631473,3.61457804407,0.00587517374724,7447.90080117,7.0,
245.733954504,0.98243401262,0.00502366439076,0.527554161839,0.236552858302,2.58790500772,3.61813242612,0.00502366439076,6991.49541624,7.0,
234.882273789,0.984245704181,0.00593334388645,0.550986340251,0.244881535185,2.50417967473,3.18084188078,0.00593334388645,7452.06266631,7.0,
230.397481466,0.984135502885,0.00650524261167,0.548002934506,0.248341178961,2.46548302884,3.20320909922,0.00650524261167,7258.91499255,7.0,
271.276657865,0.981539254703,0.00638124480545,0.547721828522,0.244416869257,2.47190293666,3.52769879151,0.00638124480545,7345.44318061,7.0,
236.013024271,0.984126872679,0.0063471314215,0.552327771118,0.246391853035,2.45733291222,3.20973392912,0.0063471314215,7431.93173562,7.0,
253.635828171,0.983452156258,0.00605309008886,0.543208181331,0.244185140688,2.47397839589,3.28998679801,0.00605309008886,7662.02599886,7.0,
