275.66725151,0.883537232433,0.239843888949,0.723968274274,0.110667429669,1.59373973771,3.03022428205,0.239843888949,1183.85454123,1.0,
270.391061822,0.880900717452,0.257234263474,0.742357758377,0.111622450228,1.49900949459,2.8463461061,0.257234263474,1137.15841045,1.0,
283.143672929,0.861346069271,0.245992048063,0.738473102909,0.115547105339,1.5427046486,2.84358189191,0.245992048063,1021.50458692,1.0,
263.898336506,0.883036967399,0.260902668376,0.748388132853,0.111583419407,1.49027843311,2.68674997931,0.260902668376,1128.44020601,1.0,
272.725564843,0.869148474289,0.251378166309,0.740754375378,0.113396900279,1.51111298652,2.78028635273,0.251378166309,1045.66566209,1.0,
225.593296367,0.897676571053,0.255269953732,0.746074016718,0.115028351099,1.49289488278,2.44715716296,0.255269953732,1102.37781281,1.0,
281.559645783,0.876836647877,0.258278223747,0.743543538858,0.110449848355,1.49808949432,2.85141107341,0.258278223747,1145.49243318,1.0,
248.901729703,0.882618841073,0.260046558847,0.751426883934,0.113783736392,1.458432384,2.59174046181,0.260046558847,1060.22862603,1.0,
250.592038401,0.888193886467,0.259638207247,0.725674602216,0.102794670756,1.58462740088,2.84459157494,0.259638207247,1120.46518622,1.0,
254.641231482,0.903134065896,0.255663454261,0.72685145433,0.105169475233,1.56496501853,2.88633617479,0.255663454261,1314.15369249,1.0,
256.05131176,0.892849378941,0.257880903464,0.728807143177,0.106977001884,1.54213353725,2.84624679301,0.257880903464,1194.39607832,1.0,
248.016171481,0.890890084027,0.247714870488,0.727664153356,0.109431647801,1.59440293646,2.77985599603,0.247714870488,1135.94728706,1.0,
201.63810312,0.923260553637,0.257724682001,0.727626147189,0.106015764184,1.54527639397,2.49173218572,0.257724682001,1313.78393171,1.0,
284.199486882,0.892969902733,0.248987028662,0.723232190276,0.105888816481,1.59320953761,3.04699164115,0.248987028662,1327.66153698,1.0,
255.299611024,0.898994186465,0.236440271268,0.715257093091,0.109613995706,1.63405625601,2.86250103451,0.236440271268,1264.29436045,1.0,
276.276173136,0.884585150507,0.250373331814,0.722834471329,0.10633427418,1.58258197736,2.97090126624,0.250373331814,1197.35594796,1.0,
234.471025408,0.895905817412,0.247608423102,0.732245289237,0.111445328305,1.57004430862,2.65985268559,0.247608423102,1125.6433214,1.0,
197.848464785,0.907953081499,0.257181252112,0.730837579026,0.107770258788,1.57547036675,2.45268559133,0.257181252112,1074.55373177,1.0,
262.162409998,0.88506982778,0.236893956912,0.723160165118,0.113913700974,1.60918200558,2.86339485227,0.236893956912,1140.47154858,1.0,
275.258843003,0.879317683538,0.245459944288,0.728701310613,0.110456077267,1.5696900848,2.9457419515,0.245459944288,1139.82907734,1.0,
212.742812216,0.908385093292,0.243544074366,0.729880536714,0.113386902774,1.5693462584,2.50211040305,0.243544074366,1159.10846169,1.0,
212.149151701,0.909970642497,0.245136831144,0.73093603465,0.112712299839,1.5578507307,2.49366879086,0.245136831144,1177.83287969,1.0,
227.960440288,0.890618275137,0.256399455478,0.731836543276,0.109860831996,1.54509286044,2.58793346023,0.256399455478,1042.04080057,1.0,
212.721128859,0.911496972369,0.240983567759,0.726324040974,0.113988487107,1.56190351587,2.55352147645,0.240983567759,1201.70877134,1.0,
291.794868824,0.878098171858,0.245707027264,0.723005949369,0.108879189862,1.59321279757,3.09596954399,0.245707027264,1196.66218556,1.0,
293.955623603,0.874890418185,0.250983431799,0.720222898241,0.104484288767,1.60240303625,3.19131010511,0.250983431799,1174.105032,1.0,
246.173698585,0.894113842667,0.241110191188,0.723795264035,0.111655880705,1.60303961705,2.81996192998,0.241110191188,1162.4451429,1.0,
207.818720516,0.918674085434,0.248409749748,0.726146437306,0.109229041168,1.58697472017,2.5625093106,0.248409749748,1277.69064526,1.0,
254.610560291,0.904861080172,0.23982422195,0.71810429195,0.108985144402,1.64894649561,2.94551022097,0.23982422195,1337.59846902,1.0,
255.974906894,0.893828172582,0.244984799302,0.715261209048,0.105476080718,1.60509761919,2.99852685591,0.244984799302,1205.8746873,1.0,
294.39506745,0.890285288038,0.246672005566,0.722106474588,0.107262469632,1.62258133141,3.1773897211,0.246672005566,1341.43389328,1.0,
246.112372755,0.905779057881,0.236537942696,0.722496950406,0.113064489663,1.59188311685,2.76896466109,0.236537942696,1306.65251508,1.0,
246.950177936,0.896192727223,0.235536136169,0.723400108447,0.115306924008,1.59278099167,2.73566167343,0.235536136169,1189.54407043,1.0,
272.569444674,0.895144067389,0.255193763016,0.730992696223,0.106934626779,1.58837934119,2.90426218654,0.255193763016,1300.58980479,1.0,
219.347330961,0.911629982884,0.260649749739,0.736153020358,0.108902146924,1.51274106741,2.51237275511,0.260649749739,1239.87308635,1.0,
251.423024083,0.900237802569,0.259322975259,0.733290615143,0.107945917038,1.55469677314,2.77854837375,0.259322975259,1259.47311008,1.0,
278.188827278,0.87115404922,0.252311475329,0.733869130668,0.110155064914,1.58016984133,2.92953736655,0.252311475329,1081.37682104,1.0,
247.266605975,0.901674365036,0.247253143139,0.722027488296,0.10689848686,1.613624278,2.86710254076,0.247253143139,1258.79546283,1.0,
221.954448399,0.910063062144,0.255635866654,0.722299696878,0.103735871514,1.64596346374,2.67744765373,0.255635866654,1233.94488233,1.0,
253.910121659,0.901839172183,0.24786335107,0.72381485786,0.107305505973,1.60731554675,2.86614251428,0.24786335107,1292.9421695,1.0,
246.992601175,0.895430820376,0.233378073172,0.712528467941,0.109963724118,1.60295047995,2.86137548622,0.233378073172,1180.14534277,1.0,
252.611040305,0.892168324712,0.248029738637,0.729355971535,0.111772578326,1.55529400931,2.73905487048,0.248029738637,1171.19577798,1.0,
275.669734337,0.888253402328,0.248414950336,0.725745832328,0.107716552575,1.60025109257,2.98017048746,0.248414950336,1233.22290182,1.0,
294.435421667,0.885445342279,0.257987216601,0.726803387294,0.104853385578,1.58539230309,3.12935529256,0.257987216601,1284.33674526,1.0,
233.652040056,0.910981480603,0.251736001361,0.723938407046,0.105995563769,1.57346046928,2.73137465861,0.251736001361,1311.97903141,1.0,
303.228751138,0.892596910481,0.235362927727,0.711882096041,0.107895473448,1.64205642162,3.2515931474,0.235362927727,1412.54807364,1.0,
244.188926591,0.907468495587,0.252634886009,0.727890338804,0.10764031371,1.59908686754,2.76656459489,0.252634886009,1319.63483544,1.0,
249.007796077,0.895390699609,0.252211508541,0.729130150365,0.108438850415,1.5830359581,2.78821484731,0.252211508541,1190.92886115,1.0,
212.628271125,0.91123634516,0.248000130193,0.727985032936,0.110757054767,1.58132781103,2.55848713068,0.248000130193,1197.47456321,1.0,
228.359463709,0.898405940609,0.248285661681,0.734248209258,0.11286390602,1.52745322922,2.58003807002,0.248285661681,1124.5227355,1.0,
207.839708682,0.899462947569,0.234034212959,0.726314403059,0.117015380928,1.59456301974,2.44541918398,0.234034212959,1033.1206695,2.0,
235.113183812,0.891513852242,0.228127890206,0.728606190344,0.119556350798,1.58448868804,2.57149714475,0.228127890206,1085.84936966,2.0,
293.111859638,0.883605475162,0.229591803264,0.721157452595,0.11509455633,1.56819920543,3.02482827112,0.229591803264,1257.91573938,2.0,
240.227029711,0.891815349384,0.230497399196,0.72710081327,0.11567344742,1.60989704835,2.68516096996,0.230497399196,1110.87808092,2.0,
236.897508897,0.887295063,0.221029487697,0.728324407826,0.120481335053,1.58346814329,2.61327484896,0.221029487697,1052.63029829,2.0,
260.65252007,0.889879523715,0.212853811785,0.715324879436,0.120875846822,1.65143605721,2.85273524787,0.212853811785,1184.48641494,2.0,
275.334138873,0.884330098756,0.217662502624,0.714388129422,0.118810580419,1.66285356983,2.97816767359,0.217662502624,1190.42278068,2.0,
323.936406522,0.859044479416,0.216694811424,0.718201710615,0.121359618251,1.60340159772,3.23922866838,0.216694811424,1148.91087441,2.0,
335.444144666,0.842318813953,0.212911720171,0.716167889058,0.121262497333,1.66599176657,3.28206571216,0.212911720171,1063.99542716,2.0,
332.764263842,0.858152064749,0.21022207669,0.711617166954,0.118589795211,1.68594782886,3.38222295787,0.21022207669,1175.10325428,2.0,
302.630820161,0.878605021677,0.23324798999,0.725657554095,0.115222661491,1.59963453973,3.06369279153,0.23324798999,1248.03785031,2.0,
244.46322933,0.900718582564,0.228648125946,0.721300593112,0.114967433272,1.63917590815,2.80758089878,0.228648125946,1230.41100758,2.0,
226.971017132,0.90760047205,0.224626481644,0.721425198886,0.116907044418,1.59039097896,2.59405776711,0.224626481644,1229.04130948,2.0,
282.771844741,0.88732476695,0.226780396665,0.717885857637,0.114359000573,1.62724975199,3.06011752048,0.226780396665,1255.27858764,2.0,
258.978515269,0.877842652157,0.23773013533,0.7309738075,0.116318818181,1.56804945523,2.71149548953,0.23773013533,1062.14618019,2.0,
249.02838699,0.88724883026,0.23601236445,0.732278574062,0.117528641501,1.53721877371,2.62663245883,0.23601236445,1105.32393217,2.0,
245.981411901,0.889503325832,0.229967978729,0.728940164006,0.117767677753,1.5744307599,2.67355789125,0.229967978729,1111.56305359,2.0,
322.753124224,0.861909024726,0.223351304269,0.717031583513,0.116628304823,1.61791223102,3.3518497062,0.223351304269,1168.8906346,2.0,
264.149399983,0.876463212632,0.227203262896,0.72785724042,0.119392677439,1.58863506956,2.81198377886,0.227203262896,1069.21389619,2.0,
248.747678557,0.898096707217,0.219108668697,0.718455066036,0.118804181203,1.60934878216,2.74016386659,0.219108668697,1220.1926103,2.0,
336.331126376,0.873175462423,0.205831941365,0.697983722912,0.115295509587,1.72424637686,3.62183232641,0.205831941365,1326.03134805,2.0,
271.967226682,0.879854643652,0.232324759403,0.725474140594,0.116164950034,1.61834593475,2.91824877928,0.232324759403,1132.20415894,2.0,
266.852271787,0.886478045426,0.215659497792,0.717202741066,0.120087109496,1.62627493082,2.90159728544,0.215659497792,1175.33332116,2.0,
294.391492179,0.859947699904,0.224124286042,0.725980288782,0.120703890726,1.5415637843,2.95429942895,0.224124286042,1053.47378248,2.0,
265.254059422,0.883936918664,0.219588213716,0.720914725095,0.119408174322,1.58883460523,2.87418687412,0.219588213716,1143.47190509,2.0,
325.587585864,0.85578479015,0.214782839615,0.717247446143,0.120848006901,1.64963459554,3.26157411239,0.214782839615,1130.27452992,2.0,
271.655449806,0.883770066424,0.224304153712,0.722782340672,0.117510641805,1.62646717181,2.93238434164,0.224304153712,1171.03951377,2.0,
214.356467765,0.908312016857,0.227665702031,0.723077903789,0.117251061632,1.6093049705,2.48885210626,0.227665702031,1169.24533158,2.0,
262.027658694,0.890994392509,0.218154429655,0.720422102155,0.120283219112,1.62504329049,2.87599106182,0.218154429655,1201.15488417,2.0,
323.492460482,0.868704583069,0.220179382598,0.720616352187,0.119434347708,1.63038835943,3.1877017297,0.220179382598,1232.38170519,2.0,
289.956087064,0.864853740592,0.220932433808,0.724658359146,0.12090378025,1.60513297105,2.8650004138,0.220932433808,1074.36093302,2.0,
319.730133245,0.858808229103,0.216545162614,0.719705860232,0.119756253926,1.6596552566,3.16034097492,0.216545162614,1133.26563512,2.0,
356.336224448,0.855249938558,0.227027686765,0.723594904017,0.117507772974,1.58364282014,3.38957212613,0.227027686765,1231.16744776,2.0,
312.469320533,0.860677228828,0.217602477509,0.721759480052,0.120051080907,1.63847864097,3.13342712902,0.217602477509,1122.02811775,2.0,
302.558470578,0.865493772395,0.22154959686,0.727327599492,0.119697392254,1.60569793783,3.04520400563,0.22154959686,1128.88760823,2.0,
302.596474386,0.880477677028,0.224515382168,0.722117537919,0.117644509455,1.59121486119,3.05828022842,0.224515382168,1267.87971946,2.0,
411.786278242,0.831554836336,0.20869478452,0.712765610295,0.120377564762,1.64263282253,3.79481916743,0.20869478452,1225.0640632,2.0,
338.012943805,0.861717698216,0.222872618983,0.722031100178,0.11884099306,1.54562334245,3.19615989407,0.222872618983,1222.36239599,2.0,
323.075726227,0.853146833714,0.232949115387,0.734367229422,0.12072942374,1.52395961254,2.96896466109,0.232949115387,1102.55260175,2.0,
299.083207813,0.873869630286,0.223906443288,0.724505106064,0.118975423502,1.5859449462,2.91854671853,0.223906443288,1187.61290855,2.0,
292.728494579,0.882639597471,0.227309305347,0.721052735069,0.116832740768,1.57252572253,3.0062732765,0.227309305347,1250.54453117,2.0,
366.736274104,0.838641257232,0.22869927976,0.724992657746,0.117194708548,1.58868181932,3.40091036994,0.22869927976,1142.37241496,2.0,
298.523065464,0.880382267483,0.220016583551,0.718338160836,0.118238827835,1.61828895172,3.09898204088,0.220016583551,1251.82263011,2.0,
299.734834064,0.880709453218,0.209213313945,0.704335497564,0.118571273634,1.64892411649,3.16325415874,0.209213313945,1258.99038362,2.0,
347.154365638,0.864444806761,0.212095039983,0.716736880512,0.122371081254,1.5908001591,3.33461888604,0.212095039983,1282.2266268,2.0,
338.454407018,0.849033408044,0.207228720761,0.715310262246,0.124314940239,1.63263465739,3.27940081106,0.207228720761,1124.28645707,2.0,
293.32910701,0.861187126891,0.235156285059,0.72839054443,0.115774147348,1.59801570964,2.98584788546,0.235156285059,1058.65350205,2.0,
346.083571961,0.861693316754,0.215128404984,0.71452556462,0.120517344001,1.62873712015,3.39159149218,0.215128404984,1249.48973249,2.0,
293.198907556,0.87414686511,0.218089300392,0.720602295967,0.120019181858,1.61776714449,2.94857237441,0.218089300392,1165.80847761,2.0,
356.467880493,0.856429649044,0.22173721911,0.717760462758,0.115743225509,1.62270735195,3.48540925267,0.22173721911,1241.4257024,2.0,
251.022858562,0.872257273863,0.240124189712,0.737482254175,0.115362860796,1.55243928777,2.77047090954,0.240124189712,982.532885251,3.0,
342.952097989,0.852887215279,0.224091753739,0.724337597568,0.119178810604,1.58751644851,3.50785400977,0.224091753739,1165.95244577,3.0,
243.057518828,0.891793927941,0.251932208333,0.742572804608,0.112410175283,1.51375316992,2.71829843582,0.251932208333,1123.40002702,3.0,
354.607117438,0.851694618457,0.233671219512,0.729378823547,0.116374756183,1.55568927407,3.51990399735,0.233671219512,1196.41248243,3.0,
243.001804188,0.885537684996,0.240261298701,0.738273142549,0.117565411149,1.53717136935,2.69356947778,0.240261298701,1063.6763845,3.0,
262.946850948,0.880054483582,0.24173707541,0.739549481918,0.116804563615,1.51095173515,2.82406687081,0.24173707541,1096.1095454,3.0,
244.338359679,0.886884567864,0.252299284003,0.74586832573,0.115900513579,1.48542022829,2.64722337168,0.252299284003,1080.03989847,3.0,
216.227691798,0.898680698478,0.240255643315,0.738044639857,0.11575125956,1.52950267912,2.49391707357,0.240255643315,1067.0607108,3.0,
325.330298767,0.845792489764,0.242102334628,0.74581841176,0.120015260116,1.44837010975,3.02057436067,0.242102334628,1053.51845094,3.0,
232.985649259,0.880247730223,0.240962650887,0.746635899142,0.119940819846,1.47639746076,2.52268476372,0.240962650887,972.916786779,3.0,
285.696002648,0.858632667752,0.256760030277,0.74715339225,0.112473415482,1.48926477102,2.92361168584,0.256760030277,1010.69165233,3.0,
286.159049905,0.861176317517,0.234710267966,0.735031938056,0.118307008654,1.53544816103,2.94107423653,0.234710267966,1030.3605365,3.0,
240.832011918,0.89288214442,0.23916168595,0.734739574193,0.115675257162,1.54749690555,2.66291483903,0.23916168595,1125.43923921,3.0,
280.550691054,0.875961523838,0.234701739134,0.734127614792,0.116910898623,1.53638944073,2.91245551601,0.234701739134,1132.46309826,3.0,
160.62474551,0.913744630093,0.255842464938,0.751550024919,0.115308942393,1.44433328303,1.95017793594,0.255842464938,932.738213574,3.0,
205.253893901,0.905419017284,0.25316695636,0.740091677081,0.113817571106,1.49516586477,2.34216668046,0.25316695636,1089.94998581,3.0,
317.48918315,0.854555252093,0.239198082391,0.729719673274,0.115072358244,1.54723404481,3.17922701316,0.239198082391,1092.51571023,3.0,
301.547066126,0.868299365825,0.245328940551,0.734185506623,0.113353577892,1.53988796889,2.99081353968,0.245328940551,1144.82009907,3.0,
286.62709592,0.858210576552,0.249630522873,0.739513908568,0.112496561011,1.54633524507,3.02954564264,0.249630522873,1010.74921158,3.0,
288.250864851,0.862885952407,0.240603523771,0.734102651639,0.115798645393,1.5496644811,2.94503020773,0.240603523771,1050.51653663,3.0,
308.614913515,0.859039918721,0.243394542269,0.732065745268,0.113813142611,1.55247461354,3.14236530663,0.243394542269,1094.91136744,3.0,
250.286849292,0.896733970263,0.240304058478,0.722510459328,0.111198631391,1.61020758516,2.85217247372,0.240304058478,1212.25899886,3.0,
225.239179012,0.903324658119,0.240189746375,0.7322180933,0.115373683467,1.55337144868,2.63015807333,0.240189746375,1165.74300201,3.0,
294.492576347,0.88033006236,0.242295345412,0.727531347513,0.110672349222,1.56867556619,3.15251179343,0.242295345412,1230.22507409,3.0,
302.61852189,0.866800990894,0.232251401036,0.725601443641,0.115986678409,1.56768285749,3.10969130183,0.232251401036,1135.9638631,3.0,
253.332433998,0.884384755848,0.256130350417,0.746847476461,0.114114339405,1.48013441154,2.69345361251,0.256130350417,1096.45973796,3.0,
289.211718944,0.868554687847,0.235714562732,0.733826869047,0.117656213047,1.53140221367,2.96648183398,0.235714562732,1100.12184614,3.0,
275.498402715,0.876138836052,0.251419720598,0.738416900304,0.112659465324,1.49819310148,2.89481089133,0.251419720598,1112.69699007,3.0,
245.525597948,0.890619023453,0.250455752167,0.739154560252,0.112844918048,1.54726245956,2.70573533063,0.250455752167,1121.17950108,3.0,
234.295572292,0.887321167649,0.242968844236,0.741642313073,0.117279491803,1.49530631087,2.61473144087,0.242968844236,1039.38669107,3.0,
240.296896466,0.902724624394,0.237681006737,0.726309017113,0.112980986162,1.57562921523,2.80478358024,0.237681006737,1234.92746277,3.0,
242.333592651,0.895861500771,0.248480203435,0.73595994072,0.112274672716,1.54293254262,2.69790614914,0.248480203435,1163.81875415,3.0,
277.35916577,0.868099137976,0.238128011782,0.73158805332,0.116098365173,1.57962495744,2.91278655963,0.238128011782,1051.39254405,3.0,
229.392054953,0.893691537548,0.239595650348,0.729383768258,0.112953611988,1.58029744853,2.67756351899,0.239595650348,1079.42515024,3.0,
284.24265497,0.872083304422,0.235122064525,0.728286645047,0.115480067384,1.61413303103,3.03212778284,0.235122064525,1111.58571,3.0,
275.138939005,0.883740272774,0.250488293236,0.73524737597,0.111550854309,1.53092093452,2.8357692626,0.250488293236,1191.90736045,3.0,
319.999172391,0.876686890321,0.245504764903,0.7243225283,0.108507538891,1.59103697095,3.27650417943,0.245504764903,1297.50670153,3.0,
315.045038484,0.858427974846,0.246544726789,0.731266794918,0.111605093855,1.53352449925,3.16245965406,0.246544726789,1111.79948837,3.0,
284.957543656,0.859947178908,0.253871852134,0.736365880859,0.110840992436,1.51572631503,2.94413638997,0.253871852134,1017.71547399,3.0,
290.662534139,0.868594084764,0.241051589646,0.727536196867,0.113295313115,1.59706006645,3.09438053464,0.241051589646,1108.07374286,3.0,
282.465629397,0.885938465275,0.230418850653,0.721198377524,0.113979037983,1.62519457493,2.96762393445,0.230418850653,1242.57965088,3.0,
260.134023008,0.884659914229,0.239641874809,0.731852723085,0.116828452394,1.54330548948,2.79597782008,0.239641874809,1127.71444969,3.0,
308.248977903,0.872068367146,0.242342895911,0.726156310605,0.11178866359,1.57608317401,3.19440536291,0.242342895911,1204.74104421,3.0,
332.50345113,0.867762865853,0.241735623344,0.725621213054,0.110180996765,1.57851712637,3.40054622196,0.241735623344,1257.22420285,3.0,
251.508267814,0.877310859443,0.247851487966,0.731821995322,0.110585266397,1.57777893714,2.73200364148,0.247851487966,1025.19898793,3.0,
218.269237772,0.895874137146,0.237793331427,0.732977786776,0.116262189498,1.52564774843,2.50934370603,0.237793331427,1047.42139221,3.0,
256.993975006,0.889140058483,0.251118449264,0.73612956651,0.110643576186,1.53255267477,2.84768683274,0.251118449264,1158.85382218,3.0,
237.736555491,0.886915231797,0.236370465805,0.729552340901,0.116797261625,1.56767478418,2.67959943723,0.236370465805,1049.54970536,3.0,
289.473359265,0.875248292636,0.252945659881,0.731963634897,0.10875584754,1.57738830528,3.09474468261,0.252945659881,1159.85680357,3.0,
222.655797401,0.898335059794,0.246686410607,0.730464741311,0.110894623308,1.55802819116,2.6609616817,0.246686410607,1094.39571639,3.0,
327.969163287,0.857813485894,0.204957027858,0.699774468773,0.117701064078,1.70855080118,3.48193329471,0.204957027858,1153.88887572,4.0,
334.734701647,0.868714105088,0.198580449472,0.700661431063,0.121462078979,1.69217115407,3.44459157494,0.198580449472,1274.74099914,4.0,
308.862103782,0.872948470129,0.223937126809,0.719571032021,0.119321951168,1.55543127038,2.98829760821,0.223937126809,1214.08162451,4.0,
326.154398742,0.871040796576,0.206806524672,0.706298829792,0.119479121069,1.67187506636,3.40054622196,0.206806524672,1265.14177254,4.0,
297.883704378,0.862978958425,0.215810836478,0.722923155779,0.123615248013,1.56929916116,2.93764793512,0.215810836478,1087.18522609,4.0,
333.884796822,0.860822899206,0.215223173376,0.713633347565,0.117442205656,1.63491452924,3.30391459075,0.215223173376,1200.3248824,4.0,
394.815012828,0.840893762469,0.203631839144,0.705125941314,0.120841040991,1.67953620125,3.77940908715,0.203631839144,1242.01291636,4.0,
367.152760076,0.855874315113,0.211421136225,0.708196979787,0.118548870302,1.62423896193,3.5709343706,0.211421136225,1273.50125051,4.0,
402.783282297,0.813721291627,0.209643927633,0.71458124976,0.12293838464,1.58706257183,3.70414632128,0.209643927633,1081.99839536,4.0,
330.313283125,0.863176402861,0.199332373002,0.70463715837,0.123391272097,1.66960496132,3.40552842837,0.199332373002,1207.85292491,4.0,
242.509277497,0.884045843219,0.231044612127,0.731811429008,0.119244225118,1.51305254596,2.64533642307,0.231044612127,1048.02407478,4.0,
216.133691964,0.909568687305,0.211722838795,0.701763658252,0.115921776522,1.67688305102,2.67001572457,0.211722838795,1195.52870938,4.0,
297.242737731,0.890249627867,0.215521243042,0.70212468441,0.113296139705,1.67162368399,3.20251593147,0.215521243042,1355.06666533,4.0,
330.692510138,0.879711349595,0.211372907365,0.697756087585,0.113854970918,1.70394618904,3.46404038732,0.211372907365,1376.64246765,4.0,
330.796524042,0.868792330432,0.207536346664,0.695328719269,0.114984306182,1.68427911327,3.45725399321,0.207536346664,1260.58379488,4.0,
326.574459985,0.860472120744,0.211694456661,0.696971613271,0.113731096769,1.72007622251,3.47731523628,0.211694456661,1171.25543832,4.0,
317.584805098,0.875476222001,0.206357525638,0.694405834511,0.116838430696,1.73251123866,3.40385665811,0.206357525638,1276.13550927,4.0,
243.645882645,0.903434702211,0.218657501428,0.703992277974,0.112842537274,1.70197617446,2.87928494579,0.218657501428,1263.40240234,4.0,
374.373781346,0.863149158191,0.199310161326,0.686022834519,0.115228271866,1.72883746438,3.826831085,0.199310161326,1369.02099129,4.0,
309.214698337,0.893504076741,0.202116990904,0.687505099386,0.113028363677,1.73374322719,3.43530580154,0.202116990904,1451.50404123,4.0,
166.499544815,0.932515410381,0.240442683095,0.72023701616,0.110116152637,1.58369041334,2.24474054457,0.240442683095,1236.30493276,4.0,
289.695224696,0.880171525387,0.209034972862,0.705799994557,0.118765877019,1.67028672938,3.13976661425,0.209034972862,1210.35860222,4.0,
282.608408508,0.885551248149,0.211571654083,0.708371737285,0.117339526347,1.66954287181,3.03797070264,0.211571654083,1233.91972594,4.0,
292.350691054,0.895541612823,0.214701501461,0.693818675929,0.110939654758,1.7039987242,3.28228089051,0.214701501461,1399.5214986,4.0,
337.312074816,0.881469571674,0.200012739823,0.685314984105,0.114504657558,1.74511453342,3.6908880245,0.200012739823,1423.17124907,4.0,
290.798824795,0.875809618345,0.201946162755,0.705873074728,0.123567401434,1.58764740334,3.16618389473,0.201946162755,1171.08274247,4.0,
297.952826285,0.861252453999,0.203472481767,0.717131960874,0.126689729558,1.62640713505,3.11935777539,0.203472481767,1074.66052176,4.0,
339.279450468,0.863477960501,0.199677670972,0.703857465614,0.122735539004,1.66718074995,3.46387486551,0.199677670972,1244.46307275,4.0,
367.088074154,0.847399874321,0.202394218219,0.707914339284,0.122158676851,1.64887321475,3.59996689564,0.202394218219,1202.53016929,4.0,
283.863163122,0.866814856382,0.218175370088,0.726911193396,0.122917002111,1.57073615764,2.98791690805,0.218175370088,1066.41697803,4.0,
321.535976165,0.852487115835,0.203802748389,0.715484661748,0.125490378908,1.6025903607,3.20953405611,0.203802748389,1091.19540386,4.0,
158.112621038,0.917849084864,0.229303095861,0.738647359741,0.122464379593,1.51049663376,2.02846975089,0.229303095861,963.396707319,4.0,
302.3055036,0.875385788346,0.212637144931,0.713628835827,0.119110767543,1.63016742364,3.20276421419,0.212637144931,1213.36294239,4.0,
289.826864189,0.866383367396,0.210620404653,0.71858598174,0.124088016542,1.60436978327,3.0662914839,0.210620404653,1084.54635677,4.0,
280.282512621,0.861341148985,0.225082137166,0.728751421772,0.119471123833,1.56700991349,2.93950177936,0.225082137166,1011.53932055,4.0,
287.298170984,0.876264357317,0.21338508706,0.719438255384,0.121781715672,1.63259595847,3.05773400646,0.21338508706,1160.41182651,4.0,
204.068079119,0.913324764101,0.215174771364,0.72048300627,0.120307247933,1.60543141382,2.50757262269,0.215174771364,1178.04024616,4.0,
283.342133576,0.870613591141,0.220917807943,0.722746023625,0.120234843198,1.60432557783,2.92551518663,0.220917807943,1096.22998295,4.0,
217.684846479,0.906874692456,0.20604723999,0.708123620594,0.121106909231,1.66275822418,2.67522966151,0.20604723999,1169.45646733,4.0,
411.781511214,0.818010790333,0.209109736171,0.719336365627,0.1237636829,1.59881124794,3.89317222544,0.209109736171,1131.70747159,4.0,
280.189704544,0.867152006413,0.213932192046,0.724726866219,0.12362319685,1.5819431576,2.93561201688,0.213932192046,1053.64285011,4.0,
284.148489614,0.863542485259,0.207660237469,0.724571869661,0.126486813289,1.61124433342,2.93127534553,0.207660237469,1041.15946432,4.0,
287.891947364,0.867854911417,0.206864280728,0.720967132138,0.126053145064,1.60438578217,3.05129520814,0.206864280728,1090.90367412,4.0,
305.835338906,0.873327414226,0.217266188923,0.714413393286,0.117822415198,1.58572596119,3.21387072747,0.217266188923,1208.2443907,4.0,
254.903947695,0.873391094031,0.219709551625,0.728424256972,0.121753752499,1.57972973111,2.76577009021,0.219709551625,1008.09205024,4.0,
198.521559215,0.906053748671,0.215087914813,0.727908992598,0.125110932709,1.56166358595,2.33849209633,0.215087914813,1058.67259927,4.0,
279.045303319,0.874247420441,0.223321111163,0.72813437354,0.120469138566,1.57158718665,2.94426880742,0.223321111163,1110.72292204,4.0,
286.869684681,0.876608498963,0.21075746323,0.715129752878,0.121139518361,1.60568376535,3.1051560043,0.21075746323,1163.86861214,4.0,
284.141372176,0.878402583185,0.202238578131,0.711070497932,0.123100753216,1.66964851602,3.17853182157,0.202238578131,1168.31478166,4.0,
223.60167177,0.896119934332,0.214544886571,0.72870254284,0.123497914515,1.57405908299,2.50260696847,0.214544886571,1077.16983368,4.0,
335.581312588,0.866198965569,0.189903275497,0.693324850445,0.122601224907,1.76313414524,3.52702143507,0.189903275497,1254.41340318,5.0,
303.650120003,0.877161735562,0.186949782885,0.700672562346,0.12711293606,1.68371805756,3.2529669784,0.186949782885,1236.73313707,5.0,
382.876272449,0.831088212025,0.193558383311,0.713542659731,0.129356795929,1.63068800946,3.54031283622,0.193558383311,1136.90461598,5.0,
331.029479434,0.872255491291,0.180422257049,0.69093679032,0.12586608483,1.7496312694,3.47691798394,0.180422257049,1295.54092668,5.0,
326.191690805,0.859538517271,0.18643153127,0.707151554867,0.129145237484,1.68714219969,3.30124968965,0.18643153127,1172.25453457,5.0,
300.953058015,0.885542344568,0.190527732851,0.685298610144,0.118240851458,1.75396942564,3.34613920384,0.190527732851,1315.18764135,5.0,
276.374128941,0.891439786429,0.198191535827,0.691307905207,0.116899217338,1.72814081704,3.17949184805,0.198191535827,1273.78488631,5.0,
289.04887859,0.87875560083,0.203799486447,0.699807256328,0.117072044205,1.71792942164,3.20546221965,0.203799486447,1194.75112884,5.0,
261.673144087,0.905298021537,0.197571352478,0.681024785,0.113200488115,1.75024433383,3.12023504097,0.197571352478,1382.54509541,5.0,
289.34557643,0.871677583429,0.202686199619,0.701758481016,0.120598108872,1.6870389192,3.08901762807,0.202686199619,1128.71379004,5.0,
310.366845982,0.876323827142,0.191332237056,0.689191356598,0.119073891024,1.73524249496,3.44502193164,0.191332237056,1255.30121731,5.0,
214.302474551,0.896305272894,0.209858430087,0.70553642506,0.118389419414,1.63106976446,2.56214516263,0.209858430087,1037.96969218,5.0,
255.841347348,0.900990681526,0.199912282072,0.69334145469,0.117496918563,1.72592082027,2.99536538939,0.199912282072,1292.67250493,5.0,
316.460067864,0.874609014027,0.194816350144,0.691318991201,0.118782674603,1.71586915678,3.3769593644,0.194816350144,1263.30214669,5.0,
368.732102955,0.863389095511,0.193186858292,0.679708116512,0.114506934575,1.76130480014,3.8855582223,0.193186858292,1351.32604581,5.0,
303.471588182,0.885420335988,0.199349568749,0.68869440644,0.11625194396,1.76751718765,3.3862451378,0.199349568749,1327.42892317,5.0,
293.034014731,0.884402699424,0.187554390773,0.683330856973,0.117964064936,1.77547533723,3.31123065464,0.187554390773,1268.64088125,5.0,
290.529421501,0.876803879298,0.197883391017,0.696993031552,0.119862853261,1.7006490433,3.11735496152,0.197883391017,1181.43004156,5.0,
321.112157577,0.875394485994,0.189307648499,0.686055697048,0.119020826625,1.78939266406,3.4755772573,0.189307648499,1290.52853894,5.0,
363.948737896,0.847750597461,0.19681392644,0.696271802904,0.119864573827,1.73437126181,3.62027642142,0.19681392644,1195.46288811,5.0,
283.701994538,0.886232046417,0.191533948728,0.692193659017,0.119571849836,1.76546255881,3.16868327402,0.191533948728,1248.02924595,5.0,
352.540362493,0.868989786324,0.193319570535,0.685179928347,0.115901406833,1.75154675465,3.74426880742,0.193319570535,1345.02227494,5.0,
312.491070098,0.864132695608,0.197612057445,0.697921692459,0.12224126284,1.69160075495,3.29318877762,0.197612057445,1152.37614032,5.0,
384.010924439,0.859651498287,0.185757445045,0.683338078288,0.119295191211,1.80185547739,3.90883058843,0.185757445045,1369.17808524,5.0,
345.554498055,0.862472113847,0.185485968458,0.689411459051,0.123377915416,1.77558689132,3.54248117189,0.185485968458,1256.12397148,5.0,
279.142928081,0.897758594604,0.187513218953,0.678177751697,0.117721571631,1.82244489056,3.238003807,0.187513218953,1366.66392109,5.0,
307.161003062,0.894184414691,0.196304979554,0.683851178057,0.114545924884,1.74537924924,3.4216668046,0.196304979554,1451.20524592,5.0,
225.342183233,0.900373234773,0.235159934402,0.716771572013,0.110543552514,1.63934558322,2.67307787801,0.235159934402,1132.80823624,5.0,
298.134105768,0.889925496187,0.191905907722,0.687393380453,0.118593322255,1.77148834145,3.35734503021,0.191905907722,1354.31519792,5.0,
289.508284366,0.891978322954,0.197527850229,0.692537905808,0.117514975848,1.72982787915,3.24176115203,0.197527850229,1341.47829376,5.0,
232.645501945,0.902436086339,0.21849484156,0.711704635119,0.115917539797,1.67194329202,2.67354133907,0.21849484156,1193.10979822,5.0,
290.274186874,0.893020578134,0.187757548484,0.683423942006,0.120037041066,1.78290759214,3.30760572705,0.187757548484,1357.12039608,5.0,
351.459836133,0.888720815325,0.184576941815,0.665492278639,0.112251361118,1.82735861295,3.86619217082,0.184576941815,1579.18049616,5.0,
304.455913267,0.889757442713,0.196535140209,0.691202716111,0.118122975806,1.71662355121,3.32784904411,0.196535140209,1380.44061496,5.0,
291.293503269,0.901801404763,0.186292001441,0.67540634188,0.116455735372,1.79099208797,3.36845154349,0.186292001441,1483.04205445,5.0,
258.11780187,0.890202799185,0.182099526798,0.692966868124,0.125634286978,1.74046020558,2.97563518994,0.182099526798,1174.6017221,5.0,
220.585367872,0.912165392195,0.226071533736,0.710944549074,0.113114221522,1.62257427433,2.65455598775,0.226071533736,1257.6778911,5.0,
243.774542746,0.901567044009,0.207445127887,0.702839663912,0.117208526437,1.72131400078,2.90174625507,0.207445127887,1240.08405654,5.0,
312.275428288,0.885173069221,0.186446476589,0.68395017787,0.120773437435,1.74209392836,3.39021766118,0.186446476589,1359.99701572,5.0,
221.381511214,0.906104118988,0.21089485496,0.710112833087,0.118322397928,1.64732157422,2.70803608375,0.21089485496,1183.28491653,5.0,
216.21570802,0.911085371148,0.226661866995,0.718271461538,0.116072458121,1.57347957558,2.55913266573,0.226661866995,1217.31765155,5.0,
243.785218903,0.903091555301,0.209228360635,0.703501451387,0.117006695931,1.68492094986,2.84786890673,0.209228360635,1260.37171233,5.0,
246.893784656,0.901525991344,0.203558542695,0.702267119688,0.119558550952,1.67997264712,2.83681204999,0.203558542695,1256.44712944,5.0,
273.983464371,0.888162636875,0.199077691612,0.68164171364,0.112965241575,1.78953483942,3.18266986675,0.199077691612,1224.81810872,5.0,
327.198046843,0.882395564052,0.200994116606,0.687282257024,0.113486785395,1.7636509717,3.55120417115,0.200994116606,1390.70145822,5.0,
261.090341803,0.898606951215,0.204867382792,0.695314811811,0.114485065247,1.71807878954,2.99026731772,0.204867382792,1288.84947428,5.0,
295.552445585,0.882907337815,0.190498061393,0.694292107498,0.122134059028,1.70589429521,3.2517586692,0.190498061393,1261.38393634,5.0,
288.629512538,0.86639387915,0.196793892315,0.706621922086,0.125482946297,1.65747151356,3.1271704047,0.196793892315,1082.40807315,5.0,
221.079897376,0.901138527024,0.215248828914,0.717939401605,0.120279728292,1.60103793772,2.59412397583,0.215248828914,1119.45023178,5.0,
330.891318381,0.882602182286,0.18368652956,0.678603025076,0.118320887809,1.77177766637,3.57912770007,0.18368652956,1413.73108199,5.0,
326.40364148,0.89571549524,0.257628572776,0.691584152894,0.0855623807664,1.7842888815,3.76601837292,0.257628572776,1564.91894086,6.0,
259.044144666,0.88266056801,0.271349833902,0.732030421133,0.102021512147,1.5410103569,2.91914259704,0.271349833902,1103.77808838,6.0,
272.929984275,0.875753123404,0.271222618139,0.734343270919,0.102122919702,1.53913707281,3.01569146735,0.271222618139,1099.01396348,6.0,
299.263792105,0.869833383175,0.265176895421,0.724712031459,0.0988585457564,1.57078964331,3.19672266821,0.265176895421,1149.47053318,6.0,
311.707059505,0.875821735875,0.273584100767,0.727869129765,0.0975116366848,1.55971642156,3.31000579326,0.273584100767,1254.92856581,6.0,
257.415823885,0.891465705029,0.26571461239,0.725382471174,0.0999313695244,1.57139732527,2.98983696102,0.26571461239,1185.792009,6.0,
291.859405777,0.871428511422,0.272305799532,0.733316893725,0.102339996033,1.51300096941,3.1113465199,0.272305799532,1135.36554298,6.0,
251.621749566,0.871852695849,0.283948573061,0.741892228318,0.102161679736,1.46142110232,2.66453695274,0.283948573061,982.48978782,6.0,
284.802913184,0.875702328806,0.281940402163,0.737599289406,0.0989402350179,1.47542088893,3.03179673922,0.281940402163,1145.55903843,6.0,
355.716676322,0.845627157544,0.274793692437,0.733106183004,0.100004988012,1.53036770043,3.57313581064,0.274793692437,1151.53262309,6.0,
276.117702557,0.88245035755,0.27255410334,0.739100185833,0.103390923905,1.50278524252,3.00969957792,0.27255410334,1174.37544627,6.0,
272.146917156,0.881087472493,0.257955034987,0.726635356165,0.105323661641,1.56299348203,3.07810974096,0.257955034987,1145.01035683,6.0,
287.300124141,0.885954265931,0.259849396799,0.7272744657,0.104822074014,1.56296936746,3.15651742117,0.259849396799,1259.48353771,6.0,
235.473822726,0.897768121421,0.280134028965,0.745597228234,0.103770891629,1.45961742298,2.63287263097,0.280134028965,1152.25262933,6.0,
227.302309029,0.88588051954,0.27201610089,0.742726619165,0.105502897926,1.47707879148,2.56557146404,0.27201610089,995.79038726,6.0,
288.857585037,0.876430819675,0.26702311221,0.733178387912,0.10405939284,1.53903080074,3.08560787884,0.26702311221,1169.58148864,6.0,
387.869717785,0.849789359889,0.251042984581,0.716530146647,0.102592787376,1.61061870453,3.98439129355,0.251042984581,1290.96798317,6.0,
324.17487379,0.852929781104,0.267959767009,0.731821267594,0.102019934184,1.54207166785,3.34137217578,0.267959767009,1101.98612302,6.0,
306.797566829,0.864486175494,0.259077378322,0.724311324928,0.104019162177,1.56043313549,3.24762062402,0.259077378322,1133.16788983,6.0,
355.342828768,0.869918302068,0.262303476296,0.724977369289,0.100446290755,1.58545512902,3.57542001159,0.262303476296,1365.23230838,6.0,
314.114988,0.863826706475,0.267815760982,0.731850253304,0.103575976912,1.52703910909,3.28552511793,0.267815760982,1152.88928745,6.0,
343.456542249,0.843259581782,0.263493976862,0.731249469053,0.104280361282,1.53994128935,3.40599188943,0.263493976862,1096.9222394,6.0,
267.546155756,0.890931540507,0.268928053281,0.73193863558,0.102312471755,1.56799898631,2.96593561202,0.268928053281,1226.37935,6.0,
282.198775139,0.8861290827,0.261203008743,0.72865684063,0.103795148357,1.54139615891,2.992948771,0.261203008743,1240.22453944,6.0,
299.170967475,0.862631519937,0.267939177263,0.731875923094,0.102784657248,1.52862804814,3.23466026649,0.267939177263,1085.15753214,6.0,
226.885127866,0.900843542574,0.265984859378,0.734289926141,0.10371987516,1.52288233046,2.65058346437,0.265984859378,1143.91722687,6.0,
248.897657866,0.889708123787,0.261189334119,0.730715032421,0.105369243708,1.54491801701,2.83717619796,0.261189334119,1129.0575565,6.0,
250.301944881,0.884888641164,0.274979283438,0.73805937787,0.102380085547,1.50685274208,2.72147645452,0.274979283438,1087.7396992,6.0,
340.721923363,0.858076804458,0.256154615259,0.718435021758,0.101793255045,1.62669328969,3.50801953157,0.256154615259,1199.55514897,6.0,
291.100885542,0.87784058498,0.27309349265,0.73114181532,0.0993976333475,1.54256889758,3.20109244393,0.27309349265,1191.29798981,6.0,
262.197351651,0.884398874515,0.26091998522,0.730302764918,0.105081405109,1.55908566534,2.8865844575,0.26091998522,1133.91920796,6.0,
343.237623107,0.836109996459,0.257356076456,0.727051397271,0.105485398525,1.54859702278,3.51834809236,0.257356076456,1047.16730362,6.0,
196.383927832,0.892887128373,0.278863992999,0.74482749667,0.103570273461,1.43968007739,2.35175039311,0.278863992999,917.46982106,6.0,
253.385285111,0.881638995737,0.275913813289,0.73371222663,0.10033734639,1.542100206,2.91371348175,0.275913813289,1070.23851225,6.0,
296.800976579,0.878229269345,0.265789862826,0.731171951554,0.103379203991,1.50450422211,3.16075477944,0.265789862826,1218.54471751,6.0,
254.585252007,0.893555092112,0.27509672762,0.73821582356,0.101810314898,1.51787490744,2.82929735993,0.27509672762,1196.02832024,6.0,
315.718646032,0.854617674305,0.275766448332,0.738215487247,0.103134958726,1.50924483558,3.18218985351,0.275766448332,1085.65908204,6.0,
258.472035091,0.89289182028,0.267058614946,0.729221326188,0.101388307992,1.56810784573,2.9262269304,0.267058614946,1206.43805772,6.0,
265.233104361,0.879894623294,0.275629773868,0.736574910675,0.101780597912,1.51944766756,2.86465281801,0.275629773868,1104.90779584,6.0,
357.71043615,0.856485247745,0.272072899678,0.725656221854,0.0976441560673,1.58583205337,3.6828933212,0.272072899678,1246.08361926,6.0,
340.319407432,0.872842705112,0.27589767618,0.727403777557,0.0950319580445,1.5763941892,3.46279897376,0.27589767618,1338.48954407,6.0,
336.328825623,0.852026017237,0.270594821581,0.736235830132,0.102052616613,1.51511631011,3.31424315154,0.270594821581,1136.2857369,6.0,
269.516212861,0.888334331545,0.27309987626,0.73616036961,0.0998679986454,1.54872310148,2.95393528097,0.27309987626,1206.69653718,6.0,
339.034560953,0.858582636256,0.279277137513,0.736751824312,0.0998089897471,1.52220817182,3.3382603658,0.279277137513,1199.05724816,6.0,
300.824480675,0.871675270255,0.262287850971,0.73037958021,0.104044539439,1.55489076091,3.18799966896,0.262287850971,1171.9535012,6.0,
316.014334189,0.861193330177,0.266308756089,0.732966715322,0.103395475265,1.56804002434,3.28332367789,0.266308756089,1137.80018298,6.0,
262.163601755,0.899898120361,0.260222075252,0.725821502061,0.103372036472,1.5893196274,2.95999337913,0.260222075252,1309.31936918,6.0,
273.574774477,0.889670891194,0.263501688153,0.731023837919,0.104719532536,1.57350281149,2.90457667798,0.263501688153,1239.64443006,6.0,
212.100438633,0.89706391486,0.272948731,0.739925963444,0.104604319666,1.52376458306,2.4952743524,0.272948731,1030.08528507,6.0,
321.03370024,0.872998125871,0.26790141314,0.729088308799,0.101252831606,1.57499698752,3.32382686419,0.26790141314,1263.71792138,6.0,
306.412215509,0.879962335664,0.260124831224,0.718719411322,0.0993922853303,1.57128646655,3.266208723,0.260124831224,1276.14641535,7.0,
286.968948109,0.874452056509,0.248703777739,0.722174278375,0.106836260331,1.5786390104,3.0087726558,0.248703777739,1142.70366362,7.0,
345.412910701,0.856399590744,0.243777321073,0.726637966601,0.11069115101,1.55155797557,3.40503186295,0.243777321073,1202.53782798,7.0,
320.16485972,0.871857520752,0.246064269434,0.713177901838,0.105443567739,1.6103857514,3.27637176198,0.246064269434,1249.41193868,7.0,
340.450947612,0.864363687129,0.240486601237,0.718264401242,0.109930063717,1.60999723373,3.43649755855,0.240486601237,1254.86887064,7.0,
262.761251345,0.893049693395,0.259513210679,0.722473623094,0.0999684245459,1.60291414958,3.03856658115,0.259513210679,1228.26645662,7.0,
284.188032773,0.881010134381,0.256126137782,0.729135881166,0.106831186822,1.55328546065,2.87124058595,0.256126137782,1195.58679805,7.0,
276.536125134,0.874587038607,0.248312934765,0.720054096318,0.105530493179,1.58025810296,3.03719275014,0.248312934765,1104.08213612,7.0,
242.58223951,0.895349840802,0.254563402602,0.730091099583,0.108817683157,1.55380401745,2.72309856824,0.254563402602,1159.1550769,7.0,
276.535661673,0.878475814506,0.251439524036,0.735175932155,0.111394908246,1.51085800373,2.84528676653,0.251439524036,1137.60188397,7.0,
277.646991641,0.877197980036,0.252337877174,0.723088087158,0.1061894965,1.59579973333,2.98828105603,0.252337877174,1130.3024397,7.0,
265.606538111,0.896448492663,0.250686639403,0.729875559231,0.109315434397,1.57408275309,2.8195150211,0.250686639403,1282.31447783,7.0,
269.281966399,0.874944070377,0.254036325715,0.729674498624,0.107757395432,1.56877428087,2.89285773401,0.254036325715,1079.74448807,7.0,
284.033352644,0.88117627101,0.242824746153,0.71886143501,0.109024883521,1.60723404456,3.12520069519,0.242824746153,1195.02464015,7.0,
263.8831085,0.87993384035,0.272783347824,0.737642218778,0.102650093145,1.50988675756,2.84485640983,0.272783347824,1101.29135984,7.0,
305.686054788,0.873024467691,0.252842534165,0.721752052867,0.104039134998,1.60068103092,3.1625093106,0.252842534165,1202.37117383,7.0,
289.560158901,0.885718893581,0.253634001009,0.723481409427,0.106009855998,1.5826383103,3.07756351899,0.253634001009,1267.00352319,7.0,
338.71483903,0.852245486817,0.25330163848,0.724435576891,0.105196124767,1.57692162398,3.35282628486,0.25330163848,1146.06288054,7.0,
292.891649425,0.879788063767,0.246674491064,0.718396479846,0.106280244313,1.62238270073,3.11967226682,0.246674491064,1218.07625561,7.0,
315.40364148,0.869710521127,0.243199715581,0.717703910812,0.106703376626,1.60724478204,3.36871637838,0.243199715581,1211.45033477,7.0,
319.287991393,0.873303627586,0.236850741789,0.707793288967,0.107008602661,1.64481313334,3.35962923115,0.236850741789,1259.9873788,7.0,
255.948754448,0.889355914053,0.249019377949,0.725291796202,0.108976433254,1.56434575586,2.84786890673,0.249019377949,1156.91836853,7.0,
239.579011835,0.894470116378,0.261014733886,0.734400990175,0.108343874859,1.54186334219,2.65761814119,0.261014733886,1136.95912918,7.0,
316.881337416,0.882186022173,0.239015931416,0.712658940367,0.106386133612,1.64746470936,3.3977654556,0.239015931416,1345.04323017,7.0,
252.060134073,0.889303964195,0.256725166998,0.731613932768,0.108141503343,1.53091330503,2.78561615493,0.256725166998,1138.39693434,7.0,
260.733675412,0.900829802762,0.193544206217,0.688664658936,0.118926910966,1.73617320149,2.95454771166,0.193544206217,1314.99743963,7.0,
274.22967806,0.880436394537,0.250756244864,0.727382426858,0.108207975746,1.56483097107,2.94992965323,0.250756244864,1146.6700871,7.0,
308.788943143,0.882369354271,0.24943088519,0.717482443061,0.10428551297,1.58666285217,3.3270876438,0.24943088519,1314.67382744,7.0,
378.058843003,0.843023547751,0.237110680205,0.709478658013,0.10729620911,1.6588004806,3.81330795332,0.237110680205,1204.07465167,7.0,
317.492162542,0.875184172586,0.246257849537,0.714534826614,0.103653850665,1.57221100189,3.46713564512,0.246257849537,1273.34461326,7.0,
362.078987007,0.857822637925,0.237450066349,0.713816860263,0.10797869459,1.6469894398,3.576098651,0.237450066349,1273.21701616,7.0,
320.355838782,0.880158299097,0.257893619725,0.723819174935,0.101992643915,1.56468194601,3.33033187122,0.257893619725,1336.90806728,7.0,
321.11962261,0.864189263295,0.238009095261,0.707430223387,0.105644831241,1.61202285804,3.44950757262,0.238009095261,1181.68046365,7.0,
317.822643383,0.84814161655,0.251620121575,0.720780799646,0.105624925,1.58124624182,3.25252006952,0.251620121575,1048.65617225,7.0,
266.256227758,0.892736779901,0.256409623775,0.724649845725,0.103772877397,1.55926589252,2.99567988082,0.256409623775,1241.0216076,7.0,
289.077911115,0.870264535946,0.25240294671,0.730844312521,0.108726533306,1.54561598014,2.95711329968,0.25240294671,1114.06257646,7.0,
282.519407432,0.883287178611,0.248235556094,0.720496095126,0.106795660847,1.60391945858,3.0583795415,0.248235556094,1211.30333348,7.0,
292.643250848,0.877830604288,0.252256768611,0.723390157753,0.105613275475,1.54699085381,3.10072001986,0.252256768611,1198.40279654,7.0,
301.913961764,0.865818258943,0.246285804819,0.717631178281,0.106267510558,1.58678943914,3.20642224613,0.246285804819,1125.72954358,7.0,
297.733410577,0.877788826371,0.251266100251,0.720006729986,0.104468904377,1.59731671439,3.18093188778,0.251266100251,1218.05592539,7.0,
292.021335761,0.87626130451,0.232236054618,0.716115514521,0.1118936895,1.62812104432,3.18876106927,0.232236054618,1180.3859189,7.0,
261.927186957,0.883757044567,0.237654879415,0.718156167213,0.111472985424,1.58828378023,2.96812049988,0.237654879415,1126.59932473,7.0,
341.62800629,0.860037417086,0.236720641073,0.716946713543,0.109908382124,1.61385702382,3.35986096168,0.236720641073,1220.41064297,7.0,
327.580650501,0.859461204983,0.246815305834,0.724498011517,0.10769091784,1.58348420617,3.30373251676,0.246815305834,1165.44892394,7.0,
396.327567657,0.862275982683,0.18326896967,0.670794774461,0.114171663456,1.82078774575,4.16244310188,0.18326896967,1439.05826733,7.0,
292.992253579,0.873463601932,0.246191863282,0.729225095362,0.111865819546,1.56987576874,3.0723992386,0.246191863282,1158.07270988,7.0,
337.069635024,0.863048753456,0.25727555146,0.734174692061,0.108714241555,1.51571688739,3.22082264338,0.25727555146,1229.99807148,7.0,
340.217594968,0.862971069396,0.234288011055,0.720080863312,0.111671913471,1.58300041558,3.43292228751,0.234288011055,1241.34691559,7.0,
320.38960523,0.863399899143,0.239582229424,0.723990932982,0.112304061962,1.55356448404,3.27700074485,0.239582229424,1172.73534943,7.0,
252.850384838,0.881853318635,0.250554048805,0.731214615246,0.11084416316,1.53460628694,2.79139286601,0.250554048805,1070.49411177,7.0,
