512.609250399,0.791329855957,0.229937565023,0.687528425688,0.0981668833944,1.5820581644,5.61961722488,0.229937565023,1228.27645696,1.0,
366.211323764,0.836195798786,0.246472213955,0.700858630102,0.096331591133,1.50423284961,4.9625199362,0.246472213955,1117.83251299,1.0,
464.644338118,0.777162319032,0.234181083054,0.690060317767,0.0956066180473,1.55764803676,5.24800637959,0.234181083054,1042.56231733,1.0,
491.770334928,0.78453578648,0.249791735028,0.700271533645,0.0918046053631,1.50881398753,5.27830940989,0.249791735028,1141.1879655,1.0,
447.020733652,0.790696322249,0.242524082426,0.707939297288,0.104181039925,1.49765493065,4.81100478469,0.242524082426,1067.87596486,1.0,
412.437001595,0.81513132803,0.244097039394,0.697852639809,0.0982721371598,1.50487748707,5.08133971292,0.244097039394,1115.48646182,1.0,
461.48245614,0.79978345813,0.24836281475,0.705067824776,0.094817233145,1.50388366412,5.19696969697,0.24836281475,1152.4583629,1.0,
394.999202552,0.811367369923,0.251500779642,0.719793535551,0.0999055615978,1.45150702701,4.65550239234,0.251500779642,1047.00656082,1.0,
386.211323764,0.826971920855,0.251709362576,0.679843164827,0.0828353662852,1.58316477807,5.13397129187,0.251709362576,1116.03655797,1.0,
426.093301435,0.838896366371,0.24843213042,0.68503595273,0.0898928000425,1.55053000236,5.27591706539,0.24843213042,1322.41989779,1.0,
441.262360447,0.813022080029,0.249198100369,0.679386126046,0.0862253861731,1.55334679802,5.47448165869,0.249198100369,1179.98521033,1.0,
431.588516746,0.812789722541,0.236084720283,0.675323770548,0.0886875814183,1.60941353898,5.35326953748,0.236084720283,1152.68382325,1.0,
382.73046252,0.853720639155,0.249537047636,0.674661527026,0.0868368609072,1.54746016229,5.05661881978,0.249537047636,1308.21757871,1.0,
523.442583732,0.801978814894,0.240060196526,0.672739035834,0.0847015588362,1.58968774845,5.93939393939,0.240060196526,1321.68329225,1.0,
537.675438596,0.79530647436,0.226898168286,0.665797951284,0.0872294867085,1.64972612683,6.01116427432,0.226898168286,1313.36698832,1.0,
435.971291866,0.815056843044,0.244262061562,0.675564375593,0.0846883023523,1.58927091063,5.27511961722,0.244262061562,1178.66294445,1.0,
385.836523126,0.827971350238,0.237875799038,0.69182331059,0.0922645682408,1.57111028681,4.99202551834,0.237875799038,1121.43100484,1.0,
307.717703349,0.850803178385,0.248572033607,0.685381939454,0.0833828598495,1.57844987978,4.64752791069,0.248572033607,1031.24751592,1.0,
362.88277512,0.837403418749,0.232394137802,0.686628565116,0.0934011738583,1.59546984149,4.74162679426,0.232394137802,1115.8991546,1.0,
544.259170654,0.775381618982,0.235930508815,0.686109313444,0.095041882816,1.57330849353,5.79744816587,0.235930508815,1211.51966323,1.0,
338.423444976,0.852198155895,0.238670067586,0.690292906672,0.0952600787915,1.56175159922,4.57496012759,0.238670067586,1144.85528589,1.0,
426.719298246,0.8194325141,0.238371501466,0.685503723203,0.0973504235488,1.55389223209,4.98086124402,0.238371501466,1181.60613501,1.0,
316.444976077,0.843885422313,0.24864548278,0.685470271725,0.0856067872077,1.56684189538,4.58293460925,0.24864548278,1013.50232875,1.0,
358.885964912,0.851384092639,0.232217986971,0.683245463675,0.0971947277538,1.57095623645,4.84449760766,0.232217986971,1207.42782951,1.0,
449.444976077,0.810163589871,0.236559437233,0.673683893318,0.0879663259109,1.59909574535,5.55103668262,0.236559437233,1183.76916149,1.0,
455.584529506,0.802454920605,0.241976552226,0.680606700027,0.0922261044159,1.58618679239,5.71451355662,0.241976552226,1153.11535701,1.0,
431.368421053,0.814713298726,0.232465997166,0.687281860244,0.0943845960093,1.59272339599,5.21291866029,0.232465997166,1164.05661628,1.0,
348.936204147,0.859851018996,0.240401369525,0.680124309807,0.0925664782213,1.5952577461,4.91068580542,0.240401369525,1244.87599427,1.0,
448.708133971,0.830797840765,0.231404958678,0.66416215337,0.0812178364886,1.64710252786,5.75039872408,0.231404958678,1325.95274198,1.0,
505.812599681,0.792148339444,0.233110823674,0.669590316948,0.0844589361793,1.60490767628,5.9673046252,0.233110823674,1216.76343198,1.0,
512.997607655,0.809019149054,0.238544472679,0.688867296838,0.09460789278,1.59075061247,5.82296650718,0.238544472679,1343.06032546,1.0,
462.860446571,0.824516591997,0.228413256209,0.675632219803,0.0988099922718,1.5877842541,5.45614035088,0.228413256209,1318.81541348,1.0,
617.375598086,0.762493318531,0.224875613348,0.673493814681,0.0985585268837,1.61452019427,6.37081339713,0.224875613348,1299.70153738,1.0,
414.862838915,0.836582282228,0.249027354889,0.692692884629,0.0852833628182,1.57432474357,5.38755980861,0.249027354889,1269.33249519,1.0,
475.931419458,0.812307161363,0.250048648154,0.684922887879,0.0885877887238,1.53367318701,5.52312599681,0.250048648154,1267.84650633,1.0,
465.677830941,0.815767893828,0.249899206113,0.6861806495,0.0872643033039,1.55783271454,5.54545454545,0.249899206113,1263.83462855,1.0,
470.279106858,0.78264294231,0.243193074029,0.684431513966,0.0960101446311,1.57268850471,5.54545454545,0.243193074029,1081.81236868,1.0,
507.118819777,0.803712992504,0.235011917208,0.671367328982,0.0912458701411,1.61507422689,5.9370015949,0.235011917208,1291.77887586,1.0,
345.653110048,0.856565108018,0.249982830063,0.681198560686,0.0848711120026,1.615637003,4.67464114833,0.249982830063,1204.91292346,1.0,
550.511961722,0.790535638207,0.236478992901,0.664339579918,0.086086272248,1.61587862464,6.1331738437,0.236478992901,1314.09457201,1.0,
396.6738437,0.831594575361,0.227848556072,0.662753986176,0.0892283309298,1.60949161646,5.13157894737,0.227848556072,1177.73475691,1.0,
475.243221691,0.801634849463,0.235733690468,0.68573058137,0.0926097928252,1.56564827391,5.71132376396,0.235733690468,1197.89998496,1.0,
396.641148325,0.835857076316,0.241697699737,0.688532648179,0.0930547776827,1.57125812674,5.17623604466,0.241697699737,1208.21884801,1.0,
463.040669856,0.817413275419,0.253473414579,0.692383539217,0.085044636093,1.55090887025,5.45374800638,0.253473414579,1268.00201635,1.0,
415.166666667,0.840133568634,0.244699259022,0.685116521017,0.08290566556,1.57994824453,5.21212121212,0.244699259022,1298.47980943,1.0,
529.823763955,0.812150640117,0.227915646009,0.676102687769,0.0936932140896,1.60396918258,5.91467304625,0.227915646009,1410.23574498,1.0,
523.120414673,0.803810191064,0.243096731607,0.677189996187,0.0900155404184,1.5932016186,5.831738437,0.243096731607,1333.19976585,1.0,
361.055821372,0.844116844737,0.243162867659,0.688232682109,0.0879632451071,1.58123547506,4.9625199362,0.243162867659,1158.09761729,1.0,
443.933811802,0.819468741671,0.23697851087,0.675805119174,0.0897845848867,1.59046961286,5.44816586922,0.23697851087,1229.52062682,1.0,
434.512759171,0.812207261681,0.238842402875,0.691732518446,0.0924552303297,1.54469503536,5.15311004785,0.238842402875,1156.8944653,1.0,
387.004784689,0.809736044723,0.224365602639,0.677266137593,0.0924076483787,1.62980366843,5.01993620415,0.224365602639,1017.02075973,2.0,
364.574960128,0.830337561116,0.219520182942,0.674819733957,0.0958084003564,1.60450788692,4.8620414673,0.219520182942,1074.41270598,2.0,
530.035087719,0.793566264875,0.221956088205,0.680002973441,0.0925510026489,1.56976016029,5.94497607656,0.221956088205,1283.78989848,2.0,
392.776714514,0.819932142304,0.22082636997,0.672553309316,0.0969224132558,1.62150905199,5.04306220096,0.22082636997,1090.63527366,2.0,
389.918660287,0.814640137137,0.212716118628,0.683341990434,0.100308495326,1.59804104206,4.85326953748,0.212716118628,1051.78827354,2.0,
518.400318979,0.790755530713,0.202535936041,0.64573862556,0.0957996497673,1.69101050758,6.2990430622,0.202535936041,1238.74318099,2.0,
692.242424242,0.729795138341,0.208898351432,0.652282581514,0.0960203565385,1.67907500019,6.71770334928,0.208898351432,1280.958492,2.0,
450.46969697,0.798450416569,0.206658628593,0.670652446127,0.105582838928,1.61107659899,5.68740031898,0.206658628593,1117.51582241,2.0,
478.562200957,0.772633763974,0.206454815086,0.659411349982,0.098104230079,1.67770814542,5.62679425837,0.206454815086,1052.40384263,2.0,
429.358054226,0.811633759574,0.203274561276,0.663125189602,0.103290607133,1.67205081146,5.4346092504,0.203274561276,1139.68950395,2.0,
409.262360447,0.826537620853,0.222765936881,0.676176614994,0.0945260245284,1.60986287782,5.36842105263,0.222765936881,1179.6862307,2.0,
400.802232855,0.837012541507,0.220371684612,0.670737649889,0.0957309957061,1.63969242391,5.28149920255,0.220371684612,1229.5493057,2.0,
380.683413078,0.842140102895,0.216246766329,0.67317762157,0.0993156621364,1.6115293029,5.06858054226,0.216246766329,1205.76352848,2.0,
486.814194577,0.808010477866,0.218222898845,0.6648719801,0.0907497389896,1.64331984457,5.91706539075,0.218222898845,1267.81448583,2.0,
437.591706539,0.796170689336,0.221288686411,0.670703943823,0.0990403929498,1.61458430162,5.30223285486,0.221288686411,1073.42684208,2.0,
528.098086124,0.767200127941,0.219306512621,0.683410734862,0.0977530721937,1.58763845632,5.57575757576,0.219306512621,1134.23190797,2.0,
482.541467305,0.787922187896,0.219616207403,0.681014679641,0.0986280496817,1.58651936518,5.58851674641,0.219616207403,1137.65193661,2.0,
557.859649123,0.766243344616,0.21453327025,0.672037734131,0.107313287282,1.60189889623,5.89154704944,0.21453327025,1193.24869747,2.0,
424.954545455,0.800396657327,0.221018736852,0.68215166712,0.103475351487,1.58528417013,5.07814992026,0.221018736852,1064.49756743,2.0,
427.871610845,0.82447802601,0.213330420803,0.669805351452,0.0936131300496,1.6128176811,5.29346092504,0.213330420803,1218.85482803,2.0,
555.842902711,0.791248574882,0.198085742848,0.660494540315,0.0973991855096,1.69744407981,6.35645933014,0.198085742848,1331.351157,2.0,
454.552631579,0.798632225764,0.224860669144,0.673365520812,0.0964808559812,1.62489530277,5.40350877193,0.224860669144,1128.66279946,2.0,
408.333333333,0.826735773293,0.209778151701,0.678074792308,0.100193960896,1.6127442647,4.94019138756,0.209778151701,1178.35441595,2.0,
594.720095694,0.727716576552,0.211948240908,0.669558771859,0.105416293996,1.57154040421,5.86124401914,0.211948240908,1092.09750664,2.0,
389.108452951,0.822517381122,0.211329169306,0.668518704871,0.096345028913,1.60774869084,5.20574162679,0.211329169306,1096.18748983,2.0,
352.114832536,0.834647486345,0.208285003141,0.674016632364,0.103902870526,1.62271668795,4.86762360447,0.208285003141,1064.73988436,2.0,
590.058213716,0.762491961857,0.212102770337,0.675556590384,0.0998047657992,1.64109055986,6.08692185008,0.212102770337,1242.18577681,2.0,
557.26076555,0.769984310583,0.218551671334,0.67332731788,0.0977097916872,1.62590733136,5.78628389155,0.218551671334,1211.35381452,2.0,
401.03907496,0.827506378003,0.209420444689,0.661590566172,0.0947122652181,1.6576046371,5.5374800638,0.209420444689,1162.47508261,2.0,
462.962519936,0.807018635825,0.212469062318,0.677245408641,0.10161150149,1.62882124131,5.51834130782,0.212469062318,1199.50058887,2.0,
651.24800638,0.725555703522,0.207659254341,0.677630474324,0.103565000986,1.62700053105,6.30861244019,0.207659254341,1186.48486184,2.0,
538.05861244,0.76406352117,0.210468764706,0.66599136714,0.0973606956163,1.66428046599,5.77312599681,0.210468764706,1147.79089803,2.0,
488.102870813,0.796361349921,0.220793619906,0.677338435105,0.0964685360525,1.57892008598,5.73205741627,0.220793619906,1198.45341399,2.0,
419.127591707,0.810886560788,0.211061763442,0.686703187788,0.0964101380698,1.63188156642,5.05980861244,0.211061763442,1108.13803993,2.0,
410.098883573,0.81510706221,0.214109745147,0.68460404858,0.104244770509,1.60250828638,4.995215311,0.214109745147,1109.01716549,2.0,
506.543859649,0.803872664646,0.216702723533,0.679140837282,0.101111390341,1.59338614472,5.46810207337,0.216702723533,1291.36476243,2.0,
805.545454545,0.688734491713,0.197066039392,0.661931758071,0.104516751759,1.64386060579,7.41228070175,0.197066039392,1293.98444912,2.0,
456.290271132,0.807878910753,0.21693324583,0.67934109652,0.0940934856183,1.55453821998,5.38995215311,0.21693324583,1187.50698562,2.0,
553.61323764,0.753220860365,0.218126874385,0.685039503253,0.106292058475,1.55801592452,5.69377990431,0.218126874385,1121.67754223,2.0,
587.792663477,0.759358313707,0.210916772866,0.675288231395,0.105010033672,1.61218910669,5.96012759171,0.210916772866,1221.30266067,2.0,
490.279904306,0.804059951544,0.215804163519,0.678299816246,0.100818956558,1.58767837063,5.55422647528,0.215804163519,1251.41255987,2.0,
665.471291866,0.714330768423,0.213373027683,0.678269784395,0.0978870286807,1.62133195918,6.62041467305,0.213373027683,1164.75843092,2.0,
569.582934609,0.780678973367,0.210416301011,0.671459969406,0.101895051333,1.62965886577,5.90111642743,0.210416301011,1298.51419938,2.0,
415.573365231,0.82906331287,0.202521945723,0.667962671301,0.10089194245,1.64441839856,5.22408293461,0.202521945723,1223.1784578,2.0,
471.628389155,0.810606360722,0.199867918673,0.677608071636,0.102467267847,1.60738775659,5.45215311005,0.199867918673,1246.98405867,2.0,
475.198564593,0.785121731661,0.199535330642,0.679493087666,0.107063800318,1.62621300039,5.32137161085,0.199535330642,1105.73900345,2.0,
455.894736842,0.786046894561,0.221465791127,0.675516217549,0.100388858993,1.6265598864,5.54704944179,0.221465791127,1065.40808535,2.0,
460.935406699,0.811376784094,0.211227739495,0.674149968667,0.110260757284,1.60562440843,5.26315789474,0.211227739495,1221.84166059,2.0,
397.24800638,0.823101975031,0.210768920634,0.677839605738,0.102132295838,1.62161161815,4.99681020734,0.210768920634,1122.81639789,2.0,
647.022328549,0.751093086863,0.217103991311,0.680674372974,0.100492440274,1.59388835027,6.14912280702,0.217103991311,1299.7275174,2.0,
407.437001595,0.791619868958,0.233555334254,0.696310780016,0.0976070167186,1.54366305587,4.85805422648,0.233555334254,977.629199957,3.0,
557.341706539,0.762708474344,0.215433102112,0.678046109247,0.10220104333,1.58261410216,6.16148325359,0.215433102112,1174.97959246,3.0,
493.674641148,0.784799675677,0.239194068614,0.688377572434,0.0965335080409,1.54891309366,5.55183413078,0.239194068614,1147.0118428,3.0,
532.757575758,0.7792245037,0.223012357267,0.68715456433,0.103424446848,1.55541476791,5.8014354067,0.223012357267,1206.55956998,3.0,
372.909090909,0.82464508734,0.233466622915,0.692204373786,0.0960064052652,1.5544339343,4.76236044657,0.233466622915,1063.29809999,3.0,
479.46969697,0.786575955545,0.233382681003,0.695004285489,0.0987604811873,1.52898720519,5.42025518341,0.233382681003,1123.27947442,3.0,
480.039872408,0.782392914684,0.246528493192,0.703977688649,0.102026695338,1.48409291673,5.0956937799,0.246528493192,1102.99688016,3.0,
364.801435407,0.828204688866,0.233538164318,0.686913892952,0.0981930583685,1.54157908681,4.85087719298,0.233538164318,1061.73280574,3.0,
646.977671451,0.712841158431,0.231039620583,0.698115161425,0.107783433215,1.47463379209,6.19776714514,0.231039620583,1126.51532496,3.0,
409.804625199,0.794825735954,0.230621500831,0.696409942786,0.106340303266,1.50363499014,4.82695374801,0.230621500831,998.674534313,3.0,
415.338118022,0.791970050567,0.248525611186,0.690586180159,0.091306090509,1.52030243307,5.07575757576,0.248525611186,998.265199686,3.0,
343.883572568,0.827966166733,0.228060954547,0.692654437365,0.102467288085,1.53473683858,4.72567783094,0.228060954547,999.464948369,3.0,
551.889952153,0.768041234727,0.227447924218,0.679717039395,0.0957994445956,1.56942090901,6.07336523126,0.227447924218,1189.62944018,3.0,
360.114433812,0.834318611459,0.226921697458,0.690382846476,0.0991201070203,1.54271260288,4.76594896332,0.226921697458,1086.73134172,3.0,
402.288676236,0.792771743433,0.238621737394,0.698550594309,0.0979043491703,1.51017062347,4.81419457735,0.238621737394,970.641462949,3.0,
397.26076555,0.825539011267,0.236286626018,0.68815538578,0.0931261282283,1.53633762416,5.13636363636,0.236286626018,1138.5375276,3.0,
612.910685805,0.72903818161,0.228193226651,0.675523832144,0.0934874470098,1.57080956952,6.24003189793,0.228193226651,1130.99087068,3.0,
418.202551834,0.814343459866,0.238308227071,0.677217679085,0.0894391885822,1.55969708584,5.22807017544,0.238308227071,1126.28015025,3.0,
363.976076555,0.817206744848,0.244601008829,0.691869948067,0.0923318748574,1.54355643512,4.76236044657,0.244601008829,995.594931149,3.0,
379.928229665,0.813687123645,0.231257424408,0.690503232647,0.0993128243178,1.55308689221,4.87878787879,0.231257424408,1019.59734909,3.0,
417.842105263,0.804011025181,0.231987782636,0.683938776412,0.0982344708515,1.5643204423,5.28947368421,0.231987782636,1065.98370048,3.0,
613.118022329,0.75815051142,0.230751547202,0.662894592083,0.0842653224286,1.63370591737,6.42025518341,0.230751547202,1267.56113054,3.0,
405.889154705,0.825261205673,0.234094597448,0.699816164628,0.0953512270222,1.53909160152,4.90988835726,0.234094597448,1161.41683439,3.0,
434.601275917,0.81960885322,0.234531476945,0.683515540948,0.092233391147,1.57228489275,5.29106858054,0.234531476945,1204.60810764,3.0,
450.822169059,0.798055990328,0.222507115985,0.671520589382,0.0999346809517,1.58378395126,5.61323763955,0.222507115985,1116.20584783,3.0,
616.905901116,0.737827678411,0.241514235785,0.699629905857,0.0924661275459,1.51157464948,6.15869218501,0.241514235785,1176.52751705,3.0,
435.488835726,0.799576295311,0.2272774967,0.697874497317,0.100714210851,1.52723466153,5.14354066986,0.2272774967,1086.42048205,3.0,
462.364433812,0.793356173688,0.24280738638,0.686059838793,0.0888307645873,1.51960145576,5.43540669856,0.24280738638,1118.74727173,3.0,
366.657894737,0.831111055655,0.242590218478,0.690724650641,0.0970402772411,1.54923527119,4.836523126,0.242590218478,1085.49998983,3.0,
420.869218501,0.802198872987,0.235417954412,0.709123228068,0.104977962895,1.47881386332,4.87958532695,0.235417954412,1063.86961707,3.0,
508.757575758,0.800146317991,0.227768111739,0.686173779006,0.0903599665586,1.57975884144,5.84130781499,0.227768111739,1272.82512547,3.0,
344.181818182,0.846993772791,0.243043631988,0.686243362846,0.0933428558232,1.5499459137,4.78468899522,0.243043631988,1124.73140623,3.0,
428.964114833,0.791541763318,0.232181421366,0.682698115305,0.094556908703,1.584982924,5.17145135566,0.232181421366,1028.89701472,3.0,
469.860446571,0.78864246115,0.229847899799,0.683471812569,0.0922700245521,1.59792983822,5.47767145136,0.229847899799,1111.52989652,3.0,
481.99122807,0.787038336312,0.226378618723,0.67610223448,0.0992838524814,1.61694831261,5.57177033493,0.226378618723,1131.63848301,3.0,
431.072567783,0.825382601839,0.239169903518,0.686767432067,0.0948403542146,1.54938537193,5.18421052632,0.239169903518,1234.33452887,3.0,
497.106060606,0.803085448974,0.235563262949,0.676009614137,0.0906522026373,1.58821035175,5.82854864434,0.235563262949,1262.23800632,3.0,
519.063795853,0.766204264757,0.239389615114,0.686921020436,0.0921231788095,1.52842474222,5.72328548644,0.239389615114,1110.07969267,3.0,
328.512759171,0.829108427397,0.245016902849,0.690668887631,0.0911518956152,1.52889361213,4.71929824561,0.245016902849,961.173082341,3.0,
495.169059011,0.779027947656,0.228831057999,0.666673232334,0.0852641814993,1.63784496123,6.18580542265,0.228831057999,1120.43367874,3.0,
496.532695375,0.798079494359,0.219590134536,0.673675833784,0.0936062717589,1.64231518732,5.74242424242,0.219590134536,1229.52518814,3.0,
450.138755981,0.801949723151,0.230186529104,0.681701943986,0.0922902157324,1.56087150208,5.38437001595,0.230186529104,1136.42546515,3.0,
419.839712919,0.820774882079,0.236488213792,0.686750443411,0.0969373345409,1.55192166489,5.02312599681,0.236488213792,1171.26359795,3.0,
639.125598086,0.747767658653,0.229213248069,0.675813755347,0.092518514646,1.58690041128,6.7523923445,0.229213248069,1274.14040799,3.0,
440.464912281,0.783747128432,0.233842771711,0.668556662282,0.0890320721881,1.6099420973,5.61483253589,0.233842771711,1018.40245886,3.0,
428.028708134,0.801147874545,0.229954416998,0.695534000432,0.101585369356,1.52855785894,4.95454545455,0.229954416998,1076.24876313,3.0,
464.513556619,0.797933408337,0.23844685841,0.687447183645,0.0896194200353,1.55916327176,5.83253588517,0.23844685841,1149.40711573,3.0,
368.490430622,0.821668020484,0.228034245756,0.679559187765,0.0952912402235,1.58312229613,4.95773524721,0.228034245756,1033.15858328,3.0,
484.932216906,0.792661251833,0.239642712697,0.675058406435,0.089846520659,1.5981571526,5.76315789474,0.239642712697,1169.42014262,3.0,
451.494417863,0.799173990026,0.237171831638,0.68152936739,0.0903743929338,1.5726682364,5.29744816587,0.237171831638,1124.09348251,3.0,
548.431419458,0.761255202772,0.196859046267,0.651296234236,0.0932342715941,1.7070641893,6.28149920255,0.196859046267,1148.57250467,4.0,
572.567783094,0.776117380718,0.188970732253,0.654316713448,0.10427601977,1.68385467561,6.48006379585,0.188970732253,1278.72316514,4.0,
533.045454545,0.783758593892,0.214711646813,0.673898348352,0.10322370006,1.57878507644,5.72966507177,0.214711646813,1232.52402058,4.0,
549.528708134,0.788696240459,0.196065731605,0.658003329557,0.0980014988472,1.68153456539,6.18819776715,0.196065731605,1300.32875262,4.0,
452.636363636,0.790724343318,0.20790790046,0.678582752292,0.108673005055,1.57543591567,5.19218500797,0.20790790046,1081.43577426,4.0,
687.794258373,0.729443127427,0.205947348071,0.666202420599,0.0965371825265,1.65068857378,6.45135566188,0.205947348071,1271.07149752,4.0,
684.027113238,0.728951853058,0.19462313897,0.660463239943,0.104004206821,1.66692930054,6.80303030303,0.19462313897,1261.81846465,4.0,
559.670653907,0.782715811615,0.207818871159,0.671182363677,0.0982411381293,1.60414130378,5.89234449761,0.207818871159,1287.87708408,4.0,
564.670653907,0.736232996931,0.198061577752,0.680585797605,0.109864463028,1.58636478228,6.08532695375,0.198061577752,1070.39668976,4.0,
403.570972887,0.827681157295,0.193774498956,0.659343806733,0.101067751872,1.66823859569,5.44657097289,0.193774498956,1171.00070588,4.0,
466.523923445,0.784908246519,0.21585058594,0.676989809206,0.104475109874,1.56420592227,5.40829346093,0.21585058594,1084.47654523,4.0,
576.145933014,0.775231364597,0.200073004027,0.656606237442,0.0946030204889,1.69845829684,6.12679425837,0.200073004027,1281.64219172,4.0,
494.687400319,0.817981083872,0.20436485225,0.65647595832,0.092432317118,1.68103640877,6.10127591707,0.20436485225,1358.89008363,4.0,
639.322169059,0.775538521495,0.20115089449,0.649150187993,0.0944748284925,1.69369653334,6.75757575758,0.20115089449,1424.12447187,4.0,
473.415470494,0.808662866278,0.203470107776,0.660838097509,0.0968043296478,1.65822177683,5.56698564593,0.203470107776,1237.12386949,4.0,
550.766347687,0.770548340704,0.199933736763,0.652615183726,0.0924611117545,1.71874935752,6.19537480064,0.199933736763,1200.17948307,4.0,
487.58692185,0.805223691676,0.196616759384,0.640891986489,0.0896915954695,1.74094590221,6.2288676236,0.196616759384,1251.65870029,4.0,
412.415470494,0.834011678681,0.209834430937,0.652257054451,0.094443766992,1.70188356436,5.57575757576,0.209834430937,1242.30267291,4.0,
503.87400319,0.808654684617,0.18943940793,0.65207562453,0.0972792620385,1.70648517838,6.04545454545,0.18943940793,1319.92803619,4.0,
535.204944179,0.815252241177,0.192888021489,0.637026263199,0.0925174674464,1.73808256745,6.24082934609,0.192888021489,1448.47479501,4.0,
426.359649123,0.833001801195,0.223622843901,0.664035912754,0.0879334053022,1.63957659535,5.37799043062,0.223622843901,1276.53966383,4.0,
427.552631579,0.816656103879,0.203037361782,0.66180307227,0.10256479085,1.66036606721,5.32615629984,0.203037361782,1165.98545309,4.0,
563.639553429,0.778617574128,0.201795085074,0.654843222004,0.0942187207642,1.69086753002,6.29106858054,0.201795085074,1272.99976773,4.0,
458.5215311,0.830284001782,0.207821096892,0.64828118047,0.0910815491015,1.68690134671,5.91387559809,0.207821096892,1350.84946592,4.0,
712.368819777,0.760927866404,0.190593291261,0.637670349699,0.0908544052556,1.7387233869,7.32416267943,0.190593291261,1494.74110728,4.0,
673.304625199,0.732954949762,0.190885816106,0.659167746523,0.10984327121,1.60101224669,6.75757575758,0.190885816106,1260.6573771,4.0,
536.942583732,0.751955203936,0.193570049526,0.668741253288,0.108965911133,1.64661375692,5.93301435407,0.193570049526,1082.3500276,4.0,
680.48245614,0.738444198563,0.190532242597,0.652446080284,0.105979337123,1.6688236717,6.74960127592,0.190532242597,1300.83609769,4.0,
534.688995215,0.776799524003,0.1942409489,0.668083656021,0.103400181519,1.63022525077,6.0023923445,0.1942409489,1197.77745282,4.0,
496.633971292,0.767698809547,0.205503473415,0.677057797999,0.106728455295,1.58699561564,5.77432216906,0.205503473415,1069.81189587,4.0,
586.226475279,0.737896414385,0.194909622541,0.679202908584,0.113053214394,1.60037820497,5.88038277512,0.194909622541,1118.31067458,4.0,
366.362838915,0.816212281107,0.215801619825,0.686295106028,0.103644497927,1.5646666688,4.7336523126,0.215801619825,996.701088415,4.0,
528.700956938,0.784814294523,0.206274848714,0.677333333037,0.103508080879,1.6103861089,5.91547049442,0.206274848714,1228.47601741,4.0,
482.440191388,0.777099634577,0.202470435913,0.675779334081,0.104942048115,1.61090643362,5.73046251994,0.202470435913,1082.18797774,4.0,
333.296650718,0.824775593334,0.215604483516,0.678730189397,0.0980294818188,1.58932689856,4.90829346093,0.215604483516,951.056582413,4.0,
480.004784689,0.798237723487,0.203908895045,0.663548928858,0.106699008648,1.64641695839,5.88118022329,0.203908895045,1189.53055295,4.0,
423.343700159,0.82261361002,0.199729923257,0.6654680289,0.104762402134,1.65443834104,5.32695374801,0.199729923257,1193.28123259,4.0,
528.870813397,0.764183306744,0.211053178473,0.676089381625,0.10062807195,1.62561773736,5.72009569378,0.211053178473,1121.35999809,4.0,
426.047049442,0.819666153883,0.196910874039,0.661864329313,0.100642075682,1.66422487333,5.44258373206,0.196910874039,1181.27311821,4.0,
558.942583732,0.751551268849,0.198994159678,0.67721424971,0.10770415837,1.60050813527,6.23763955343,0.198994159678,1124.86503985,4.0,
345.490430622,0.825682366591,0.204949901941,0.679030208256,0.107508024096,1.59573282448,4.87400318979,0.204949901941,990.979580971,4.0,
443.022328549,0.782764773335,0.196732497475,0.667119312748,0.105165581051,1.63720405517,5.48803827751,0.196732497475,1019.68344487,4.0,
565.574960128,0.755207431111,0.193862892333,0.670832392848,0.111203560678,1.62473670423,6.19696969697,0.193862892333,1155.2126821,4.0,
391.662679426,0.832248712162,0.212036634285,0.686701415529,0.102132682424,1.56726962048,4.99122807018,0.212036634285,1167.39097647,4.0,
524.588516746,0.754731842195,0.206802665283,0.668191960317,0.103225396037,1.62144580634,5.7711323764,0.206802665283,1070.69294112,4.0,
314.35645933,0.847505931112,0.202720353879,0.676434174389,0.103652116913,1.61012530724,4.62519936204,0.202720353879,1030.71700304,4.0,
559.912679426,0.755065315006,0.212226139511,0.685640465514,0.10369203562,1.57440854785,6.09130781499,0.212226139511,1153.876266,4.0,
534.00877193,0.773621941983,0.198233913041,0.67219993255,0.107793617983,1.62694527451,5.94657097289,0.198233913041,1179.46230436,4.0,
530.071770335,0.773619171598,0.193180228373,0.665977789445,0.104463337797,1.66167888357,6.18819776715,0.193180228373,1170.75234258,4.0,
469.062998405,0.78804418672,0.203909530968,0.681268023386,0.105543949573,1.60137664157,5.3995215311,0.203909530968,1106.51128446,4.0,
622.224880383,0.754873713844,0.178313606984,0.636946795758,0.100543820714,1.77000208723,6.83811802233,0.178313606984,1276.59302815,5.0,
502.972089314,0.796220483526,0.179760651084,0.648804810213,0.106048254836,1.69207225952,5.98564593301,0.179760651084,1243.01992539,5.0,
658.46291866,0.721698428221,0.18239273877,0.647063907822,0.108642781771,1.66908991401,6.59529505582,0.18239273877,1193.32579816,5.0,
574.147527911,0.781242850085,0.175057042345,0.642927736876,0.106975259862,1.7393864232,6.22727272727,0.175057042345,1317.50860087,5.0,
674.151913876,0.728364242368,0.173942586276,0.659249220802,0.108106160307,1.71035156843,6.70454545455,0.173942586276,1250.94312113,5.0,
618.502392344,0.771980480838,0.182694484508,0.638489923017,0.0943789913807,1.74238939981,6.52392344498,0.182694484508,1366.27706745,5.0,
530.677432217,0.792613738045,0.188371692244,0.626876476792,0.0904251265276,1.75746751637,6.33452950558,0.188371692244,1284.97924349,5.0,
508.834529506,0.786528252789,0.194121077305,0.643983268207,0.0919097670505,1.72556199939,6.20135566188,0.194121077305,1197.12259243,5.0,
561.017145136,0.801677322829,0.188007943957,0.625597347426,0.0901943950065,1.76194948998,6.43899521531,0.188007943957,1419.39376487,5.0,
460.008373206,0.795844290077,0.192644144797,0.645693931108,0.0979240870325,1.69817842937,5.60007974482,0.192644144797,1137.29232902,5.0,
601.358851675,0.770126068623,0.181503717609,0.635585772847,0.100510036929,1.73942776582,6.73763955343,0.181503717609,1308.01880855,5.0,
536.350079745,0.762068356311,0.197094337991,0.652957015649,0.0961357269774,1.67456315074,5.92185007974,0.197094337991,1132.35786011,5.0,
480.199362041,0.813710372802,0.188416206894,0.634753012873,0.0975555511643,1.75093807902,5.9346092504,0.188416206894,1294.56265739,5.0,
616.175837321,0.763292538341,0.18601209781,0.642093374842,0.0960996013629,1.71718232311,6.51156299841,0.18601209781,1306.84206031,5.0,
711.371610845,0.749392935666,0.1846699811,0.627845879117,0.092841297771,1.75621556451,7.31339712919,0.1846699811,1419.29680382,5.0,
530.133971292,0.802522461436,0.187894431599,0.629790974598,0.0912613746716,1.77979039674,6.51355661882,0.187894431599,1342.26397378,5.0,
519.974481659,0.799392622782,0.178541585586,0.628673898611,0.0949860515829,1.78976452879,6.32535885167,0.178541585586,1296.00039857,5.0,
476.329744817,0.796929285044,0.18999234348,0.648193191635,0.0995510332794,1.70935310178,5.69497607656,0.18999234348,1178.23045572,5.0,
625.907496013,0.767627802446,0.178099300738,0.625435481524,0.0927091869905,1.80891507089,6.78468899522,0.178099300738,1346.77793342,5.0,
581.951355662,0.761948369771,0.18754976102,0.648007961875,0.0997770074864,1.73328362197,6.33492822967,0.18754976102,1222.32171883,5.0,
504.055023923,0.804187244796,0.182255697239,0.639470690976,0.100962704246,1.76979157499,5.82057416268,0.182255697239,1287.08424382,5.0,
665.789872408,0.761621438056,0.187153580631,0.634655057164,0.0928118017202,1.74027051603,7.03947368421,0.187153580631,1401.30181255,5.0,
615.481658692,0.748118951502,0.187791729941,0.643500709267,0.0994789379603,1.70739640883,6.34609250399,0.187791729941,1221.77047928,5.0,
754.755183413,0.737616554343,0.175764507325,0.615309526764,0.091853331494,1.81664604172,7.54385964912,0.175764507325,1442.3493071,5.0,
500.492822967,0.79755330781,0.179217890311,0.626259563878,0.10017493474,1.77740215797,6.18421052632,0.179217890311,1236.11015214,5.0,
603.247208931,0.789069520942,0.177288816139,0.614613253949,0.0917423653935,1.83663571396,6.96092503987,0.177288816139,1429.96690574,5.0,
503.072567783,0.828174201789,0.189977717238,0.635659141451,0.0959265169291,1.73981237737,6.13397129187,0.189977717238,1463.90289765,5.0,
499.28708134,0.791085651282,0.21639811614,0.652419210306,0.091397413724,1.68902349678,5.95614035088,0.21639811614,1194.95641253,5.0,
587.182216906,0.790308794205,0.183246784134,0.622727501126,0.0937559092688,1.78798989841,6.93660287081,0.183246784134,1407.81264726,5.0,
527.124401914,0.807497041346,0.186887446614,0.639355208277,0.0944275655923,1.73515905055,6.22807017544,0.186887446614,1369.13324761,5.0,
497.465709729,0.7931573231,0.201973461637,0.643880182685,0.0906896605765,1.72208515274,6.01913875598,0.201973461637,1202.52192919,5.0,
567.810207337,0.794661374974,0.180650308169,0.63558030871,0.0976881283223,1.78401082474,6.54625199362,0.180650308169,1382.61909386,5.0,
627.73923445,0.803089563361,0.178153990166,0.624421346309,0.0914626091634,1.79214887363,6.8971291866,0.178153990166,1593.97146531,5.0,
488.481658692,0.820726230806,0.191301710126,0.649819870372,0.0994995257832,1.69570331127,5.90111642743,0.191301710126,1362.39021717,5.0,
530.578947368,0.822931964678,0.178894841134,0.630591915436,0.100278361351,1.77000723835,6.38197767145,0.178894841134,1498.61831803,5.0,
408.968899522,0.824220186841,0.176769266577,0.634385932021,0.103724200086,1.76232855333,5.45933014354,0.176769266577,1163.29882303,5.0,
519.245614035,0.807453165077,0.210108831961,0.662899684408,0.0962782317011,1.65454202589,5.80542264753,0.210108831961,1348.36185244,5.0,
372.917065391,0.846986707562,0.199338512295,0.659708607663,0.100785485736,1.69908896616,5.1706539075,0.199338512295,1218.57735184,5.0,
530.311004785,0.806029980694,0.179150482412,0.638060755701,0.10172918432,1.74625707996,6.1961722488,0.179150482412,1366.99219467,5.0,
473.303030303,0.80188179055,0.195356040892,0.650746366284,0.10003679333,1.6830044176,5.75119617225,0.195356040892,1194.49653724,5.0,
444.718500797,0.819872597353,0.211928209316,0.670765823198,0.0996078570687,1.6038903479,5.2336523126,0.211928209316,1241.81767435,5.0,
490.378787879,0.814645095689,0.19520628089,0.6565873772,0.0981324206656,1.70076668521,5.6985645933,0.19520628089,1322.81039366,5.0,
472.60446571,0.813099115946,0.193166873978,0.650106394407,0.0986587816135,1.696050949,5.75598086124,0.193166873978,1264.31843301,5.0,
481.720095694,0.804515228122,0.191889621473,0.62278868598,0.080843057194,1.79043568037,6.07735247209,0.191889621473,1232.11667862,5.0,
475.031100478,0.8262374313,0.19522408675,0.632648021849,0.0859599021045,1.75732282534,6.1658692185,0.19522408675,1366.89709421,5.0,
452.664274322,0.820191530679,0.194924248783,0.638105737368,0.0934772148832,1.73590654979,5.836523126,0.194924248783,1258.74013619,5.0,
529.686602871,0.791242972994,0.181339331365,0.634610715193,0.0998775051294,1.7194630779,6.17384370016,0.181339331365,1268.66771976,5.0,
506.791866029,0.776944655323,0.186766939096,0.658468128979,0.111071428875,1.67000984027,5.75757575758,0.186766939096,1136.0226915,5.0,
547.027113238,0.767460402391,0.20131082927,0.668534900384,0.104067082797,1.62686815196,5.83891547049,0.20131082927,1176.62415454,5.0,
681.22169059,0.768789645363,0.172878686131,0.63700190161,0.102944954755,1.76415416665,7.03189792663,0.172878686131,1473.16432186,5.0,
597.323763955,0.805647835564,0.24686235307,0.636517537043,0.055618196098,1.73141200333,7.33492822967,0.24686235307,1547.03344656,6.0,
368.542264753,0.826519885988,0.261794474587,0.686982613667,0.0834936623715,1.53997717496,5.04226475279,0.261794474587,1070.78679279,6.0,
628.398724083,0.72792323376,0.25375989815,0.682972521028,0.0826351719279,1.5660941863,6.51435406699,0.25375989815,1165.29723132,6.0,
482.730063796,0.788633811307,0.254528093832,0.673309171458,0.0794456469001,1.57160441952,5.73405103668,0.254528093832,1153.8921606,6.0,
569.67185008,0.774710196243,0.263379832065,0.679022594114,0.078054773739,1.56278112487,6.52352472089,0.263379832065,1272.49260568,6.0,
490.921052632,0.793066929028,0.257390067891,0.68294407395,0.0837196201971,1.55302375632,5.77751196172,0.257390067891,1193.3581892,6.0,
621.147926635,0.73986699515,0.257417730567,0.674632222397,0.0822124562594,1.54587345658,6.61283891547,0.257417730567,1201.46530945,6.0,
484.703349282,0.755743593379,0.273022341267,0.685280215269,0.074489045165,1.49458543784,5.4696969697,0.273022341267,1005.36025389,6.0,
426.617623604,0.807853342222,0.272270997561,0.697064258345,0.0837085014367,1.47948053472,5.22687400319,0.272270997561,1122.43021649,6.0,
653.834529506,0.722574133599,0.26354962366,0.684867302942,0.0827595859409,1.53085311421,6.70454545455,0.26354962366,1191.74389629,6.0,
384.313397129,0.829275786428,0.265673608408,0.697625086452,0.0828129528722,1.50025582374,4.97687400319,0.265673608408,1133.99764263,6.0,
547.113636364,0.765970184191,0.245583828718,0.673701484875,0.0804401455645,1.57410532975,6.10247208931,0.245583828718,1178.20189306,6.0,
545.826555024,0.789000267195,0.252733199535,0.683712524193,0.0872226911718,1.5487162425,5.9509569378,0.252733199535,1306.44393527,6.0,
573.456140351,0.759850967948,0.26620015313,0.698339367555,0.0858394976332,1.48544265178,6.05103668262,0.26620015313,1202.19290042,6.0,
408.46092504,0.801208314251,0.264109872332,0.692740440791,0.0844925516847,1.49161462695,5.07416267943,0.264109872332,1037.30117722,6.0,
411.028708134,0.814993561083,0.256975763681,0.680477275577,0.0813680597984,1.56016447268,5.55183413078,0.256975763681,1119.89982439,6.0,
687.484051037,0.742893900394,0.234197935029,0.657156552544,0.0818515116827,1.62803594188,7.3971291866,0.234197935029,1347.08864504,6.0,
560.170255183,0.746701186051,0.255012667598,0.677025139249,0.0852459092056,1.56016713079,6.43819776715,0.255012667598,1115.68011649,6.0,
610.894736842,0.740878979813,0.245920550252,0.676347653566,0.081199647841,1.5757345463,6.51355661882,0.245920550252,1189.2830402,6.0,
498.512360447,0.815394650919,0.256172592203,0.680375779073,0.0867018455908,1.56180967783,5.79306220096,0.256172592203,1361.448264,6.0,
631.300637959,0.735741293384,0.252702357242,0.674185462034,0.0781037580069,1.55726688999,6.73524720893,0.252702357242,1206.23960758,6.0,
599.253189793,0.725526706369,0.249240389287,0.684612018219,0.0857142789215,1.54134706053,6.56419457735,0.249240389287,1102.47757706,6.0,
480.633173844,0.80472142562,0.263446604041,0.683865753439,0.082072220969,1.54727108665,5.504784689,0.263446604041,1241.21485123,6.0,
588.450956938,0.769124103288,0.249108435145,0.672256687698,0.0838461944229,1.56343505406,6.39114832536,0.249108435145,1281.16247518,6.0,
504.717703349,0.767669711541,0.255112189637,0.680035796173,0.0829688705272,1.53717008229,6.02711323764,0.255112189637,1093.75892217,6.0,
398.102073365,0.82433223129,0.253519519038,0.683397033311,0.0812095694952,1.54124194317,5.13476874003,0.253519519038,1146.20707373,6.0,
521.264752791,0.777358950816,0.247917668246,0.683457575376,0.0868055414221,1.55846994326,5.93141945774,0.247917668246,1178.20315866,6.0,
502.13277512,0.772847144469,0.263420531174,0.675866704868,0.073146046253,1.54167594437,5.93500797448,0.263420531174,1113.33333274,6.0,
571.626794258,0.76321251149,0.24411770691,0.669703853774,0.0811680553476,1.62334563017,6.48006379585,0.24411770691,1214.77895821,6.0,
536.687400319,0.775882626698,0.259091799384,0.687377373372,0.0849214085608,1.53678832419,6.13636363636,0.259091799384,1206.19355161,6.0,
421.918261563,0.810417878895,0.251748153914,0.676961637704,0.0805400824065,1.57615886924,5.43421052632,0.251748153914,1119.75957323,6.0,
519.511562998,0.754962937593,0.249251835911,0.685107652861,0.0873127049592,1.53983072214,5.81858054226,0.249251835911,1067.35252602,6.0,
362.333333333,0.806156329708,0.26381448583,0.696244271111,0.0891443063793,1.47938771948,4.75119617225,0.26381448583,941.942474512,6.0,
359.959728868,0.826682367928,0.267935906534,0.692464104215,0.0834904217861,1.52926460659,4.81618819777,0.267935906534,1046.29011744,6.0,
390.054625199,0.833751098316,0.260569367816,0.694293296903,0.0878865855403,1.49384579814,4.92304625199,0.260569367816,1180.39905464,6.0,
408.829346093,0.825273735077,0.264243416283,0.684852811403,0.0779443125613,1.53924614382,5.32216905901,0.264243416283,1178.60139738,6.0,
516.350079745,0.76342605693,0.265224646363,0.694356743678,0.0831675611754,1.51560891822,5.76156299841,0.265224646363,1100.33075594,6.0,
520.370015949,0.785261723909,0.256543017686,0.683610827306,0.0834070432663,1.56181650765,5.94577352472,0.256543017686,1220.51423149,6.0,
483.018341308,0.785492019314,0.265082199482,0.687155051465,0.0788036072299,1.53527922068,5.58054226475,0.265082199482,1134.18069069,6.0,
799.94138756,0.702256170143,0.257713752992,0.680322578544,0.07575618441,1.57739073665,7.6192185008,0.257713752992,1360.10353269,6.0,
555.327751196,0.790764350544,0.26325614493,0.672413861985,0.0711831659197,1.58853055183,6.42663476874,0.26325614493,1335.90419923,6.0,
533.061004785,0.764789876086,0.260801479921,0.685426088974,0.0832098292156,1.51855829396,5.98524720893,0.260801479921,1142.71828717,6.0,
435.98046252,0.814666322498,0.261788751275,0.681747811994,0.0782529926935,1.54979802079,5.66866028708,0.261788751275,1185.91124085,6.0,
515.207735247,0.785542113387,0.265960409942,0.695226991994,0.0835679328726,1.5216863805,5.86483253589,0.265960409942,1211.40338815,6.0,
481.608851675,0.793913605625,0.250287437457,0.677577334739,0.0870351383233,1.55868033997,5.76036682616,0.250287437457,1178.3848505,6.0,
669.777113238,0.719783605257,0.253751631144,0.680177956353,0.0852241722237,1.57307164401,6.68062200957,0.253751631144,1205.62071868,6.0,
595.358851675,0.779035681822,0.249440387252,0.684899822627,0.082875022309,1.57831665042,6.24561403509,0.249440387252,1357.24932099,6.0,
455.362838915,0.813789402762,0.255371964419,0.693989325642,0.0808142145762,1.5696373998,5.35087719298,0.255371964419,1232.57077893,6.0,
307.585326954,0.846107502807,0.26500366292,0.685390990157,0.0829475587578,1.54594457597,4.62041467305,0.26500366292,1009.21005128,6.0,
623.93062201,0.758579867992,0.256190716025,0.684811920061,0.0858891503462,1.55915607713,6.4673046252,0.256190716025,1303.54989647,6.0,
533.202950558,0.791427811603,0.250243240768,0.673068224064,0.0784435685853,1.57148909756,6.1543062201,0.250243240768,1300.21319549,7.0,
519.111642743,0.773949562456,0.237042103228,0.684158573398,0.0934589723548,1.57571552637,5.89633173844,0.237042103228,1169.91369436,7.0,
464.413875598,0.796217287151,0.23482209402,0.68910366103,0.0966866191139,1.52742400376,5.5653907496,0.23482209402,1160.85036162,7.0,
653.054226475,0.739095311546,0.228470171369,0.656095732077,0.0860974055333,1.63378761964,7.10845295056,0.228470171369,1273.89315737,7.0,
628.393939394,0.757220182897,0.227439021288,0.667345246363,0.0855853273353,1.62440342103,6.68899521531,0.227439021288,1311.77951321,7.0,
559.159489633,0.784023550533,0.250574556952,0.678994585783,0.0882952492139,1.58097461528,6.22567783094,0.250574556952,1313.4542798,7.0,
527.55861244,0.781308228519,0.243992747928,0.679834615983,0.0864733216897,1.5725007746,5.94537480064,0.243992747928,1226.19977257,7.0,
739.619617225,0.692826699648,0.230930559689,0.672575404421,0.0922478777064,1.60147334075,7.19298245614,0.230930559689,1222.40665659,7.0,
542.76754386,0.771866113566,0.239748593973,0.679850746338,0.0916421801967,1.57740575718,6.04984051037,0.239748593973,1211.96709799,7.0,
580.589314195,0.753395629044,0.238300913949,0.690025075492,0.0952953033357,1.52466020199,5.96411483254,0.238300913949,1198.27526604,7.0,
677.978867624,0.721370133424,0.238041139168,0.671019885469,0.0857052264685,1.61235998955,6.79465709729,0.238041139168,1234.52250251,7.0,
510.448963317,0.801997432714,0.244772708195,0.684645729829,0.0871719431345,1.56736513723,5.66985645933,0.244772708195,1307.51329382,7.0,
488.103668262,0.775985891716,0.241606444704,0.681086287714,0.0912971874983,1.58312409174,5.66746411483,0.241606444704,1107.257219,7.0,
716.348883573,0.727042893076,0.232671400482,0.669660848547,0.0935252992641,1.61508689672,6.85446570973,0.232671400482,1329.32898668,7.0,
587.628389155,0.747165415198,0.257914704842,0.688452978061,0.0878145085879,1.52695545534,5.98724082935,0.257914704842,1178.27045178,7.0,
703.094497608,0.721517166571,0.243387666644,0.664210069925,0.0771964698949,1.61371625345,6.90948963317,0.243387666644,1281.31218796,7.0,
589.952950558,0.776548990905,0.242766687271,0.671813205142,0.091237349245,1.58817298757,6.17862838915,0.242766687271,1337.86717655,7.0,
513.57814992,0.773430256078,0.243569858749,0.676864651999,0.0862046768794,1.57802129674,5.71610845295,0.243569858749,1147.77329181,7.0,
630.322966507,0.755195162083,0.236474541436,0.674421255496,0.0918002849698,1.61686528342,6.40510366826,0.236474541436,1304.0688063,7.0,
554.483253589,0.770019780768,0.226949042172,0.657879418636,0.083590412196,1.64009978173,6.53189792663,0.226949042172,1221.17214388,7.0,
681.564194577,0.739983074953,0.225520439856,0.670637223391,0.0927204010727,1.62874358239,6.82336523126,0.225520439856,1325.86061259,7.0,
516.7715311,0.780274915591,0.234870424212,0.67283849964,0.0909677359092,1.58251144216,5.96929824561,0.234870424212,1190.64880584,7.0,
495.852472089,0.787195981043,0.245422304129,0.675702935512,0.0813533394049,1.58722276446,5.76555023923,0.245422304129,1179.38527827,7.0,
747.677432217,0.740319973739,0.229535661322,0.658293711856,0.082216937975,1.65278416848,7.1144338118,0.229535661322,1454.62282391,7.0,
508.344497608,0.780589194092,0.246853768102,0.689415700797,0.0966890732152,1.53917129455,5.47767145136,0.246853768102,1173.86885412,7.0,
472.562998405,0.815403435672,0.182525010874,0.631546147984,0.0925106309832,1.77090263714,5.99122807018,0.182525010874,1289.913195,7.0,
416.303030303,0.812848252436,0.240902159342,0.678702163864,0.089875365541,1.56755753699,5.26156299841,0.240902159342,1125.80818748,7.0,
593.395933014,0.779234822826,0.236234798247,0.673178902697,0.0855253742259,1.58868224217,6.5187400319,0.236234798247,1357.55718642,7.0,
662.164673046,0.735399139362,0.222737002358,0.661608274825,0.0871222342025,1.66369982755,6.99641148325,0.222737002358,1265.78032882,7.0,
634.436204147,0.753671227527,0.235652610212,0.675729426776,0.0873396937674,1.56739082896,6.7966507177,0.235652610212,1297.34992792,7.0,
514.017942584,0.793506547197,0.228558882708,0.668664676502,0.0928440691188,1.62721082555,5.97647527911,0.228558882708,1254.1458472,7.0,
551.68062201,0.79423557768,0.250025754905,0.691398770403,0.09184763211,1.54039743413,5.9533492823,0.250025754905,1351.56948184,7.0,
545.696172249,0.770180358386,0.224895644941,0.661304149768,0.0880750997414,1.61659806716,6.42105263158,0.224895644941,1199.23165615,7.0,
588.516746411,0.722581319607,0.239276738679,0.667811685691,0.082599731523,1.58527366944,6.2966507177,0.239276738679,1071.96674565,7.0,
623.19338118,0.757393373217,0.243397841421,0.671803838742,0.087539224235,1.56587850355,6.47966507177,0.243397841421,1295.14702541,7.0,
455.037480064,0.793464753102,0.243751732892,0.685965989272,0.0955639918494,1.5443405312,5.1307814992,0.243751732892,1110.72294972,7.0,
392.379585327,0.829777333247,0.239670057411,0.679764861932,0.0860400285834,1.59021211761,5.33971291866,0.239670057411,1162.35612165,7.0,
517.035486443,0.785974429649,0.241508830435,0.678431898319,0.0850456359509,1.54507922779,5.88875598086,0.241508830435,1213.96305924,7.0,
527.665869218,0.766438443392,0.233933708783,0.669038633783,0.0847610070759,1.60534138281,6.24641148325,0.233933708783,1136.41151871,7.0,
416.437799043,0.824972433723,0.244736460551,0.683652247083,0.0883644590339,1.57578248068,5.07496012759,0.244736460551,1195.91716571,7.0,
622.842902711,0.742956288651,0.21920858039,0.665682591285,0.0915448325635,1.64062918124,6.79585326954,0.21920858039,1219.1794632,7.0,
457.564593301,0.800936286238,0.232513691435,0.682941958632,0.0946220348033,1.57586899517,5.29585326954,0.232513691435,1155.96304457,7.0,
549.095295056,0.773047031759,0.22708385797,0.671191321742,0.0940011395352,1.61295703926,6.04984051037,0.22708385797,1217.45633928,7.0,
389.984051037,0.822914684983,0.237354023743,0.680558907699,0.0887864700524,1.58686236592,5.30542264753,0.237354023743,1108.05051538,7.0,
635.78907496,0.778319955177,0.174583597242,0.630796099962,0.0966611429344,1.80026202755,7.00917065391,0.174583597242,1439.65362248,7.0,
557.813397129,0.763687245481,0.235593787281,0.681335072701,0.0941695482929,1.57926847837,5.8668261563,0.235593787281,1186.74189595,7.0,
619.213716108,0.75564732026,0.245451874576,0.686145548486,0.089573138824,1.53183369865,6.163476874,0.245451874576,1279.75989736,7.0,
483.320574163,0.795967783356,0.223744305304,0.679710407965,0.0976443842099,1.58082978546,5.64912280702,0.223744305304,1192.44645969,7.0,
644.761164274,0.734804099038,0.22725619326,0.688691931528,0.0991578805034,1.55272164132,6.3201754386,0.22725619326,1222.76033777,7.0,
482.96092504,0.776717092086,0.239956540983,0.683884541409,0.0901090284551,1.54616810617,5.63875598086,0.239956540983,1091.94683377,7.0,
