219.754780738,0.907590377673,0.244536197933,0.749391024802,0.117336357892,1.53934253459,2.37621148246,0.244536197933,1189.02507097,1.0,
224.242578991,0.902056007722,0.261972692978,0.765447067267,0.116768420197,1.45451347306,2.2921900126,0.261972692978,1144.74902327,1.0,
246.26854709,0.881150706719,0.249180827654,0.760737450104,0.121148343185,1.50212920473,2.38895649528,0.249180827654,1036.05389772,1.0,
217.174670781,0.903378389072,0.265135403529,0.768330869889,0.115892811403,1.45045044075,2.18946933809,0.265135403529,1123.84043094,1.0,
248.331913599,0.883094100718,0.254730050569,0.765572821778,0.119881413838,1.46288205562,2.34519101221,0.254730050569,1062.1017208,1.0,
217.410491547,0.902536123042,0.258470230649,0.767025579181,0.118253808187,1.45745396194,2.23030118649,0.258470230649,1115.33882261,1.0,
254.001021339,0.890521350009,0.261966360978,0.763866390816,0.116276295891,1.46068806671,2.4655786866,0.261966360978,1160.04819826,1.0,
192.68902386,0.908445835145,0.264599049737,0.77478579441,0.118819360066,1.41356262573,2.04188578382,0.264599049737,1052.75308736,1.0,
213.326567865,0.904947943539,0.263654206149,0.745070620398,0.109273191285,1.54758995653,2.38458863923,0.263654206149,1122.15650984,1.0,
211.924051458,0.919850151644,0.259478271461,0.743061618042,0.111179773686,1.53284784128,2.41216480508,0.259478271461,1322.04898578,1.0,
224.134686427,0.906681926546,0.261510834276,0.747486212909,0.111524173657,1.51055659339,2.49569733583,0.261510834276,1200.91788295,1.0,
207.938502325,0.909699612716,0.251505175067,0.746234118011,0.116320331991,1.55722931933,2.2782606806,0.251505175067,1151.3710438,1.0,
158.308944326,0.939897648832,0.261675629903,0.746358747831,0.111655853228,1.50800627391,2.01775392238,0.261675629903,1316.99460379,1.0,
205.172823678,0.921886968137,0.253588736007,0.739626591079,0.111187577996,1.56093685231,2.420270329,0.253588736007,1313.3072599,1.0,
218.925898561,0.91347549628,0.239824070953,0.73347139664,0.116014305096,1.60153131657,2.46701290799,0.239824070953,1265.1092416,1.0,
225.259550611,0.905650771251,0.254595999308,0.743810661695,0.11403457555,1.54146019452,2.40864444348,0.254595999308,1193.75406453,1.0,
197.828045547,0.912638757597,0.251300932058,0.750675365545,0.118127068139,1.53276106089,2.20378982137,0.251300932058,1132.24148435,1.0,
171.449476292,0.920211973615,0.260074963892,0.75067099664,0.11419848164,1.53740270723,2.07399278543,0.260074963892,1074.40604849,1.0,
184.2612456,0.919317369485,0.242061819092,0.746967248513,0.120189032572,1.56135059709,2.11641096962,0.242061819092,1141.88918001,1.0,
235.166043722,0.89765956078,0.24937775432,0.747278266229,0.117587447208,1.53466618901,2.47985570864,0.24937775432,1148.93997678,1.0,
171.33089226,0.926719983325,0.247439070996,0.748545091482,0.119026532608,1.53476791432,2.04535181885,0.247439070996,1169.01510147,1.0,
183.641509844,0.922238546848,0.247947166662,0.747400000235,0.118509389031,1.52762982893,2.13914120562,0.247947166662,1180.80039918,1.0,
179.421552436,0.913992089102,0.260847846622,0.749249242085,0.113962281046,1.51367891985,2.12153939763,0.260847846622,1043.0526132,1.0,
176.329327654,0.927104447321,0.245007881647,0.747675700801,0.118871422869,1.52204538371,2.11106523534,0.245007881647,1209.46560643,1.0,
212.755660828,0.910893965586,0.250765106444,0.741857416961,0.113136679736,1.5561061879,2.40166891216,0.250765106444,1193.83418995,1.0,
255.682059194,0.891793106642,0.25506190352,0.741106001038,0.111850747154,1.5628035672,2.65930722761,0.25506190352,1181.44995785,1.0,
186.842105263,0.919533236333,0.245519503381,0.747373552141,0.119366496321,1.55682652248,2.18844799861,0.245519503381,1160.98931253,1.0,
173.997196749,0.932270231607,0.252714629581,0.742132520622,0.114148725555,1.5565648084,2.15635186231,0.252714629581,1284.49573119,1.0,
212.489873528,0.921266705281,0.243667422637,0.735980423139,0.11495633867,1.61222301944,2.43406927724,0.243667422637,1349.42830911,1.0,
196.022469468,0.918645638548,0.248835408762,0.7388645197,0.113799270474,1.55922815712,2.35251423356,0.248835408762,1204.74468713,1.0,
241.706766917,0.910241457395,0.25128564275,0.742115787771,0.114187007625,1.58248399941,2.55230561954,0.25128564275,1346.42764857,1.0,
203.199617541,0.92239399257,0.24033613067,0.742033108879,0.118276796314,1.55356178738,2.27717414925,0.24033613067,1309.17453604,1.0,
229.043352601,0.903530332279,0.239437850115,0.741928931686,0.11966391711,1.55925648889,2.44265287496,0.239437850115,1187.12626472,1.0,
220.278825677,0.915337877707,0.259136706358,0.748949776091,0.112137797806,1.55377126326,2.39436742144,0.259136706358,1300.92903244,1.0,
205.197227172,0.917890364981,0.26370455379,0.753398843451,0.113582202371,1.48296390406,2.27587031162,0.26370455379,1249.53196494,1.0,
198.642444261,0.920739938993,0.263186664514,0.751121115194,0.113080099137,1.51937979633,2.26189751836,0.263186664514,1253.10554734,1.0,
247.712373419,0.886036957322,0.256497921237,0.750873563475,0.116571341405,1.5452605569,2.52203485593,0.256497921237,1086.8101079,1.0,
220.383610761,0.912987339394,0.251107371141,0.741843159987,0.113934156129,1.57562748294,2.40142987527,0.251107371141,1266.3881855,1.0,
158.793015776,0.93572130934,0.260161088349,0.743985049237,0.111042610536,1.59688740098,2.02325177105,0.260161088349,1235.19174198,1.0,
239.157612239,0.908328746642,0.250689041458,0.741349118935,0.114189222656,1.57333701936,2.54209222478,0.250689041458,1304.43079743,1.0,
209.291385979,0.911256575765,0.237765684306,0.72977228534,0.11627320381,1.57048820395,2.37231083489,0.237765684306,1179.19377004,1.0,
223.684427833,0.904589733247,0.251606274097,0.74723148755,0.11728644388,1.52329776548,2.41974879395,0.251606274097,1172.22409833,1.0,
217.066126298,0.911611152957,0.253297878377,0.745465166177,0.114632046412,1.55838399088,2.39401973141,0.253297878377,1227.90450131,1.0,
241.504932852,0.906306386014,0.261939351874,0.749952187031,0.111918931641,1.54222494348,2.51251684124,0.261939351874,1288.80145924,1.0,
211.151288626,0.920321406974,0.255437008295,0.741784697156,0.112889222452,1.53868702683,2.36616106741,0.255437008295,1325.01893298,1.0,
247.273240906,0.912951824767,0.239722141523,0.730044451104,0.114652311184,1.60451387062,2.65496110218,0.239722141523,1420.32409206,1.0,
218.851818853,0.917805897298,0.256486676258,0.744466347176,0.11263310737,1.56598344593,2.38363249163,0.256486676258,1331.31095577,1.0,
208.232452519,0.912861828741,0.25657904559,0.750130110778,0.115114665016,1.54241435947,2.28080316398,0.25657904559,1194.84061641,1.0,
179.028336738,0.925441402122,0.251838471123,0.748123506455,0.116580692785,1.54338846003,2.14107523143,0.251838471123,1200.58814028,1.0,
204.709483246,0.909344364091,0.251828414959,0.753014985586,0.118136651998,1.49388615846,2.24449128602,0.251828414959,1129.04995477,1.0,
198.360945717,0.904809784495,0.236464012279,0.743806902943,0.120826867673,1.56650513515,2.28717023773,0.236464012279,1041.91877634,2.0,
194.091246903,0.910650194577,0.231168202296,0.748383395915,0.123265652667,1.55257314347,2.187318006,0.231168202296,1086.13133506,2.0,
236.242774566,0.905903788189,0.234010344306,0.739859359546,0.119697946396,1.53101814509,2.48874353514,0.234010344306,1255.32563968,2.0,
218.453257421,0.902028844556,0.233482810641,0.746004534294,0.121491497763,1.57162841476,2.39208570559,0.233482810641,1114.88558255,2.0,
220.620322483,0.896230452228,0.224333654907,0.747836621624,0.126897532797,1.544561832,2.27532704594,0.224333654907,1063.03018188,2.0,
222.584054066,0.906346013519,0.216287503694,0.734508160718,0.123984667182,1.61767850218,2.42109609283,0.216287503694,1188.33197832,2.0,
222.933047938,0.906510990318,0.222211042305,0.734721673492,0.123020231593,1.62338187461,2.43361293407,0.222211042305,1192.29548316,2.0,
304.425463949,0.869249304947,0.21966143171,0.741017548139,0.126081595495,1.56494529094,2.89325915946,0.21966143171,1164.1447253,2.0,
258.313160068,0.879037903788,0.217138999274,0.736905310201,0.126529719846,1.6263636233,2.62749358946,0.217138999274,1067.74422797,2.0,
264.770437655,0.886779595786,0.215031810327,0.733375069117,0.125224030367,1.6394972815,2.70144291364,0.215031810327,1169.26997167,2.0,
264.190425486,0.893460395731,0.236786299938,0.742742514888,0.118090103455,1.57016039688,2.71011343387,0.236786299938,1239.86956446,2.0,
212.552218697,0.914196417471,0.232633171359,0.739234773197,0.117832577518,1.60582679173,2.42216089356,0.232633171359,1238.59757618,2.0,
191.587878656,0.922269939907,0.227957823245,0.739630742752,0.121873688818,1.55830555567,2.20513712026,0.227957823245,1232.39245169,2.0,
233.905428311,0.907498603277,0.231028847059,0.735571269147,0.11844877922,1.59271444774,2.51799295928,0.231028847059,1264.33457546,2.0,
232.404841584,0.891087594382,0.240338413147,0.748453131194,0.121489064409,1.53911828638,2.38600112999,0.240338413147,1066.93466307,2.0,
233.804728584,0.894853075787,0.238300402327,0.748477575573,0.121416577284,1.5109059842,2.38387152853,0.238300402327,1111.80013269,2.0,
231.830609761,0.896864667669,0.233691854477,0.749445989714,0.122980944861,1.53879276716,2.41983571646,0.233691854477,1123.91459126,2.0,
259.382306923,0.889416676393,0.22866111489,0.740076818055,0.122642182851,1.56930417272,2.63449085141,0.22866111489,1172.79124221,2.0,
231.330501108,0.892223781266,0.231329008606,0.748779672611,0.123843005126,1.54777179116,2.40336390108,0.231329008606,1073.19826129,2.0,
218.903211787,0.910925847578,0.222568443783,0.735944334733,0.122126327109,1.57569259023,2.39486722587,0.222568443783,1228.76954669,2.0,
253.084597331,0.904469872881,0.211243962927,0.722227404627,0.122324684523,1.6734241934,2.76854709027,0.211243962927,1324.63236973,2.0,
219.482289539,0.903160516505,0.236425883098,0.746585563057,0.11978654916,1.57966668105,2.36400973532,0.236425883098,1133.22728301,2.0,
203.996262332,0.91398360641,0.220473727823,0.741263479462,0.126138759404,1.57860714439,2.22354296145,0.220473727823,1185.79874032,2.0,
260.556238863,0.87736624919,0.227745338341,0.746954845243,0.126510207093,1.50234526789,2.53870224695,0.227745338341,1062.33494915,2.0,
215.273610326,0.905583526069,0.223821247399,0.740992342948,0.124789234627,1.54768561602,2.38054674258,0.223821247399,1140.02003279,2.0,
269.517047677,0.881311799758,0.219323741174,0.740276602169,0.126524788889,1.60375086902,2.65151679777,0.219323741174,1135.39847189,2.0,
233.350536746,0.90097071583,0.227880995387,0.740998628866,0.122896541658,1.59049105375,2.47637880829,0.227880995387,1178.18955627,2.0,
197.807510105,0.915156426875,0.230615745088,0.742156854066,0.122116052632,1.5760481901,2.24049285062,0.230615745088,1165.71888017,2.0,
227.539788778,0.905987720839,0.222177035607,0.740293156808,0.125493311053,1.58760553184,2.44782476422,0.222177035607,1210.15994299,2.0,
265.429918727,0.892444383549,0.224509239583,0.743478245625,0.124771953225,1.58414800876,2.5539571472,0.224509239583,1233.91937812,2.0,
258.338628363,0.88044556024,0.223611120054,0.744853491745,0.125785169296,1.56685070569,2.48956929897,0.223611120054,1080.42256264,2.0,
267.346570907,0.883506308808,0.220827388845,0.741010204664,0.125133255229,1.61977335365,2.60877265418,0.220827388845,1147.67880778,2.0,
327.058976922,0.869315856444,0.231118003641,0.743989721331,0.121202014721,1.54673731707,2.95019340258,0.231118003641,1251.33381917,2.0,
253.655971576,0.887863173054,0.222133410964,0.744626074441,0.124318425775,1.59659392718,2.54147290191,0.222133410964,1131.01065497,2.0,
257.735559998,0.887047926191,0.225542943436,0.748071822738,0.125174231686,1.56497818842,2.51692815855,0.225542943436,1141.11973676,2.0,
243.630188187,0.904783147689,0.228937444903,0.744965763357,0.123460808214,1.54637889838,2.42376895997,0.228937444903,1279.34384657,2.0,
376.402386023,0.849212466932,0.212404653627,0.732810699177,0.12532229243,1.60568153221,3.31074796819,0.212404653627,1248.12170597,2.0,
287.032313443,0.882896862521,0.226956099322,0.740812419697,0.121925701307,1.5084126071,2.74477378417,0.226956099322,1225.55274429,2.0,
300.800013038,0.863610163466,0.235890375761,0.755858853171,0.124506620507,1.486777223,2.67510539354,0.235890375761,1102.93795551,2.0,
258.900321613,0.89080805856,0.226845351418,0.74236789432,0.123049777482,1.5549625482,2.5840540658,0.226845351418,1185.73528084,2.0,
259.205560867,0.896532087293,0.230388765859,0.741567630826,0.121188062853,1.53874862797,2.6264831153,0.230388765859,1252.84960475,2.0,
312.322786736,0.863676834865,0.232120899614,0.749528088389,0.123892592299,1.54662525513,2.83804163588,0.232120899614,1145.52353016,2.0,
252.333467339,0.900242104497,0.224143510739,0.739057637556,0.123635433394,1.57687773006,2.54677517493,0.224143510739,1264.72892516,2.0,
242.273751575,0.903477642881,0.213148796566,0.726611193359,0.124100141628,1.60892344743,2.58899778348,0.213148796566,1255.01252011,2.0,
290.077295841,0.887255821395,0.21587461257,0.739146085537,0.12625776586,1.55082176263,2.74451301665,0.21587461257,1286.77576315,2.0,
271.908840019,0.880121856513,0.211849768263,0.739809401948,0.129814204423,1.58402103232,2.55839019514,0.211849768263,1134.10515091,2.0,
251.580446782,0.881264777055,0.238538178398,0.750728761405,0.121782937998,1.55585340435,2.50388978226,0.238538178398,1059.41792394,2.0,
264.972260854,0.894513301023,0.219431659535,0.738768709498,0.124705254239,1.58612258843,2.63806553957,0.219431659535,1256.25202274,2.0,
243.656417054,0.896178188469,0.222527653878,0.743172120119,0.126048798978,1.57317313716,2.407623104,0.222527653878,1173.43558864,2.0,
305.910480681,0.879099374811,0.226094765507,0.739027739535,0.122320322438,1.57829067109,2.87579860055,0.226094765507,1265.13155172,2.0,
220.359185536,0.888514447785,0.244534570662,0.762551647421,0.121896399449,1.50414242067,2.313964101,0.244534570662,988.285841338,3.0,
283.200519362,0.879381749986,0.229590959114,0.752927591485,0.123902986459,1.53122722916,2.76671085228,0.229590959114,1174.10510753,3.0,
218.05473945,0.903873083634,0.256500611239,0.765681771515,0.117653917975,1.46906974223,2.23338693555,0.256500611239,1134.20230095,3.0,
273.786844278,0.885496572697,0.239471634633,0.754567925964,0.120641913983,1.50403197038,2.66973792864,0.239471634633,1195.76020246,3.0,
191.330196879,0.910135054221,0.244693357996,0.763874019663,0.122287905875,1.48844366498,2.1128688774,0.244693357996,1064.54299405,3.0,
257.60898996,0.884775687014,0.2459221053,0.763015445278,0.121304885573,1.46598898954,2.52867356252,0.2459221053,1117.91212855,3.0,
209.627058977,0.903051582635,0.257066643124,0.769179680535,0.119278751799,1.44109753437,2.18364553001,0.257066643124,1081.12677171,3.0,
180.235864227,0.9154749516,0.244254101876,0.758411691241,0.120575006418,1.49113567897,2.07279760094,0.244254101876,1066.1683586,3.0,
284.405862923,0.86722865449,0.24700654,0.770478631397,0.123905984533,1.40090626785,2.5300969186,0.24700654,1071.03630618,3.0,
200.131622409,0.897605596045,0.245136748875,0.77020274026,0.124207919993,1.43336719962,2.10243817637,0.245136748875,977.25859363,3.0,
233.286235821,0.885168424977,0.261515698616,0.770085564146,0.116768241742,1.44472008007,2.34790734061,0.261515698616,1015.77565132,3.0,
252.791538094,0.877062903882,0.238644962014,0.757823947142,0.122575321785,1.49604908514,2.50927897779,0.238644962014,1028.13368006,3.0,
212.201703681,0.906261590558,0.243592789422,0.757392295744,0.118914100673,1.50573351693,2.29790516754,0.243592789422,1131.88235721,3.0,
241.812768917,0.894102567189,0.23913442222,0.757655936928,0.12053477836,1.49261249199,2.42322569429,0.23913442222,1141.73102453,3.0,
183.277130688,0.901677244548,0.25705789737,0.769009732778,0.120697040749,1.41578239438,1.97585727324,0.25705789737,932.017872389,3.0,
192.581555044,0.911451726277,0.254870337969,0.757062899297,0.117313012174,1.47040468726,2.1673910209,0.254870337969,1087.43822407,3.0,
277.869811813,0.873651581674,0.243308711929,0.751799412753,0.119740286981,1.50616814369,2.67269329393,0.243308711929,1099.61729436,3.0,
244.437263679,0.894652094708,0.250129380767,0.752325107593,0.117230915109,1.50388487071,2.4326785171,0.250129380767,1160.14297105,3.0,
234.843322178,0.884716561887,0.255336993955,0.763598420371,0.118464744062,1.49530796977,2.37341909688,0.255336993955,1018.54752956,3.0,
245.409448477,0.88470106001,0.244633909492,0.758197940753,0.121877921188,1.5035699243,2.43626407058,0.244633909492,1064.23115641,3.0,
250.177017689,0.886560015389,0.248421905405,0.756034361956,0.119184127421,1.5092818488,2.53602937981,0.248421905405,1102.68446592,3.0,
209.760245991,0.913565827973,0.244511743304,0.742247528084,0.115398892467,1.5740067903,2.37602677213,0.244511743304,1213.41039702,3.0,
193.360272067,0.917146830302,0.244358314253,0.755065207217,0.119465747648,1.50918301385,2.19685775131,0.244358314253,1166.88518237,3.0,
233.308096832,0.905140902624,0.247070746122,0.747016636105,0.114797504006,1.53166277826,2.51621104785,0.247070746122,1229.76131591,3.0,
273.027293668,0.881159812652,0.236323824045,0.743987371701,0.118931520101,1.53843771757,2.74514320483,0.236323824045,1148.71618668,3.0,
227.76300578,0.896358339071,0.260209003111,0.766640989397,0.117764655806,1.44241542427,2.33404320049,0.260209003111,1098.8004425,3.0,
242.087943848,0.890308133413,0.239830210759,0.756805044177,0.121919045755,1.49104214815,2.45677778261,0.239830210759,1103.49085753,3.0,
242.914294407,0.8916079431,0.255278083782,0.759611028399,0.115924217721,1.46300623586,2.48639662741,0.255278083782,1120.53549566,3.0,
209.144465209,0.90678163588,0.253922465088,0.759477052902,0.118495373637,1.50903339013,2.24505628232,0.253922465088,1121.79862404,3.0,
203.011843192,0.903747949556,0.247772946938,0.76574037186,0.122996099732,1.44720262434,2.14316137164,0.247772946938,1054.58451148,3.0,
208.372093529,0.91677878978,0.242432843414,0.746739793772,0.118964998463,1.5310582356,2.29551479856,0.242432843414,1251.91698713,3.0,
199.533291321,0.914107199174,0.253190744609,0.754903118572,0.116733057422,1.50726751801,2.23808075101,0.253190744609,1161.52511854,3.0,
235.206940762,0.88838515987,0.242894015035,0.755921731638,0.121256934432,1.53055798151,2.39328089009,0.242894015035,1053.65442663,3.0,
215.5928767,0.901959375531,0.243421547518,0.752426108922,0.119955563051,1.53626990936,2.34490851406,0.243421547518,1099.5078717,3.0,
262.682819766,0.884114356352,0.23902120484,0.749236020454,0.119138434439,1.57650624473,2.61806249728,0.23902120484,1133.37084516,3.0,
229.620909209,0.903807102356,0.253822302235,0.755491750054,0.116917494998,1.49129069327,2.3667912556,0.253822302235,1193.54398731,3.0,
281.854665566,0.891700957892,0.249985399661,0.744663435633,0.113777158925,1.5492064864,2.82183058803,0.249985399661,1301.27958696,3.0,
259.894497805,0.883371057167,0.250854854246,0.756157248687,0.117678403937,1.48344037106,2.59002998827,0.250854854246,1114.19383341,3.0,
233.252814116,0.884837586949,0.257740735744,0.759357306967,0.116138598906,1.47221210546,2.42229127733,0.257740735744,1012.71242906,3.0,
266.587270199,0.880983673078,0.244201685911,0.745286066706,0.117626797878,1.56874876022,2.71089573645,0.244201685911,1119.96092088,3.0,
228.459189882,0.90760031451,0.234354521258,0.740301288649,0.120321594559,1.5889187485,2.43422139163,0.234354521258,1236.25523545,3.0,
217.167499674,0.903747351776,0.243512387329,0.753633657766,0.119058132376,1.50649808654,2.36924681646,0.243512387329,1128.11181657,3.0,
228.277587031,0.905316257051,0.247154128868,0.747830737828,0.116157642709,1.53528724481,2.45619105567,0.247154128868,1205.57035036,3.0,
308.152896693,0.878904442645,0.24572452272,0.742167069714,0.115114553713,1.54547878114,2.9929592768,0.24572452272,1273.849653,3.0,
258.177452301,0.875690949533,0.250004915812,0.747803934661,0.116881990553,1.54721997625,2.58468425399,0.250004915812,1038.44994122,3.0,
189.779738363,0.909765907353,0.241209614238,0.75295331092,0.121998645354,1.48941368063,2.14416098049,0.241209614238,1051.59664599,3.0,
208.201247338,0.909267659218,0.255126136322,0.757519906959,0.115825375494,1.49274329865,2.34682080925,0.255126136322,1147.33757305,3.0,
199.841062193,0.90527300061,0.240165708541,0.749725342701,0.12092950178,1.53357951103,2.26398365857,0.240165708541,1054.82630866,3.0,
257.984201834,0.890190824082,0.25726701558,0.754058554019,0.113672405928,1.53787545746,2.62773262636,0.25726701558,1174.69327894,3.0,
186.43554696,0.915289916169,0.250450440182,0.751722077076,0.11665623037,1.51657555301,2.18073362597,0.250450440182,1100.43302124,3.0,
262.564083619,0.88725050405,0.209806149593,0.722442614334,0.124633399786,1.66429590454,2.74938067713,0.209806149593,1164.66895552,4.0,
295.262082229,0.884597917235,0.202570513751,0.723805573353,0.126916150072,1.64946354648,2.92897344517,0.202570513751,1279.71302105,4.0,
303.21656743,0.876280525253,0.226679797642,0.738677584864,0.123835559413,1.52072561594,2.7624842453,0.226679797642,1225.82243009,4.0,
263.453833283,0.896339469592,0.211616366604,0.727998177964,0.124637534285,1.63056240435,2.72635707767,0.211616366604,1271.02484349,4.0,
268.735744709,0.877541943437,0.219412083176,0.747511100607,0.128803325253,1.52565347878,2.51998131166,0.219412083176,1098.22472257,4.0,
290.612412534,0.879766233467,0.219619133298,0.733899842093,0.124236424318,1.59081930556,2.76746055891,0.219619133298,1208.81519453,4.0,
361.826328828,0.856276296389,0.207616285049,0.728307274501,0.127121011221,1.63385247203,3.24812030075,0.207616285049,1259.02591341,4.0,
298.989569299,0.883499212821,0.216548721954,0.730201371188,0.123495228512,1.57744292713,2.84682080925,0.216548721954,1283.34404939,4.0,
341.570103003,0.843767944248,0.214535655456,0.743375092446,0.128712194711,1.53298177065,3.00425920292,0.214535655456,1093.44995732,4.0,
291.96309053,0.880881458264,0.203622919882,0.726351731912,0.127414804309,1.62909229492,2.88807640489,0.203622919882,1225.79123555,4.0,
249.49582772,0.882222840219,0.232618491923,0.748797203372,0.124332865431,1.4896139851,2.53733321744,0.232618491923,1059.32845732,4.0,
204.994502151,0.915359952156,0.214440969176,0.719960013003,0.122013948772,1.64569117147,2.43235255769,0.214440969176,1210.9781798,4.0,
232.622430353,0.913561022369,0.219812767645,0.719370701308,0.118975929321,1.63677490917,2.64207484028,0.219812767645,1345.58758518,4.0,
279.417977748,0.899205295029,0.215683770697,0.716876973431,0.120340800381,1.66374008209,2.87562475553,0.215683770697,1386.14050292,4.0,
266.816854274,0.894758429128,0.212493852709,0.719126946621,0.122844949836,1.63557437318,2.75298796123,0.212493852709,1267.64002126,4.0,
274.429755748,0.883030798752,0.216200857198,0.722539627247,0.121219930361,1.66865926193,2.8160393759,0.216200857198,1173.5385201,4.0,
314.199661002,0.87726797625,0.209869077415,0.711084816962,0.120614898243,1.70273322373,3.14850710592,0.209869077415,1280.02314067,4.0,
225.227693511,0.911485660863,0.221607188419,0.723575606866,0.119702124698,1.66675308229,2.51788430614,0.221607188419,1272.26670677,4.0,
305.018818723,0.888870610667,0.204553316839,0.707358293994,0.121660496631,1.68192857982,3.06553957147,0.204553316839,1372.3934147,4.0,
273.715502629,0.906534093524,0.206021406097,0.702037547173,0.118482430336,1.70486678011,2.98680950932,0.206021406097,1464.25318572,4.0,
179.899039506,0.927913012837,0.24105439807,0.733959202811,0.116254313748,1.56520286417,2.2169368508,0.24105439807,1247.79136004,4.0,
229.680385936,0.904547250912,0.213423177726,0.727027975446,0.124717873145,1.62710329689,2.5240992655,0.213423177726,1203.11037729,4.0,
208.992111782,0.915361830885,0.214982516681,0.724365269982,0.123878586622,1.63841944635,2.43039680125,0.214982516681,1234.62093974,4.0,
235.801077839,0.916279092643,0.218860950782,0.714243543251,0.116529198136,1.66617947261,2.67475770351,0.218860950782,1408.25682189,4.0,
291.875646486,0.898045350595,0.204475219889,0.705128920092,0.119242699826,1.70234573012,3.08415185362,0.204475219889,1431.68013342,4.0,
267.660871833,0.887043831093,0.206327458591,0.731175573593,0.128717779999,1.53979984621,2.74233995393,0.206327458591,1184.79970781,4.0,
263.783845452,0.878122181166,0.208131415143,0.740646009675,0.129422400037,1.58338626642,2.65387457082,0.208131415143,1082.1651059,4.0,
289.8723217,0.884585000485,0.204435242203,0.728469431651,0.127829406293,1.62132669171,2.85817506193,0.204435242203,1255.99384216,4.0,
303.171889261,0.874399262174,0.207666765856,0.734596312173,0.128462037108,1.5952986167,2.87476639576,0.207666765856,1207.05383318,4.0,
256.032302577,0.880263902255,0.222233436402,0.750171508638,0.125926529205,1.5267536356,2.58280455474,0.222233436402,1069.48082674,4.0,
263.367595289,0.87954409557,0.208313706998,0.74074965088,0.129887584919,1.55450165249,2.59426746056,0.208313706998,1093.21164677,4.0,
169.404950237,0.912767976413,0.230831286673,0.758947125391,0.128168332135,1.4768583455,1.95462645052,0.230831286673,971.002065934,4.0,
269.376809075,0.890038439671,0.216517393688,0.733709361271,0.123376431832,1.59247178491,2.73679864401,0.216517393688,1224.8680733,4.0,
249.66493546,0.884669871737,0.215364183664,0.742997786873,0.126369625086,1.55858643718,2.61497674823,0.215364183664,1082.39251625,4.0,
250.366965101,0.877926690772,0.228135207552,0.745872056514,0.124281275552,1.53797472301,2.58809596245,0.228135207552,1025.4779144,4.0,
208.08054457,0.910003387866,0.218075007859,0.743709103228,0.125195905612,1.58728484279,2.32912121344,0.218075007859,1156.25465071,4.0,
190.107523143,0.919872936377,0.21759729295,0.739116307763,0.124222313525,1.5785796969,2.27237168065,0.21759729295,1186.28784425,4.0,
269.909687514,0.878890161769,0.223973885953,0.743084221929,0.123076372605,1.57166656792,2.66628275892,0.223973885953,1114.31776087,4.0,
213.660198183,0.910279608925,0.209145165096,0.728780243639,0.124576880098,1.62922308046,2.43402581599,0.209145165096,1190.70032812,4.0,
334.789962623,0.851695919641,0.214928551598,0.744137975638,0.12799180631,1.54992671682,3.08547742188,0.214928551598,1129.15963843,4.0,
263.864379156,0.875533721683,0.216893613848,0.743541024949,0.12739770186,1.54989185968,2.64820287714,0.216893613848,1059.98340564,4.0,
257.12542918,0.877466892871,0.212252907569,0.748146554435,0.129297417654,1.56764603277,2.53357381894,0.212252907569,1049.20798633,4.0,
275.606762571,0.875235345025,0.210646827082,0.743985169761,0.129273705285,1.56564457127,2.69422834543,0.210646827082,1104.5065713,4.0,
246.070233387,0.897901511766,0.221805722523,0.738202758354,0.122810137576,1.53990974595,2.59350688861,0.221805722523,1205.0630604,4.0,
219.969968273,0.890392707169,0.222782367778,0.748878142965,0.126203562726,1.54484850174,2.37307140684,0.222782367778,1003.92253072,4.0,
173.960363336,0.917837027621,0.2173750992,0.745229291332,0.128217511218,1.53453548357,2.08711808423,0.2173750992,1058.62992964,4.0,
252.654157069,0.886233125022,0.227010959027,0.751392666354,0.125991700471,1.52725141087,2.53950628015,0.227010959027,1112.58054522,4.0,
250.352253466,0.893266936579,0.214509510751,0.738237336737,0.125873055654,1.56523793809,2.63490373332,0.214509510751,1172.7961582,4.0,
253.222184797,0.892569374839,0.206831399192,0.733689255438,0.126600494998,1.62701362987,2.7401560259,0.206831399192,1178.6499798,4.0,
189.672780216,0.911842273516,0.21757211181,0.747905821202,0.128938899566,1.5392082516,2.16289278109,0.21757211181,1075.75812002,4.0,
287.916684776,0.885943010235,0.194051553051,0.717011176212,0.130113426036,1.71368842911,2.91118692685,0.194051553051,1263.58239191,5.0,
264.698389761,0.893587685921,0.190984918996,0.724748784847,0.131704874939,1.63977344004,2.70934199661,0.190984918996,1244.96355123,5.0,
337.204159242,0.853977975766,0.197543678716,0.736799144344,0.133902371158,1.59112489124,2.95742970142,0.197543678716,1155.83676754,5.0,
273.814746404,0.895907527096,0.185032347581,0.71131056917,0.132063412962,1.70412773509,2.80585857708,0.185032347581,1316.12043477,5.0,
307.643682907,0.86940355308,0.18972657246,0.730497248708,0.134478177073,1.6474998477,2.88673997132,0.18972657246,1178.88949814,5.0,
256.782965361,0.903323243288,0.19402533586,0.704072856706,0.123360499335,1.72068718783,2.82231952714,0.19402533586,1329.08805656,5.0,
249.560019992,0.902515849813,0.201302219897,0.705743179807,0.122197236367,1.6990398925,2.78462775436,0.201302219897,1280.54132614,5.0,
258.337998175,0.892442907173,0.207582611502,0.718537598744,0.122711830914,1.68633522588,2.80255552175,0.207582611502,1202.02165931,5.0,
230.889162936,0.916784738521,0.201397360689,0.697372462737,0.119297071843,1.71691024604,2.70945064975,0.201397360689,1388.06266344,5.0,
226.689469338,0.89807491996,0.206858481018,0.723470075694,0.126364444825,1.64310542591,2.49406753879,0.206858481018,1113.14468615,5.0,
247.990992655,0.901860223914,0.195326852527,0.708438589297,0.125998254892,1.69501687598,2.80180581512,0.195326852527,1263.99084873,5.0,
221.19959581,0.895156565893,0.210995969665,0.718562319526,0.124719323409,1.61184258595,2.47724803338,0.210995969665,1056.06575456,5.0,
230.117356252,0.911391498711,0.20255753053,0.709592926663,0.122412698136,1.6999221682,2.66088269807,0.20255753053,1299.04035444,5.0,
242.925974619,0.903758262551,0.199124941437,0.713085133899,0.124853900059,1.67209065791,2.68311312964,0.199124941437,1262.72020485,5.0,
305.079751402,0.888239953961,0.197637294473,0.700972588133,0.121473577599,1.71744633799,3.13394758573,0.197637294473,1365.4908412,5.0,
263.658079447,0.900773759425,0.202573464654,0.70656933962,0.120204809548,1.73760555912,2.91500065192,0.202573464654,1328.98206611,5.0,
232.941903168,0.908019979331,0.19072802462,0.702132403059,0.12452235632,1.74165757319,2.7173388674,0.19072802462,1266.65235563,5.0,
247.493198314,0.895399420683,0.201093891003,0.717880172549,0.12590914371,1.66195986191,2.64240079969,0.201093891003,1183.8735282,5.0,
266.708711808,0.897410849782,0.192577359876,0.705601406521,0.124172231721,1.75627338974,2.87660263375,0.192577359876,1300.32498315,5.0,
289.33956278,0.879342313219,0.201235660466,0.720591093685,0.126941059863,1.68695424081,2.8860880525,0.201235660466,1199.42007321,5.0,
241.99617541,0.903552280238,0.194968000861,0.713181588707,0.12710711281,1.72382777524,2.65050632361,0.194968000861,1254.81984388,5.0,
287.230388109,0.894457366178,0.197919968764,0.706704461759,0.12427752756,1.70886128655,2.96483984528,0.197919968764,1361.80893138,5.0,
265.683373897,0.884554497679,0.201566265339,0.721709038153,0.128807959601,1.64816652144,2.73370202964,0.201566265339,1151.22236288,5.0,
298.094962841,0.891428928125,0.190517909317,0.702666259968,0.125078012038,1.76207567816,3.07025511756,0.190517909317,1373.33825883,5.0,
278.35655613,0.888926412094,0.190179948907,0.709293429412,0.128971346958,1.73584600329,2.90740579773,0.190179948907,1253.29300119,5.0,
256.649604503,0.906760267628,0.191023867242,0.694256541732,0.123032596347,1.79165297727,2.843659003,0.191023867242,1376.4220898,5.0,
225.528228085,0.922308704051,0.200713828624,0.70382830284,0.120534907211,1.70606792171,2.63401277761,0.200713828624,1451.69817346,5.0,
222.557444913,0.903389357398,0.236563036373,0.732311636703,0.116058640344,1.61889586643,2.45930940067,0.236563036373,1152.26349414,5.0,
238.766873832,0.912014746273,0.196135321767,0.704206737483,0.12266593047,1.73870275232,2.73962362554,0.196135321767,1357.47533249,5.0,
233.463155722,0.913528919635,0.200933338983,0.708056696727,0.121867231989,1.700646503,2.6857208049,0.200933338983,1350.22173256,5.0,
231.214394367,0.903311136301,0.219267153144,0.726789590735,0.121294252806,1.65246544511,2.57260202529,0.219267153144,1196.05685739,5.0,
242.139814855,0.911400230394,0.191501382639,0.704770498526,0.125942244967,1.74124962831,2.74170976574,0.191501382639,1366.75501415,5.0,
254.884479986,0.919708258376,0.189751564711,0.687187946756,0.120155211889,1.77730219996,2.91968360207,0.189751564711,1587.37755305,5.0,
241.436003303,0.912148915123,0.200387113429,0.70912942824,0.124180618126,1.67941483887,2.72304315703,0.200387113429,1374.65062721,5.0,
229.610826198,0.922960293644,0.190373916405,0.694598359399,0.12078028319,1.75433439407,2.76261462906,0.190373916405,1490.59122409,5.0,
216.104752488,0.908188535722,0.185663393084,0.711231969499,0.130102535389,1.70652456747,2.53132469903,0.185663393084,1177.29083889,5.0,
209.389543222,0.91737661871,0.227118188655,0.728524577807,0.118029857616,1.59957761433,2.4194662958,0.227118188655,1267.27244928,5.0,
207.296481811,0.917250995478,0.211692322271,0.727547720853,0.124453660577,1.67133602022,2.36630231648,0.211692322271,1253.04642646,5.0,
257.7981768,0.905783027029,0.190304665791,0.702946711354,0.12597753675,1.70458640008,2.82168933895,0.190304665791,1368.49694069,5.0,
227.908079447,0.904466313948,0.212436497321,0.727804775179,0.124346863334,1.61808255177,2.55528271546,0.212436497321,1193.29428835,5.0,
203.9312117,0.916677333692,0.228500363121,0.733343126785,0.120278189685,1.55232590548,2.36704115781,0.228500363121,1224.91081779,5.0,
237.409937416,0.90730541943,0.211666306718,0.723529911107,0.122821629333,1.65037825816,2.56785388326,0.211666306718,1281.08805489,5.0,
227.018090747,0.910225926002,0.206082609371,0.723275694071,0.125363356643,1.64384004541,2.51387500543,0.206082609371,1264.77839984,5.0,
236.33160937,0.904654609751,0.202942308263,0.701454193863,0.121478544729,1.74719406568,2.67304098396,0.202942308263,1239.63986156,5.0,
247.078447564,0.911079521177,0.205792925916,0.707143833758,0.120075308812,1.72120779328,2.75203181364,0.205792925916,1389.47062126,5.0,
254.116421835,0.902344101673,0.207083794254,0.712377829935,0.122895959303,1.68814043213,2.752564214,0.207083794254,1301.22979913,5.0,
243.498880873,0.903606202456,0.19489828086,0.716897765833,0.127382760983,1.66007331412,2.66479421096,0.19489828086,1263.86240851,5.0,
231.972402104,0.893693775523,0.200736336998,0.732120440696,0.131229352032,1.61093062956,2.50356382285,0.200736336998,1091.35382853,5.0,
203.640445043,0.909656089356,0.217369531016,0.738044304576,0.125258515619,1.56672715604,2.31020470251,0.217369531016,1127.62796066,5.0,
282.230420705,0.90060845257,0.187096357898,0.698159525157,0.125173093782,1.73359427651,3.01385327481,0.187096357898,1419.96258593,5.0,
277.902157851,0.911101713839,0.262074799962,0.705587807634,0.09080737774,1.75563582905,3.18326524403,0.262074799962,1564.69915597,6.0,
227.722586814,0.897180217254,0.275542502288,0.753688862971,0.107840951295,1.49751764649,2.43785040636,0.275542502288,1108.70663923,6.0,
253.373256117,0.885426010861,0.274848383755,0.752923412344,0.108470981379,1.50230205687,2.62055065409,0.274848383755,1107.14186146,6.0,
259.713340432,0.888078369792,0.270053582831,0.744061829927,0.105820993064,1.52652412838,2.65925290104,0.270053582831,1161.94055995,6.0,
253.352992307,0.89802513272,0.278298751464,0.744153688152,0.10297507367,1.52533645753,2.75885523056,0.278298751464,1243.87527172,6.0,
226.159839628,0.904729467242,0.269901815522,0.745617883209,0.10845821874,1.52793436124,2.51541787996,0.269901815522,1188.72551335,6.0,
273.797155461,0.879900549464,0.276476991977,0.750231441221,0.107058503587,1.48029515642,2.75073884132,0.276476991977,1141.36025185,6.0,
219.007127646,0.887836973309,0.287701732144,0.757177048917,0.10576983979,1.4328430317,2.33010995697,0.287701732144,978.024772408,6.0,
273.805152332,0.881908597269,0.286063751533,0.756540136314,0.104746978409,1.44069892649,2.68672041375,0.286063751533,1161.12918539,6.0,
321.394867226,0.86129083461,0.279598337223,0.753059939621,0.10675057449,1.49240048,3.05206658264,0.279598337223,1160.44980716,6.0,
227.745186666,0.904360046209,0.277428894312,0.75877304655,0.109318454545,1.46284356704,2.40868790473,0.277428894312,1192.66260159,6.0,
226.666760833,0.900747099307,0.262937930338,0.748371420003,0.111715278218,1.51987707046,2.48020339867,0.262937930338,1143.86807666,6.0,
234.719055587,0.907263359118,0.264659717749,0.746790745025,0.109595511506,1.525022627,2.54927419705,0.264659717749,1267.44629483,6.0,
215.52979269,0.906408034295,0.284252842483,0.762971497017,0.108701028641,1.42305686154,2.33399973923,0.284252842483,1153.43777239,6.0,
183.547600939,0.908064665829,0.276646066154,0.761770094872,0.112305424474,1.43654407688,2.07191751054,0.276646066154,1000.20486037,6.0,
234.869344604,0.899185588925,0.271482159539,0.749199291213,0.108623264667,1.50713651797,2.53223738537,0.271482159539,1166.72209776,6.0,
314.547611804,0.878831719437,0.257342799832,0.737494095003,0.108737609835,1.56493621122,3.12275631275,0.257342799832,1299.8842955,6.0,
261.092072667,0.880846778455,0.273483095409,0.751050242925,0.108146978051,1.50264242651,2.69670563692,0.273483095409,1097.53214707,6.0,
256.95963536,0.885941847039,0.263358867621,0.745010849023,0.110370484822,1.52098563092,2.6646638272,0.263358867621,1128.44986276,6.0,
262.539973489,0.903789944967,0.267305956158,0.745438926392,0.108676394377,1.5443521512,2.69117519232,0.267305956158,1366.44421397,6.0,
298.613846756,0.872399118524,0.27180923858,0.747689747873,0.107343068345,1.49812837769,2.94502151332,0.27180923858,1172.28797423,6.0,
318.950899648,0.857001617094,0.267875227945,0.749137665465,0.109974007826,1.50613184682,3.02547916033,0.267875227945,1117.21708088,6.0,
228.018731801,0.907913829771,0.273573594277,0.749094878258,0.106546132189,1.53191611917,2.47850840975,0.273573594277,1240.05086719,6.0,
261.729008214,0.895488241086,0.265027573945,0.746862361088,0.108931652397,1.5089896671,2.66677169803,0.265027573945,1253.89455986,6.0,
266.417771307,0.877509221875,0.272397579797,0.748673355846,0.106965936903,1.49825797771,2.79047329306,0.272397579797,1089.49497686,6.0,
193.628036855,0.915220588985,0.269676190385,0.747957596412,0.109303306566,1.49482974657,2.25603024903,0.269676190385,1144.17274177,6.0,
226.585173193,0.90068078418,0.265040437695,0.748278753294,0.11059895187,1.51477101887,2.48325655178,0.265040437695,1142.56642784,6.0,
236.541853188,0.891368804816,0.278809393814,0.752986526462,0.106465015202,1.47992567855,2.47207614412,0.278809393814,1090.64102252,6.0,
283.997457517,0.882062899045,0.260837517278,0.738642275346,0.108329147398,1.58742044479,2.86287974271,0.260837517278,1205.93619886,6.0,
264.063399105,0.890111057591,0.277593659716,0.751268063721,0.106902020352,1.5012416451,2.69610804468,0.277593659716,1203.71449261,6.0,
210.574579512,0.906736216402,0.265302933074,0.748061963035,0.110748829258,1.52719753421,2.36457473163,0.265302933074,1130.77822454,6.0,
263.094093616,0.874588772156,0.262642053008,0.75063239864,0.11388317574,1.49861589943,2.65828588813,0.262642053008,1050.73653318,6.0,
192.554630797,0.896049768059,0.281175871293,0.762028056108,0.110396734341,1.40667579297,2.13107914294,0.281175871293,927.998741549,6.0,
193.239916989,0.909738255875,0.28085603847,0.75644124743,0.107141184209,1.49635889966,2.21034160546,0.28085603847,1072.4449631,6.0,
226.169911774,0.906717493356,0.271725304989,0.752318568063,0.110341948648,1.45646148839,2.42809335477,0.271725304989,1213.97050578,6.0,
222.851970968,0.907021226159,0.279394258074,0.755459244827,0.108380042588,1.48192995285,2.38252422965,0.279394258074,1200.13949894,6.0,
267.18865444,0.876804764707,0.280063733562,0.757079348509,0.106607677981,1.47506631523,2.67079186405,0.280063733562,1086.48969429,6.0,
221.17947325,0.908364856148,0.271199440623,0.749133552597,0.109480086083,1.52215404267,2.40199487157,0.271199440623,1208.55042934,6.0,
230.898159416,0.89566044224,0.278492863699,0.755238954088,0.10864884509,1.48237521014,2.42225868139,0.278492863699,1108.29613782,6.0,
304.764005389,0.878597186701,0.276801098392,0.747975370849,0.105353666154,1.53629862241,2.96568733974,0.276801098392,1257.65029824,6.0,
286.322352123,0.892849978144,0.28015002424,0.743912372182,0.101917355805,1.54039303139,2.88721804511,0.28015002424,1337.8571349,6.0,
292.934427833,0.870996252685,0.275557013849,0.75456408425,0.108377434868,1.47825322714,2.84441957495,0.275557013849,1137.18275835,6.0,
262.866052414,0.891464299938,0.276709949041,0.751764013338,0.106547728061,1.51626842696,2.66343604676,0.276709949041,1212.694345,6.0,
277.8335108,0.882689597044,0.283629867931,0.757434794471,0.106468866951,1.48248486046,2.72120691903,0.283629867931,1185.74515229,6.0,
237.90002825,0.898456793923,0.267339387928,0.750347788018,0.111251421564,1.5124804081,2.50535659959,0.267339387928,1172.9907016,6.0,
271.296753444,0.882227235619,0.270841236134,0.752519978819,0.110448749222,1.52722659694,2.68597070711,0.270841236134,1153.19886093,6.0,
215.121691512,0.917681051177,0.265352126373,0.745636752687,0.11037534388,1.54679466385,2.37796079795,0.265352126373,1308.31125642,6.0,
267.015330957,0.892828871396,0.26741432667,0.747757597987,0.109424773533,1.54174620464,2.64467165022,0.26741432667,1247.1357643,6.0,
165.284345256,0.919402549521,0.277326247817,0.754974064628,0.10936083409,1.49306391916,2.01334260507,0.277326247817,1026.95315314,6.0,
275.807499239,0.891693394582,0.272190481509,0.746896543641,0.106898145772,1.54086953889,2.7948302838,0.272190481509,1274.44063263,6.0,
245.942239993,0.903025879094,0.265868683279,0.738669944273,0.105856896152,1.52701946806,2.61538963014,0.265868683279,1272.30813721,7.0,
256.926909036,0.886412135268,0.252626432787,0.73994448946,0.11265254284,1.54500729297,2.66462036594,0.252626432787,1135.15495252,7.0,
304.309780955,0.87381692607,0.248588513648,0.746148222651,0.11658870225,1.51030840595,2.8943348255,0.248588513648,1209.35144036,7.0,
327.780020861,0.868279140999,0.248575241192,0.731095394285,0.110050748652,1.58043981851,3.19318527533,0.248575241192,1247.70710851,7.0,
310.426811248,0.876779971358,0.245253700336,0.737519190937,0.114933926806,1.56948721007,2.96744752054,0.245253700336,1263.10029348,7.0,
241.078306315,0.901862397591,0.264059800763,0.742690299363,0.108494295609,1.55484096418,2.63945629971,0.264059800763,1231.59601547,7.0,
274.918195054,0.884729764867,0.259327041539,0.743410541857,0.111612989663,1.52880732773,2.7188600113,0.259327041539,1196.07844571,7.0,
278.615117997,0.874685035868,0.25159106058,0.734658219644,0.111552954577,1.55270522519,2.82994697727,0.25159106058,1114.84701599,7.0,
217.85535008,0.906548427379,0.258223636339,0.74766839138,0.113621075846,1.51984131972,2.37590725368,0.258223636339,1169.0079336,7.0,
249.839693164,0.890357559297,0.255747547589,0.754186059467,0.116028134924,1.47235817187,2.47748707028,0.255747547589,1142.39684228,7.0,
242.940121257,0.892944451815,0.256377178321,0.741469154596,0.111569493159,1.55759861393,2.55151245165,0.256377178321,1138.03952921,7.0,
218.509278978,0.914014229323,0.25550820115,0.748070277325,0.115629318937,1.53202069204,2.30892259551,0.25550820115,1274.00359241,7.0,
280.012918858,0.872624637378,0.257464024177,0.746723645832,0.112987118145,1.5371863189,2.70371376418,0.257464024177,1102.58365394,7.0,
244.492307358,0.897851347459,0.247774222641,0.741411544018,0.115801227678,1.56136540765,2.54013646834,0.247774222641,1199.91431743,7.0,
257.763951063,0.882963278797,0.275965305313,0.756772399918,0.109615039865,1.47254500911,2.5669194663,0.275965305313,1104.23126145,7.0,
266.724423052,0.88876784498,0.257139521569,0.739400177009,0.109139205228,1.56963327828,2.72079403712,0.257139521569,1202.18059935,7.0,
232.874288322,0.907487071544,0.258565272511,0.742539699798,0.111303438951,1.54489212984,2.48439740971,0.258565272511,1261.88788457,7.0,
290.997881264,0.873012129072,0.258057877856,0.743350781955,0.111492936822,1.53858843896,2.80845538702,0.258057877856,1148.56881139,7.0,
252.1164327,0.897212582745,0.25138286013,0.736417999772,0.111919946093,1.58497717868,2.62658090312,0.25138286013,1229.03092843,7.0,
296.850373767,0.878353752616,0.24748857478,0.735037789002,0.113492572698,1.56903653477,2.93516667391,0.24748857478,1222.74818396,7.0,
283.190327698,0.88720566752,0.241099301012,0.727529387267,0.11252608812,1.60615990873,2.92230214264,0.241099301012,1258.15324636,7.0,
270.976530923,0.884741497101,0.252530434207,0.744086334255,0.113302504983,1.52917233072,2.68386283628,0.252530434207,1177.86936083,7.0,
222.32917554,0.902072599171,0.264086240606,0.748286507737,0.112157982263,1.51654725924,2.41479421096,0.264086240606,1137.56015859,7.0,
282.802892346,0.896024219189,0.243873022807,0.730598691072,0.113116592613,1.60800093842,2.858870442,0.243873022807,1362.2096877,7.0,
211.797926898,0.906516457292,0.261553996379,0.752228988271,0.114234656728,1.48735630662,2.3009909166,0.261553996379,1135.1161427,7.0,
252.746599157,0.904181164404,0.196934362896,0.704011023296,0.123944395484,1.70546099584,2.7280629319,0.196934362896,1321.01103595,7.0,
245.606110652,0.893404839481,0.255376947086,0.746666174381,0.115086983861,1.52268989806,2.50801860142,0.255376947086,1154.28217387,7.0,
266.509257247,0.898567741233,0.253622899246,0.737108988403,0.110116597469,1.54845533129,2.78436698683,0.253622899246,1315.84907209,7.0,
309.949280716,0.872581046853,0.242688410379,0.733349743719,0.113332959855,1.61160919628,3.06475726889,0.242688410379,1218.43294697,7.0,
297.648452779,0.884296635719,0.250633027175,0.732031570207,0.110510817715,1.53471339131,3.01674344822,0.250633027175,1288.38037597,7.0,
299.714926768,0.882395506122,0.243091353477,0.735142368233,0.115506540754,1.5985151371,2.86658481464,0.243091353477,1276.20201738,7.0,
258.259398496,0.903366295994,0.263125951877,0.744002240945,0.109059201139,1.52063837852,2.64555174062,0.263125951877,1338.53836801,7.0,
266.845006302,0.887552743728,0.243113405686,0.728591145754,0.112538926005,1.5670299752,2.83870442001,0.243113405686,1188.56788751,7.0,
293.308737885,0.860312395379,0.255606294263,0.73958103987,0.112179129816,1.54362786622,2.86093485158,0.255606294263,1052.06923198,7.0,
250.619518449,0.899564672572,0.260738504281,0.742244406965,0.10891043792,1.52270993758,2.6432917554,0.260738504281,1249.6605938,7.0,
260.977606589,0.883086407598,0.256393923483,0.746809048801,0.11444812338,1.51345247551,2.58378243296,0.256393923483,1118.00141165,7.0,
252.179342866,0.895228574835,0.252484616338,0.737792256864,0.111042537716,1.56737214971,2.65439610587,0.252484616338,1205.01526554,7.0,
281.056792994,0.883988308173,0.256251750744,0.739646053218,0.109912933856,1.51670482298,2.831011778,0.256251750744,1212.75167652,7.0,
279.134240949,0.877084822077,0.249468016841,0.731906932149,0.109694402732,1.56740086149,2.87955799904,0.249468016841,1136.71819309,7.0,
244.366150202,0.900729333885,0.256437241419,0.74126332194,0.111133753851,1.5499851627,2.52384936329,0.256437241419,1232.25270479,7.0,
259.132502499,0.89171052502,0.236333546585,0.73518028978,0.117513135838,1.59097387767,2.71825155374,0.236333546585,1197.93443907,7.0,
225.572482507,0.900633020513,0.242466908431,0.74089937431,0.118105318085,1.54261437089,2.4052218697,0.242466908431,1136.41769568,7.0,
290.762419053,0.880556659753,0.241470488249,0.738248810615,0.116158002592,1.56793300313,2.80996566561,0.241470488249,1218.31774346,7.0,
255.141575036,0.890229109654,0.2518404476,0.742012869087,0.113993863313,1.5450989679,2.64839845278,0.2518404476,1163.36904494,7.0,
296.984277891,0.897385369991,0.188734293412,0.693763642797,0.123997528139,1.76631031698,3.15284236603,0.188734293412,1447.93677938,7.0,
225.991546786,0.902280679549,0.250705740107,0.749491135108,0.116991979533,1.53200379797,2.43309139902,0.250705740107,1157.42766035,7.0,
278.459439784,0.886741838562,0.261696695408,0.753894696939,0.112369039025,1.47802372242,2.68406927724,0.261696695408,1231.08462945,7.0,
304.404732931,0.877447765439,0.239153946162,0.739518161272,0.117647884484,1.54251117038,2.93406927724,0.239153946162,1243.07353101,7.0,
275.218577513,0.883906699037,0.244466267086,0.747220255899,0.119571039746,1.5077129345,2.67168281977,0.244466267086,1186.44796518,7.0,
216.215643878,0.898551637717,0.254929240586,0.74938407088,0.115411378747,1.4978244288,2.3568712243,0.254929240586,1066.87164476,7.0,
