285.935744609,0.880692965344,0.242559211606,0.738418472742,0.112064666085,1.55687823839,3.01212429954,0.242559211606,1198.31888133,1.0,
262.534488029,0.884007706896,0.260020267978,0.7532260972,0.112615257265,1.47131301812,2.78729835286,0.260020267978,1131.68936057,1.0,
289.355136696,0.859482017879,0.246883831323,0.744355707208,0.116392219963,1.52676411394,2.92219392087,0.246883831323,1029.60180728,1.0,
251.457463067,0.888897631359,0.263213846262,0.754856679525,0.112252892262,1.47036384034,2.64170487349,0.263213846262,1131.64659592,1.0,
278.207573442,0.866609971053,0.253686375048,0.75341060109,0.115642627005,1.47715045821,2.77527593819,0.253686375048,1043.48460948,1.0,
235.400916964,0.892750385367,0.256091420838,0.755307475159,0.114147504696,1.47374347231,2.65593479368,0.256091420838,1097.44411563,1.0,
291.205841399,0.873063215938,0.259676289617,0.752567340323,0.112169718903,1.47561707852,2.95201222618,0.259676289617,1147.05065026,1.0,
225.897367974,0.892541122393,0.262544733655,0.763689830144,0.116284978143,1.42791938145,2.47797588725,0.262544733655,1052.42272765,1.0,
298.366989302,0.868995360171,0.261144015362,0.730076071663,0.103833737157,1.57211252291,3.14206147054,0.261144015362,1138.76496929,1.0,
272.384581423,0.897010346841,0.25722156724,0.727075306272,0.105650420938,1.55355373827,3.06259127186,0.25722156724,1322.38808981,1.0,
279.203192393,0.883525994605,0.259407565461,0.733148641022,0.107061253393,1.5286089855,3.13173713704,0.259407565461,1198.56439832,1.0,
237.702360333,0.895638190564,0.249128112742,0.731885523598,0.111039734249,1.57916195845,2.76474783495,0.249128112742,1138.83786424,1.0,
203.861979963,0.922669198765,0.259873210516,0.732588830844,0.106614692402,1.52735904148,2.54426897606,0.259873210516,1318.11630493,1.0,
272.032874851,0.897253457445,0.251590585912,0.724179128835,0.106020860216,1.58168279855,3.12379011717,0.251590585912,1323.80549304,1.0,
270.870164714,0.893218391967,0.237596353275,0.717648449389,0.108530808582,1.62636734977,3.07101375446,0.237596353275,1268.33716828,1.0,
271.816199694,0.885472789804,0.252537294565,0.724818354615,0.106734869724,1.56896505172,3.01640346409,0.252537294565,1186.68829542,1.0,
252.024384446,0.88926239584,0.248523500114,0.73850942302,0.111733003569,1.55373464521,2.78492103923,0.248523500114,1137.93496959,1.0,
204.583936152,0.904338465407,0.257761227758,0.734705513304,0.108525710547,1.55967425445,2.56899303787,0.257761227758,1069.31138531,1.0,
240.294243505,0.8948063257,0.240037368743,0.735193020921,0.1154740673,1.57810862646,2.67957208355,0.240037368743,1142.15158423,1.0,
301.159993208,0.870112195211,0.246451932207,0.733451804781,0.113179137076,1.5554659357,3.14226524028,0.246451932207,1159.30819563,1.0,
236.488571914,0.899779125132,0.245125494657,0.732386841168,0.113882932991,1.55859194936,2.67604007472,0.245125494657,1179.83689638,1.0,
248.667957208,0.895471122782,0.244992603154,0.732167735029,0.114080269959,1.55190197713,2.7824078791,0.244992603154,1189.47014369,1.0,
221.782441841,0.894140734708,0.258454695388,0.731297226776,0.107312288573,1.54451294524,2.68432671082,0.258454695388,1047.53439026,1.0,
230.471387332,0.905058881421,0.242947614009,0.732673442775,0.114282050454,1.54509619646,2.71645440652,0.242947614009,1213.75959533,1.0,
294.415146884,0.877765042648,0.248093928542,0.723971506681,0.107074527292,1.58287271712,3.16087620988,0.248093928542,1204.30011701,1.0,
339.899745288,0.857071206648,0.251759779271,0.725524668597,0.106070004703,1.58590954762,3.44051621668,0.251759779271,1189.05273499,1.0,
246.200305655,0.894779604042,0.243249369001,0.734192495909,0.113945365311,1.57656645441,2.82519952454,0.243249369001,1169.92672101,1.0,
233.646527424,0.908976058342,0.250631757417,0.728997966714,0.107593195376,1.57760904951,2.79483783325,0.250631757417,1283.43446333,1.0,
271.597826456,0.899772796934,0.241120039229,0.717802887339,0.109142699657,1.63747934962,3.11251485821,0.241120039229,1354.91073356,1.0,
263.033248429,0.891314279078,0.246825970267,0.722482462947,0.106269532933,1.58132422185,3.08650025471,0.246825970267,1210.06350328,1.0,
309.889013415,0.885076331392,0.248954448836,0.7274561467,0.110461780437,1.59918743094,3.27227033452,0.248954448836,1348.23843151,1.0,
246.735676685,0.905453897043,0.238685374337,0.727590479195,0.113740178295,1.57045120925,2.80570555273,0.238685374337,1304.84318745,1.0,
286.434572933,0.880437462223,0.237053661643,0.728535321192,0.114432469783,1.58106548481,3.09743589744,0.237053661643,1197.84415026,1.0,
279.766344031,0.893107337814,0.257188054286,0.732594136814,0.108876419495,1.57256885423,3.04071998642,0.257188054286,1308.63212829,1.0,
271.983698421,0.891016454809,0.260695694253,0.740401367861,0.108759599412,1.50523997875,2.94250297164,0.260695694253,1247.82001698,1.0,
270.285413483,0.893380006016,0.259942213338,0.734061504429,0.10840944253,1.54455329086,2.97918152488,0.259942213338,1267.51748609,1.0,
303.8953982,0.861796152508,0.2540111033,0.736009828126,0.111198949547,1.56311885485,3.14267277976,0.2540111033,1099.44623003,1.0,
274.318695874,0.891682082397,0.249315435114,0.727870919464,0.108200465859,1.59095224444,3.00933944643,0.249315435114,1266.26647716,1.0,
221.424350484,0.911022416169,0.258389581803,0.729428861142,0.103984434116,1.61833487165,2.64173883512,0.258389581803,1244.27041593,1.0,
276.287587027,0.893191361537,0.247309416773,0.727268933632,0.107724787082,1.59816843459,3.10280183393,0.247309416773,1293.37659857,1.0,
265.89288504,0.887366058215,0.235418733293,0.712605410898,0.108658002699,1.59424253469,3.01681100357,0.235418733293,1180.34084942,1.0,
275.412531839,0.882027889301,0.248899445885,0.732585099539,0.111942407583,1.54262466083,3.0524707081,0.248899445885,1167.27813975,1.0,
291.789913398,0.881511470083,0.251032757165,0.733396588923,0.109920296137,1.57417385254,3.07542876549,0.251032757165,1231.3002516,1.0,
303.107964001,0.882599056177,0.259313088826,0.737456513235,0.106090263464,1.56138863637,3.14498217015,0.259313088826,1290.90940043,1.0,
255.811784683,0.903045996121,0.253766861039,0.727976402168,0.108730602636,1.55386953922,2.89848870776,0.253766861039,1319.24301447,1.0,
318.607709289,0.887681345471,0.238006455592,0.716760902608,0.110178972521,1.61793861037,3.36580064527,0.238006455592,1418.32053911,1.0,
272.32718628,0.897249867035,0.253752328302,0.730194080317,0.109181250141,1.5878812243,2.98176260825,0.253752328302,1325.1914057,1.0,
267.749634913,0.887649679399,0.254706704704,0.733815366316,0.110640764735,1.56037321133,2.89842078451,0.254706704704,1191.58375997,1.0,
242.888096451,0.899435362239,0.250275993697,0.733293059415,0.112741933367,1.55895318626,2.78050602819,0.250275993697,1207.6217936,1.0,
254.239293598,0.888098742952,0.249846018438,0.740985420908,0.112083295846,1.51291682648,2.80652063169,0.249846018438,1135.99838065,1.0,
245.102801834,0.882014180852,0.233678548708,0.725901140977,0.11440560401,1.59593638746,2.86690439803,0.233678548708,1038.69602128,2.0,
258.869077942,0.881243268001,0.228892103969,0.728779705104,0.11866457589,1.58111287121,2.84448972661,0.228892103969,1089.91327727,2.0,
333.999728307,0.869312323378,0.231126330117,0.725390003158,0.114783058756,1.55657020205,3.30643572763,0.231126330117,1277.85471798,2.0,
289.003905587,0.871501912315,0.231034139505,0.729840113005,0.116669224883,1.5966350023,3.07787400238,0.231034139505,1124.54555081,2.0,
264.11737137,0.87526391039,0.221553565205,0.731619327837,0.122942682969,1.56924662131,2.81840719986,0.221553565205,1058.70471086,2.0,
288.077024962,0.87991846914,0.213638572723,0.716413533207,0.117396520694,1.6452525954,3.14423501443,0.213638572723,1199.5059644,2.0,
262.396264221,0.888797065285,0.220667199707,0.717562657059,0.116953903693,1.64672073013,2.96566479878,0.220667199707,1179.80818085,2.0,
354.576260825,0.845834871763,0.217385142427,0.726181373571,0.122629301703,1.58192257068,3.51156393276,0.217385142427,1149.98853787,2.0,
319.7753099,0.850870682511,0.21407981662,0.718556503447,0.120083132781,1.65378943718,3.2914246901,0.21407981662,1072.14099576,2.0,
349.46965529,0.851000057837,0.213154671781,0.71781694115,0.120905029297,1.65797264665,3.46170826966,0.213154671781,1172.71741927,2.0,
328.773442011,0.868577413751,0.234060365243,0.728967406702,0.114394299426,1.58833104231,3.38108337579,0.234060365243,1250.82549125,2.0,
251.959449822,0.897900732014,0.230400719763,0.723266572112,0.113500524967,1.62496745246,2.96417048735,0.230400719763,1233.89449695,2.0,
242.089251146,0.901664228606,0.226372362586,0.726972352278,0.117310636167,1.57747519359,2.76855153676,0.226372362586,1230.92946579,2.0,
271.789913398,0.891853846989,0.229021256176,0.720079550164,0.111638320918,1.61751484619,3.07726269316,0.229021256176,1256.58613751,2.0,
274.235965359,0.871905923214,0.237267355167,0.732002966706,0.115820995526,1.56684075251,2.91968076074,0.237267355167,1070.44748766,2.0,
285.654066904,0.87207118477,0.235853956484,0.733185367653,0.115654034065,1.53525672103,2.97890983189,0.235853956484,1116.45709527,2.0,
302.372219392,0.866102994742,0.230944735488,0.73408305291,0.118704491109,1.56117589335,3.13404652742,0.230944735488,1129.12241319,2.0,
331.269417558,0.860349663741,0.226494928925,0.72767676714,0.11762063048,1.58539394695,3.32939378502,0.226494928925,1186.06738241,2.0,
311.345151978,0.857625301063,0.228364007357,0.735489707259,0.116848833294,1.57127522916,3.15415180846,0.228364007357,1093.4005631,2.0,
273.294209543,0.888988820891,0.219795558409,0.719093857239,0.117823141272,1.59955062092,3.00526405162,0.219795558409,1230.93102756,2.0,
323.972015622,0.878451376475,0.209037648758,0.708077482571,0.117220571933,1.69159563864,3.48086262523,0.209037648758,1332.68483932,2.0,
305.422720326,0.868522392706,0.233139926242,0.729147804508,0.114785441658,1.61008745847,3.13581253184,0.233139926242,1161.50090731,2.0,
263.989200204,0.889335742241,0.218688244552,0.727880180817,0.121015053364,1.59721463319,2.82255051791,0.218688244552,1192.74825292,2.0,
313.011784683,0.851843578912,0.225620035063,0.732267714292,0.12108555569,1.52338536438,3.10056036679,0.225620035063,1056.35578392,2.0,
266.835421973,0.883087130598,0.221900048734,0.726444374636,0.117292352241,1.57171739602,3.00006792325,0.221900048734,1141.16886755,2.0,
352.728273051,0.845968827868,0.21651837075,0.726050184741,0.120524482989,1.62459151939,3.41321107149,0.21651837075,1144.98990097,2.0,
266.000679232,0.885541478589,0.224995062762,0.727001723628,0.118205542821,1.61351622817,2.98434369163,0.224995062762,1161.9959613,2.0,
260.115877059,0.889413948928,0.227967914138,0.730666888358,0.117824573671,1.59484364838,2.86153846154,0.227967914138,1176.0790558,2.0,
279.047919851,0.884101914966,0.219910108675,0.724504302215,0.118607112589,1.613077199,3.05151978265,0.219910108675,1203.85043363,2.0,
336.38200034,0.865138489524,0.222717732053,0.730800864274,0.119352800508,1.60181410748,3.20957717779,0.222717732053,1247.1386356,2.0,
331.518050603,0.847343437537,0.221624293501,0.731841926486,0.122051694902,1.58210342132,3.12722024113,0.221624293501,1086.48275363,2.0,
338.927254203,0.851495023506,0.21864103161,0.726346140814,0.118905273393,1.64096830856,3.28853795211,0.21864103161,1141.12774745,2.0,
414.159891323,0.836198969634,0.228656641327,0.729746295418,0.117264392375,1.56641205372,3.72307692308,0.228656641327,1264.21638007,2.0,
301.951910341,0.866476166122,0.220576100204,0.728681882561,0.119776335255,1.61602467501,3.12542027509,0.220576100204,1130.70416559,2.0,
340.500356597,0.852808477846,0.22282185335,0.735141398358,0.121466957991,1.58519759895,3.25104431992,0.22282185335,1157.31508513,2.0,
347.118492104,0.865860193269,0.226319726395,0.73034643775,0.119299934884,1.56762800487,3.22818814739,0.226319726395,1293.86831756,2.0,
458.241059603,0.815054684802,0.209961990836,0.718630176524,0.120477740766,1.62367292845,4.07186279504,0.209961990836,1238.85554796,2.0,
388.768959076,0.843421073204,0.22409541019,0.725765349647,0.11699101498,1.53197216773,3.53791815249,0.22409541019,1241.44725932,2.0,
353.853183902,0.838020116697,0.232816798899,0.742757210563,0.12128419651,1.50749678127,3.2286296485,0.232816798899,1092.93696576,2.0,
306.071251486,0.870716114913,0.223929515531,0.727254894834,0.118166664505,1.57945728002,3.15904228222,0.223929515531,1183.71772042,2.0,
292.778672101,0.883323630611,0.227387036008,0.728393698646,0.118267987572,1.55942690769,3.13431822041,0.227387036008,1255.36565858,2.0,
356.241399219,0.842827911483,0.229465245146,0.734364518088,0.118978026356,1.57038699397,3.38115129903,0.229465245146,1133.28455001,2.0,
327.021769401,0.872281441804,0.221016460603,0.7271222002,0.119011991374,1.59835164681,3.26520631686,0.221016460603,1280.8910037,2.0,
329.2861946,0.870415123154,0.210367585698,0.71142766015,0.119983647418,1.63192634384,3.36872134488,0.210367585698,1270.54253018,2.0,
410.114111055,0.843058148055,0.212706156901,0.726343667769,0.123505055878,1.57056440016,3.6218033622,0.212706156901,1307.49143016,2.0,
382.81674308,0.834979430789,0.209810949558,0.72699710879,0.125153276904,1.60091512647,3.38172864663,0.209810949558,1159.90501039,2.0,
310.57007981,0.854659312972,0.23520834539,0.734546857981,0.118059258649,1.58467553061,3.12827305145,0.23520834539,1068.42098438,2.0,
372.622075055,0.853822380493,0.215672745359,0.723137093492,0.120285603502,1.6105617534,3.51078281542,0.215672745359,1274.73556202,2.0,
306.21986755,0.868870808303,0.220653873417,0.728989773462,0.121409179181,1.59746036773,3.01857700798,0.220653873417,1167.62661153,2.0,
381.451655629,0.849290349576,0.223462580984,0.725523492589,0.117573132148,1.59715881853,3.60380370182,0.223462580984,1265.51834788,2.0,
279.739718119,0.858881630836,0.241977115494,0.745590064193,0.116919105175,1.5308161263,2.96403464086,0.241977115494,991.152745658,3.0,
346.315197826,0.852628416535,0.226445231577,0.736610686953,0.11878549412,1.55444053738,3.47091186959,0.226445231577,1175.48808816,3.0,
266.67155714,0.882370827467,0.253777506846,0.750678890298,0.113852815519,1.49049918514,2.81922227882,0.253777506846,1133.5264518,3.0,
315.078960774,0.865839555644,0.237765207537,0.74197029028,0.11690992911,1.51734492411,3.22316182714,0.237765207537,1175.1992398,3.0,
244.741110545,0.884809830202,0.242779966195,0.746761159685,0.116555989942,1.5117197579,2.6899643403,0.242779966195,1062.33505417,3.0,
291.854542367,0.868326398347,0.243884548819,0.749046702076,0.118171928897,1.48388699445,3.04754627271,0.243884548819,1108.4217094,3.0,
269.726676855,0.876221037963,0.25429566122,0.756242597941,0.113620822057,1.46334878044,2.79877738156,0.25429566122,1089.54976038,3.0,
200.53869927,0.90541222511,0.242833608143,0.743671539567,0.116550820958,1.50850751793,2.49611139412,0.242833608143,1060.06669204,3.0,
359.832093734,0.831162103135,0.244098530691,0.753505484247,0.121684975101,1.42449661627,3.21562234675,0.244098530691,1065.61411986,3.0,
241.444591611,0.875807916397,0.242991502876,0.758704094867,0.118601646172,1.45420941935,2.58339276617,0.242991502876,972.061119381,3.0,
299.094243505,0.854225569177,0.259580235143,0.752903460441,0.111228891582,1.47041209678,3.01749023603,0.259580235143,1025.8803338,3.0,
295.157887587,0.857127246128,0.235946532329,0.742716122452,0.118098834469,1.5194316421,3.05382917303,0.235946532329,1032.93972989,3.0,
267.376396672,0.882005824051,0.241519276595,0.740815946647,0.115778176159,1.52720111727,2.91370351503,0.241519276595,1133.00675445,3.0,
283.730276787,0.875519112154,0.237423095363,0.741697664677,0.116911410013,1.51319489534,2.96009509255,0.237423095363,1139.65397298,3.0,
243.042757684,0.871028298912,0.254025119318,0.754294671136,0.116152269331,1.4433084053,2.5745627441,0.254025119318,942.232891528,3.0,
274.965189336,0.876002422794,0.251427581654,0.741035593274,0.111805946557,1.49909801287,2.89930378672,0.251427581654,1108.7522657,3.0,
294.152895228,0.863658717674,0.24134129439,0.734910801031,0.114947612807,1.52928251958,3.14056715911,0.24134129439,1078.73745284,3.0,
267.286805909,0.882689586261,0.248296180419,0.736788123723,0.110378211381,1.52747397659,2.88904737646,0.248296180419,1139.22880924,3.0,
271.670232637,0.86620755748,0.253981142793,0.750484313934,0.112632491894,1.51183245893,2.87301749024,0.253981142793,1015.26748268,3.0,
334.172117507,0.844308446242,0.241646721782,0.744018897387,0.11498356123,1.52790777772,3.20760740363,0.241646721782,1073.18640427,3.0,
297.428561725,0.864740077916,0.245794920987,0.74089812184,0.112606476024,1.53012669341,3.14776702326,0.245794920987,1099.47040167,3.0,
260.943318051,0.892011331463,0.242577255268,0.725982988309,0.108391977474,1.5971745323,2.98454746137,0.242577255268,1208.19768216,3.0,
253.777279674,0.893452454853,0.242092337035,0.740340145454,0.116615763789,1.52957261918,2.81664119545,0.242092337035,1190.91096526,3.0,
285.94246901,0.883135746683,0.244490713912,0.730497019444,0.110394847979,1.55395674964,3.11679402275,0.244490713912,1223.3957814,3.0,
336.986245543,0.853281444386,0.234265703596,0.727232249347,0.113367252346,1.55981273886,3.45702156563,0.234265703596,1148.41045201,3.0,
282.82594668,0.871805723886,0.257446208759,0.754293200966,0.114324271006,1.45909862187,2.91825437256,0.257446208759,1103.11456663,3.0,
303.84873493,0.864174762387,0.237418204981,0.743244791192,0.118516387916,1.50959481726,3.09655289523,0.237418204981,1118.52826569,3.0,
295.51149601,0.867956773882,0.253547866526,0.74516948981,0.111149198118,1.48125290604,3.02856172525,0.253547866526,1118.99528926,3.0,
256.532178638,0.886386538074,0.251473516638,0.743710137818,0.11355058501,1.52962409958,2.82445236882,0.251473516638,1128.96911286,3.0,
238.363864833,0.886694167517,0.2456995424,0.755312701616,0.120916345442,1.45827385974,2.61049414162,0.2456995424,1051.86052479,3.0,
244.779623026,0.901554154217,0.240733692171,0.734784508971,0.112591343401,1.54897106593,2.80733571065,0.240733692171,1243.219666,3.0,
235.640686025,0.897734697631,0.251805356704,0.740552905781,0.112099057434,1.52397154571,2.73533706911,0.251805356704,1152.1047734,3.0,
278.218509085,0.867250980207,0.240800718079,0.739858196087,0.115498826213,1.55435956533,2.94820852437,0.240800718079,1047.91172665,3.0,
268.501341484,0.877604705753,0.241104090127,0.739569602809,0.114455077768,1.5576877782,2.90134148412,0.241104090127,1096.86137501,3.0,
273.352215996,0.876814307713,0.237174740107,0.732386492192,0.114561915552,1.59641662808,3.02713533707,0.237174740107,1109.51284569,3.0,
312.815078961,0.871094869994,0.250541834373,0.7375537087,0.112159349876,1.52223354073,3.11360163016,0.250541834373,1213.35387872,3.0,
330.299133979,0.870733445895,0.247576911413,0.729852474075,0.108954784846,1.56867821484,3.40587536084,0.247576911413,1277.58930478,3.0,
311.167736458,0.858857017109,0.24945737613,0.741649977923,0.11344972475,1.50185644796,3.18981151299,0.24945737613,1102.31387379,3.0,
298.834505009,0.853449910652,0.254829164932,0.741710352659,0.112207626909,1.4979242748,3.09974528782,0.254829164932,1019.56439037,3.0,
356.134895568,0.843667662294,0.240889796839,0.726639921721,0.111228218806,1.59883554572,3.56705722534,0.240889796839,1139.03144031,3.0,
293.019935473,0.882091705078,0.231872170964,0.725736736765,0.115315410149,1.61115163322,3.07896077433,0.231872170964,1242.57557819,3.0,
299.906333843,0.868427714073,0.240766250116,0.736600668088,0.114626998631,1.53210586565,3.12331465444,0.240766250116,1139.70176823,3.0,
307.735540839,0.872766651814,0.245191934642,0.734383037146,0.11065365,1.55417937125,3.20050942435,0.245191934642,1210.02333126,3.0,
359.756155544,0.857114601386,0.243528042315,0.728819229496,0.108234148579,1.56443352538,3.65243674648,0.243528042315,1261.68035402,3.0,
319.096960435,0.848132961802,0.246501611101,0.72986163958,0.109862170532,1.57865953357,3.22030905077,0.246501611101,1050.58004759,3.0,
235.715877059,0.888424477461,0.239270517709,0.739243509665,0.11738261104,1.50930418823,2.68235693666,0.239270517709,1056.30639989,3.0,
242.44455765,0.894107055738,0.253257502432,0.744029220419,0.11033422041,1.51122501982,2.87505518764,0.253257502432,1144.76256817,3.0,
233.35669893,0.888468453535,0.237699129717,0.73208062137,0.11688709428,1.55718006834,2.77391747326,0.237699129717,1046.14661199,3.0,
285.776464595,0.876944046124,0.254522399605,0.738751758389,0.108609640091,1.55984851439,3.13907284768,0.254522399605,1161.16472058,3.0,
247.717439294,0.888187458348,0.24786548775,0.736081056872,0.110765331441,1.5449908849,2.8353200883,0.24786548775,1107.73548134,3.0,
376.78179657,0.840929077165,0.207409100971,0.703428995773,0.119396137386,1.69125564069,3.70616403464,0.207409100971,1185.22356619,4.0,
368.887315334,0.856753540094,0.200432558857,0.7110189073,0.121070139116,1.66850285014,3.65430463576,0.200432558857,1288.4033655,4.0,
380.273391068,0.845854726009,0.223602512791,0.724298123826,0.120037972147,1.54621044835,3.44445576499,0.223602512791,1234.24965223,4.0,
355.709526235,0.860921463307,0.208816552765,0.713509673289,0.12085762796,1.65223278619,3.52178638139,0.208816552765,1279.1610379,4.0,
329.910137545,0.851089160707,0.216612109213,0.733272442217,0.124502097766,1.5495293617,3.15238580404,0.216612109213,1108.23627737,4.0,
392.206011207,0.840437238227,0.216810859392,0.719925902313,0.118622897081,1.61349469744,3.57914756325,0.216810859392,1229.90143839,4.0,
411.237187978,0.834813517918,0.204944729318,0.712660936932,0.118441831303,1.66038552625,3.94902360333,0.204944729318,1245.60391433,4.0,
370.57615894,0.856335155362,0.214379859979,0.716374883371,0.118165530237,1.5960601218,3.54725759891,0.214379859979,1290.04038052,4.0,
384.326201392,0.820611843429,0.21178222543,0.730003182444,0.124359789046,1.55270907529,3.53360502632,0.21178222543,1072.1060821,4.0,
375.019222279,0.848823165509,0.201552444685,0.710873442958,0.122513505752,1.64985650705,3.67454576329,0.201552444685,1241.18594723,4.0,
323.565936492,0.848789058655,0.229816169233,0.731123805979,0.118336111705,1.51599168602,3.22027508915,0.229816169233,1070.37260052,4.0,
283.919103413,0.883590909888,0.211590252582,0.702842296289,0.116128093913,1.67071798035,3.1886568178,0.211590252582,1220.0318016,4.0,
282.393003906,0.895455047234,0.217574693152,0.705707575173,0.114022439378,1.65376427926,3.24686704024,0.217574693152,1350.58171836,4.0,
379.92677874,0.863374951452,0.213098183261,0.702015009654,0.1143364465,1.68513745258,3.7444727458,0.213098183261,1390.85543495,4.0,
336.113160129,0.868155433026,0.210224281373,0.703148496986,0.114615279446,1.65985482793,3.48548140601,0.210224281373,1275.12427249,4.0,
350.403498047,0.8514999517,0.21343783871,0.70624041466,0.115482759179,1.69431236513,3.54087281372,0.21343783871,1180.6978995,4.0,
371.131465444,0.854937242834,0.207376286973,0.693713097099,0.114528256602,1.72918491616,3.89281711666,0.207376286973,1279.21002156,4.0,
288.910443199,0.886810295987,0.219564727789,0.707797974785,0.113958280457,1.6857796164,3.20950925454,0.219564727789,1276.22227534,4.0,
378.223195789,0.862786932645,0.202076255292,0.690310896685,0.115955090026,1.70487454946,3.80730174902,0.202076255292,1378.71977796,4.0,
358.729971133,0.878268917429,0.203139133574,0.688502473991,0.11300036659,1.72586328245,3.81280353201,0.203139133574,1473.45264478,4.0,
224.712990321,0.910247865836,0.237788303055,0.717555214675,0.110642585645,1.5925969411,2.78437765325,0.237788303055,1251.85318663,4.0,
309.221463746,0.873332380034,0.210626577534,0.711838705773,0.120844299937,1.6512764086,3.28361351673,0.210626577534,1220.6018548,4.0,
284.81569027,0.884847415251,0.212967425532,0.708870265,0.117647771945,1.65983134857,3.17269485481,0.212967425532,1236.68822064,4.0,
297.085073867,0.893980900604,0.217476957033,0.699660255602,0.109602194243,1.68370122169,3.37673628799,0.217476957033,1401.09223508,4.0,
358.869349635,0.874006579726,0.202182145892,0.688065336607,0.113288194007,1.72402138464,3.81592800136,0.202182145892,1424.65239522,4.0,
355.043368993,0.850421052201,0.203823152617,0.716084394945,0.123565317512,1.56125938197,3.54029546612,0.203823152617,1186.80928773,4.0,
309.94015962,0.857266995521,0.205031801176,0.72261141993,0.124637029539,1.61260651068,3.26670062829,0.205031801176,1085.7340275,4.0,
347.823908983,0.861001668238,0.20295611566,0.714088997288,0.122017060692,1.63956717516,3.50881304126,0.20295611566,1251.17893883,4.0,
369.968042112,0.846623151602,0.206054382253,0.720022057503,0.125251597711,1.6110021282,3.56919680761,0.206054382253,1206.5424219,4.0,
321.310816777,0.849607919186,0.220187886958,0.734120659523,0.122744530694,1.54487552978,3.24900662252,0.220187886958,1068.49113428,4.0,
323.881813551,0.85257406523,0.206123567311,0.726649122779,0.127875612736,1.57116877602,3.19083036169,0.206123567311,1098.4560283,4.0,
209.639395483,0.892315477544,0.22746004802,0.745799146972,0.12365575722,1.5010746855,2.44530480557,0.22746004802,973.39613299,4.0,
341.153880115,0.861250979324,0.214416034961,0.720418460608,0.1199157268,1.60908583027,3.41389030396,0.214416034961,1229.39202905,4.0,
311.768177959,0.856649342367,0.213060275884,0.728808965554,0.119969342647,1.58074978248,3.31879775853,0.213060275884,1087.94328144,4.0,
318.466428935,0.845666929069,0.225771969066,0.728887636498,0.118205549172,1.56545975281,3.2799456614,0.225771969066,1031.75044407,4.0,
268.371676006,0.8839873956,0.21603871429,0.729664925148,0.12112322608,1.60806110019,2.97755136696,0.21603871429,1156.64878569,4.0,
215.19728307,0.908241538312,0.216052280485,0.721632299039,0.119843335424,1.59787790419,2.72161657327,0.216052280485,1172.62909116,4.0,
305.857768721,0.860837915106,0.221574466972,0.72998284406,0.119233174764,1.59174685029,3.19191713364,0.221574466972,1098.92636688,4.0,
250.349533028,0.894598906641,0.207180007359,0.71370188347,0.119503404975,1.65055593413,2.98821531669,0.207180007359,1187.60406107,4.0,
398.325997623,0.82336097807,0.21212631221,0.729537552135,0.123786820848,1.57267897465,3.81793173714,0.21212631221,1128.17149569,4.0,
345.034606894,0.839498641557,0.214418037249,0.728472361412,0.121899670365,1.57574398185,3.38155883851,0.214418037249,1074.86506732,4.0,
299.691560537,0.855969391633,0.209841027711,0.731623620282,0.127074444649,1.58997300668,3.08262862965,0.209841027711,1040.37455626,4.0,
328.785430464,0.851428615878,0.207942468583,0.728843437366,0.123275538204,1.58858087956,3.34341993547,0.207942468583,1106.48648823,4.0,
297.800033962,0.877106124665,0.219572785385,0.724726158592,0.119472150693,1.55683646716,3.19775853286,0.219572785385,1211.61462746,4.0,
278.018373238,0.862433582163,0.219988393994,0.730731983716,0.122348171107,1.56920463005,3.01643742571,0.219988393994,1010.61077584,4.0,
211.699949058,0.899995991662,0.214649407657,0.731069148427,0.122995252235,1.55925126165,2.57792494481,0.214649407657,1058.45620468,4.0,
346.964034641,0.846482504938,0.223201473827,0.734348855397,0.122065134572,1.55623207093,3.38631346578,0.223201473827,1135.03168997,4.0,
312.64873493,0.867402853892,0.212150484997,0.724787801881,0.123356252189,1.58245250096,3.27641365257,0.212150484997,1178.94217224,4.0,
330.461470538,0.860772411607,0.20476886474,0.721937337653,0.122920758613,1.63965264383,3.49050772627,0.20476886474,1186.86241566,4.0,
263.09016811,0.879509041776,0.214838284801,0.732722616457,0.123280648881,1.5666965442,2.85060281881,0.214838284801,1092.4173424,4.0,
348.00417728,0.862539490019,0.19164179132,0.699029751799,0.124222635344,1.73889228674,3.65376124979,0.19164179132,1268.52193438,5.0,
323.46758363,0.869669338107,0.188305353921,0.706650412065,0.127030585102,1.66478162618,3.38573611819,0.188305353921,1242.739171,5.0,
383.629614536,0.831691995856,0.195026200594,0.718375722309,0.127357990479,1.62033348977,3.59667176091,0.195026200594,1141.58056117,5.0,
355.173204279,0.86446909378,0.183488381206,0.695531187745,0.124502796171,1.72535861378,3.57367974189,0.183488381206,1312.11694133,5.0,
374.017422313,0.841058155345,0.186881053379,0.715117037107,0.129239227282,1.67140049238,3.60845644422,0.186881053379,1178.58542121,5.0,
345.895296315,0.870388666224,0.191742180241,0.6883992759,0.115582095665,1.74341102639,3.64493122771,0.191742180241,1336.34334343,5.0,
311.787400238,0.878622405711,0.198542871619,0.690451898284,0.114954907007,1.72642873473,3.46449312277,0.198542871619,1285.62265308,5.0,
327.11737137,0.865322188545,0.20503798797,0.699471299575,0.115333372425,1.71306279461,3.55574800475,0.20503798797,1216.70747069,5.0,
259.250942435,0.905404604613,0.199615611401,0.681518389507,0.113183820029,1.7397970523,3.24795381219,0.199615611401,1372.36956678,5.0,
291.959178129,0.87052872761,0.205069436353,0.707095035334,0.119591398553,1.6675252902,3.17215146884,0.205069436353,1130.17301808,5.0,
336.366683647,0.867404262114,0.192399768157,0.690968079382,0.119674528079,1.72357505597,3.63956529122,0.192399768157,1269.66816673,5.0,
258.207607404,0.87753421464,0.207908383547,0.702235723518,0.118019753466,1.63943840258,3.0042112413,0.207908383547,1056.47619757,5.0,
295.281304126,0.886528761273,0.199989255001,0.693305402571,0.115095152041,1.72535342846,3.35452538631,0.199989255001,1301.87975968,5.0,
270.629648497,0.890845860925,0.196731785729,0.696606722778,0.119742911435,1.69690421446,3.19551706572,0.196731785729,1240.8997915,5.0,
398.590830362,0.85483646814,0.195160067867,0.682107225063,0.115369042646,1.7431840817,4.03229750382,0.195160067867,1374.40661218,5.0,
330.254678214,0.875773307063,0.20017341016,0.688469131921,0.112327677276,1.76490462542,3.71516386483,0.20017341016,1330.08094197,5.0,
309.952997113,0.878515995556,0.188098548453,0.682751548555,0.118295402497,1.77226888207,3.51985056886,0.188098548453,1276.48122466,5.0,
344.932722024,0.856186604954,0.198349846877,0.699485542977,0.121459968505,1.68669068913,3.46985905926,0.198349846877,1200.96225146,5.0,
327.183970114,0.873883066039,0.189669396659,0.686017385096,0.118277710526,1.78772024292,3.60679232467,0.189669396659,1297.98375785,5.0,
334.169094923,0.858785220014,0.199474597712,0.703031859735,0.12093843371,1.71076310966,3.50555272542,0.199474597712,1184.04471169,5.0,
309.219120394,0.877153264249,0.192032184477,0.697550202407,0.121713323684,1.74775947874,3.33818984547,0.192032184477,1259.44509402,5.0,
348.535438954,0.870687064654,0.195816126385,0.690834436676,0.119208650374,1.7273765542,3.67213448803,0.195816126385,1349.33288924,5.0,
311.078621158,0.865443003239,0.199154233895,0.706617768637,0.121231595736,1.67028881344,3.31927322126,0.199154233895,1157.23538621,5.0,
362.609101715,0.868079393143,0.18811569247,0.685660382579,0.116786210713,1.78612361982,3.83987094583,0.18811569247,1375.19533161,5.0,
326.910409238,0.868614785443,0.188415968814,0.691801547336,0.12139268738,1.7633723439,3.5588724741,0.188415968814,1244.50406799,5.0,
347.109084734,0.874630870454,0.188275813249,0.678756347151,0.115487455103,1.82010860456,3.70110375276,0.188275813249,1384.78646264,5.0,
306.010052641,0.89478988683,0.199000025403,0.687044819663,0.114124369848,1.72813792622,3.44404822551,0.199000025403,1455.1697133,5.0,
280.515129903,0.87922298302,0.232548178548,0.714568926485,0.109197131089,1.64741789888,3.10341314315,0.232548178548,1162.21528889,5.0,
312.290066225,0.885708757775,0.193969672887,0.6860812446,0.116607443839,1.76474203601,3.5173034471,0.193969672887,1367.35309482,5.0,
342.122737307,0.874524407406,0.19801423522,0.691911100161,0.115978804127,1.7258675175,3.61399218883,0.19801423522,1363.73107635,5.0,
307.969706232,0.8720889712,0.214989921229,0.707962253334,0.115532986616,1.68488045859,3.33496349125,0.214989921229,1204.70610798,5.0,
325.53346918,0.881456874026,0.189512187041,0.689159009148,0.121210613047,1.7618928873,3.54617082697,0.189512187041,1373.47569823,5.0,
329.651757514,0.895644474295,0.188248014198,0.675773457849,0.114471034562,1.79188763901,3.65488198336,0.188248014198,1579.89614959,5.0,
296.119069452,0.891642034008,0.197649574235,0.694124728667,0.118337413732,1.70299084139,3.42611648837,0.197649574235,1367.25760441,5.0,
292.110341314,0.901537192038,0.188291321756,0.678985301914,0.115530011585,1.77517858646,3.49196807607,0.188291321756,1484.71678422,5.0,
303.324978774,0.872740081667,0.183049296458,0.689289412036,0.125288739961,1.73969766243,3.34671421294,0.183049296458,1192.56954252,5.0,
259.406656478,0.897952782075,0.224390071822,0.715030549943,0.112617030048,1.62066462814,2.99667176091,0.224390071822,1271.35960828,5.0,
280.173475972,0.888218244509,0.20934754439,0.712888976937,0.119467824847,1.68981970399,3.07719476991,0.20934754439,1254.23505304,5.0,
351.010120564,0.873510718737,0.187885272458,0.688300695653,0.119887622802,1.72871573468,3.63569366616,0.187885272458,1388.31074392,5.0,
319.530412634,0.868544479125,0.20892707308,0.708531408483,0.118714001092,1.65036559867,3.4155544235,0.20892707308,1217.55873671,5.0,
252.666496859,0.896796201294,0.225639352069,0.721707575313,0.116237383434,1.57312437179,2.91767702496,0.225639352069,1225.41899216,5.0,
321.208524367,0.876356581928,0.208831747549,0.707674485015,0.11856731193,1.67330063235,3.31142808626,0.208831747549,1299.77766308,5.0,
307.045101036,0.879438222021,0.203403458693,0.708075291547,0.121478227136,1.66592643531,3.23847851927,0.203403458693,1274.22009011,5.0,
273.822007132,0.887864718353,0.201265367757,0.682430722116,0.109637844789,1.77675116582,3.26911190355,0.201265367757,1221.38397451,5.0,
295.392290711,0.892323932268,0.204253642289,0.691143358333,0.113032590231,1.74346042596,3.40315843097,0.204253642289,1372.11206855,5.0,
334.624859908,0.871920174515,0.203808271556,0.6966115753,0.11818117137,1.71184336624,3.4914246901,0.203808271556,1306.75616848,5.0,
310.469179827,0.877315178921,0.191961813733,0.700608643757,0.119813951392,1.68637408478,3.39789437935,0.191961813733,1266.94801386,5.0,
257.019222279,0.881551343219,0.198637871893,0.717360154513,0.126720556929,1.63204119618,2.9709288504,0.198637871893,1085.37969896,5.0,
272.30314145,0.880398383285,0.214415428277,0.722676581145,0.120456682178,1.5921546262,2.98278145695,0.214415428277,1139.57695876,5.0,
356.764781797,0.874705762214,0.18530880957,0.681840351059,0.118884429477,1.75373290668,3.81827135337,0.18530880957,1425.43026634,5.0,
385.529054169,0.877151952138,0.259673214674,0.686841499929,0.0821455032083,1.77689834684,4.18906435728,0.259673214674,1572.02544311,6.0,
278.644014264,0.87401582956,0.273520041524,0.737289793281,0.102569125463,1.52007359825,3.02954661233,0.273520041524,1108.25520352,6.0,
326.423773136,0.853977471186,0.271741467445,0.736677978128,0.102578371103,1.52767461811,3.36213278995,0.271741467445,1120.66944987,6.0,
311.186992698,0.864883862731,0.267565256965,0.730349305463,0.100859849001,1.54854147694,3.24907454576,0.267565256965,1154.96596879,6.0,
357.008592291,0.858770336659,0.274665943259,0.725980001504,0.0966125834456,1.55295140623,3.7152657497,0.274665943259,1267.1811876,6.0,
301.593139752,0.874036764122,0.267778509893,0.730622618472,0.0998050513039,1.55014307878,3.29162845984,0.267778509893,1200.53225561,6.0,
353.210867719,0.846493893483,0.272596209245,0.732253591747,0.100275252069,1.51107182236,3.61229410766,0.272596209245,1153.39929682,6.0,
297.81171676,0.849238772028,0.28486619948,0.74096001465,0.0977125342674,1.46151999464,3.06286296485,0.28486619948,990.970969352,6.0,
335.492817117,0.85502426758,0.2835142143,0.740593125505,0.100461753713,1.46193443421,3.34460859229,0.2835142143,1160.78654469,6.0,
393.261130922,0.831020652361,0.276731414337,0.736165778151,0.100979622616,1.51376665292,3.84024452369,0.276731414337,1167.46878173,6.0,
309.929597555,0.8708731788,0.275819653457,0.744662161607,0.106144687548,1.47758911384,3.13475972151,0.275819653457,1203.88163491,6.0,
280.07050433,0.878309844579,0.261185431357,0.733099603562,0.103156658488,1.53982341067,3.12820512821,0.261185431357,1154.31945713,6.0,
297.679334352,0.882359686754,0.262472439053,0.731654224001,0.105302134576,1.54322900021,3.20916963831,0.262472439053,1268.51276786,6.0,
271.984649346,0.882570019501,0.281287418303,0.749910452269,0.105133253286,1.44348911683,2.95323484463,0.281287418303,1161.84336544,6.0,
209.064662931,0.893705382188,0.274958900179,0.749029959827,0.106160071679,1.45298016763,2.49234165393,0.274958900179,986.618451152,6.0,
321.364510104,0.862821681829,0.268771594127,0.733288184741,0.101512090927,1.53236845116,3.35004245203,0.268771594127,1174.90733466,6.0,
388.746272712,0.849804335636,0.254371189932,0.719800891015,0.102225563699,1.58874155904,3.93778230599,0.254371189932,1297.54874942,6.0,
332.838852097,0.8497794008,0.270369177955,0.73515673612,0.101334380337,1.5255544571,3.43093903889,0.270369177955,1111.28837826,6.0,
319.954627271,0.859463043273,0.260118873756,0.728725362639,0.103844261604,1.54524718873,3.36967227033,0.260118873756,1141.74174331,6.0,
359.594260486,0.869484891969,0.265321289269,0.732109817995,0.103521018701,1.55653609995,3.51859398879,0.265321289269,1381.26519199,6.0,
370.423875021,0.841766893712,0.268720623434,0.732022279766,0.102574421708,1.52102555888,3.74654440482,0.268720623434,1174.37223653,6.0,
403.586788929,0.819211266666,0.264374066203,0.733039353259,0.1037329029,1.52838268937,3.83559178129,0.264374066203,1119.76885264,6.0,
308.879538122,0.875848199503,0.271292119816,0.734045509802,0.101527745448,1.55010250188,3.21609780948,0.271292119816,1247.46053578,6.0,
340.596094413,0.864729396737,0.262170614857,0.732791949533,0.102689832558,1.53155690701,3.40811682798,0.262170614857,1262.23356387,6.0,
351.372049584,0.840688500915,0.269178427731,0.731965222325,0.101564389775,1.52369163197,3.64061810155,0.269178427731,1106.33047188,6.0,
239.390830362,0.89528816656,0.268127030312,0.733378732938,0.104542121845,1.51313441285,2.80750551876,0.268127030312,1147.35757447,6.0,
294.186041773,0.871744891021,0.262054749724,0.734482058207,0.105126408863,1.5350561707,3.1626422143,0.262054749724,1150.3896332,6.0,
292.656002717,0.865956133946,0.27590142894,0.735857697151,0.0993422489094,1.50673247127,3.11754117847,0.27590142894,1095.18427123,6.0,
364.346510443,0.849086802522,0.258519112323,0.720428204501,0.101853447556,1.60962303171,3.68208524367,0.258519112323,1210.71994687,6.0,
311.913092206,0.87032711444,0.274896829242,0.737245264475,0.100674536965,1.51798550137,3.31122431652,0.274896829242,1207.16686543,6.0,
269.471489217,0.880049731571,0.263170045052,0.732110054801,0.105354447961,1.54947560228,3.0254372559,0.263170045052,1126.41992985,6.0,
353.391917134,0.834400095124,0.260271776608,0.734718312119,0.107180808256,1.52102452785,3.44788588895,0.260271776608,1070.346391,6.0,
244.194871795,0.868434535314,0.277559992596,0.749170552773,0.106365686304,1.43020195348,2.66965528952,0.277559992596,931.37633555,6.0,
255.02112413,0.882003294877,0.278807233647,0.741592205587,0.10072124367,1.5167352094,2.86897605706,0.278807233647,1084.34102217,6.0,
283.912616743,0.882896640136,0.26981274712,0.741179466998,0.10507132395,1.47172434014,3.05372728816,0.26981274712,1215.66562814,6.0,
297.337850229,0.876266187922,0.277197746814,0.738578716123,0.102135752858,1.50541870672,3.13387671931,0.277197746814,1204.80374035,6.0,
335.026659874,0.846600456212,0.276995949374,0.743411866579,0.103095217927,1.4921690448,3.3600271693,0.276995949374,1095.85149092,6.0,
281.473900492,0.883933999061,0.268983765173,0.735312837799,0.10393580935,1.54204346158,3.08449651893,0.268983765173,1215.7782717,6.0,
294.154015962,0.869322208791,0.27569825435,0.738772551874,0.101715792222,1.51028125897,3.10168110036,0.27569825435,1128.69457683,6.0,
380.887417219,0.849281303357,0.274039619183,0.730493454649,0.0978033314931,1.56159954588,3.80037357786,0.274039619183,1268.74720228,6.0,
377.283205977,0.859628267524,0.277560091788,0.724612423903,0.094215103286,1.56731241828,3.77007980981,0.277560091788,1347.25086561,6.0,
358.71883172,0.841538209011,0.273151341362,0.738655340104,0.101337263863,1.50243633963,3.54803871625,0.273151341362,1135.33239601,6.0,
303.886907794,0.8739599247,0.274445214045,0.735907674233,0.101086368963,1.53930920148,3.26649685855,0.274445214045,1208.54808928,6.0,
341.194328409,0.855705443424,0.280477873316,0.741543984743,0.101584021636,1.50356005124,3.3771777891,0.280477873316,1184.89740094,6.0,
294.14352182,0.874263011879,0.265392658851,0.73656146264,0.104102197098,1.53286079085,3.1459330956,0.265392658851,1172.28448635,6.0,
360.839497368,0.84446738339,0.268655309159,0.737750020666,0.104768992245,1.54611955842,3.45528952284,0.268655309159,1162.641057,6.0,
272.476277806,0.895655055054,0.263655482312,0.730825142359,0.104909481526,1.56310967475,3.00315843097,0.263655482312,1308.64193901,6.0,
340.968008151,0.864083431547,0.264390778851,0.730280499536,0.103356281865,1.57000541308,3.43470877908,0.264390778851,1256.92340826,6.0,
232.006316862,0.887782827471,0.27520847111,0.740795951632,0.102345182235,1.51741446667,2.65430463576,0.27520847111,1036.85696628,6.0,
334.590898285,0.868776386726,0.269906986155,0.733140582364,0.0998164212171,1.55996311198,3.45121412804,0.269906986155,1277.14781753,6.0,
357.081779589,0.860907406087,0.262409558435,0.720012963747,0.0985834735966,1.55622474564,3.56186109696,0.262409558435,1291.4360143,7.0,
335.529054169,0.853999341568,0.249380290338,0.726758580994,0.109125626212,1.56351043251,3.41766004415,0.249380290338,1156.73916007,7.0,
387.097877399,0.839808687523,0.245810014273,0.734978351749,0.112165358794,1.52686651037,3.6276107998,0.245810014273,1214.3976234,7.0,
403.334454067,0.837840144704,0.245208312807,0.714659897454,0.104657130667,1.6043571358,4.00893190695,0.245208312807,1249.9752153,7.0,
402.265104432,0.840610274824,0.242988425626,0.720591201782,0.10839511698,1.59290289517,3.80152827305,0.242988425626,1268.02756388,7.0,
302.064289353,0.877154377986,0.262116463109,0.728867431481,0.101873633116,1.57519152317,3.28534555952,0.262116463109,1235.3605199,7.0,
338.550517915,0.858358854641,0.256273467596,0.729104035644,0.10717447239,1.55127853039,3.4005773476,0.256273467596,1201.25709065,7.0,
336.030837154,0.848749787517,0.24857603942,0.721953967209,0.107134997841,1.56850663686,3.44364068602,0.24857603942,1116.38793123,7.0,
293.562608253,0.875503928825,0.255411351008,0.733832669013,0.109223268363,1.53989764009,3.06038376634,0.255411351008,1184.98876689,7.0,
323.710748854,0.859232910987,0.252880174898,0.740869330485,0.111674471501,1.49229291445,3.17911360163,0.252880174898,1155.13981709,7.0,
285.017388351,0.873230613981,0.254310939048,0.725871733684,0.10755728906,1.57753959654,3.1059602649,0.254310939048,1130.38994324,7.0,
258.414161997,0.89808491488,0.253563409635,0.733949577595,0.109415102691,1.54914049864,2.8504330107,0.253563409635,1273.76285261,7.0,
347.886024792,0.84185299654,0.254601201644,0.731408000745,0.107242474174,1.56189787539,3.38855493293,0.254601201644,1106.18065291,7.0,
322.199456614,0.867468383045,0.244712416589,0.7277363382,0.110455776779,1.58672892669,3.28194939718,0.244712416589,1221.53404196,7.0,
302.313975208,0.862233600087,0.272974752454,0.742090727288,0.103925964399,1.4964998226,3.14155204619,0.272974752454,1102.89739648,7.0,
352.564985566,0.85390493667,0.25384695257,0.720935049848,0.102855002565,1.60007148713,3.5386653082,0.25384695257,1212.60783645,7.0,
313.684666327,0.876732219851,0.255995006505,0.728973735252,0.1056931633,1.56428645676,3.20268296825,0.255995006505,1278.77072203,7.0,
342.144201053,0.849978673722,0.255873572797,0.730673326121,0.107766990965,1.55670402052,3.42285617253,0.255873572797,1145.42947506,7.0,
359.695296315,0.854647072138,0.248873561464,0.720007629032,0.10710551224,1.60747202777,3.50579045678,0.248873561464,1242.51118848,7.0,
352.402003736,0.853536171247,0.244794489647,0.718758476898,0.107356216132,1.59137291459,3.61029037188,0.244794489647,1207.73302043,7.0,
381.606350824,0.850288474949,0.237925778138,0.712526240415,0.106548859847,1.628165032,3.82873153337,0.237925778138,1279.97862725,7.0,
316.194362371,0.865187904387,0.24990990712,0.728040644846,0.108577753719,1.55036727485,3.26972321277,0.24990990712,1176.98374618,7.0,
284.750348107,0.875217257463,0.261369362758,0.733430134877,0.10427304594,1.54177400288,3.05776872134,0.261369362758,1145.74494628,7.0,
365.727118356,0.866469301032,0.241210425936,0.716747277044,0.106853833355,1.63129025064,3.66055357446,0.241210425936,1373.74745536,7.0,
263.197181185,0.884258578766,0.259418778736,0.740050597267,0.110029239734,1.50558755165,2.85430463576,0.259418778736,1141.36873333,7.0,
338.397826456,0.873333619211,0.194511215741,0.687061911677,0.117584784472,1.73325476376,3.50483953133,0.194511215741,1339.59077517,7.0,
315.131635252,0.865060256585,0.253098066768,0.732873954445,0.109019720237,1.54651234107,3.19575479708,0.253098066768,1171.69825671,7.0,
372.693394464,0.860609788653,0.250600539712,0.720358153813,0.105209885056,1.57204312997,3.70891492613,0.250600539712,1340.94571034,7.0,
398.551604687,0.837247531057,0.240114742883,0.715462330826,0.107283202579,1.63374610867,3.92290711496,0.240114742883,1228.53773825,7.0,
372.215011038,0.854786170995,0.24805932448,0.716798106428,0.104598161274,1.55803275182,3.81480726779,0.24805932448,1285.46925164,7.0,
372.508303617,0.854277169766,0.240722010618,0.721276644279,0.10926883952,1.6165596833,3.56451010358,0.240722010618,1281.88755681,7.0,
302.990151129,0.886095039165,0.260164070569,0.730972193379,0.105284352238,1.53756108021,3.22305994227,0.260164070569,1333.87099268,7.0,
319.532925794,0.865082019074,0.240748896182,0.712602557931,0.106646148923,1.5860799105,3.46303277297,0.240748896182,1187.97385257,7.0,
366.040686025,0.825606783987,0.252823919363,0.724187431513,0.10361264377,1.5671794913,3.55917812871,0.252823919363,1053.40160144,7.0,
338.966208185,0.865813201108,0.257737018063,0.72587550931,0.102424451256,1.54703273372,3.45090847343,0.257737018063,1266.86218417,7.0,
333.551163186,0.852027652977,0.253992559065,0.733920721183,0.108250279358,1.53303039421,3.24000679232,0.253992559065,1130.38764166,7.0,
302.992596366,0.874767943498,0.249969509798,0.724965193306,0.104050119305,1.58873521612,3.27597215147,0.249969509798,1212.55132946,7.0,
339.980913568,0.86053156618,0.253427371679,0.724785837778,0.105630225557,1.53647177347,3.50320937341,0.253427371679,1221.52653161,7.0,
328.80251316,0.854445330225,0.247595444114,0.718628182615,0.102859833706,1.5861215595,3.48914926133,0.247595444114,1131.84247801,7.0,
288.63117677,0.881377778877,0.254585414016,0.726684894273,0.106017187815,1.56687731132,3.08551536763,0.254585414016,1219.41991836,7.0,
322.169604347,0.865207909765,0.233904998746,0.722396236946,0.112612265648,1.60969821452,3.40655459331,0.233904998746,1197.86323603,7.0,
290.025607064,0.872610762782,0.239849345108,0.727419115119,0.112386807088,1.56265866327,3.06286296485,0.239849345108,1140.67526129,7.0,
355.615248769,0.85329669737,0.238325573745,0.724925037652,0.110709291974,1.59010949441,3.47437595517,0.238325573745,1214.01817842,7.0,
350.573917473,0.852912479793,0.248862080602,0.725601637823,0.107577113535,1.57049419284,3.47654949907,0.248862080602,1194.00603966,7.0,
378.808863984,0.868795146368,0.186193860201,0.674811843057,0.117009485164,1.7915109973,4.03888605875,0.186193860201,1444.97536407,7.0,
296.306299881,0.87201464615,0.248563476676,0.736927398802,0.110599169728,1.54945836782,3.10344710477,0.248563476676,1159.64326275,7.0,
365.266632705,0.852392371994,0.259326385128,0.739574856697,0.110221960467,1.4921111982,3.43949736797,0.259326385128,1240.36510092,7.0,
398.559653591,0.84071343835,0.236004511031,0.725942315545,0.113742007751,1.56079791207,3.73744268976,0.236004511031,1253.08646305,7.0,
328.088571914,0.861049458204,0.242267068981,0.733570689659,0.114736680231,1.52735639327,3.28069281712,0.242267068981,1182.50114593,7.0,
258.777992868,0.87812820467,0.252385139111,0.734553247068,0.110014573693,1.52056058839,2.9132280523,0.252385139111,1063.40261611,7.0,
