408.145641026,0.823841898264,0.235770677186,0.688881330925,0.086986651642,1.55170334965,5.35076923077,0.235770677186,1158.46400763,1.0,
463.409230769,0.796494146288,0.250687179487,0.704460059596,0.0952835955901,1.47438715969,5.48102564103,0.250687179487,1138.56486759,1.0,
443.939487179,0.7820079515,0.238252728468,0.680158529513,0.0915727005155,1.54119551998,5.45846153846,0.238252728468,1018.24697331,1.0,
393.856923077,0.817555626522,0.255064825773,0.699564523073,0.0938120694485,1.4846188884,5.02,0.255064825773,1089.08568974,1.0,
457.131282051,0.784308575922,0.244399737015,0.697062579763,0.0986714313809,1.49390716385,5.29230769231,0.244399737015,1059.68812623,1.0,
443.380512821,0.798953881483,0.246531492439,0.697068675217,0.0968131187325,1.4868416246,5.34153846154,0.246531492439,1102.68359343,1.0,
557.566153846,0.762316388201,0.245345956607,0.696328790645,0.095607382745,1.51036843301,5.90564102564,0.245345956607,1172.91669717,1.0,
369.99025641,0.818175551825,0.254316896778,0.713005191549,0.097110237563,1.44751091666,4.71948717949,0.254316896778,1027.6036545,1.0,
494.182564103,0.783232211953,0.250862327416,0.673166801486,0.076994770608,1.58030657685,5.95076923077,0.250862327416,1139.88929941,1.0,
382.781538462,0.849356444229,0.248116765286,0.676625542986,0.0866169592997,1.54474850002,5.20615384615,0.248116765286,1270.48759737,1.0,
490.776410256,0.79459645848,0.247723865878,0.674936257173,0.0843875341689,1.53485520882,6.01743589744,0.247723865878,1194.66394451,1.0,
412.933333333,0.815115138484,0.243454569362,0.680858027031,0.0811523159665,1.56632147672,5.31282051282,0.243454569362,1116.73105615,1.0,
427.726153846,0.837436261606,0.251197370151,0.68002651608,0.0878589939393,1.52985532525,5.42564102564,0.251197370151,1315.56446128,1.0,
616.267692308,0.77790733254,0.241501643655,0.671975543309,0.0846574300457,1.5743689062,6.68923076923,0.241501643655,1387.41116345,1.0,
415.755897436,0.830487208429,0.228967784352,0.65637493989,0.0792700527471,1.62968540849,5.70564102564,0.228967784352,1226.32602998,1.0,
503.818461538,0.78947768332,0.24389112426,0.666617936098,0.0840555108283,1.5790160148,5.98871794872,0.24389112426,1196.59157633,1.0,
507.937435897,0.782172332137,0.237568967784,0.678065544405,0.0875329284191,1.57279118464,6.03282051282,0.237568967784,1165.91579224,1.0,
427.257435897,0.805275093991,0.248943589744,0.683224102751,0.0801806714867,1.56754852739,5.35179487179,0.248943589744,1097.07957922,1.0,
406.943589744,0.818303131899,0.233566863905,0.675069501493,0.0920124615408,1.58309972246,5.42974358974,0.233566863905,1119.84205891,1.0,
409.618461538,0.814115806677,0.242115450362,0.68762197959,0.0884261079511,1.54236192896,5.18358974359,0.242115450362,1101.8109023,1.0,
480.883076923,0.799121786105,0.233551084813,0.670530427963,0.0928447264025,1.58283899894,5.5641025641,0.233551084813,1196.95179382,1.0,
347.34974359,0.847085215158,0.236220381328,0.682950741739,0.0923640015078,1.5546968982,4.9641025641,0.236220381328,1135.76245733,1.0,
533.241025641,0.762254602049,0.248522287968,0.668614837135,0.0829583629542,1.55717551056,6.04307692308,0.248522287968,1121.4539382,1.0,
559.287179487,0.779715285066,0.231171071663,0.663769163225,0.0944149607086,1.58404704048,6.0841025641,0.231171071663,1269.46433767,1.0,
550.438974359,0.773018673606,0.238909138725,0.661131955044,0.078869270535,1.59209666812,6.47282051282,0.238909138725,1212.52039343,1.0,
646.291282051,0.741926497599,0.234904404997,0.663881698098,0.0869187821412,1.6148343008,7.02769230769,0.234904404997,1252.145757,1.0,
373.474871795,0.833958640363,0.237085075608,0.68104284583,0.0925083513305,1.56386181008,5.09435897436,0.237085075608,1124.64410256,1.0,
470.497435897,0.817339036247,0.242456278764,0.672894744621,0.0848447529028,1.57254840132,5.68923076923,0.242456278764,1287.89815358,1.0,
584.203076923,0.786096235119,0.22888731098,0.653510788878,0.0771062433557,1.64876420603,6.73230769231,0.22888731098,1365.57455464,1.0,
329.550769231,0.853095053524,0.238998027613,0.665228687389,0.0897772113233,1.57779443551,5.24,0.238998027613,1121.64626561,1.0,
469.216410256,0.821725167251,0.240023668639,0.679965234531,0.0879314755949,1.57491417692,5.91692307692,0.240023668639,1315.99172755,1.0,
450.700512821,0.824840794993,0.229321761999,0.673839424351,0.0928652521609,1.57370085946,5.68717948718,0.229321761999,1286.54532544,1.0,
601.796923077,0.755051054927,0.225341748849,0.67151318295,0.0885651905738,1.59644186809,6.49025641026,0.225341748849,1228.41297173,1.0,
388.116923077,0.844046977412,0.248551742275,0.687170371547,0.0810823183627,1.55546450947,5.39076923077,0.248551742275,1244.33921394,1.0,
516.111794872,0.79754564421,0.247792241946,0.68768667735,0.0842868986691,1.52197802587,5.80615384615,0.247792241946,1274.63741854,1.0,
523.093333333,0.801973790219,0.249559500329,0.681007727203,0.0826440046129,1.55085622459,6.00717948718,0.249559500329,1320.76792742,1.0,
430.705641026,0.793191640962,0.243447731755,0.675327542606,0.0824665045737,1.57017153088,5.67076923077,0.243447731755,1041.31584195,1.0,
447.872820513,0.816855459234,0.23846469428,0.66827497871,0.0861510726488,1.58261826237,5.7558974359,0.23846469428,1222.73046917,1.0,
338.467692308,0.858948838463,0.251287836949,0.666488583351,0.0775401728007,1.60250172631,5.03794871795,0.251287836949,1199.80469717,1.0,
584.310769231,0.778122976316,0.236409204471,0.664002354044,0.0869225781918,1.60052383,6.63282051282,0.236409204471,1316.74465325,1.0,
403.377435897,0.823087442566,0.227691255753,0.66010673146,0.0812143995139,1.60214569376,5.68205128205,0.227691255753,1140.04749507,1.0,
537.068717949,0.778235882918,0.235205259698,0.664758554349,0.0887745772707,1.56057265285,6.46256410256,0.235205259698,1210.90085496,1.0,
604.348717949,0.764908489667,0.242975936884,0.684667082416,0.0891941327923,1.56474092757,6.28717948718,0.242975936884,1285.34781433,1.0,
538.867692308,0.789080742808,0.251660749507,0.685757872012,0.0856768225824,1.53645395883,6.05641025641,0.251660749507,1277.42648889,1.0,
574.05025641,0.788321632135,0.243469296515,0.675722397263,0.0814486030339,1.56525378962,6.2441025641,0.243469296515,1355.94926917,1.0,
620.186666667,0.788727310881,0.225736752137,0.65570005134,0.0907591491504,1.61009823548,6.79897435897,0.225736752137,1467.73979461,1.0,
402.886153846,0.842400182018,0.245965548981,0.681499403217,0.0803913785245,1.56585017324,5.52820512821,0.245965548981,1278.19358869,1.0,
496.501538462,0.793172519,0.244967258383,0.677006246168,0.087409079114,1.55994871708,5.83282051282,0.244967258383,1200.27942143,1.0,
555.369230769,0.785827821259,0.238402629849,0.67605328821,0.0865270601928,1.58698942594,6.19794871795,0.238402629849,1296.54849204,1.0,
403.964102564,0.816477527576,0.244236160421,0.677312193715,0.0876481277432,1.52611361121,5.46564102564,0.244236160421,1100.58484181,1.0,
464.646153846,0.775070574181,0.223278895464,0.670312031769,0.0899276179679,1.620277213,5.78871794872,0.223278895464,1032.87098199,2.0,
511.070769231,0.769711494641,0.219411965812,0.66818330526,0.0942629074093,1.59832510274,5.76307692308,0.219411965812,1109.63152163,2.0,
699.990769231,0.733135678771,0.220954109139,0.666439524402,0.0933660749354,1.57138437292,6.90974358974,0.220954109139,1311.51059461,2.0,
474.561025641,0.7877845748,0.219202103879,0.665227573937,0.0951518093339,1.61024130021,5.90666666667,0.219202103879,1118.11152558,2.0,
501.446153846,0.766516015451,0.21375042735,0.672460058073,0.100526015703,1.5942578538,5.62358974359,0.21375042735,1073.83415358,2.0,
532.731282051,0.778176379795,0.203216305062,0.645222869825,0.0931583196926,1.6702015032,6.4441025641,0.203216305062,1200.79926917,2.0,
479.523076923,0.798180760903,0.21232399737,0.64949767339,0.0932987422547,1.65792744662,5.97641025641,0.21232399737,1188.00139934,2.0,
563.145641026,0.757958327365,0.208792110454,0.667737492065,0.0998063118432,1.6024711514,6.44,0.208792110454,1163.32372623,2.0,
411.061538462,0.796391780963,0.203152662722,0.649631802931,0.095522283655,1.6766190117,5.70256410256,0.203152662722,1009.44239974,2.0,
527.241025641,0.771968557625,0.201408547009,0.653291903941,0.102296787401,1.66792871914,6.33743589744,0.201408547009,1156.07089126,2.0,
581.925128205,0.769404059712,0.22592452334,0.667544715491,0.0902136964118,1.59078535028,6.41743589744,0.22592452334,1261.78528442,2.0,
575.767179487,0.775642950698,0.22058277449,0.663172941798,0.092678818099,1.62676724934,6.54051282051,0.22058277449,1283.14929546,2.0,
510.990769231,0.799133736362,0.215933727811,0.669648886869,0.0958796134497,1.60507221169,5.85948717949,0.215933727811,1271.96762656,2.0,
529.955897436,0.798717528044,0.217625772518,0.654134562499,0.0873371545914,1.63682235022,6.56205128205,0.217625772518,1316.44820408,2.0,
496.544615385,0.76999873422,0.226913346483,0.672872643978,0.0858913914691,1.58232527111,5.75487179487,0.226913346483,1079.43887548,2.0,
569.22974359,0.752372308222,0.218815516108,0.666677127322,0.0935131229891,1.59774237855,6.15897435897,0.218815516108,1149.36608968,2.0,
607.847179487,0.738166152314,0.217885075608,0.673063637519,0.096260416255,1.59026241396,6.31487179487,0.217885075608,1160.74981302,2.0,
515.134358974,0.778758715089,0.21271374096,0.661701225412,0.0946422851415,1.61185359238,6.24512820513,0.21271374096,1164.19130178,2.0,
468.223589744,0.787540364665,0.218417882972,0.672951439949,0.0987349223085,1.58397290546,5.69333333333,0.218417882972,1101.91187377,2.0,
540.025641026,0.788263272605,0.208544904668,0.660096911524,0.0970016437505,1.61891920051,6.14871794872,0.208544904668,1275.22902538,2.0,
573.86974359,0.785246613699,0.199491387245,0.644888086277,0.0930785074885,1.68804617727,6.89538461538,0.199491387245,1336.11337515,2.0,
478.649230769,0.791474238878,0.224240894149,0.659143634123,0.0857588219821,1.62860530083,5.89435897436,0.224240894149,1147.69807863,2.0,
443.076923077,0.814464668716,0.211811176857,0.666435596905,0.0961684373474,1.6072464369,5.50871794872,0.211811176857,1194.04999579,2.0,
636.666666667,0.715196320443,0.212197238659,0.677680947154,0.0974323677812,1.56046038595,6.33230769231,0.212197238659,1117.72900487,2.0,
511.841025641,0.777452092532,0.210540959895,0.661973559564,0.0976468490356,1.60777050577,6.2041025641,0.210540959895,1149.95694964,2.0,
645.435897436,0.728524191475,0.203742274819,0.656696024643,0.0907023187095,1.6592890906,6.95794871795,0.203742274819,1188.75398317,2.0,
576.435897436,0.760510383232,0.214887047995,0.663290714208,0.0968072518464,1.63155613444,6.43282051282,0.214887047995,1203.4674096,2.0,
459.897435897,0.802837374029,0.215738067061,0.667881999505,0.0966728083867,1.63062101246,5.7958974359,0.215738067061,1166.28958869,2.0,
533.024615385,0.779615519721,0.21444365549,0.659075558445,0.0962452997737,1.6306209509,6.26461538462,0.21444365549,1209.30615148,2.0,
667.154871795,0.745541508287,0.21180591716,0.668326943595,0.0978983802571,1.61746004047,6.78153846154,0.21180591716,1310.93064984,2.0,
541.731282051,0.751438597036,0.212253517423,0.677216087582,0.102958660922,1.60410435298,5.86256410256,0.212253517423,1089.73331256,2.0,
665.882051282,0.719605662263,0.20877896121,0.659700080837,0.0951209230782,1.6545133939,6.47384615385,0.20877896121,1187.40281394,2.0,
710.103589744,0.721297034941,0.21809651545,0.670719529793,0.0957497374543,1.58005555316,6.89230769231,0.21809651545,1273.9433712,2.0,
375.855384615,0.824381535164,0.214007626561,0.66691510673,0.0993831347643,1.61784583254,5.29333333333,0.214007626561,1070.09073609,2.0,
700.237948718,0.707743950833,0.214671926364,0.679136117843,0.0964610107154,1.59821573746,6.66564102564,0.214671926364,1197.98709165,2.0,
591.624615385,0.776813150666,0.218404733728,0.67257080739,0.0979811451611,1.5867238498,6.06051282051,0.218404733728,1325.40205023,2.0,
759.8,0.70049893442,0.198068639053,0.653945409267,0.0973327462467,1.64062063056,7.49538461538,0.198068639053,1268.44289941,2.0,
450.923076923,0.810345834525,0.218461012492,0.677813145644,0.0961252320223,1.54247554406,5.52820512821,0.218461012492,1188.80351453,2.0,
452.305641026,0.792402108226,0.218331623932,0.678810145865,0.103335023693,1.55116438406,5.57641025641,0.218331623932,1089.37917712,2.0,
535.191794872,0.773431115393,0.213801446417,0.678548475518,0.0973882744753,1.58233787874,6.02358974359,0.213801446417,1181.07964339,2.0,
456.64974359,0.814290901511,0.216640631164,0.673381490114,0.0950962268194,1.58348954364,5.58307692308,0.216640631164,1229.86909172,2.0,
717.686153846,0.692656204668,0.21712399737,0.68184436785,0.101046571893,1.58223926441,6.61743589744,0.21712399737,1167.56245733,2.0,
556.641025641,0.778523854712,0.210101775148,0.672096815441,0.0949945655367,1.60480727848,6.27692307692,0.210101775148,1266.34358711,2.0,
616.393846154,0.762737587345,0.198941748849,0.656924396958,0.0931325206903,1.64652245414,6.55076923077,0.198941748849,1298.97070348,2.0,
696.938974359,0.736273517293,0.199125838264,0.66802251857,0.109544062846,1.59961879643,6.79025641026,0.199125838264,1330.60600375,2.0,
545.022564103,0.758011620457,0.200502301118,0.674229387153,0.101212643528,1.61381596557,6.00615384615,0.200502301118,1126.13375306,2.0,
436.42974359,0.793446540678,0.224808941486,0.675477264796,0.0978573460321,1.60675783582,5.42666666667,0.224808941486,1056.45711532,2.0,
658.852820513,0.744573945308,0.205832478632,0.665470062511,0.0982111832278,1.62488058886,6.6641025641,0.205832478632,1296.73047502,2.0,
605.028717949,0.751009163136,0.212066272189,0.66482900554,0.0915460511215,1.63236793361,6.30051282051,0.212066272189,1214.9618146,2.0,
657.186666667,0.74186188961,0.216962524655,0.671695372796,0.0938197006549,1.59998522057,6.59076923077,0.216962524655,1272.93615358,2.0,
483.114871795,0.759263192417,0.233814069691,0.683594711066,0.0969351970038,1.54925915861,5.74153846154,0.233814069691,1003.40881946,3.0,
625.613846154,0.738977880222,0.218695069034,0.676787384818,0.0999325302599,1.55592422022,6.59641025641,0.218695069034,1200.02873984,3.0,
450.841025641,0.801538521368,0.249992899408,0.695256383896,0.0910050443928,1.49038187919,5.32615384615,0.249992899408,1135.8401357,3.0,
611.768205128,0.751791577739,0.22815200526,0.694309948591,0.0963593146149,1.51707508164,6.37846153846,0.22815200526,1232.36794214,3.0,
496.32,0.777662693908,0.231065351742,0.680483169237,0.0984146823813,1.54116692211,5.56923076923,0.231065351742,1116.14197528,3.0,
512.427692308,0.770854391979,0.233249178172,0.693712021903,0.0953491085539,1.51154863959,5.70051282051,0.233249178172,1118.12680316,3.0,
315.323076923,0.844159909694,0.247099539776,0.695895170919,0.0990131745103,1.46989998743,4.73641025641,0.247099539776,1011.68793057,3.0,
339.428717949,0.835003596567,0.234937015122,0.684118122246,0.0935192227164,1.5331407298,5.03897435897,0.234937015122,1028.59429323,3.0,
644.673846154,0.714883838916,0.234574095989,0.698656346575,0.102015606251,1.4521407373,6.2041025641,0.234574095989,1130.54595661,3.0,
375.068717949,0.801908795728,0.232996712689,0.699657005973,0.100378096016,1.48993049727,4.85948717949,0.232996712689,946.707147666,3.0,
472.53025641,0.766561356407,0.249401183432,0.691924666362,0.0890471862123,1.5009375062,5.71179487179,0.249401183432,1012.10804076,3.0,
418.688205128,0.790945549867,0.227224720579,0.680438373811,0.104306930764,1.53323823348,5.30564102564,0.227224720579,1001.38553583,3.0,
459.308717949,0.794661590751,0.23148139382,0.678435239797,0.0956326386419,1.54361223156,5.76717948718,0.23148139382,1118.41890572,3.0,
459.734358974,0.796690725111,0.226368967784,0.68520452213,0.0933858153532,1.53094561355,5.68923076923,0.226368967784,1130.62810151,3.0,
474.194871795,0.762618548136,0.237991847469,0.688028148999,0.0895425300439,1.50432342556,5.52205128205,0.237991847469,998.803546088,3.0,
345.442051282,0.841218826786,0.239724917817,0.67543968827,0.091830817617,1.52929224182,5.10666666667,0.239724917817,1087.79285444,3.0,
554.582564103,0.746025804078,0.230493622617,0.679039707153,0.0903314058443,1.55582710164,6.11692307692,0.230493622617,1091.80887863,3.0,
394.047179487,0.827127747971,0.240134122288,0.68332111095,0.0841325646124,1.54515605965,5.33025641026,0.240134122288,1139.70627114,3.0,
341.804102564,0.821635287592,0.248230374753,0.687185843118,0.086794559377,1.5253271755,4.99692307692,0.248230374753,958.160664037,3.0,
506.392820513,0.760131051917,0.235381459566,0.681172840548,0.0944781619158,1.53445168336,5.81128205128,0.235381459566,1055.56143169,3.0,
374.775384615,0.820280083386,0.240441814596,0.692138167636,0.0955721926117,1.51742787039,5.07179487179,0.240441814596,1042.66514162,3.0,
497.362051282,0.794174232361,0.227556607495,0.653277683931,0.0761125989633,1.6297076593,6.37128205128,0.227556607495,1208.2113357,3.0,
495.097435897,0.798796134609,0.230059697567,0.684376390493,0.101636334703,1.54039251391,5.73025641026,0.230059697567,1230.33778435,3.0,
506.506666667,0.796416788784,0.232650098619,0.662392525626,0.0839437918495,1.58680450356,6.03076923077,0.232650098619,1243.97946088,3.0,
481.368205128,0.784230654651,0.224177251808,0.678220260792,0.0935649452334,1.56149667963,5.72307692308,0.224177251808,1115.46940171,3.0,
431.384615385,0.799872291305,0.247039579224,0.696895110884,0.0940681003053,1.48674257613,5.27076923077,0.247039579224,1077.77333333,3.0,
466.655384615,0.786480632754,0.2268765286,0.684030954822,0.0957047651451,1.53556782474,5.64820512821,0.2268765286,1092.77062459,3.0,
562.897435897,0.754402198406,0.245322287968,0.684201200052,0.0856809860746,1.51444894917,6.17435897436,0.245322287968,1145.9740931,3.0,
446.178461538,0.80162526538,0.242134911243,0.687639624475,0.0872459566256,1.545171495,5.46256410256,0.242134911243,1124.58489836,3.0,
370.013333333,0.822832091276,0.23935200526,0.706128899274,0.0969019487485,1.47375653824,4.87692307692,0.23935200526,1044.24479579,3.0,
494.951794872,0.805860712523,0.229864562788,0.673311497622,0.0930413597502,1.57359466319,5.98564102564,0.229864562788,1274.73372676,3.0,
465.963076923,0.80336780502,0.243276791584,0.68302296046,0.0880992155521,1.54048408215,5.62461538462,0.243276791584,1184.85957239,3.0,
541.289230769,0.753961394869,0.229333859303,0.678278015885,0.0899961734222,1.58225819444,6.14871794872,0.229333859303,1100.00873741,3.0,
428.634871795,0.80193012134,0.232154635108,0.683611976315,0.0896941865714,1.58165337099,5.69948717949,0.232154635108,1082.02941986,3.0,
544.777435897,0.761907168785,0.229767258383,0.682927307085,0.0887937348201,1.58649235486,6.08,0.229767258383,1144.04418041,3.0,
367.712820513,0.845035462699,0.242220644313,0.683111913434,0.090318614392,1.53191571723,5.1641025641,0.242220644313,1186.44183669,3.0,
577.531282051,0.78398839302,0.237541091387,0.666869110697,0.0858001879105,1.57892073567,6.60102564103,0.237541091387,1336.80613307,3.0,
397.591794872,0.81248878518,0.24004418146,0.690067599484,0.0889941527487,1.51770380975,5.40923076923,0.24004418146,1060.18137436,3.0,
568.631794872,0.731275511119,0.241743063774,0.682869099634,0.0851866229467,1.52826006319,6.22769230769,0.241743063774,1058.02005102,3.0,
518.071794872,0.770426131232,0.226543063774,0.655147225889,0.0833464846784,1.63507410303,6.57948717949,0.226543063774,1128.33354609,3.0,
713.531282051,0.727656173443,0.2209304405,0.655274938867,0.0952181037477,1.62620182638,7.06153846154,0.2209304405,1309.9824789,3.0,
495.805128205,0.781788713717,0.231499802761,0.673860358541,0.0897254604389,1.54824873828,5.8358974359,0.231499802761,1136.06664589,3.0,
505.454358974,0.791921471284,0.238826561473,0.682631677176,0.0867139665483,1.54150230515,5.96923076923,0.238826561473,1214.57596345,3.0,
621.346666667,0.75850708291,0.237722024984,0.674843491215,0.0847514414215,1.5586841338,6.77538461538,0.237722024984,1297.35528126,3.0,
458.986666667,0.77442646169,0.234910190664,0.670043396714,0.0853639489358,1.60586788837,5.95487179487,0.234910190664,1017.37701617,3.0,
398.755897436,0.812194839666,0.233228665352,0.695245140532,0.0988035367814,1.50994218971,4.89025641026,0.233228665352,1061.62124813,3.0,
553.792820513,0.763410051444,0.235291518738,0.677821363926,0.0936166281344,1.54973481742,6.31897435897,0.235291518738,1170.36421854,3.0,
564.371282051,0.74539591565,0.228803155819,0.669824132535,0.0954414854619,1.57220936308,6.21538461538,0.228803155819,1108.33116345,3.0,
459.928205128,0.797113610826,0.24298382643,0.674175642698,0.0841951163066,1.58011455015,6.02564102564,0.24298382643,1133.46244418,3.0,
533.228717949,0.766536478693,0.23721078238,0.673335145224,0.0886958773448,1.55733201495,6.05025641026,0.23721078238,1141.99579224,3.0,
540.789230769,0.770477265256,0.19764260355,0.645869417916,0.0923751835212,1.68882312936,6.49076923077,0.19764260355,1178.05622334,4.0,
605.886153846,0.757497929534,0.189890861275,0.648543282271,0.101118870172,1.68379344999,6.81846153846,0.189890861275,1256.72602761,4.0,
489.949230769,0.794007051938,0.212085207101,0.666358509546,0.0975568306844,1.58290690466,5.94615384615,0.212085207101,1196.31385016,4.0,
717.8,0.736255620021,0.199176331361,0.647540204757,0.095949973571,1.66832004464,7.2041025641,0.199176331361,1360.78728968,4.0,
483.259487179,0.776043880794,0.207897435897,0.684130660859,0.108327811236,1.55303544262,5.42974358974,0.207897435897,1088.48272689,4.0,
496.408205128,0.785883351303,0.208999342538,0.663463464252,0.0919001002035,1.62119661963,5.92717948718,0.208999342538,1159.20038948,4.0,
675.74974359,0.728701147211,0.194877580539,0.648593244299,0.0922424694722,1.66807757775,7.2358974359,0.194877580539,1245.39734806,4.0,
775.017435897,0.712524020667,0.204270348455,0.657910788571,0.0957191037813,1.61661327347,7.22358974359,0.204270348455,1347.96903327,4.0,
581.663589744,0.725983400678,0.198505193951,0.680866645205,0.106569562574,1.5786237478,6.33846153846,0.198505193951,1061.3656092,4.0,
662.921025641,0.735504536929,0.194423142669,0.65232737884,0.101496952147,1.65738034574,6.78358974359,0.194423142669,1253.18033425,4.0,
472.525128205,0.778053572284,0.216443392505,0.679623739181,0.0963393954683,1.55295712978,5.65128205128,0.216443392505,1064.5026664,4.0,
611.685128205,0.757052201588,0.202217488494,0.649755968402,0.088058726474,1.67783975667,7.0041025641,0.202217488494,1258.8818096,4.0,
599.711794872,0.7814127764,0.20547008547,0.644487519955,0.0903358534982,1.67266285882,6.75794871795,0.20547008547,1371.79059461,4.0,
734.157948718,0.747896567209,0.201342800789,0.644436775901,0.092096583569,1.68399231256,7.39384615385,0.201342800789,1456.06495832,4.0,
653.836923077,0.750226608119,0.202889677844,0.651322636611,0.0933573031183,1.64941094419,6.64717948718,0.202889677844,1308.86023958,4.0,
586.825641026,0.753663434313,0.20389112426,0.641673049368,0.0892971953347,1.70178511832,6.68615384615,0.20389112426,1198.49322078,4.0,
607.155897436,0.767370527352,0.198406311637,0.63614256194,0.084943305838,1.71899247885,7.10769230769,0.198406311637,1304.98489836,4.0,
601.129230769,0.771252665033,0.206070742932,0.638107402545,0.0853152374889,1.7087126619,6.84205128205,0.206070742932,1313.95898199,4.0,
588.515897436,0.785430209162,0.199123734385,0.637087709932,0.0942795563255,1.67107527793,6.68820512821,0.199123734385,1371.38572755,4.0,
574.406153846,0.802314371736,0.198536752137,0.639622586927,0.0925205590676,1.7048859238,6.70564102564,0.198536752137,1452.82729678,4.0,
418.722051282,0.83321198849,0.225176068376,0.660564924001,0.0884810926315,1.61831187857,5.51179487179,0.225176068376,1255.25224352,4.0,
507.373333333,0.788996708555,0.203700197239,0.649812957895,0.0989071995621,1.64633327248,6.07794871795,0.203700197239,1202.28772229,4.0,
586.831794872,0.767640867408,0.202244312952,0.650140891488,0.0953016639546,1.67113450011,6.54153846154,0.202244312952,1262.76894806,4.0,
512.847179487,0.81724945022,0.207136883629,0.631328464658,0.0825800281866,1.68154727276,6.44717948718,0.207136883629,1403.13443682,4.0,
630.172820513,0.780419238694,0.190882840237,0.620723523299,0.0906893336819,1.7273720152,7.52153846154,0.190882840237,1437.54748672,4.0,
406.976410256,0.815040343616,0.194111768573,0.655832415968,0.105811588526,1.57570161033,5.59794871795,0.194111768573,1100.17616331,4.0,
455.811282051,0.779656923068,0.198320052597,0.675885526275,0.106175745458,1.60709618366,5.77743589744,0.198320052597,1034.32176857,4.0,
596.958974359,0.769220561988,0.193421696252,0.659700887096,0.0985672116684,1.63987525481,6.68512820513,0.193421696252,1293.35390427,4.0,
570.286153846,0.771223093628,0.196675345168,0.667476411378,0.101784087661,1.61814470196,6.44923076923,0.196675345168,1246.38050861,4.0,
597.952820513,0.730475521045,0.210489940828,0.674130696097,0.0967898437136,1.56181762701,6.31384615385,0.210489940828,1119.52135411,4.0,
660.556923077,0.724406065797,0.194981722551,0.672098417884,0.106754305529,1.59132729262,6.77846153846,0.194981722551,1198.42427771,4.0,
368.344615385,0.811706932267,0.215957922419,0.688806967125,0.102485371806,1.54444497974,4.82871794872,0.215957922419,978.115179224,4.0,
630.687179487,0.750211122965,0.207271005917,0.667018500507,0.100006150858,1.60578829175,6.57538461538,0.207271005917,1262.44047968,4.0,
539.601025641,0.757477258805,0.201942406312,0.673235275109,0.100190139041,1.60255193968,6.10153846154,0.201942406312,1112.47510848,4.0,
391.205128205,0.796863266525,0.214691913215,0.670031649245,0.0984707090646,1.58528181549,5.41743589744,0.214691913215,962.910847074,4.0,
476.556923077,0.791218505813,0.207997370151,0.659653472931,0.100123756554,1.62495913074,5.89333333333,0.207997370151,1141.28152242,4.0,
444.342564103,0.814010173457,0.204852596976,0.656409701918,0.0962752304448,1.62781027558,5.69435897436,0.204852596976,1194.53459461,4.0,
511.054358974,0.76791563306,0.21135200526,0.664415552068,0.0982807381313,1.60982633618,6.10358974359,0.21135200526,1101.0098735,4.0,
499.644102564,0.789047299863,0.198418408941,0.651756521454,0.0971540963337,1.65850227753,6.18461538462,0.198418408941,1184.25623905,4.0,
686.344615385,0.701625017706,0.198505193951,0.66137159132,0.10782814983,1.6021458832,6.91282051282,0.198505193951,1150.13767258,4.0,
529.838974359,0.758121342637,0.205638921762,0.672127086498,0.106949264673,1.58848626315,5.83897435897,0.205638921762,1095.25780434,4.0,
517.72,0.74964603838,0.200619066404,0.667543317638,0.103778891852,1.60546491695,5.89846153846,0.200619066404,1033.97604865,4.0,
546.617435897,0.756270030874,0.193403813281,0.665077219955,0.104352618806,1.62406333915,6.24,0.193403813281,1121.35868613,4.0,
595.991794872,0.762863093194,0.211993162393,0.672214219182,0.110634357667,1.54835144704,6.22974358974,0.211993162393,1256.64073741,4.0,
447.708717949,0.777349177217,0.211475082183,0.676724068482,0.097508003779,1.58567213348,5.5241025641,0.211475082183,1007.35903748,4.0,
345.449230769,0.833084075851,0.204145693623,0.661026604572,0.0982967336379,1.59585867009,5.07179487179,0.204145693623,1034.8001023,4.0,
557.685641026,0.750360312744,0.210565680473,0.666370763891,0.102124671129,1.58321139081,6.43333333333,0.210565680473,1128.96147436,4.0,
516.683076923,0.780107349359,0.199207889546,0.664027232882,0.101883062762,1.61563043133,6.17641025641,0.199207889546,1174.85299172,4.0,
418.098461538,0.814663611024,0.195433004602,0.65681882337,0.101475842811,1.64476963561,5.78871794872,0.195433004602,1127.94487863,4.0,
463.676923077,0.790187059464,0.203789612097,0.684791533561,0.0974810228203,1.59861414804,5.60512820513,0.203789612097,1104.97694254,4.0,
658.468205128,0.742636016505,0.177711505588,0.62578519018,0.0963157745723,1.7680005319,7.26307692308,0.177711505588,1287.95555641,5.0,
633.111794872,0.756077680109,0.18058277449,0.650272385417,0.0985727249137,1.68936240842,6.7558974359,0.18058277449,1308.56735542,5.0,
728.784102564,0.69580408759,0.185885601578,0.652895088795,0.099682178577,1.64933617819,7.02615384615,0.185885601578,1209.6516027,5.0,
482.588205128,0.810148594072,0.176408152531,0.639185798352,0.0978379543381,1.73159061526,6.15538461538,0.176408152531,1276.33662439,5.0,
817.161538462,0.685225361078,0.174587771203,0.65251162441,0.105382772384,1.70499084317,7.63846153846,0.174587771203,1310.38418968,5.0,
556.025641026,0.787091534017,0.184688494412,0.627594255769,0.0901796541711,1.72320904852,6.61230769231,0.184688494412,1317.48207074,5.0,
580.368717949,0.775459336693,0.188077843524,0.621562410916,0.0886789823779,1.75250061721,6.81384615385,0.188077843524,1298.78845003,5.0,
490.367179487,0.791071880348,0.198112294543,0.640578183884,0.0926864866663,1.69620660606,6.38051282051,0.198112294543,1181.43203813,5.0,
706.693333333,0.760969493755,0.193861406969,0.625153295754,0.0823483252524,1.73119126239,7.24307692308,0.193861406969,1490.60816016,5.0,
401.490769231,0.813637250961,0.1965843524,0.650721502308,0.0960677601589,1.67264556957,5.43948717949,0.1965843524,1089.61716141,5.0,
532.774358974,0.784876644855,0.185389612097,0.633273048842,0.0970544904432,1.70548595556,6.63179487179,0.185389612097,1244.54931282,5.0,
531.599487179,0.758325207265,0.196482840237,0.640900818309,0.0900410626898,1.66756898394,6.07538461538,0.196482840237,1112.96434405,5.0,
632.184102564,0.772449362846,0.188181985536,0.627074991925,0.0946608040186,1.7421375848,7.08974358974,0.188181985536,1395.32990513,5.0,
468.846153846,0.812137174501,0.186144378698,0.636805518637,0.092460072144,1.71480984483,6.29435897436,0.186144378698,1253.74162393,5.0,
767.925641026,0.726827845297,0.184708481262,0.619798631012,0.090556583327,1.74222367618,8.03230769231,0.184708481262,1411.93581492,5.0,
660.378974359,0.755893316529,0.190219066404,0.625046154503,0.0851887292112,1.76334186032,7.47846153846,0.190219066404,1359.60503702,5.0,
660.70974359,0.750970241295,0.175997370151,0.615370860103,0.0883970515871,1.78209279626,7.47282051282,0.175997370151,1333.18421907,5.0,
554.8,0.767491157671,0.186230637738,0.636983357797,0.0964232758786,1.70547659115,6.47897435897,0.186230637738,1198.94905247,5.0,
564.951282051,0.784113857374,0.180133596318,0.612325230461,0.0881853373352,1.79651401423,6.89692307692,0.180133596318,1315.50794089,5.0,
581.1,0.761313950211,0.188748454964,0.637374663399,0.0935475706132,1.72535538322,6.74717948718,0.188748454964,1224.1216574,5.0,
536.268717949,0.788729859702,0.18367600263,0.6293697538,0.0889625856734,1.76387587164,6.50153846154,0.18367600263,1269.15407258,5.0,
602.925641026,0.776148855523,0.187303616042,0.627776566593,0.0882343863259,1.74320614498,7.14102564103,0.187303616042,1355.02519481,5.0,
532.538461538,0.770269987879,0.190841814596,0.646728036893,0.0981412052037,1.67874324866,6.30461538462,0.190841814596,1165.67005917,5.0,
679.731282051,0.75480144876,0.178090203813,0.620573122983,0.0901701602418,1.78373695146,7.56615384615,0.178090203813,1387.06798291,5.0,
573.872820513,0.772969771328,0.182419986851,0.626001062731,0.0928174024974,1.76482340434,6.65333333333,0.182419986851,1263.8687453,5.0,
636.006153846,0.771857605847,0.181316502301,0.613037749609,0.0845902997122,1.80578788741,7.38974358974,0.181316502301,1393.8798096,5.0,
722.168717949,0.77066963784,0.189097698882,0.62239351641,0.0876200486089,1.73788740158,7.62923076923,0.189097698882,1581.30235483,5.0,
461.693846154,0.798200309321,0.217345430638,0.644530360549,0.0831222272517,1.6717889869,5.98102564103,0.217345430638,1151.49726134,5.0,
508.830769231,0.811987968648,0.189565811966,0.628682299233,0.0915987842525,1.73382789846,6.36615384615,0.189565811966,1354.94268402,5.0,
644.901538462,0.771023484114,0.186026561473,0.630126886802,0.0918605626501,1.74237853581,7.16923076923,0.186026561473,1408.22637633,5.0,
549.226153846,0.773523770057,0.200144641683,0.633720102433,0.0888134212624,1.71998517196,6.41692307692,0.200144641683,1219.23706542,5.0,
589.337435897,0.782966059602,0.181224457594,0.628552118973,0.0885584378696,1.75923874395,6.98256410256,0.181224457594,1357.70800368,5.0,
585.821538462,0.809787726213,0.181522156476,0.621975593674,0.092075443682,1.7682044685,6.90358974359,0.181522156476,1539.91518738,5.0,
566.714358974,0.790670404331,0.188004207758,0.627464929299,0.095067662543,1.70958786079,6.91128205128,0.188004207758,1370.06113248,5.0,
549.201025641,0.814684683686,0.181873504274,0.623020980296,0.0936797857693,1.74665810029,6.79487179487,0.181873504274,1490.8910075,5.0,
588.998974359,0.760572527987,0.173330177515,0.639485711504,0.0967172307742,1.75248888299,6.49128205128,0.173330177515,1236.8894501,5.0,
476.526153846,0.815267475673,0.209176594346,0.654285974801,0.0925519449554,1.64570986462,5.90153846154,0.209176594346,1289.77329678,5.0,
417.103589744,0.82824943564,0.199901643655,0.652180821084,0.0940056018402,1.69766387148,5.74358974359,0.199901643655,1214.27138041,5.0,
426.413846154,0.834418738636,0.182878632479,0.63376594907,0.100728587776,1.7176445587,5.90512820513,0.182878632479,1294.37559007,5.0,
541.593846154,0.774982946278,0.19558921762,0.64307317551,0.0930090537321,1.6820730675,6.61641025641,0.19558921762,1203.45066561,5.0,
590.696410256,0.770660906693,0.211325706772,0.658427142639,0.088678557753,1.61467715308,6.52205128205,0.211325706772,1294.55254227,5.0,
467.722051282,0.818994158338,0.198717159763,0.651614880721,0.0934918112216,1.67932648571,6.05743589744,0.198717159763,1299.08533333,5.0,
740.569230769,0.733786730009,0.191110585141,0.643460822258,0.0960075182164,1.69027771496,7.33230769231,0.191110585141,1407.28241052,5.0,
417.525128205,0.821758920042,0.191796975674,0.618514667466,0.0784893390489,1.7904461515,6.27487179487,0.191796975674,1171.23709165,5.0,
569.324102564,0.796399855183,0.197846153846,0.626390253313,0.0824020792785,1.73619078632,6.98256410256,0.197846153846,1398.14267587,5.0,
658.482051282,0.758714629276,0.19444312952,0.634409888935,0.0882434250291,1.71557839439,7.0758974359,0.19444312952,1364.52958028,5.0,
514.517948718,0.798228228936,0.185136620644,0.635696912549,0.0985035056557,1.68792656224,6.42974358974,0.185136620644,1274.99983274,5.0,
624.183589744,0.735170930663,0.187244707429,0.658888033599,0.105252025855,1.64530106227,6.36307692308,0.187244707429,1178.46502143,5.0,
433.806153846,0.808547553023,0.20274661407,0.661684613611,0.101618498858,1.61620973213,5.48102564103,0.20274661407,1133.61528047,5.0,
825.781538462,0.723046659797,0.174124391847,0.630295587691,0.0914258301448,1.75250169776,7.82256410256,0.174124391847,1490.83152032,5.0,
682.548205128,0.777989446296,0.252533333333,0.630420312165,0.056370829636,1.68470569702,7.93897435897,0.252533333333,1551.24591197,6.0,
537.521538462,0.762661721476,0.260783694938,0.677935930871,0.0789903864959,1.53536443687,6.13282051282,0.260783694938,1143.7609668,6.0,
458.408717949,0.780282691202,0.257671005917,0.673572206621,0.0772164177185,1.5420778807,6.08974358974,0.257671005917,1057.28156036,6.0,
606.315897436,0.747839947624,0.255065877712,0.673422941168,0.0749858120259,1.5555808551,6.54051282051,0.255065877712,1217.04211361,6.0,
557.646153846,0.780573235332,0.261271794872,0.667171356355,0.0760664380081,1.54852339304,6.79487179487,0.261271794872,1281.09033452,6.0,
448.751282051,0.806017210414,0.258676660092,0.668460633245,0.0727583007722,1.5507307125,5.86717948718,0.258676660092,1165.94504122,6.0,
675.433846154,0.715735521881,0.259270479947,0.673773246994,0.0748352246574,1.53564338093,7.14564102564,0.259270479947,1198.10078343,6.0,
405.995897436,0.786641364378,0.272466535174,0.672990885757,0.0731164083884,1.48617461698,5.53333333333,0.272466535174,960.249554241,6.0,
477.303076923,0.786835982075,0.273049309665,0.685646248427,0.0786607624952,1.4798476893,5.89179487179,0.273049309665,1135.35228093,6.0,
748.701025641,0.68983500584,0.263041157133,0.678620062407,0.0817843671013,1.51085054376,7.48461538462,0.263041157133,1224.08482952,6.0,
503.825128205,0.786746987221,0.265163445102,0.690113248924,0.0818434052762,1.48998178619,5.77384615385,0.265163445102,1191.71375128,6.0,
376.363076923,0.827260065385,0.253227087442,0.674031229845,0.0806978328728,1.53965719329,5.59076923077,0.253227087442,1101.61137673,6.0,
626.772307692,0.762882047541,0.250674556213,0.676887419946,0.0873419173966,1.54651815389,6.76615384615,0.250674556213,1331.3633073,6.0,
527.5,0.775056437461,0.2668539119,0.692036666841,0.0783153882308,1.47644920395,6.14717948718,0.2668539119,1182.96539415,6.0,
292.345641026,0.843283332525,0.262021827745,0.682919734946,0.0794226007323,1.49558051863,4.68,0.262021827745,944.525865878,6.0,
507.944102564,0.774823810062,0.255592899408,0.668567407238,0.0763044410373,1.55698079672,6.20461538462,0.255592899408,1139.54822597,6.0,
734.846153846,0.72375539439,0.243894806049,0.656193011472,0.0751189897997,1.58319933979,7.85333333333,0.243894806049,1343.44002735,6.0,
712.283589744,0.693685770261,0.257158711374,0.662547786021,0.0802960972154,1.54766295566,7.53076923077,0.257158711374,1175.74296312,6.0,
693.691794872,0.711564701747,0.24802209073,0.668469938559,0.0764378085036,1.55650092784,7.22615384615,0.24802209073,1215.65848028,6.0,
686.632820513,0.760622286213,0.251042209073,0.674303580763,0.0830972059608,1.56326070651,7.19692307692,0.251042209073,1448.65849941,6.0,
461.716410256,0.791833885248,0.25574069691,0.669565891114,0.075478174084,1.53337782135,6.27025641026,0.25574069691,1124.23881427,6.0,
657.223589744,0.70759113092,0.250601446417,0.670449750068,0.0786504176759,1.54643130785,6.86153846154,0.250601446417,1137.24334648,6.0,
469.697948718,0.802393629399,0.261311242604,0.674527746012,0.0735578656252,1.53938690267,5.91948717949,0.261311242604,1202.68833037,6.0,
563.754871795,0.770831836629,0.25161025641,0.667962686028,0.0777919468222,1.54614785713,6.42256410256,0.25161025641,1238.86745773,6.0,
537.0,0.7491105502,0.257722024984,0.679210046215,0.0788964661888,1.53646465751,6.47692307692,0.257722024984,1079.6638572,6.0,
546.76974359,0.768484264821,0.256249835634,0.679511273041,0.0816565020517,1.52574239047,5.92153846154,0.256249835634,1197.23076956,6.0,
612.72,0.746746046824,0.248061012492,0.672363311407,0.0828241847557,1.54794877085,6.68820512821,0.248061012492,1219.40545799,6.0,
499.191282051,0.770795764756,0.264423931624,0.666988405378,0.0728512176225,1.53101865468,6.27538461538,0.264423931624,1099.04846239,6.0,
595.727692308,0.747677363965,0.248819986851,0.664116932304,0.0755663223054,1.59317353265,6.76769230769,0.248819986851,1190.87693103,6.0,
563.057948718,0.764281790135,0.260953057199,0.688210221133,0.0788965034985,1.51910321809,6.61794871795,0.260953057199,1207.04745069,6.0,
403.56,0.813134806246,0.256679026956,0.678345682887,0.07754130424,1.54771746296,5.41948717949,0.256679026956,1088.67783826,6.0,
615.478461538,0.719533363267,0.249216042078,0.673554059171,0.0810554742389,1.53132884508,6.64256410256,0.249216042078,1106.47602899,6.0,
360.652307692,0.802009781852,0.265852991453,0.697161825939,0.0777296934281,1.46633058966,4.96,0.265852991453,919.570384747,6.0,
533.366153846,0.762089291822,0.267059566075,0.687138133583,0.0757717849482,1.52460008721,6.00205128205,0.267059566075,1130.29300434,6.0,
565.001538462,0.77546837117,0.260724260355,0.687633014902,0.0875378560467,1.47685021535,6.24666666667,0.260724260355,1267.46095207,6.0,
502.382564103,0.788255893063,0.263464036818,0.677062217728,0.080751170397,1.51896190125,6.10564102564,0.263464036818,1196.60263327,6.0,
635.471282051,0.71624075465,0.26406416831,0.682915231426,0.0810754944722,1.50836946774,6.59128205128,0.26406416831,1130.19854024,6.0,
454.925128205,0.807896571145,0.258224852071,0.677470642701,0.0788510094322,1.54058964519,5.81435897436,0.258224852071,1194.44219671,6.0,
564.740512821,0.755420345269,0.26235634451,0.676585486703,0.0751335403697,1.53081646295,6.4,0.26235634451,1164.7349904,6.0,
786.546666667,0.701161571926,0.261348060487,0.675993424494,0.0763651904592,1.53958857825,7.78256410256,0.261348060487,1334.43872426,6.0,
679.880512821,0.748398774449,0.264849967127,0.666952574207,0.0710302868776,1.5584859334,7.18205128205,0.264849967127,1362.34283662,6.0,
535.837435897,0.763154233082,0.263021170283,0.677578788756,0.0794171054125,1.50826255082,6.27128205128,0.263021170283,1142.56758718,6.0,
424.167179487,0.813973450001,0.264457593688,0.680084411706,0.0764505779727,1.52463390859,5.82666666667,0.264457593688,1152.1837165,6.0,
605.822564103,0.755124151,0.270858119658,0.691249618875,0.0829018244719,1.49523858484,6.54051282051,0.270858119658,1249.10519606,6.0,
491.981538462,0.783850458314,0.257780933596,0.687224743312,0.0780817575278,1.52451218518,5.93435897436,0.257780933596,1150.23625141,6.0,
658.817948718,0.722000163521,0.254019197896,0.669417435083,0.08358609214,1.56685449071,6.85384615385,0.254019197896,1197.31006844,6.0,
541.286666667,0.793847076461,0.253588954635,0.67867847409,0.0823298948902,1.55244069153,6.07948717949,0.253588954635,1323.85396483,6.0,
702.633333333,0.730494952151,0.257659960552,0.67706124615,0.0801827610493,1.54799070496,6.91128205128,0.257659960552,1316.10069198,6.0,
352.719487179,0.8242570143,0.264919921105,0.677706921001,0.0743500571722,1.53560350575,5.06717948718,0.264919921105,1015.32854997,6.0,
670.656923077,0.737677718597,0.257172386588,0.67956267826,0.0755548990487,1.54835988284,7.01282051282,0.257172386588,1291.21683399,6.0,
549.471794872,0.779296974071,0.252045759369,0.664737099966,0.0755405348682,1.5550127135,6.42564102564,0.252045759369,1274.95571124,7.0,
620.90974359,0.740250522369,0.237024063116,0.678200195258,0.0865147437819,1.58032698537,6.64820512821,0.237024063116,1226.65969231,7.0,
667.676923077,0.73606430355,0.235542406312,0.672312777215,0.0988919227514,1.52499542442,6.82871794872,0.235542406312,1287.58017751,7.0,
782.516923077,0.696077353454,0.228599605523,0.658793952096,0.0843866928519,1.61462404771,8.00102564103,0.228599605523,1310.72609915,7.0,
642.946153846,0.747005713475,0.230575673899,0.657633807002,0.0859349062191,1.60529613726,6.96256410256,0.230575673899,1294.69797193,7.0,
561.096410256,0.771615178339,0.249477449047,0.680105919836,0.0793151645589,1.56675087487,6.40615384615,0.249477449047,1253.62740039,7.0,
664.541025641,0.725550614293,0.243003813281,0.664224453435,0.0825149106458,1.55989621539,6.82307692308,0.243003813281,1238.06170473,7.0,
593.894358974,0.736984063209,0.23909112426,0.676119601951,0.0862617282425,1.55476986652,6.59384615385,0.23909112426,1153.48597949,7.0,
652.364102564,0.73286896409,0.240592241946,0.672887300806,0.0893052861589,1.55890318563,7.03794871795,0.240592241946,1243.22298751,7.0,
476.369230769,0.786695219518,0.243858514135,0.690125476375,0.0935272151179,1.51300941502,5.65743589744,0.243858514135,1136.91722104,7.0,
484.33025641,0.781944238407,0.244368704799,0.668042260754,0.0849749386044,1.58160158254,5.95487179487,0.244368704799,1133.60319921,7.0,
501.735384615,0.803559411817,0.239474030243,0.671558566454,0.0836546419372,1.57656389273,5.89948717949,0.239474030243,1301.09095595,7.0,
603.319487179,0.731106769631,0.242451019066,0.673527634673,0.0918732964623,1.5699535579,6.46102564103,0.242451019066,1144.94325661,7.0,
568.671282051,0.767754908908,0.232035765943,0.671763514479,0.0896243147426,1.59505992289,6.23435897436,0.232035765943,1247.61730526,7.0,
434.542564103,0.797055212667,0.260363445102,0.680202710938,0.079190800616,1.51467032926,5.53538461538,0.260363445102,1093.14513136,7.0,
715.622051282,0.717189072975,0.239246285339,0.653539693201,0.075376126933,1.62139324245,7.20871794872,0.239246285339,1290.68078087,7.0,
558.563076923,0.782210009628,0.245466929652,0.672473628483,0.0787160558732,1.56414823254,6.24717948718,0.245466929652,1306.40639106,7.0,
536.598461538,0.763075198108,0.245978172255,0.671048501833,0.083762528371,1.56362207446,6.34820512821,0.245978172255,1152.52136811,7.0,
534.732820513,0.78367920576,0.24038921762,0.67433472757,0.0843408883046,1.59481384045,6.16564102564,0.24038921762,1258.40731105,7.0,
632.507692308,0.744376513771,0.232982511506,0.661519406554,0.0778539247248,1.6058631289,7.16307692308,0.232982511506,1252.3393812,7.0,
720.058461538,0.726794784439,0.226230637738,0.663618687066,0.0869530846436,1.60997784394,7.29743589744,0.226230637738,1338.68423011,7.0,
477.781025641,0.790811637305,0.23664904668,0.663867987407,0.0938944178795,1.56379139605,5.98615384615,0.23664904668,1154.52423833,7.0,
584.61025641,0.757970277518,0.248914661407,0.665471122223,0.0798882906206,1.56950158553,6.41435897436,0.248914661407,1228.12807495,7.0,
693.658974359,0.750214162606,0.228405522682,0.65132433199,0.0859300458378,1.65031651758,7.41076923077,0.228405522682,1400.97232906,7.0,
617.764102564,0.744973449507,0.249205522682,0.687939026578,0.0860689107115,1.52037117087,6.2841025641,0.249205522682,1223.70168284,7.0,
570.345641026,0.781693660267,0.184184089415,0.624082015258,0.0908519329938,1.73938225484,6.69538461538,0.184184089415,1318.48340934,7.0,
478.739487179,0.789422114847,0.243548191979,0.676827083494,0.0884343969987,1.5527021957,5.90769230769,0.243548191979,1147.67347324,7.0,
646.201025641,0.76027737474,0.239953188692,0.665289513372,0.0798509008808,1.57516273677,6.94974358974,0.239953188692,1359.0414835,7.0,
457.86,0.796345057545,0.230021827745,0.667915456474,0.0900419649346,1.6095579665,6.04871794872,0.230021827745,1135.25499783,7.0,
531.172307692,0.783135147867,0.238240631164,0.670747845494,0.0844920328913,1.54522028415,6.28820512821,0.238240631164,1237.054314,7.0,
681.814871795,0.738123701268,0.234085470085,0.674519297475,0.0870316049584,1.59378318834,6.73897435897,0.234085470085,1313.96413866,7.0,
652.276923077,0.762315209719,0.246109138725,0.674361961532,0.0821580058316,1.54701716667,6.9241025641,0.246109138725,1385.73161893,7.0,
722.481025641,0.713695872404,0.229824063116,0.670115268311,0.0859636138859,1.57815518124,7.25743589744,0.229824063116,1277.7110622,7.0,
602.871794872,0.715258434427,0.240442340565,0.666567208948,0.0835467438674,1.57681991485,6.39487179487,0.240442340565,1072.82708876,7.0,
621.718461538,0.759499214739,0.245682577252,0.667736834841,0.0744965330654,1.55318543558,6.83948717949,0.245682577252,1306.48096469,7.0,
436.444102564,0.800559980218,0.247230506246,0.693031684452,0.0934116844289,1.526084641,5.31692307692,0.247230506246,1105.72063248,7.0,
567.640512821,0.765522577461,0.240424983563,0.663659315514,0.0797134351873,1.58636210379,6.60358974359,0.240424983563,1222.98642794,7.0,
639.430769231,0.740918772738,0.242752399737,0.665391541181,0.0838649406984,1.53435979622,6.99897435897,0.242752399737,1241.33387114,7.0,
573.294358974,0.754985644214,0.234003418803,0.659857523123,0.0811301986102,1.59292350007,6.68102564103,0.234003418803,1178.93280473,7.0,
557.375384615,0.777225632417,0.248564891519,0.678674456701,0.0788080236794,1.55115207518,6.12307692308,0.248564891519,1258.74665878,7.0,
647.027179487,0.740796705663,0.221413280736,0.659308927337,0.0926794750489,1.62156394248,7.06512820513,0.221413280736,1258.50659993,7.0,
347.833846154,0.83650866983,0.233612623274,0.670247239958,0.0921868390781,1.56731227398,5.07897435897,0.233612623274,1072.71421696,7.0,
613.091282051,0.750869991004,0.230059171598,0.66500236678,0.0877512108374,1.60211368247,6.5641025641,0.230059171598,1240.80685444,7.0,
485.736923077,0.781826931641,0.239485075608,0.671922589778,0.0896474268932,1.56975594216,6.05384615385,0.239485075608,1122.98960717,7.0,
555.186666667,0.800951729015,0.180808941486,0.628960722534,0.0995141943575,1.75092201601,6.85230769231,0.180808941486,1402.22275345,7.0,
576.732820513,0.755502428097,0.237082445759,0.671429459089,0.0855887664629,1.56984874382,6.45076923077,0.237082445759,1187.25333051,7.0,
825.793846154,0.694316670259,0.245332281394,0.679865585549,0.0857442946799,1.51778359245,7.24615384615,0.245332281394,1366.3929144,7.0,
482.583076923,0.795961761602,0.227916896778,0.672074781894,0.0920448808376,1.57460562874,5.94923076923,0.227916896778,1192.38462097,7.0,
600.503589744,0.749713629062,0.23251965812,0.685950968192,0.0921251773692,1.5383983719,6.26666666667,0.23251965812,1208.47547666,7.0,
520.721025641,0.762346997053,0.23971965812,0.679779201593,0.0892841651295,1.54070434305,6.04205128205,0.23971965812,1100.92916765,7.0,
