10.5889753606,0.999285635287,0.00684309525069,0.597483654889,0.255079205552,2.41208889016,1.29805452405,0.00684309525069,7411.03567686,1.0,
11.1056085321,0.999265725674,0.00783175208155,0.602937099468,0.255443415945,2.35632356909,1.27625188726,0.00783175208155,7561.91989915,1.0,
11.8966662899,0.999239292131,0.00711868920281,0.606306274074,0.256979396183,2.38607910619,1.26598509305,0.00711868920281,7819.04479957,1.0,
10.3973894913,0.999313539371,0.00766990481653,0.60456410303,0.255995410844,2.35946112497,1.24573407694,0.00766990481653,7572.79640641,1.0,
10.2683076997,0.999331869082,0.00724567250581,0.605194990247,0.2561390053,2.3725570214,1.24538488188,0.00724567250581,7683.88706413,1.0,
10.7014322511,0.999297477611,0.00790281323299,0.605517400072,0.255666799866,2.34372814669,1.25715872845,0.00790281323299,7616.02719783,1.0,
11.5903372213,0.999231052518,0.00756136149373,0.602551425449,0.255130423764,2.36534264762,1.28954335395,0.00756136149373,7536.07975821,1.0,
10.231486459,0.999334941143,0.00786063808596,0.608615163091,0.256098926618,2.33566122683,1.22597928538,0.00786063808596,7691.76373372,1.0,
11.0873901988,0.99928967957,0.00883067575272,0.615927732984,0.258872324348,2.3546708033,1.2219396499,0.00883067575272,7804.17599734,1.0,
10.7750407318,0.999272292129,0.00987612752338,0.617966205502,0.257554328826,2.31078644333,1.22255809273,0.00987612752338,7403.12336295,1.0,
11.8679803752,0.999220926429,0.00953773068269,0.620158588827,0.259160646357,2.31181901163,1.2341178276,0.00953773068269,7616.42024375,1.0,
10.0498866494,0.999353514877,0.00895066166349,0.621549912794,0.259963541754,2.3414540996,1.17853194721,0.00895066166349,7772.4034196,1.0,
8.63758331289,0.999408152953,0.0095848850141,0.61758084968,0.25816040858,2.30678777521,1.16943403751,0.0095848850141,7296.86849084,1.0,
10.237857431,0.999310132537,0.009348901712,0.616497831662,0.257647707559,2.33653154025,1.22510170306,0.009348901712,7419.88583982,1.0,
10.9014755329,0.999280866975,0.00924949503008,0.618398970163,0.258225298736,2.34350682065,1.21581633075,0.00924949503008,7579.31414232,1.0,
10.6361488563,0.999313580247,0.00966080081185,0.622962704983,0.259286219849,2.31300408823,1.18486754021,0.00966080081185,7747.27761863,1.0,
9.8264243253,0.999369131539,0.0089516567364,0.622602614631,0.260331127216,2.33074722705,1.17070584268,0.0089516567364,7787.69185914,1.0,
9.43155455208,0.99941071232,0.00976997476061,0.625693048415,0.26028310192,2.31629443861,1.14462924215,0.00976997476061,8002.21431706,1.0,
9.19742845407,0.999407595464,0.00856381228634,0.620981206909,0.2605071431,2.34946576972,1.16197780406,0.00856381228634,7762.47254082,1.0,
11.2172714633,0.999277924349,0.00900606206996,0.62179968936,0.259424374299,2.32437494077,1.21141968927,0.00900606206996,7767.05204261,1.0,
9.1537446116,0.999410023219,0.00954715217779,0.624885598552,0.260049384925,2.29769928023,1.14193262925,0.00954715217779,7757.407241,1.0,
9.60423104951,0.999377606312,0.00979984313416,0.624047262192,0.260017222325,2.29089954514,1.15717315572,0.00979984313416,7715.25795469,1.0,
9.41939842881,0.999416714158,0.00978542824486,0.624928727082,0.260238313199,2.30012582954,1.1491242096,0.00978542824486,8074.13970673,1.0,
10.104524649,0.999328688155,0.00938890421824,0.621211359401,0.260052819347,2.29906448571,1.17371765006,0.00938890421824,7525.64730131,1.0,
10.2261212607,0.999340081287,0.00956029826166,0.621441917672,0.258465530861,2.31607602196,1.19828673877,0.00956029826166,7747.72016069,1.0,
11.6979623549,0.99924997298,0.00936641862556,0.620286974631,0.258638101289,2.33498742745,1.23387201266,0.00936641862556,7798.05837061,1.0,
10.1968867423,0.999348012888,0.00916113945865,0.623735328,0.259578262938,2.33375617518,1.17290347422,0.00916113945865,7819.55017786,1.0,
9.59235106601,0.99935570513,0.0089909002132,0.618405640653,0.258732425167,2.33938756595,1.18861541402,0.0089909002132,7443.78141876,1.0,
10.2248494556,0.999306712198,0.00910628625841,0.616370677,0.257347730687,2.37078751686,1.22391857506,0.00910628625841,7373.89678054,1.0,
9.45905871715,0.999393799293,0.0102851304073,0.622872528449,0.258512407639,2.29714902386,1.1765075348,0.0102851304073,7801.64195163,1.0,
10.5209581361,0.999290413194,0.00923652562256,0.615843591686,0.257679958031,2.35939923624,1.23771315831,0.00923652562256,7413.15289266,1.0,
9.92294459653,0.999329906709,0.00939396962843,0.619261431886,0.258628320809,2.31588138093,1.19146824576,0.00939396962843,7403.86981087,1.0,
11.3366529837,0.999269422107,0.00959386397812,0.623000563928,0.259641246028,2.30658789557,1.20045404547,0.00959386397812,7758.39550207,1.0,
10.2778499141,0.999312230842,0.00924981233657,0.619171496193,0.258274504196,2.35308547926,1.20755786759,0.00924981233657,7471.60666206,1.0,
10.4080142104,0.999309799249,0.0107888974262,0.623605082611,0.259191320432,2.26485271823,1.18132229142,0.0107888974262,7539.57514834,1.0,
10.5857057921,0.999297569677,0.00996954199985,0.621421199364,0.259010451581,2.31527860975,1.19376650062,0.00996954199985,7534.80057453,1.0,
12.3637417905,0.99922727306,0.00896761124612,0.62093748495,0.260342042693,2.35275743558,1.22702457322,0.00896761124612,7999.78006759,1.0,
10.2662548003,0.999314785262,0.00905288181046,0.616468467381,0.258819421651,2.3617966633,1.21097906024,0.00905288181046,7490.9746773,1.0,
8.64254004486,0.999439912778,0.00934630478385,0.618813777141,0.258976213218,2.37322814323,1.15779113908,0.00934630478385,7715.09591531,1.0,
10.9985209751,0.999265867476,0.00977812631704,0.618075112616,0.257655227821,2.33306443552,1.23117953496,0.00977812631704,7490.56711456,1.0,
9.6374753381,0.999381196947,0.00985907319636,0.620675028576,0.259857974836,2.29421497485,1.17528259529,0.00985907319636,7786.89706352,1.0,
11.7587714583,0.999233939444,0.00919759759829,0.620416065324,0.260061716576,2.31748869569,1.2192081175,0.00919759759829,7674.53795356,1.0,
10.1236389433,0.999340163176,0.0092377105358,0.621156292597,0.259115950238,2.33748290693,1.19329141155,0.0092377105358,7671.0647774,1.0,
10.2334791682,0.999318743987,0.00940958588912,0.61942043395,0.258274606206,2.34580989402,1.2123602186,0.00940958588912,7510.48502964,1.0,
10.4356952703,0.999291753395,0.00980928498071,0.6164795884,0.258495070088,2.31443793083,1.2153256198,0.00980928498071,7367.03166711,1.0,
10.6794756928,0.999258486719,0.00873563415914,0.610112603185,0.257006116629,2.36970717534,1.26251933208,0.00873563415914,7200.86686788,1.0,
9.90492796933,0.999337734618,0.0097094839464,0.618864865878,0.258665950172,2.33812876804,1.1984640931,0.0097094839464,7477.82224739,1.0,
10.0084744127,0.999352377557,0.00937449145102,0.623018855007,0.259593607103,2.33496238967,1.17516726903,0.00937449145102,7726.82031018,1.0,
9.79013514768,0.99936188394,0.0094824086141,0.622117355107,0.259902378948,2.32156013819,1.17105365933,0.0094824086141,7670.84867959,1.0,
10.3337633946,0.999340081427,0.00949223985996,0.624603916212,0.260498392068,2.2931333916,1.17105228093,0.00949223985996,7829.26758029,1.0,
12.5148807637,0.999221057115,0.00841076493357,0.62054163961,0.259593401558,2.33653239114,1.21487626089,0.00841076493357,8032.97446427,2.0,
11.3331546006,0.99928159381,0.00828441135889,0.619844295507,0.258037898102,2.34404599583,1.19792238129,0.00828441135889,7887.40492778,2.0,
10.7530607406,0.999288862542,0.00890052709006,0.611009721731,0.257284247843,2.31341600538,1.24560680453,0.00890052709006,7560.20308542,2.0,
11.6406989599,0.999264320831,0.00860034283167,0.619443870374,0.257151438986,2.34143135488,1.2227951778,0.00860034283167,7911.26583315,2.0,
10.6291856312,0.999331766241,0.00847793197737,0.621042015301,0.258908701197,2.32110227819,1.18221136042,0.00847793197737,7952.89572245,2.0,
11.5785041035,0.999252412925,0.00853165305753,0.616551503379,0.256827105594,2.35114325126,1.22929985472,0.00853165305753,7743.63706719,2.0,
10.9519801657,0.99929259526,0.00798031584778,0.61464839119,0.256968788828,2.38433899484,1.23311343234,0.00798031584778,7740.68000572,2.0,
13.9245270015,0.999107054347,0.00826827638846,0.615577646953,0.257039663284,2.33839783398,1.29300497971,0.00826827638846,7796.64575153,2.0,
12.8991965757,0.999191003859,0.0073961438092,0.618259159512,0.258146095972,2.39962217034,1.24915067491,0.0073961438092,7972.02124985,2.0,
12.2749713522,0.999208329048,0.00732198390867,0.610670633479,0.257016130427,2.40326046624,1.28181833219,0.00732198390867,7752.23935356,2.0,
13.533805298,0.999114998003,0.00877679975786,0.614913648882,0.256180081531,2.35210616682,1.28822284526,0.00877679975786,7645.92720087,2.0,
11.2149111804,0.999265662427,0.00834002385797,0.612988378427,0.256295381025,2.3749229022,1.24755724272,0.00834002385797,7635.80612098,2.0,
10.6123599429,0.999300876901,0.00935948461239,0.615994221956,0.256971148798,2.30645263955,1.20955700931,0.00935948461239,7589.49140252,2.0,
10.4869612403,0.999306880507,0.00874617671133,0.614095278108,0.255678103488,2.35554288095,1.23460072761,0.00874617671133,7564.74810523,2.0,
11.8426540846,0.999261741518,0.0088894895493,0.621819449461,0.259841723673,2.32509035511,1.20108719125,0.0088894895493,8020.37545908,2.0,
11.6021891773,0.999260565594,0.00898886794922,0.619494457258,0.258386248848,2.30413273943,1.20610641076,0.00898886794922,7845.00540825,2.0,
12.2509329481,0.999218797798,0.00866011533323,0.619258413917,0.257873510285,2.32773019098,1.22606015161,0.00866011533323,7840.76725638,2.0,
11.8589063578,0.999239794148,0.00883625669206,0.616878878986,0.256870890726,2.33877836888,1.24667920093,0.00883625669206,7799.47802167,2.0,
11.3998696951,0.99928558497,0.00832720912279,0.620506537541,0.257905719123,2.33743357092,1.20945546706,0.00832720912279,7978.14714153,2.0,
10.7509007854,0.99929487662,0.00912661527156,0.615416990084,0.256768524666,2.31490622525,1.22340121502,0.00912661527156,7623.1504955,2.0,
12.2924912954,0.999162906261,0.0075507839644,0.603571911989,0.254742951278,2.41688764202,1.32640548714,0.0075507839644,7342.03834172,2.0,
11.3547720721,0.99926546095,0.00766491843034,0.614489447999,0.257356875815,2.38830539821,1.23647765106,0.00766491843034,7728.87277125,2.0,
9.55327200365,0.999377180592,0.00854938062434,0.617451417781,0.25757174981,2.34259935765,1.18440347835,0.00854938062434,7669.04793533,2.0,
11.0803451885,0.999307128896,0.00960732499433,0.623062285315,0.259750848842,2.27835304323,1.19165570837,0.00960732499433,7995.62676613,2.0,
11.4597084037,0.99925996157,0.00922581219955,0.61999010013,0.25694516025,2.31181553445,1.2191506841,0.00922581219955,7742.28464967,2.0,
12.2412896509,0.999223908137,0.0080166816867,0.617957073866,0.256931775798,2.37425009401,1.24277005413,0.0080166816867,7886.15904233,2.0,
12.2145789856,0.999211810838,0.00855316405793,0.615727132252,0.257148255301,2.36141416262,1.24568215714,0.00855316405793,7748.27063615,2.0,
10.934432195,0.999289584521,0.00838597082796,0.613966397754,0.258186496203,2.3507324615,1.22076203551,0.00838597082796,7695.55766543,2.0,
11.5998394622,0.999227296971,0.00746970811876,0.601833386589,0.255036719431,2.39143827098,1.29793460312,0.00746970811876,7505.66488189,2.0,
10.4906980869,0.999287129243,0.00661437307685,0.598929167605,0.254680222074,2.42210224154,1.28697309452,0.00661437307685,7357.65474063,2.0,
11.4145887263,0.999255710768,0.00672887611652,0.604456539103,0.255516945421,2.40822958212,1.26789096292,0.00672887611652,7667.66325854,2.0,
11.2695684776,0.999266313648,0.00645111929927,0.602355477788,0.25486150139,2.43971456791,1.29025552808,0.00645111929927,7679.67561173,2.0,
12.3804889098,0.99917279247,0.00776855716493,0.599678618996,0.253892254424,2.3704357316,1.33837966141,0.00776855716493,7482.91376238,2.0,
11.5043957225,0.99924849389,0.00667169708049,0.603183074189,0.254920935452,2.42302344482,1.28851047172,0.00667169708049,7653.80622538,2.0,
11.1555346957,0.999272001589,0.00735215806253,0.604401830825,0.25510600818,2.39436661671,1.27640305196,0.00735215806253,7661.40522848,2.0,
9.32617437515,0.999367967872,0.0079064024871,0.598752179643,0.255508394995,2.37431891563,1.26730100706,0.0079064024871,7377.53854994,2.0,
14.0612166507,0.999060021194,0.0072618976802,0.59970515915,0.253838772046,2.39789446351,1.37379860818,0.0072618976802,7479.11896804,2.0,
11.4480397752,0.99922840603,0.00841784521944,0.599908035286,0.254415884683,2.32811251485,1.31158996781,0.00841784521944,7418.02874621,2.0,
12.1904077955,0.999211573521,0.0077347857732,0.605898750783,0.2557007218,2.34593237574,1.28406282938,0.0077347857732,7730.41659998,2.0,
12.0798700994,0.999202064355,0.00765334318078,0.60174708125,0.255327148876,2.36985400927,1.30194437323,0.00765334318078,7569.02032642,2.0,
10.9549547563,0.999257770838,0.0082798139591,0.597826936646,0.254672677051,2.36587184627,1.31233752092,0.0082798139591,7379.32734627,2.0,
12.1659379517,0.999211512691,0.00720320737964,0.602579694687,0.25501300054,2.39668994216,1.31097152498,0.00720320737964,7714.30294584,2.0,
10.2526173548,0.999307159535,0.00757316964501,0.59783391637,0.254650782858,2.39694331113,1.29290803213,0.00757316964501,7398.58235402,2.0,
10.9917332664,0.99925198404,0.00733513373763,0.593805250919,0.254712285503,2.39746060981,1.3247651893,0.00733513373763,7346.84983291,2.0,
11.6422358776,0.999208805007,0.00868741959569,0.599948377154,0.254251663948,2.33796496913,1.31358819059,0.00868741959569,7356.9418754,2.0,
9.61035758493,0.999372920066,0.00713249037693,0.605201851136,0.255689064955,2.3906478066,1.24177117248,0.00713249037693,7662.31894108,2.0,
11.5476789096,0.999272378239,0.0079690260178,0.607609862028,0.256836325044,2.37725800315,1.26814734561,0.0079690260178,7934.8283834,2.0,
11.2562140639,0.999243670673,0.00765039810125,0.598873987366,0.255002211678,2.38314452454,1.31270187839,0.00765039810125,7440.91307369,2.0,
10.0844950961,0.999339456086,0.00759886803648,0.604473895815,0.255729881013,2.37582118618,1.24914148557,0.00759886803648,7633.05923716,2.0,
11.8404128037,0.999211677564,0.00744147034605,0.599207261108,0.254350453592,2.39853101063,1.32777699668,0.00744147034605,7509.47034294,2.0,
12.5265209053,0.999231056757,0.00786671715603,0.623670598411,0.256356739598,2.34440291889,1.21883778695,0.00786671715603,8145.37335248,3.0,
13.4672583685,0.999136264218,0.00816063158864,0.615932510134,0.253806696056,2.34649522249,1.29396664452,0.00816063158864,7795.97606368,3.0,
10.927950951,0.999300763033,0.00811229155402,0.617406384362,0.255668560952,2.33265990589,1.21333337009,0.00811229155402,7813.99668348,3.0,
12.2722526849,0.999205205609,0.00838282152686,0.614346446892,0.254641847805,2.32784145507,1.2733838931,0.00838282152686,7720.17121406,3.0,
11.1505807206,0.999302206402,0.00802803858636,0.62240514155,0.255212073693,2.32857532488,1.19133545975,0.00802803858636,7989.67995397,3.0,
13.0590006405,0.999171012346,0.00829106983371,0.619389570141,0.254506485731,2.31440634659,1.2533763946,0.00829106983371,7876.24083377,3.0,
10.8890253506,0.999310603406,0.00824949990764,0.621301371344,0.255685449007,2.30547659446,1.19832855028,0.00824949990764,7897.30745006,3.0,
11.47950225,0.999275479282,0.0081200528612,0.620745410424,0.255302014623,2.31805148476,1.1982008184,0.0081200528612,7921.92065021,3.0,
13.4425105471,0.999159216419,0.00969352758144,0.62676578727,0.255260917491,2.24855690429,1.21582414169,0.00969352758144,7993.83140899,3.0,
12.0706384848,0.999257803016,0.00915146632876,0.629772061624,0.256295377368,2.26952715525,1.17293977212,0.00915146632876,8131.48333637,3.0,
12.0606340463,0.999254793396,0.00843340839903,0.625197615154,0.256084393074,2.30907576859,1.20805133535,0.00843340839903,8091.91139497,3.0,
13.3060497125,0.999163052046,0.00765953997682,0.619924650007,0.255749692657,2.3374080299,1.24819360477,0.00765953997682,7948.88081188,3.0,
12.2885251747,0.999214454034,0.00823240246857,0.61707264099,0.255111608474,2.33426130846,1.23974446273,0.00823240246857,7821.41314812,3.0,
11.3869995598,0.999272295982,0.00827020021743,0.617472999788,0.254626407698,2.32487676659,1.22960723826,0.00827020021743,7823.68052881,3.0,
11.499544668,0.999301109282,0.010132872206,0.634756113641,0.259140047124,2.23070897887,1.12462404098,0.010132872206,8226.7543596,3.0,
12.089047497,0.999227620564,0.00971483983267,0.625531634526,0.258084675544,2.27862520268,1.18747271914,0.00971483983267,7825.6107196,3.0,
13.2296591581,0.99916622528,0.00939908747372,0.626150644835,0.257661371095,2.3013541836,1.22557908946,0.00939908747372,7933.35351396,3.0,
10.7541018933,0.99931473326,0.00950518443334,0.6240069599,0.258063646444,2.28870303932,1.18606261435,0.00950518443334,7846.44429984,3.0,
11.3819380693,0.99929824406,0.00875208146273,0.62944840012,0.257471790896,2.33044523805,1.17814967052,0.00875208146273,8109.40133637,3.0,
12.0914587807,0.999244869085,0.00876007364498,0.626862359769,0.258063276783,2.31699619664,1.19377385209,0.00876007364498,8006.00188283,3.0,
12.2269120038,0.99922753216,0.00882613608942,0.625058567594,0.257428321041,2.32495321101,1.21396881321,0.00882613608942,7914.00136775,3.0,
11.4845329562,0.999254078684,0.00888033817547,0.619095313573,0.257422290271,2.34750495959,1.21827172338,0.00888033817547,7698.10665555,3.0,
11.5427212587,0.99924557885,0.00915575084018,0.623908974985,0.257935090214,2.30714577143,1.19418323735,0.00915575084018,7649.93202984,3.0,
11.8740159362,0.999226058543,0.00934352426885,0.620186777172,0.256687603455,2.31261493504,1.23433929078,0.00934352426885,7671.0315138,3.0,
13.4221262855,0.999138267648,0.00874943596616,0.621956317535,0.256500192434,2.31835176969,1.25693588687,0.00874943596616,7787.75805081,3.0,
12.8538062721,0.999181699819,0.0100537846628,0.629171574203,0.257427179202,2.27130408116,1.19458481167,0.0100537846628,7853.8534133,3.0,
11.7677889612,0.999256106126,0.0093309707271,0.629015443947,0.256866921904,2.2891299111,1.18882171479,0.0093309707271,7909.49839487,3.0,
12.22985581,0.999218848756,0.00953441118886,0.626485834426,0.257267918523,2.28372561046,1.2075367321,0.00953441118886,7828.01587407,3.0,
11.054716109,0.999292429521,0.00905531045601,0.62547284347,0.258041649359,2.31883769646,1.18082514793,0.00905531045601,7811.7559922,3.0,
10.6106736984,0.999334058223,0.00973817022165,0.632225189652,0.257826946418,2.26100589457,1.1465116792,0.00973817022165,7966.72329868,3.0,
10.4126658562,0.999313560531,0.00921975533953,0.618965611145,0.257026413817,2.30956500795,1.20305876493,0.00921975533953,7584.57072839,3.0,
10.530018829,0.999324816509,0.00942890123858,0.624011259318,0.257973531761,2.30193966443,1.18269563883,0.00942890123858,7797.92850904,3.0,
11.5246104407,0.999271614555,0.00794332120689,0.623373731887,0.258104824383,2.35982548745,1.19894469577,0.00794332120689,7911.09637001,3.0,
11.7424658869,0.999256288523,0.00841333223665,0.625191592511,0.257494409538,2.33764536655,1.19729796539,0.00841333223665,7894.544277,3.0,
12.6233278841,0.999187352392,0.00747653502988,0.618624415211,0.25663462679,2.39743592155,1.24899078033,0.00747653502988,7766.83519152,3.0,
11.2104189697,0.999278780529,0.00996634530833,0.6242554689,0.25785531185,2.27913238655,1.19181330562,0.00996634530833,7771.89624621,3.0,
12.4501041612,0.999170475335,0.00858887314518,0.610844606095,0.256216216422,2.36100596426,1.29959282018,0.00858887314518,7504.41146528,3.0,
12.7109919253,0.99919211021,0.00887173174941,0.620091760891,0.257748102748,2.31955153723,1.2445794359,0.00887173174941,7866.53316129,3.0,
12.215672977,0.999245880065,0.00890501118665,0.622590004178,0.259503944722,2.30412268857,1.21754944097,0.00890501118665,8099.04783397,3.0,
13.388397259,0.999159673642,0.00849236539117,0.618173480388,0.258805489326,2.35800496861,1.26474545059,0.00849236539117,7965.96143825,3.0,
11.222673419,0.999266373898,0.00851309786104,0.614468359088,0.257149032576,2.36068640748,1.23550358063,0.00851309786104,7648.53915463,3.0,
12.1229910946,0.999221918004,0.00916535461154,0.621391592928,0.256817735226,2.31209654268,1.22604315132,0.00916535461154,7790.06278838,3.0,
11.0951005176,0.999273217842,0.00845087120254,0.614714492059,0.256539278335,2.35509788478,1.24147849188,0.00845087120254,7632.81498137,3.0,
14.0853414347,0.999061030815,0.00791769599884,0.60842765638,0.255411444411,2.37344522429,1.34289392649,0.00791769599884,7500.07671733,3.0,
13.4242632673,0.999163593116,0.00836003608565,0.619570214601,0.259823848111,2.35214227247,1.2383224118,0.00836003608565,8024.7413778,3.0,
10.69124035,0.999327228732,0.00899288403458,0.622509229779,0.259086517456,2.29260187158,1.17811015634,0.00899288403458,7945.44933204,3.0,
12.3895670625,0.999193789913,0.0090819378328,0.618676543983,0.256215541044,2.32403315409,1.24886167005,0.0090819378328,7683.61791324,3.0,
11.6029073246,0.999271732001,0.00833645247222,0.618472638631,0.258283265035,2.33527092893,1.22198881289,0.00833645247222,7966.02842785,3.0,
13.019664736,0.99915948636,0.0081903944688,0.614577762263,0.257143737963,2.38014324409,1.27636537566,0.0081903944688,7744.79542483,3.0,
10.795317478,0.999308740841,0.00869144704088,0.619447029301,0.258233718555,2.33667582832,1.19857436522,0.00869144704088,7808.16679589,3.0,
11.861662242,0.99921378435,0.00628951517185,0.593569686925,0.256207701676,2.46495554043,1.34917897809,0.00628951517185,7543.55031573,4.0,
13.0050908964,0.999107545822,0.00664488694443,0.592909178729,0.25343025288,2.43657266981,1.3768687679,0.00664488694443,7286.17052928,4.0,
11.9810653574,0.99918398765,0.0077416919401,0.598397372278,0.254702540089,2.35411598746,1.31467528995,0.0077416919401,7341.25544268,4.0,
11.2901360666,0.999229592964,0.00680053833976,0.592960697388,0.253833910447,2.42807356237,1.34752627463,0.00680053833976,7327.46082351,4.0,
11.5506852034,0.99924505275,0.00732268983676,0.607998132305,0.255223018662,2.36268570048,1.26991951054,0.00732268983676,7650.05866892,4.0,
11.8952598609,0.999195027384,0.00646048893687,0.597554043195,0.254389842791,2.43111678506,1.33027144402,0.00646048893687,7388.68857341,4.0,
14.6051821466,0.999004957025,0.00652226656674,0.595688432043,0.253170468052,2.44666872157,1.40041140692,0.00652226656674,7339.08418342,4.0,
11.4920075683,0.999199471823,0.00691415710428,0.594510673027,0.253511673084,2.42228236779,1.3415412551,0.00691415710428,7177.8231888,4.0,
12.4585629521,0.999185114418,0.00801969253927,0.607355137101,0.254238273775,2.36591535038,1.30486198984,0.00801969253927,7644.21386421,4.0,
12.4188535007,0.999153857302,0.00664027876197,0.596891200233,0.253467652859,2.42749073461,1.35252573705,0.00664027876197,7338.3790648,4.0,
12.8964255291,0.999167952623,0.00784730971866,0.60615523967,0.254750826159,2.33514881265,1.30345923653,0.00784730971866,7749.69730617,4.0,
10.9167836011,0.99928510822,0.00829964897083,0.611553259605,0.258596071222,2.36467599422,1.24303838297,0.00829964897083,7635.2228219,4.0,
11.6181726623,0.999215838026,0.00851645793952,0.605519590232,0.256887898561,2.36096067695,1.29729456533,0.00851645793952,7407.99536843,4.0,
11.8991602778,0.999187588647,0.00786530272179,0.604598756105,0.25702155716,2.40114710788,1.30729578751,0.00786530272179,7323.29789881,4.0,
11.5131577617,0.999225553296,0.00738505598076,0.605903500197,0.25838466448,2.39605905307,1.28663584561,0.00738505598076,7433.1540289,4.0,
11.9883304525,0.999222892118,0.006888404254,0.606951378647,0.258676452657,2.4370533088,1.29085099755,0.006888404254,7713.42295528,4.0,
13.5537526063,0.999108747612,0.00776250697598,0.607351261989,0.257127048373,2.41009916813,1.33840952678,0.00776250697598,7603.82040822,4.0,
11.6916837359,0.999225458402,0.00780797164554,0.609783840358,0.258550034745,2.40800623628,1.26348053743,0.00780797164554,7547.52348213,4.0,
11.9601779792,0.999182968737,0.00815055015579,0.601715396486,0.25638718215,2.38784125343,1.33387642354,0.00815055015579,7319.27468325,4.0,
12.7705310614,0.999106443187,0.00804362472459,0.596793270761,0.254556213973,2.40055172904,1.37173100586,0.00804362472459,7145.98597242,4.0,
11.051278835,0.999270822529,0.00920563760626,0.612143964182,0.258363433629,2.32151095052,1.23744391054,0.00920563760626,7578.03247441,4.0,
11.118742861,0.99928241592,0.00855245235008,0.61601770108,0.258592496402,2.34145815405,1.2366660326,0.00855245235008,7747.40785287,4.0,
11.0133764681,0.999284182767,0.00848659250082,0.614352669989,0.258465087005,2.35031435505,1.23884069078,0.00848659250082,7692.91758397,4.0,
10.4782097688,0.999283595644,0.00859852565975,0.603663291821,0.255892783431,2.38187813772,1.29080505083,0.00859852565975,7313.10374204,4.0,
12.8133350242,0.999116689659,0.00778040854522,0.59956895695,0.255307005827,2.408491578,1.36878582121,0.00778040854522,7253.06233783,4.0,
13.4346637665,0.999112030406,0.00861770726295,0.607937147074,0.255092681758,2.31656205859,1.31502678234,0.00861770726295,7564.92120631,4.0,
13.3593217162,0.999151218332,0.00748541517031,0.618482856739,0.254306228277,2.36055884547,1.26846299957,0.00748541517031,7869.830572,4.0,
12.9329453592,0.999141633123,0.00742350897735,0.606930524885,0.253795865015,2.38129147725,1.31983694429,0.00742350897735,7533.58479396,4.0,
13.4031162902,0.999110831249,0.00756438754749,0.609720570666,0.254162541144,2.38343756984,1.31160880596,0.00756438754749,7537.01027957,4.0,
13.2657121695,0.999160228355,0.00831629768063,0.620419712236,0.254004781465,2.33447396001,1.25763565539,0.00831629768063,7898.49923791,4.0,
13.0769391583,0.999163494366,0.00789252645884,0.616928558656,0.255233692403,2.33138130481,1.25909767997,0.00789252645884,7816.33098715,4.0,
11.6097285744,0.999282611243,0.00888911099513,0.62788767309,0.257297223905,2.26887916028,1.15899126737,0.00888911099513,8091.59454936,4.0,
13.1715531002,0.99913073497,0.00730856665177,0.606174386005,0.254448041877,2.37121799805,1.31872411477,0.00730856665177,7576.25408942,4.0,
14.344819094,0.999082572255,0.00757337159124,0.616674494963,0.253949806739,2.35348388603,1.28828625173,0.00757337159124,7817.96643465,4.0,
13.7505451578,0.999152021999,0.00876463921402,0.624782739604,0.256223149693,2.31505081086,1.24316749325,0.00876463921402,8108.00075977,4.0,
11.4010776343,0.999263452871,0.00731052429171,0.613808280837,0.254733754837,2.37310377972,1.24924394675,0.00731052429171,7739.66878499,4.0,
11.560344582,0.999242361728,0.00791501197383,0.608669041548,0.2544455301,2.34342859448,1.26710619297,0.00791501197383,7629.29372359,4.0,
13.4658919131,0.999138434672,0.00734902958027,0.613089751719,0.254359563967,2.37346092213,1.28648835664,0.00734902958027,7814.86275239,4.0,
11.771844678,0.999227720648,0.00723393930959,0.608356245267,0.254351185031,2.38397159469,1.2729386694,0.00723393930959,7621.5942224,4.0,
15.5846145576,0.999003181603,0.00782411243839,0.615862229833,0.253483752708,2.35522715661,1.33774651563,0.00782411243839,7817.26269046,4.0,
13.3641429053,0.999153655607,0.00788654739795,0.618063949212,0.254312227701,2.33599898767,1.27139394073,0.00788654739795,7895.34933284,4.0,
12.1355437381,0.999235487922,0.00770201331136,0.622281035562,0.253898517992,2.35343897693,1.22934947717,0.00770201331136,7936.96098901,4.0,
14.6251501309,0.999067907107,0.00799722422256,0.618585038005,0.253657136974,2.33743068013,1.28658530422,0.00799722422256,7845.47212039,4.0,
11.90573801,0.999217662515,0.00819527324584,0.60803712035,0.254119407471,2.33442904923,1.29304771015,0.00819527324584,7609.17448286,4.0,
13.2146603113,0.99918193003,0.0080812612626,0.622231947894,0.256467197612,2.32879160134,1.2358022343,0.0080812612626,8076.8185508,4.0,
12.3364498992,0.999220325919,0.00828330749293,0.619640388011,0.255304977027,2.30131119883,1.21621836454,0.00828330749293,7911.40087987,4.0,
13.3769500936,0.999149372261,0.00787123085575,0.61904975464,0.254262539585,2.3431521673,1.26739657623,0.00787123085575,7862.80382196,4.0,
13.0695670073,0.999152202074,0.00787190865215,0.61117664586,0.254369863313,2.34056050228,1.29882367212,0.00787190865215,7708.03817823,4.0,
13.581164878,0.999117797782,0.00729266330247,0.611095598869,0.253212150613,2.39140009521,1.32231760761,0.00729266330247,7697.39573885,4.0,
11.3773025049,0.999277231311,0.00785133521531,0.617967111331,0.25508593086,2.32678003915,1.2185317818,0.00785133521531,7870.72475081,4.0,
12.4637259848,0.999142177111,0.00574590880103,0.592230663176,0.255258047858,2.487765487,1.37220012185,0.00574590880103,7264.71674049,5.0,
12.4716131985,0.999158846593,0.00762531376529,0.606466169044,0.25430845354,2.3666637051,1.29626765618,0.00762531376529,7413.41074962,5.0,
12.7353455239,0.999174982429,0.00795897528669,0.620358498285,0.253947712023,2.33297569513,1.24730040056,0.00795897528669,7718.28862615,5.0,
11.2360503466,0.999226674561,0.00696776028916,0.604963009821,0.254976002958,2.41047828114,1.28933751265,0.00696776028916,7264.81093553,5.0,
13.0124860207,0.999142515482,0.00727616895638,0.61623313748,0.253897160763,2.3778103907,1.27143437384,0.00727616895638,7587.62959499,5.0,
11.6659209514,0.999202015087,0.00730923013533,0.595018366467,0.253663600604,2.42099792239,1.35279406589,0.00730923013533,7309.63891776,5.0,
11.1698457201,0.999247876747,0.00754044985472,0.599028823535,0.255615687965,2.40349518214,1.3234364102,0.00754044985472,7425.58082297,5.0,
11.2936955589,0.999267822873,0.0075141004335,0.606472714147,0.256308265976,2.41736291318,1.29716453612,0.0075141004335,7712.51275,5.0,
10.5733787471,0.99926949783,0.00757771012024,0.591993586462,0.254539608202,2.41280633102,1.3397966582,0.00757771012024,7237.16982437,5.0,
11.8145742072,0.999236495978,0.00750346006556,0.609082398562,0.257723052609,2.39602398814,1.2676924731,0.00750346006556,7737.19175467,5.0,
11.5221619401,0.999230490779,0.00784983698598,0.603326711367,0.255947362371,2.39174060162,1.31741693063,0.00784983698598,7486.73175268,5.0,
11.8042394118,0.99925486744,0.00816696659973,0.610886004613,0.259591819666,2.33213097904,1.24637824993,0.00816696659973,7920.94217145,5.0,
11.186024938,0.999242815315,0.00726125184376,0.598896068923,0.255445759494,2.42157978991,1.32333486795,0.00726125184376,7386.65301641,5.0,
11.5588540705,0.999226376809,0.0077531656398,0.602972444138,0.256087241032,2.38183220133,1.3058006813,0.0077531656398,7470.63326367,5.0,
12.4932738599,0.999144689832,0.00710264483028,0.593757391647,0.254964397937,2.43022461789,1.3815801444,0.00710264483028,7303.38263003,5.0,
12.1855415786,0.999177824797,0.00732713761734,0.59713176301,0.254643143544,2.43805312076,1.36076030792,0.00732713761734,7410.62837674,5.0,
10.9161578068,0.999267958429,0.00737107820292,0.600377689664,0.254818553697,2.4194239653,1.31670659436,0.00737107820292,7456.03274741,5.0,
11.1531541963,0.999264214828,0.00724854517921,0.60310730731,0.257880694388,2.39061846368,1.28832300911,0.00724854517921,7579.13012565,5.0,
11.5535996038,0.999226222046,0.0069908786113,0.600555722595,0.254981553017,2.45075067537,1.32974259729,0.0069908786113,7465.78320119,5.0,
12.8827297313,0.999156428892,0.00673138433537,0.604758033428,0.257045228837,2.43809398955,1.32297188888,0.00673138433537,7635.89352691,5.0,
10.7917244447,0.999283907702,0.00708833680955,0.603046675916,0.256223291764,2.43075615387,1.29653920128,0.00708833680955,7535.2656256,5.0,
11.3655603616,0.999221997747,0.00705263652179,0.595800860673,0.255150404275,2.42771500435,1.3473222712,0.00705263652179,7304.2961353,5.0,
11.9157713949,0.999224904707,0.00750195622493,0.608852919099,0.257460984915,2.39146633322,1.28126926891,0.00750195622493,7686.66459292,5.0,
11.3225592873,0.999223774814,0.00661190858354,0.595697362027,0.254176766641,2.47182104869,1.36126112715,0.00661190858354,7293.44872297,5.0,
12.8717268707,0.999136121999,0.00654907371475,0.607838481937,0.256965256319,2.4454977586,1.31027727007,0.00654907371475,7449.91599802,5.0,
11.1101264729,0.999241992966,0.00751249269081,0.602843184167,0.255734985498,2.43858250538,1.30302825631,0.00751249269081,7328.47085827,5.0,
10.1530416268,0.999287286199,0.00838845523951,0.603322598564,0.253682044673,2.38402958989,1.288345523,0.00838845523951,7122.70760673,5.0,
11.0093377516,0.999299278689,0.00876940922672,0.618413181761,0.258347592199,2.35896593662,1.21297820196,0.00876940922672,7855.65032724,5.0,
10.8912307931,0.999257144995,0.00768956852087,0.608330055342,0.255048874485,2.41170319983,1.28177973695,0.00768956852087,7330.37554525,5.0,
10.6357096057,0.999277651084,0.00834477965494,0.609636079033,0.255409692898,2.37246227628,1.26739887357,0.00834477965494,7361.8164707,5.0,
12.9029205572,0.999162470967,0.00838237105044,0.616317639984,0.25771445497,2.37296115595,1.26087122329,0.00838237105044,7702.89908004,5.0,
11.4418309951,0.999220274213,0.00794349132067,0.60866683598,0.25533232743,2.39887330787,1.28797473298,0.00794349132067,7337.0214965,5.0,
10.7639331126,0.999217453828,0.00736230065018,0.585147212072,0.252610443038,2.44255556847,1.39244746222,0.00736230065018,6877.43147276,5.0,
11.3193434765,0.999226292661,0.00863537612933,0.60747064673,0.254933346763,2.35779393099,1.29727342984,0.00863537612933,7314.91316769,5.0,
10.9086092204,0.999232851487,0.00824509606329,0.600750572804,0.252444468618,2.39849568538,1.32449042792,0.00824509606329,7109.67327224,5.0,
11.964184533,0.999190191661,0.00679255266774,0.597763190873,0.255073980351,2.42596034856,1.3241504222,0.00679255266774,7386.96006495,5.0,
11.3179489936,0.999223559074,0.00747573901352,0.59147820225,0.254521386548,2.39865104958,1.33530766382,0.00747573901352,7288.2689751,5.0,
10.5420067872,0.999283862034,0.00655022447122,0.59544181781,0.255598290323,2.46120590063,1.30125701032,0.00655022447122,7360.25612432,5.0,
11.3861601133,0.999198695098,0.00684174109809,0.584022974706,0.253530415127,2.4290639272,1.38708639913,0.00684174109809,7104.69699171,5.0,
12.6361998572,0.999155627403,0.00765155982531,0.599487996004,0.254858845654,2.3913532931,1.33200960838,0.00765155982531,7482.53382584,5.0,
11.7461848142,0.999204343064,0.00806082878735,0.595261195933,0.255283824716,2.35687345921,1.32233368896,0.00806082878735,7381.35563344,5.0,
11.3152160828,0.999222592316,0.00685525937074,0.592713227445,0.254332569272,2.43439272595,1.33361314885,0.00685525937074,7277.44843816,5.0,
11.1035009562,0.999237957783,0.00718188437531,0.59483215926,0.254530189197,2.41279069171,1.32191787116,0.00718188437531,7285.26598013,5.0,
10.9215588435,0.999281688509,0.00703877974593,0.602984002411,0.257683890003,2.44246383697,1.28265869767,0.00703877974593,7602.18855022,5.0,
10.4274147528,0.999288397248,0.00795039769531,0.606539599995,0.25680597923,2.40447144103,1.27615356128,0.00795039769531,7326.66865599,5.0,
11.9178720788,0.999198247414,0.0078222620504,0.607941173138,0.257981907446,2.39147558634,1.2898254668,0.0078222620504,7432.36775612,5.0,
12.0028441019,0.999193447628,0.00729787464167,0.603332737881,0.254731019731,2.38146831033,1.30776582244,0.00729787464167,7440.72602038,5.0,
12.3342380242,0.999215734221,0.00872568329999,0.623412983626,0.257089719336,2.32202832798,1.22064211458,0.00872568329999,7863.5353542,5.0,
11.7236511652,0.99924807852,0.00929682014027,0.622029924169,0.256933506384,2.29593144387,1.20660998679,0.00929682014027,7795.79237866,5.0,
12.2666099684,0.999148838884,0.00820835382647,0.598279246222,0.254097534889,2.38889874754,1.35466501626,0.00820835382647,7205.83177963,5.0,
12.8759264007,0.999091437356,0.00745970432334,0.592029772311,0.252643251732,2.53271143441,1.40506443108,0.00745970432334,7085.72735849,6.0,
11.4480296669,0.999251554619,0.00704551062517,0.60667167109,0.259799786366,2.40108391136,1.26283590497,0.00704551062517,7647.76282636,6.0,
14.1382647027,0.999091201016,0.00778678794304,0.612572563632,0.26027318477,2.38079200552,1.28571966804,0.00778678794304,7778.43640496,6.0,
12.0292685191,0.999220665924,0.00780953784556,0.610292865919,0.258595607757,2.38979095498,1.2724893105,0.00780953784556,7717.53263507,6.0,
12.6636865625,0.999163534197,0.00880181057263,0.613709201774,0.257204875962,2.36404072585,1.29180025675,0.00880181057263,7569.64108081,6.0,
11.1551804465,0.999266524589,0.00765016410471,0.613579643455,0.258634988141,2.39573617294,1.24577726685,0.00765016410471,7604.18107626,6.0,
13.3843332718,0.999133246439,0.00872425751393,0.616939694179,0.259113244889,2.34280894601,1.26818272459,0.00872425751393,7720.85572624,6.0,
11.943211694,0.999254072949,0.00827516113065,0.618425549129,0.260634643909,2.34300468828,1.21192648157,0.00827516113065,8005.54136286,6.0,
12.3734765217,0.999192209848,0.00890531319061,0.618237333905,0.259028176164,2.32282227446,1.24280405471,0.00890531319061,7658.7654959,6.0,
13.6289784115,0.999125924358,0.00850703403607,0.617089720985,0.258189248322,2.36852294429,1.29668347398,0.00850703403607,7796.11966948,6.0,
11.0197364129,0.999275671072,0.00882746774486,0.619634038115,0.25920710826,2.33451765341,1.21512575157,0.00882746774486,7606.75674391,6.0,
11.4487781389,0.999250947575,0.00783128062332,0.613876967504,0.259179883113,2.38422725169,1.24469200536,0.00783128062332,7642.09719392,6.0,
11.5429491544,0.999222774258,0.00808873885386,0.613495783247,0.258389811342,2.37845803908,1.25513891071,0.00808873885386,7425.65963818,6.0,
11.8875614882,0.999217470806,0.00882571642535,0.620907279794,0.259675496981,2.32082923293,1.21375562043,0.00882571642535,7595.51845924,6.0,
10.2801444932,0.999355522715,0.00866976021659,0.622590123358,0.261102010288,2.31669393476,1.16289765736,0.00866976021659,7975.47438244,6.0,
12.0912336418,0.999205758487,0.00804314297431,0.61386455898,0.259034325768,2.37585726318,1.25786584845,0.00804314297431,7611.69324706,6.0,
13.8082161003,0.999080240316,0.00779066713998,0.609533533653,0.256946570962,2.39978493995,1.33942081405,0.00779066713998,7506.33568512,6.0,
13.5264639314,0.999132455304,0.00747183073026,0.613781100406,0.259328681921,2.39194623529,1.28627562334,0.00747183073026,7795.7322369,6.0,
13.0123357749,0.999162967429,0.00818435306119,0.615451273021,0.259307442684,2.36646308867,1.26565197934,0.00818435306119,7772.79889316,6.0,
10.4348250395,0.999285507626,0.00802270177599,0.609727378303,0.257427870252,2.40029968446,1.26533127124,0.00802270177599,7302.17744307,6.0,
14.1153575068,0.999090313369,0.00869937972681,0.616876059647,0.258581986227,2.34194288456,1.29582886501,0.00869937972681,7758.29187954,6.0,
15.024354977,0.999042070362,0.00765959938953,0.613449238783,0.259088008611,2.38093972094,1.32043471109,0.00765959938953,7842.01566583,6.0,
10.1766577806,0.999323286749,0.0078155233014,0.613333285619,0.258384211119,2.39210682313,1.23140972802,0.0078155233014,7519.10939183,6.0,
12.3045109569,0.999182771322,0.00874685762118,0.614912172691,0.258273826386,2.33622739082,1.26007037199,0.00874685762118,7528.15380394,6.0,
13.8153240576,0.999128670775,0.00891989096698,0.616754468916,0.258999997062,2.33896092828,1.2865995477,0.00891989096698,7927.61710146,6.0,
10.7723960387,0.999298984412,0.00884852583938,0.617134965321,0.259406644756,2.32966202227,1.2074416224,0.00884852583938,7683.30556381,6.0,
12.1072253971,0.999223794016,0.00882970072429,0.617824019443,0.259712852776,2.3373474761,1.23358254833,0.00882970072429,7798.88135016,6.0,
10.9659011024,0.999303741156,0.0089657280491,0.618908620042,0.260149539287,2.32797775269,1.20860453384,0.0089657280491,7874.7717277,6.0,
13.3954634048,0.999134802377,0.0084134311734,0.612538532814,0.258316761487,2.39066866419,1.29538685758,0.0084134311734,7741.17867531,6.0,
12.2206834666,0.999195591329,0.0082646419948,0.613580182918,0.258421068675,2.37593540329,1.26923444497,0.0082646419948,7595.9380614,6.0,
11.4290339151,0.99926256401,0.00819962073393,0.616841119701,0.259629920223,2.36328298481,1.22498821467,0.00819962073393,7749.08904054,6.0,
12.4892140079,0.999226064121,0.00836330300504,0.618992273417,0.260309311758,2.33922646438,1.24470119471,0.00836330300504,8068.57499613,6.0,
11.7571339172,0.999270365205,0.00859861928876,0.616410283414,0.262141211007,2.30039784399,1.20335282393,0.00859861928876,8056.80145238,6.0,
10.1511238108,0.999355700297,0.0080330697452,0.617933832066,0.259964512601,2.37649992938,1.19208163445,0.0080330697452,7877.57167706,6.0,
10.51804006,0.999298363947,0.00905934403817,0.615358828356,0.258786781567,2.3104758861,1.22680954258,0.00905934403817,7495.29614216,6.0,
10.8117916739,0.999294390055,0.00951378462236,0.618978361341,0.259250530262,2.32286138122,1.20946511587,0.00951378462236,7661.23078964,6.0,
12.7871793953,0.999193125122,0.00870799017917,0.617875787179,0.259683398012,2.34230655564,1.2528190609,0.00870799017917,7923.81190296,6.0,
10.7499671481,0.999290517044,0.00797481835223,0.614502875587,0.259585202911,2.381753585,1.22410236194,0.00797481835223,7575.79849934,6.0,
12.182126359,0.999207916239,0.00805728797245,0.615349494059,0.260254283892,2.36605830204,1.23299488981,0.00805728797245,7689.73903132,6.0,
12.8611421251,0.999153837843,0.00841496325761,0.61412674361,0.257944952909,2.38921894989,1.29415135033,0.00841496325761,7599.49168035,6.0,
12.1643711686,0.999177897753,0.00868943891228,0.611399334179,0.257421764253,2.37823772372,1.2898001961,0.00868943891228,7398.16354713,6.0,
13.2326755601,0.999153872545,0.0084814952244,0.617319791581,0.259017318664,2.34169586996,1.27473242929,0.0084814952244,7819.37567724,6.0,
13.0535646842,0.999136489232,0.00836441008875,0.613750614203,0.25909459494,2.37174080774,1.27283161355,0.00836441008875,7558.26559778,6.0,
13.2139485966,0.999136670726,0.00876724568393,0.616101140542,0.259410799208,2.34917642087,1.27037300465,0.00876724568393,7652.71998883,6.0,
11.300043098,0.999266792519,0.00818879810706,0.616481764862,0.259304863308,2.36231349741,1.22894238925,0.00818879810706,7705.72158963,6.0,
11.7412152172,0.999247615012,0.00839666063155,0.616262204957,0.259264259643,2.37421610535,1.24782649049,0.00839666063155,7802.52773433,6.0,
9.24842885197,0.999379662209,0.0086640031975,0.613980676884,0.258554856169,2.3688187698,1.21051637679,0.0086640031975,7454.20103996,6.0,
11.7268904088,0.999232925349,0.00887617822534,0.61670700968,0.258744949824,2.3560831182,1.23944718746,0.00887617822534,7643.79453372,6.0,
9.84996604538,0.999382097135,0.00849266722709,0.620701075906,0.260820256023,2.34720308573,1.16205361614,0.00849266722709,7970.4129547,6.0,
12.1540395895,0.99919520761,0.00873347572607,0.613280507042,0.257909326439,2.3708114527,1.27776583163,0.00873347572607,7550.97927374,6.0,
10.7627453899,0.999290632196,0.0089266956997,0.619027853554,0.25620861004,2.33375792114,1.22882063044,0.0089266956997,7585.89361317,7.0,
11.9310610843,0.999233927801,0.00742043310541,0.615354332758,0.259085678439,2.37501718148,1.25253373178,0.00742043310541,7786.91102635,7.0,
13.3568957294,0.999115971892,0.00734212688443,0.610654193835,0.257022863109,2.37570583572,1.30709591929,0.00734212688443,7554.33896827,7.0,
15.9196617035,0.998949601027,0.0075415161794,0.609857267226,0.257147234879,2.3886010702,1.35918617335,0.0075415161794,7577.6881722,7.0,
13.3065036661,0.999127275906,0.00805694962504,0.61701945374,0.257722891336,2.36500487919,1.28203703857,0.00805694962504,7623.33991477,7.0,
12.0632681717,0.999204552226,0.00768505023162,0.613960634606,0.258027445448,2.38911157273,1.26661640096,0.00768505023162,7582.4910156,7.0,
13.1706649501,0.999142172285,0.00819258121892,0.617751825978,0.259491753501,2.34637945938,1.25374488728,0.00819258121892,7676.51067705,7.0,
13.4553379519,0.999130586039,0.00676343819745,0.601064767126,0.259348326965,2.40677428474,1.32798927052,0.00676343819745,7737.93206987,7.0,
11.3618184608,0.999261197664,0.00822039003872,0.618057691943,0.259613142439,2.35161080158,1.21379283727,0.00822039003872,7689.10897368,7.0,
11.5358839276,0.99924679882,0.00769142503062,0.614467670436,0.258141454004,2.34383719413,1.23588585732,0.00769142503062,7657.67271764,7.0,
10.9827557371,0.999299156939,0.0075645579374,0.613445606351,0.258815994338,2.39207777163,1.23898220667,0.0075645579374,7835.14862344,7.0,
9.69574588524,0.999355051161,0.00818987351116,0.619902341756,0.259445815228,2.35519218926,1.17874054531,0.00818987351116,7516.45952122,7.0,
13.1683377488,0.999149502344,0.0064002244559,0.604505000591,0.260074751914,2.42313110942,1.29865642606,0.0064002244559,7741.33649274,7.0,
11.2377568077,0.999259249273,0.00711641550996,0.610572732748,0.260231711061,2.39129688745,1.24961197996,0.00711641550996,7585.15082916,7.0,
12.4179313501,0.999187381903,0.00691288842593,0.607466826682,0.260098518361,2.39069605589,1.27910609741,0.00691288842593,7640.47634233,7.0,
12.8313796789,0.999167199975,0.00794853507053,0.613518679971,0.258701012122,2.38667887688,1.27011386516,0.00794853507053,7703.51250349,7.0,
11.0164333033,0.999262887127,0.00778110383715,0.613413281237,0.258392025625,2.38002670935,1.23958456815,0.00778110383715,7472.46461402,7.0,
12.7242379048,0.999166824217,0.00647998264312,0.602515170343,0.259676505228,2.4230740645,1.31178524136,0.00647998264312,7635.74399383,7.0,
11.3610029066,0.999246352269,0.00668851139306,0.605916183539,0.259580615582,2.42760165417,1.27267677311,0.00668851139306,7537.09550297,7.0,
12.6293078494,0.999178444046,0.00789776303371,0.614531822666,0.259254226718,2.3734526706,1.27586455643,0.00789776303371,7685.96540797,7.0,
13.7736076536,0.999085146598,0.00736807032828,0.609141183382,0.257574772261,2.40222490435,1.32005565067,0.00736807032828,7527.54229873,7.0,
12.2638467328,0.999192289486,0.00735132418611,0.609596799936,0.257694380695,2.37887291989,1.27657489269,0.00735132418611,7591.52026501,7.0,
12.0232687966,0.999214054137,0.00764263665854,0.612434842864,0.260129111356,2.37345028203,1.24490657654,0.00764263665854,7648.71050556,7.0,
11.8065284773,0.999192523011,0.00732202265751,0.603974322691,0.257466828519,2.41916866752,1.30995656197,0.00732202265751,7310.54508214,7.0,
10.6635363167,0.999299662412,0.00739613869949,0.611979833885,0.260678161912,2.36493745344,1.2225011188,0.00739613869949,7612.93809284,7.0,
10.3489745152,0.999291229092,0.00686305095702,0.601647378197,0.257734912454,2.41077694635,1.28461419,0.00686305095702,7300.41514624,7.0,
11.5600822262,0.999244723077,0.00758766416673,0.611702479554,0.26037181598,2.3722225752,1.24368117756,0.00758766416673,7652.65320211,7.0,
12.7814457043,0.999131057035,0.00822691040531,0.607257635245,0.257928817345,2.36377163863,1.30864202636,0.00822691040531,7354.38560987,7.0,
14.0350941035,0.999074182051,0.00649739358364,0.603856736398,0.258518039706,2.44439816263,1.35112665948,0.00649739358364,7579.61495704,7.0,
12.7681519403,0.999144490338,0.00855193399669,0.606739110145,0.257620310559,2.34393069861,1.32600115602,0.00855193399669,7462.0950031,7.0,
11.979810093,0.9991913441,0.00657859497602,0.602599055617,0.258273335432,2.44210576983,1.30673385915,0.00657859497602,7407.03211504,7.0,
10.6226428185,0.999270206981,0.00799125177829,0.606853513857,0.257862534408,2.37410004636,1.27198849127,0.00799125177829,7277.64845734,7.0,
12.7422991003,0.999158314794,0.00704117611443,0.601421681913,0.256631728444,2.40133483271,1.34283741202,0.00704117611443,7569.31727114,7.0,
13.6517578755,0.999145356963,0.00744693183255,0.608429392193,0.260089573927,2.38798315275,1.30123955057,0.00744693183255,7986.65945772,7.0,
11.6784179994,0.999227762191,0.0089181364804,0.618137708945,0.256179886246,2.33529855644,1.24664657876,0.0089181364804,7561.25255213,7.0,
12.2692583373,0.999210939428,0.00780577491963,0.615420103118,0.259713907328,2.35324240074,1.23847311703,0.00780577491963,7774.40867136,7.0,
11.897721686,0.999212165774,0.00736608902501,0.608318744998,0.2581071696,2.40093818843,1.2774428262,0.00736608902501,7550.74547201,7.0,
13.0455851177,0.999127226001,0.00800634015312,0.61061743072,0.25755392278,2.36063404431,1.29624192601,0.00800634015312,7473.46848842,7.0,
14.2699452407,0.999069333515,0.00710601953066,0.602139590959,0.258522875173,2.40730866224,1.34807855419,0.00710601953066,7666.37510502,7.0,
9.80322536773,0.999337824956,0.00693453336091,0.604387834079,0.258994465504,2.41543042041,1.25545318627,0.00693453336091,7402.1026619,7.0,
12.7530161723,0.999160566458,0.0071450788557,0.607266247974,0.258602254021,2.40758120683,1.30255822138,0.0071450788557,7595.97138698,7.0,
10.4567076236,0.999317615765,0.00740786239872,0.611336284323,0.260351539861,2.37809178403,1.22648699662,0.00740786239872,7661.59623559,7.0,
11.8325301847,0.999208989214,0.00661144917715,0.606322338819,0.25944587125,2.42039927658,1.2879926522,0.00661144917715,7479.13317626,7.0,
12.6664410683,0.999164656293,0.00712023023471,0.608140861983,0.259648980766,2.40594234286,1.29068880563,0.00712023023471,7581.34992034,7.0,
12.392940011,0.999112939277,0.00595130163932,0.591174560958,0.253835806045,2.4897912217,1.39887540812,0.00595130163932,6985.09901403,7.0,
12.0987087134,0.99920207983,0.00712533490968,0.61301256969,0.258309216796,2.4086268496,1.25629952482,0.00712533490968,7581.17600826,7.0,
12.2334833034,0.99917437453,0.00792324703022,0.612092244143,0.257785004741,2.37247939324,1.274540372,0.00792324703022,7408.39074963,7.0,
14.0910613416,0.999053777076,0.00762989804121,0.609358764967,0.257059767745,2.38055444813,1.32575534108,0.00762989804121,7445.8293928,7.0,
12.0634335799,0.999200373407,0.00759319380125,0.613597259768,0.258290423286,2.3671194744,1.2610798214,0.00759319380125,7542.97582962,7.0,
12.3813862492,0.999206077272,0.00734637197484,0.611757664541,0.260380584807,2.36950888414,1.25239543216,0.00734637197484,7797.50684744,7.0,
