41.3506074748,0.99721101386,0.00640883661675,0.576177604281,0.252471039731,2.44713001455,1.72944234405,0.00640883661675,7412.23270526,1.0,
44.14108036,0.997082186931,0.00731061130019,0.581568374843,0.253902848721,2.39041718045,1.70843917376,0.00731061130019,7563.17529084,1.0,
47.4851700339,0.996964272957,0.00658462625852,0.583019994202,0.25566610726,2.42213112747,1.71215589556,0.00658462625852,7820.05160463,1.0,
40.5140300095,0.997325775937,0.00711387785537,0.582727229089,0.25499966812,2.39252734743,1.63888724795,0.00711387785537,7574.00379008,1.0,
40.2374886775,0.997382313996,0.00672787871606,0.582490298595,0.254445383283,2.40936933843,1.6532495471,0.00672787871606,7684.62699033,1.0,
42.5885884334,0.99720515096,0.00738737609514,0.585016763313,0.254104503827,2.37625046461,1.6723057459,0.00738737609514,7618.17726243,1.0,
46.0129149929,0.99694794323,0.00705865699576,0.58147149398,0.253121293948,2.39931445629,1.73531771818,0.00705865699576,7537.05951119,1.0,
40.0306272645,0.997398376262,0.00735833319601,0.588453530117,0.255243541431,2.36590873605,1.60995835302,0.00735833319601,7692.46390203,1.0,
44.7585213847,0.997133402651,0.00815051328609,0.591148290384,0.257159735517,2.39771240548,1.67333707467,0.00815051328609,7806.16350534,1.0,
43.4298081089,0.997067695396,0.00926413638031,0.596374832443,0.256632783816,2.34733991813,1.66837734326,0.00926413638031,7404.73344206,1.0,
48.9605633664,0.996787006317,0.00883136392692,0.595406515356,0.258517596734,2.35286026746,1.73119486452,0.00883136392692,7618.44218678,1.0,
40.3721250788,0.997403692993,0.0083154264508,0.598668921776,0.258707104006,2.37924409296,1.59114091052,0.0083154264508,7774.20305909,1.0,
33.9408376654,0.997674873546,0.00894427470927,0.595863076697,0.258025129174,2.34016026535,1.52627303875,0.00894427470927,7298.08053071,1.0,
40.8402621889,0.997248733286,0.00868332925296,0.592207205808,0.256435953085,2.37839766552,1.68088128151,0.00868332925296,7421.42526961,1.0,
44.0016269888,0.997098070391,0.00858388463584,0.594042986088,0.257660677974,2.38248078572,1.6615395597,0.00858388463584,7580.79149931,1.0,
43.2969119211,0.997206592599,0.00893725459843,0.597653168815,0.258923299317,2.35305998221,1.62270350898,0.00893725459843,7749.18220887,1.0,
39.7411266344,0.997449246047,0.00830205118753,0.600077694393,0.260367607301,2.36654562376,1.57818161232,0.00830205118753,7789.33538212,1.0,
38.3912403513,0.997601933281,0.00911223025442,0.602871509156,0.25950824641,2.3544033874,1.53763980781,0.00911223025442,8003.95466981,1.0,
36.9287915485,0.99762186198,0.00791289970572,0.597694731129,0.260527767691,2.3856772685,1.54974007561,0.00791289970572,7763.49659665,1.0,
45.4395528119,0.997075582057,0.00835577593311,0.598927205927,0.258572410154,2.36263150847,1.67370628544,0.00835577593311,7768.24567707,1.0,
36.4708446558,0.99764993936,0.00890290185889,0.603033745363,0.260897147687,2.33095662523,1.5119107396,0.00890290185889,7758.81841467,1.0,
38.6914948606,0.997493285783,0.00916807864294,0.603071543335,0.259774014391,2.32430116829,1.5422057144,0.00916807864294,7716.88370586,1.0,
38.1234345463,0.997639964509,0.0090366401329,0.598632332383,0.260337315275,2.34115111385,1.5564990942,0.0090366401329,8076.21545344,1.0,
40.6731844675,0.997298483824,0.00874785469569,0.59977808882,0.260058291512,2.33333329155,1.56914087114,0.00874785469569,7527.13690072,1.0,
41.1667405088,0.997343902034,0.00886714596718,0.596308635808,0.257168380751,2.35785423067,1.65111550882,0.00886714596718,7748.81639982,1.0,
47.9529896227,0.996926304786,0.00868618801192,0.594230372703,0.257317325449,2.37790827143,1.73485989682,0.00868618801192,7799.8258287,1.0,
41.3524830655,0.997356504082,0.00854587770274,0.602352478552,0.259810228455,2.36767748981,1.58209770794,0.00854587770274,7820.86589688,1.0,
38.4840820928,0.997415807671,0.00837458197688,0.596516497714,0.257778765858,2.37626727711,1.58948930766,0.00837458197688,7445.3952481,1.0,
40.9263079907,0.997225775012,0.0084698172102,0.593203641961,0.257058263908,2.40920644011,1.66300655718,0.0084698172102,7375.52442982,1.0,
38.1200722669,0.997557568607,0.00962181005778,0.598263360442,0.257749610728,2.33729335282,1.60933561752,0.00962181005778,7803.05820276,1.0,
42.2617113658,0.997150254326,0.00860183924009,0.594709027806,0.257204988914,2.39442408597,1.68382266068,0.00860183924009,7414.33319745,1.0,
39.8560668715,0.997309145676,0.00873920678293,0.597572955698,0.259141416657,2.34893272741,1.5908898472,0.00873920678293,7405.17981795,1.0,
46.4048002324,0.997010275638,0.00889733913604,0.599769652375,0.259330575243,2.34459314019,1.65185639178,0.00889733913604,7760.0345628,1.0,
41.432075063,0.997228155331,0.00864797691896,0.598354293637,0.257842750027,2.38711259003,1.63147349559,0.00864797691896,7473.12826238,1.0,
42.4291213768,0.997187128784,0.0100522459114,0.601705782758,0.259239687698,2.3008957281,1.60260613579,0.0100522459114,7541.34402432,1.0,
43.0436136382,0.99714465375,0.00926719957781,0.599394946225,0.258549805324,2.35134994866,1.61950368226,0.00926719957781,7536.77674059,1.0,
50.7358198448,0.996829722163,0.00831247403931,0.597340917721,0.259962820331,2.39102711919,1.70871977394,0.00831247403931,8001.13801953,1.0,
41.1876575299,0.997251698657,0.00838598037081,0.591851751635,0.257551253925,2.40321901677,1.64785660838,0.00838598037081,7492.60550385,1.0,
33.9164869841,0.997802421628,0.00870436538778,0.594805349066,0.258334688883,2.41163761447,1.52164805844,0.00870436538778,7716.17263183,1.0,
44.3660060255,0.997039460037,0.00911251907597,0.595599189505,0.257478292115,2.3689689532,1.68774614052,0.00911251907597,7492.29084418,1.0,
38.8314331285,0.997507149281,0.00914488173861,0.593222900626,0.258266875881,2.33886901265,1.60466387051,0.00914488173861,7787.89061367,1.0,
48.5521497913,0.99683781675,0.00849344420854,0.596077803649,0.259891529136,2.35608602583,1.68617822543,0.00849344420854,7676.32069971,1.0,
40.3626905128,0.99736997634,0.00866340458914,0.599957584742,0.257827349237,2.37384573289,1.61980397369,0.00866340458914,7672.84391336,1.0,
41.3376334082,0.997249010613,0.00876795538362,0.596909666559,0.2573778865,2.38428906928,1.66072237319,0.00876795538362,7512.64675034,1.0,
41.7717514375,0.997165742023,0.0091920472325,0.594055093234,0.258495068157,2.34929259079,1.63821528434,0.0091920472325,7368.50744896,1.0,
42.609192856,0.997041966855,0.0081335340907,0.586852996594,0.256595473462,2.40805039551,1.71784912571,0.0081335340907,7201.64424654,1.0,
40.1820676788,0.997314078102,0.00908726039826,0.597439410418,0.258216691854,2.37196883178,1.61160749449,0.00908726039826,7479.56597916,1.0,
40.4979521109,0.997380176688,0.00874848749551,0.599599217938,0.259872849599,2.37115841899,1.59230269376,0.00874848749551,7728.52885607,1.0,
39.8001019022,0.997406583245,0.00889735047758,0.601660129705,0.259280720939,2.35406638215,1.56803570022,0.00889735047758,7672.68974806,1.0,
42.0777040997,0.997313526332,0.008910151539,0.603542567269,0.260778941833,2.32617846494,1.58655038989,0.008910151539,7830.68505747,1.0,
51.1731721605,0.996815639173,0.00786202666698,0.597671690617,0.258254834729,2.37545673479,1.67737131774,0.00786202666698,8034.39226195,2.0,
45.3057828253,0.997128519796,0.00771326186921,0.597401258998,0.257351216491,2.38057242556,1.61920831364,0.00771326186921,7888.17101725,2.0,
42.9082634294,0.997162630953,0.00836846997691,0.589791616945,0.25629107486,2.34705598548,1.68023885476,0.00836846997691,7560.61558528,2.0,
46.9053343573,0.997036261368,0.00803645051339,0.597363641759,0.256633975932,2.37934833428,1.67713256144,0.00803645051339,7912.51387618,2.0,
42.8240784499,0.997308148111,0.00792635621368,0.599779540455,0.259101247303,2.35361529183,1.58673007246,0.00792635621368,7953.6635478,2.0,
46.5187091407,0.996997048635,0.00799226347049,0.594630687141,0.256329834364,2.38554429393,1.67050399732,0.00799226347049,7744.81946694,2.0,
43.7794556356,0.997172654645,0.00747711434051,0.592544953633,0.255998473453,2.42019224817,1.67189222984,0.00747711434051,7741.48028965,2.0,
56.3787561043,0.996385129738,0.00771302270325,0.593663450606,0.256113982895,2.37255776704,1.81950023629,0.00771302270325,7797.40022234,2.0,
52.6283278198,0.996699757862,0.00684586970897,0.5937494079,0.257191611029,2.44022686404,1.74965540328,0.00684586970897,7972.61504471,2.0,
49.7229516186,0.996793606659,0.00679067162938,0.586926678783,0.255751037436,2.44218770753,1.77894858617,0.00679067162938,7752.926552,2.0,
54.6352345227,0.996427834114,0.00821102331446,0.592716854114,0.255773279677,2.38741783187,1.79941517013,0.00821102331446,7646.70787345,2.0,
45.0952637642,0.997047761258,0.00782430578062,0.59166262134,0.255309794845,2.41031735394,1.69656535523,0.00782430578062,7636.80568784,2.0,
41.7425000985,0.997250380905,0.00878057661618,0.596192086467,0.256365546856,2.3390031239,1.60719665643,0.00878057661618,7589.90963232,2.0,
41.4959854482,0.99725786032,0.00817376945482,0.591318685914,0.254931374154,2.39224954519,1.6713014926,0.00817376945482,7565.65029396,2.0,
48.0662561043,0.997004324642,0.00828735086636,0.599067988816,0.25957440823,2.36176873112,1.64719202899,0.00828735086636,8021.89021426,2.0,
47.1293246889,0.996997111372,0.00832920730744,0.595960677727,0.258238843934,2.34173323282,1.6445804781,0.00832920730744,7846.58532842,2.0,
50.2505685846,0.996796153351,0.00805880318784,0.59646824555,0.257363359166,2.36530619358,1.68936328371,0.00805880318784,7841.48159109,2.0,
48.0627486019,0.996919711454,0.00822735497572,0.592557312752,0.256335648911,2.37721725463,1.72960233538,0.00822735497572,7800.88249795,2.0,
46.4500703962,0.997089441562,0.00775485481334,0.597781452901,0.257640323659,2.37262113439,1.6574880868,0.00775485481334,7978.80510099,2.0,
43.052767604,0.997176738402,0.00855625814491,0.593946108537,0.256450744076,2.34819265539,1.6461976213,0.00855625814491,7623.98101856,2.0,
48.6284016619,0.996689110443,0.0070318120412,0.580845679034,0.252763026277,2.45635229213,1.83334317895,0.0070318120412,7342.93356599,2.0,
45.5393455616,0.997054790697,0.00707334948933,0.590321703466,0.256278002404,2.42828294763,1.68776337035,0.00707334948933,7730.34643955,2.0,
37.7257748503,0.997540859582,0.0079917418202,0.595973222436,0.257149995519,2.37609476345,1.56653670447,0.0079917418202,7669.73515137,2.0,
45.1336493778,0.997178096715,0.00888856532733,0.599155257398,0.259895591779,2.31586568733,1.64065945967,0.00888856532733,7996.20531311,2.0,
46.6213645046,0.996989653437,0.0086104343226,0.59665685286,0.256828884895,2.34835907867,1.67414195416,0.0086104343226,7742.65833677,2.0,
49.5771158239,0.996857074661,0.00743246345767,0.5935861611,0.256432154737,2.41279918581,1.725420408,0.00743246345767,7886.30236568,2.0,
49.2677738067,0.996821289322,0.00793926003963,0.593411164889,0.256309477748,2.3978083455,1.70928589713,0.00793926003963,7749.04305961,2.0,
43.9610458018,0.997144431274,0.00780117272092,0.591533304614,0.25748632363,2.38619126489,1.64151602867,0.00780117272092,7696.78914098,2.0,
45.6946922259,0.996956576396,0.00703169612969,0.582331537985,0.253501961885,2.42128369535,1.7379932656,0.00703169612969,7506.25672258,2.0,
40.7863057262,0.997228869157,0.00618312930353,0.57797992252,0.253454958153,2.45481800334,1.70233735035,0.00618312930353,7358.18998748,2.0,
45.0069928521,0.997065723185,0.00620926997991,0.579684464345,0.254239876247,2.44728019208,1.70434831837,0.00620926997991,7668.09808102,2.0,
44.3254962193,0.997114608359,0.0060116708823,0.5785097424,0.25327177395,2.47738819008,1.7472826087,0.0060116708823,7680.00356446,2.0,
49.3980535208,0.9966999916,0.00724465687178,0.577534696156,0.253044556245,2.40341331528,1.83646916352,0.00724465687178,7483.61652795,2.0,
45.3021645597,0.997041139446,0.00619741903911,0.580672756311,0.253561661821,2.45936024057,1.74259363185,0.00619741903911,7654.33612758,2.0,
44.0064218061,0.997128607411,0.00688355394131,0.583340288034,0.253376407707,2.4272509356,1.71290908554,0.00688355394131,7661.97713039,2.0,
35.45778444,0.997597410248,0.00746408314033,0.579858525379,0.254066537318,2.40306690047,1.64687450772,0.00746408314033,7378.17083642,2.0,
56.5552930057,0.996219723092,0.00674384221345,0.576537273736,0.251159940684,2.43800985528,1.936643431,0.00674384221345,7479.33223361,2.0,
45.0669206837,0.996962929814,0.00782058474952,0.577225137046,0.25246281158,2.36505425123,1.78099401386,0.00782058474952,7418.51113895,2.0,
48.6667774299,0.996853008727,0.0072146357284,0.584604926756,0.254736962835,2.37888719684,1.73911812776,0.0072146357284,7731.26036546,2.0,
48.1412821952,0.996820591228,0.00715339303165,0.578869024688,0.253747138929,2.40551993441,1.76384048125,0.00715339303165,7569.80726613,2.0,
43.2884102276,0.997067633287,0.00774080072977,0.575490126604,0.253234470753,2.40103975828,1.77054042612,0.00774080072977,7380.10960723,2.0,
48.8259761933,0.99683610929,0.00663361419019,0.578947623747,0.253167318859,2.43459210465,1.79913703135,0.00663361419019,7715.11622355,2.0,
39.8270936712,0.997308963087,0.00711452537738,0.576728497623,0.252292474716,2.43047767407,1.71528680293,0.00711452537738,7399.0516222,2.0,
42.7962990312,0.997087839967,0.00683184439123,0.570710682442,0.252367526676,2.43623335059,1.7791528828,0.00683184439123,7346.89881634,2.0,
45.721501851,0.996893003848,0.00817523475524,0.58025933085,0.253126671442,2.36827423756,1.76217410996,0.00817523475524,7356.8295198,2.0,
37.4468951835,0.997556783648,0.00660348662293,0.582370181236,0.25441128541,2.4260222846,1.64511706443,0.00660348662293,7662.38175622,2.0,
46.2901332112,0.997083779427,0.00744676644928,0.584187973177,0.256258562748,2.41250800075,1.72512750079,0.00744676644928,7935.74473571,2.0,
44.4512937146,0.997013797596,0.00716596828008,0.578282284223,0.253674312304,2.41521301668,1.76507364524,0.00716596828008,7441.77023229,2.0,
39.4144710933,0.997418860343,0.00712082697253,0.582795139502,0.254930095119,2.40833046636,1.64782214871,0.00712082697253,7634.11860761,2.0,
46.7899756813,0.996885050237,0.00694617056395,0.577129119886,0.252502710158,2.43314571226,1.81094193053,0.00694617056395,7509.61279495,2.0,
50.9457604757,0.996873408018,0.00727733846678,0.599750638836,0.25655161044,2.38281523342,1.6997430293,0.00727733846678,8147.29822439,3.0,
54.437317856,0.996509124839,0.0076108175963,0.595021737678,0.253180781552,2.37963465482,1.81647763075,0.0076108175963,7797.08537315,3.0,
43.2349411232,0.997234038683,0.00756419227964,0.5960351008,0.25641362554,2.3637925041,1.62754017013,0.00756419227964,7815.00314998,3.0,
49.2129533908,0.99681326765,0.00783407345243,0.593457151412,0.254117013121,2.36055091218,1.75818417218,0.00783407345243,7720.97542485,3.0,
44.3884121968,0.997222615226,0.00751610726064,0.601862010828,0.255521611767,2.36038204368,1.60021611137,0.00751610726064,7990.50620704,3.0,
52.5806060964,0.996662781127,0.00776664962805,0.599308966674,0.254542296663,2.34485384724,1.72923558601,0.00776664962805,7877.27888826,3.0,
43.5521891738,0.997243261645,0.00770981206572,0.600660446349,0.256051517664,2.3372648856,1.61377845384,0.00770981206572,7898.68040067,3.0,
46.4530954631,0.997068682591,0.00752097808891,0.597842534418,0.255495080935,2.35415061198,1.61878741336,0.00752097808891,7923.02561092,3.0,
54.3923135239,0.996598933081,0.00894899857008,0.603571117209,0.256358398009,2.28365366961,1.69188622401,0.00894899857008,7995.79334714,3.0,
48.917112181,0.996992920031,0.00850815153336,0.606935867164,0.257342772917,2.30482906926,1.60752648472,0.00850815153336,8133.11175984,3.0,
49.0541115312,0.996969576007,0.0077871328991,0.600832262408,0.256363383664,2.34762451024,1.68156309074,0.0077871328991,8093.00629824,3.0,
53.8998823448,0.996610262843,0.00702892461335,0.594310673441,0.255514264132,2.37881927459,1.75583599165,0.00702892461335,7949.7789808,3.0,
49.1416120235,0.996859198322,0.00771163971383,0.595635516543,0.254178724796,2.36798646544,1.69467007325,0.00771163971383,7822.52325857,3.0,
45.6443687973,0.997083439642,0.00771600001524,0.595355921632,0.254355838962,2.36008748683,1.67436840343,0.00771600001524,7824.4378043,3.0,
46.6273038752,0.997166759818,0.00942703134449,0.611002074271,0.260651044572,2.26740843664,1.53023097826,0.00942703134449,8228.03041599,3.0,
49.1722442108,0.996858972581,0.00907357378788,0.601427482271,0.258125089136,2.31679752059,1.63380198488,0.00907357378788,7826.82575456,3.0,
54.0098456207,0.9965968796,0.00870747295784,0.602252969603,0.257383567809,2.34034140367,1.72976724953,0.00870747295784,7934.74633078,3.0,
43.044396365,0.997257841106,0.00886392449702,0.601340371291,0.258216238989,2.32403705131,1.61603310098,0.00886392449702,7848.10696779,3.0,
46.475317029,0.99713524779,0.00816061254045,0.606696003048,0.257294733681,2.36675663894,1.63189193447,0.00816061254045,8111.04235559,3.0,
49.346501851,0.996918860944,0.00817731488592,0.604388368021,0.258771188151,2.3515776797,1.65261204316,0.00817731488592,8007.337803,3.0,
49.8412861334,0.996852034554,0.00819133936758,0.600889704383,0.257528342317,2.364905057,1.70239888548,0.00819133936758,7915.92033433,3.0,
46.0779650087,0.997007941461,0.00830854617049,0.596083321224,0.256522408254,2.38581087188,1.66412895794,0.00830854617049,7699.71876042,3.0,
46.485413713,0.996962381946,0.00860183192141,0.604248837632,0.257740370225,2.3392004182,1.61945199275,0.00860183192141,7651.27398184,3.0,
47.9191329946,0.996877457461,0.00876718906624,0.598768962489,0.256505901745,2.34816510457,1.70582270006,0.00876718906624,7672.77618697,3.0,
54.2933896503,0.996514856023,0.00810398634761,0.596934112554,0.256181477143,2.36058770595,1.78457781979,0.00810398634761,7788.94611026,3.0,
52.2364868856,0.996675547476,0.0095162641885,0.610064276902,0.258108023513,2.30111711847,1.64998326244,0.0095162641885,7856.06506377,3.0,
47.6243846487,0.996990104513,0.00871751039111,0.607221751479,0.257771908951,2.32401051792,1.6474824748,0.00871751039111,7911.04711497,3.0,
49.8443382758,0.996817279169,0.00886523205793,0.603000175811,0.257457717497,2.32205095862,1.68956511894,0.00886523205793,7830.21452336,3.0,
44.8390068722,0.99713076601,0.00845612294186,0.603336915561,0.258454221723,2.3530700071,1.6120899299,0.00845612294186,7813.72434673,3.0,
43.2849027253,0.997284070458,0.00911209424075,0.611357230802,0.258958420451,2.29249259272,1.56013212823,0.00911209424075,7968.77030144,3.0,
41.2860620471,0.997279009276,0.00867010023013,0.59929203644,0.256906439296,2.34018877614,1.60960883349,0.00867010023013,7586.57260549,3.0,
42.0803599559,0.997302577383,0.00881282485769,0.602984510954,0.257731192381,2.33660714933,1.60488047417,0.00881282485769,7800.0981388,3.0,
47.0482189272,0.997026930854,0.00732824788085,0.599167201208,0.257316741435,2.39963125599,1.65657490548,0.00732824788085,7912.38554446,3.0,
47.6338192147,0.996983597902,0.00788055921725,0.604118110928,0.257297916025,2.37328886249,1.64622469675,0.00788055921725,7895.81109281,3.0,
51.3523230742,0.996694949378,0.00690294953921,0.594143754599,0.25632258775,2.4382244624,1.74627589398,0.00690294953921,7768.79318917,3.0,
45.3261460302,0.997084694396,0.00933277195624,0.602694263954,0.258677267917,2.31253134853,1.62410897133,0.00933277195624,7773.85906368,3.0,
50.4138508192,0.996642014808,0.00801309506983,0.588922688473,0.255163648634,2.39837756387,1.81294305293,0.00801309506983,7506.61799428,3.0,
52.1307646109,0.996687493307,0.00824507925945,0.597209930386,0.257113782891,2.35613148357,1.73852985192,0.00824507925945,7868.16739805,3.0,
50.5349224165,0.99688108762,0.00828176233424,0.59908859658,0.259341558682,2.34204546933,1.69838433365,0.00828176233424,8100.74752031,3.0,
54.8186190532,0.996560097425,0.0079136263277,0.594261455802,0.257903085871,2.39698371384,1.78778256931,0.0079136263277,7967.46448615,3.0,
44.9191329946,0.997064180969,0.0079885258754,0.593168128613,0.256852563598,2.39426507129,1.66898038752,0.0079885258754,7649.61578617,3.0,
49.5131143667,0.99682258207,0.00851945633534,0.597989931872,0.256936853511,2.34880172143,1.69671057813,0.00851945633534,7790.79436448,3.0,
44.0711592234,0.99711364026,0.00787005635671,0.591155473758,0.256229480777,2.39264108441,1.69762622086,0.00787005635671,7633.81485701,3.0,
56.7667523236,0.996216621781,0.00733339135443,0.584786310798,0.253637016448,2.413859317,1.9080615942,0.00733339135443,7501.24987681,3.0,
55.3631754096,0.996551715354,0.00772479493182,0.593883574957,0.259477704472,2.39467443837,1.73926827347,0.00772479493182,8027.0724145,3.0,
43.5213182302,0.997261863636,0.00839882375702,0.600658348249,0.258243780756,2.32801158251,1.59181287413,0.00839882375702,7946.68263589,3.0,
50.2662329671,0.996729868855,0.00849560353613,0.596889183556,0.255917350215,2.35953499867,1.72998139178,0.00849560353613,7685.10389949,3.0,
47.151772704,0.997040944229,0.00774538784988,0.595145594527,0.257503570787,2.37377757241,1.68391373267,0.00774538784988,7967.14277717,3.0,
52.9027720345,0.996585487545,0.00761333736921,0.591278722844,0.255760429932,2.41896969402,1.78741581994,0.00761333736921,7746.07006115,3.0,
42.9631355348,0.997249477308,0.00807272986083,0.595172978367,0.257021796351,2.37621406946,1.63107720936,0.00807272986083,7809.31375071,3.0,
46.7106741296,0.996904459062,0.00579154003264,0.56761238942,0.253305064657,2.50794627877,1.85466633192,0.00579154003264,7544.88896777,4.0,
51.340584633,0.99647738264,0.00618096586827,0.571277921884,0.2504017816,2.47389400494,1.88982258192,0.00618096586827,7287.34262226,4.0,
47.0101114524,0.996798692972,0.0071716022753,0.575614362786,0.252913456436,2.39066946777,1.77104993699,0.0071716022753,7342.35705101,4.0,
43.9824821794,0.996999217634,0.00633471142001,0.570929823434,0.250962561129,2.46528571007,1.82640447779,0.00633471142001,7328.63068937,4.0,
45.6508619841,0.997016669868,0.00672667084196,0.58372973053,0.254174786513,2.4009731047,1.72666834042,0.00672667084196,7651.09130115,4.0,
46.3231480388,0.996865811352,0.00592160750065,0.572081472129,0.252117942803,2.47221663206,1.81861413043,0.00592160750065,7390.1301663,4.0,
57.9277626812,0.996053802599,0.00603974314667,0.572264055335,0.250300593681,2.48665567614,1.96926689509,0.00603974314667,7339.94999638,4.0,
44.6372971802,0.996891182808,0.00637918413403,0.570395957758,0.251091713173,2.46142751862,1.82143982357,0.00637918413403,7179.28139957,4.0,
50.2657456089,0.996712434003,0.00739491752911,0.582628486241,0.253143473829,2.40647830142,1.81467342076,0.00739491752911,7644.44673322,4.0,
48.6299252717,0.996686972344,0.00618277377773,0.573616489353,0.251771218495,2.4642276648,1.85568043084,0.00618277377773,7338.82609907,4.0,
51.5386292927,0.996675787395,0.0072417915575,0.581720262525,0.253039049926,2.37615059087,1.8052093179,0.0072417915575,7751.67631836,4.0,
43.8299439784,0.99713011397,0.00774188612492,0.587723537656,0.257012451508,2.40389578114,1.69401533948,0.00774188612492,7636.03932245,4.0,
46.3582132168,0.996871690279,0.00801015776827,0.585318088957,0.255960835128,2.39561692303,1.76379863737,0.00801015776827,7409.37071847,4.0,
46.7252308798,0.996810500962,0.0073430419636,0.582902114459,0.255299819029,2.43731035648,1.78522516934,0.0073430419636,7324.67703079,4.0,
45.7242684704,0.996924819754,0.00682880909925,0.581376849033,0.256024518532,2.43730962645,1.76935649023,0.00682880909925,7434.35924524,4.0,
47.9717455301,0.996890905656,0.00638687076639,0.583092631917,0.25605704778,2.47876056077,1.78949816871,0.00638687076639,7714.68649063,4.0,
55.0232922771,0.996382185815,0.00721436935972,0.582283979787,0.25439882309,2.4548519279,1.90693180923,0.00721436935972,7604.57096558,4.0,
46.8041238382,0.996899946821,0.00727204666863,0.5866984216,0.257176438369,2.44499456505,1.72135662807,0.00727204666863,7548.98440457,4.0,
47.3970714201,0.996762716181,0.00761854279717,0.579112632496,0.254060650449,2.42567298241,1.84326510318,0.00761854279717,7320.4232948,4.0,
50.4284567974,0.996472279087,0.00757740489601,0.57621404409,0.252838407223,2.43503707251,1.88080891619,0.00757740489601,7147.61593864,4.0,
43.9590077583,0.997100285096,0.00862869604511,0.59082217661,0.257524367463,2.3566311983,1.66084298204,0.00862869604511,7580.12185133,4.0,
45.2347614406,0.997081109184,0.00801014937117,0.594403840045,0.258939786562,2.37514755782,1.68858055687,0.00801014937117,7748.70002939,4.0,
44.4095581285,0.997114097717,0.00795370717544,0.593934544877,0.257382032356,2.38297107949,1.68122341682,0.00795370717544,7694.27445686,4.0,
40.8695406033,0.997206147567,0.00803521922919,0.581376769706,0.254090598,2.41805892618,1.74263547574,0.00803521922919,7314.22348069,4.0,
51.3346181868,0.996461675229,0.00730157175288,0.577661942823,0.253191644897,2.44432983882,1.90368029301,0.00730157175288,7254.12282701,4.0,
54.0827745944,0.996425663405,0.00802291245781,0.585393395343,0.252888448488,2.35390919669,1.83766294502,0.00802291245781,7565.59834396,4.0,
54.0069067029,0.996569120844,0.00691791881,0.59443117825,0.254105238096,2.39907834322,1.77924641619,0.00691791881,7870.94861061,4.0,
51.5779748543,0.996577068513,0.00692856278547,0.585479707983,0.252503800685,2.41586566337,1.82562667376,0.00692856278547,7534.39664916,4.0,
53.7569091643,0.996434220941,0.00703262293714,0.586542588298,0.25324360955,2.42083960112,1.83039195416,0.00703262293714,7538.14610642,4.0,
53.3185698251,0.996625162928,0.00769064609767,0.596300227428,0.253409334414,2.37436152585,1.76624035129,0.00769064609767,7899.57592501,4.0,
52.8063144888,0.996622120873,0.00722858625982,0.590747940369,0.255830781738,2.37154229055,1.75494988579,0.00722858625982,7816.23676895,4.0,
46.5355402292,0.997124997901,0.00821239634369,0.603966695587,0.25805830489,2.30562429816,1.5709303127,0.00821239634369,8092.89030646,4.0,
52.5354146975,0.996533248463,0.0068192578982,0.584902345796,0.25314491727,2.40607968138,1.8158327426,0.0068192578982,7576.93979465,4.0,
58.1396995117,0.996282183689,0.00700321409156,0.592942690547,0.252395529526,2.39283643885,1.81724066635,0.00700321409156,7819.0102086,4.0,
56.0714053639,0.996542798842,0.00812929037936,0.599383249934,0.255532177546,2.35879537428,1.7761548913,0.00812929037936,8109.63894497,4.0,
45.3105850268,0.997073247467,0.00680935650284,0.591650937555,0.254296378184,2.40908694459,1.70125433207,0.00680935650284,7740.97142313,4.0,
45.8943515674,0.996992847545,0.00740005461702,0.587839523439,0.253544648483,2.37819791884,1.70930804978,0.00740005461702,7631.01954368,4.0,
54.0635879411,0.996541514454,0.00677988879273,0.587481163167,0.253320222102,2.41596896397,1.80234916509,0.00677988879273,7816.20441554,4.0,
46.7259446873,0.996934999939,0.00671893301515,0.585864711714,0.25300705783,2.42156316853,1.7287999173,0.00671893301515,7622.65570006,4.0,
63.7122838886,0.995925630959,0.00724629671802,0.592188251472,0.252419210956,2.39521275005,1.93510505277,0.00724629671802,7818.7912551,4.0,
54.649567285,0.996539496806,0.00726449592877,0.593648497376,0.253263795453,2.37886535308,1.79738943368,0.00726449592877,7896.43258622,4.0,
48.9602409223,0.996915733736,0.00714008310341,0.598665173184,0.253900275921,2.39086048808,1.70419078844,0.00714008310341,7937.43433609,4.0,
59.879568368,0.996184089058,0.00740001258304,0.595048668095,0.253869296402,2.37547774481,1.82053402647,0.00740001258304,7846.27445996,4.0,
47.3348003308,0.99689042103,0.0076410973777,0.585595052519,0.2535669658,2.36939654763,1.77552969439,0.0076410973777,7611.27369687,4.0,
53.5210400914,0.99668715286,0.00745870909177,0.597426632202,0.256603712647,2.36840412836,1.7327061673,0.00745870909177,8077.92436393,4.0,
49.7853826993,0.996854148085,0.00765517299323,0.596202816537,0.25531267199,2.33842458955,1.65766530797,0.00765517299323,7913.04208528,4.0,
54.6653276623,0.996524464685,0.00726620550853,0.595022271832,0.254264375631,2.38145910163,1.78436121613,0.00726620550853,7863.78786906,4.0,
52.8819854679,0.996570218784,0.00732859692404,0.588985056735,0.253601032339,2.37540962388,1.8059280482,0.00732859692404,7709.3508058,4.0,
54.7646872046,0.996443129025,0.00678392817458,0.588727407854,0.25246107144,2.42819424139,1.86064262366,0.00678392817458,7698.54606133,4.0,
45.4273491651,0.997114478915,0.00732358281187,0.59736361554,0.255139843737,2.35874642717,1.63951736767,0.00732358281187,7871.7451743,4.0,
49.4955497795,0.996593715189,0.0053244248605,0.568579823299,0.252794157704,2.52669485137,1.89087114052,0.0053244248605,7265.27038068,5.0,
49.0160778986,0.996694112286,0.00713946106352,0.585130625005,0.252919897295,2.40093727887,1.7720541903,0.00713946106352,7413.46901111,5.0,
50.8834893864,0.996704075558,0.00733869399732,0.595731372061,0.254297618861,2.37183926534,1.74389817659,0.00733869399732,7719.26967059,5.0,
43.5160237476,0.997005070998,0.00648855999076,0.581266781176,0.252370061853,2.45089773344,1.76522132955,0.00648855999076,7265.03561377,5.0,
51.7314483893,0.996591105052,0.00673448583002,0.592374683898,0.253420670454,2.41807974075,1.77813139965,0.00673448583002,7587.81612798,5.0,
45.5671889768,0.996883456917,0.00676922940439,0.570552811361,0.250833654677,2.46259548751,1.8430337311,0.00676922940439,7310.61407245,5.0,
44.2018992202,0.997024258236,0.00702944121084,0.575315152927,0.253473236958,2.44318683319,1.80317619723,0.00702944121084,7427.12095737,5.0,
45.1587212508,0.997072725945,0.00695405131114,0.581219071386,0.254039909371,2.46083823711,1.80375708885,0.00695405131114,7713.69888338,5.0,
40.5098554663,0.997201588129,0.00710870773644,0.569887761837,0.251825490382,2.45067133736,1.78684723535,0.00710870773644,7238.25550058,5.0,
47.7896409302,0.996912120755,0.00694159382813,0.584231264823,0.255634637855,2.43626497944,1.74014699512,0.00694159382813,7738.55244419,5.0,
46.1257679584,0.99691987548,0.00730948509488,0.578908240441,0.25418872281,2.43178325032,1.82650047259,0.00730948509488,7487.71209759,5.0,
47.7600942226,0.996985787337,0.00746310034008,0.582204057126,0.256484365561,2.38181391149,1.72657480703,0.00746310034008,7922.57046688,5.0,
43.8230865036,0.997033894849,0.00675681029602,0.575921344295,0.253166185516,2.46023386671,1.79491818289,0.00675681029602,7387.44593148,5.0,
45.8854535877,0.996929505226,0.00722955895447,0.580147840852,0.254172147909,2.41903419358,1.779342411,0.00722955895447,7472.09291867,5.0,
49.1868723417,0.996632909308,0.0065643647049,0.56919625836,0.251433542066,2.47327448596,1.91670851055,0.0065643647049,7304.13296606,5.0,
48.2436200378,0.996745383866,0.00680882753386,0.573080526393,0.251861903568,2.47951091559,1.88028217549,0.00680882753386,7411.75317217,5.0,
42.6617610862,0.997139249131,0.00686638855563,0.576272378774,0.251980776482,2.46237280377,1.79719744408,0.00686638855563,7456.52879245,5.0,
44.5107563406,0.997064069418,0.00667556898521,0.577514967085,0.255887367917,2.43199440832,1.75693623976,0.00667556898521,7580.48691791,5.0,
45.4133683837,0.996959029672,0.00649549352542,0.576638602585,0.252343156243,2.49251679587,1.82515162256,0.00649549352542,7467.07516755,5.0,
51.5318924267,0.996626102628,0.00621305976305,0.580667114993,0.25459802177,2.478960277,1.84092676827,0.00621305976305,7637.00701799,5.0,
42.0846624921,0.997207655098,0.00661597315047,0.581011101607,0.254135694778,2.46718696426,1.75592706364,0.00661597315047,7535.97455453,5.0,
44.8277705577,0.996931775925,0.00658192370021,0.573323891788,0.253512735402,2.46388792045,1.83457388154,0.00658192370021,7305.10419955,5.0,
48.1744742439,0.996866635693,0.00694683193572,0.584546955396,0.255641523271,2.43125761035,1.7696272448,0.00694683193572,7687.38126264,5.0,
44.2331073763,0.996967807678,0.00617533976123,0.573031485261,0.250949796459,2.51047334875,1.8706162374,0.00617533976123,7294.17557713,5.0,
51.514950575,0.996542922169,0.0060905840147,0.58406121848,0.254471951498,2.48675950102,1.83415544266,0.0060905840147,7450.50814825,5.0,
44.2060393037,0.996984306741,0.00701590270693,0.57841992352,0.253649214246,2.4802870962,1.77965993226,0.00701590270693,7329.1982571,5.0,
39.1685668715,0.997250711022,0.00784075920593,0.579595238091,0.251946579666,2.42263516454,1.72768490076,0.00784075920593,7123.14382271,5.0,
43.9835233538,0.997201303088,0.00813712891081,0.591803756727,0.256987693357,2.4044224758,1.67234266698,0.00813712891081,7857.67618901,5.0,
43.0455926079,0.997064365016,0.00716717839583,0.584383828717,0.25381427317,2.45136113111,1.75475789619,0.00716717839583,7330.91005872,5.0,
41.9890935137,0.997148510992,0.00778005339057,0.586001945263,0.253068814627,2.41243659182,1.72854393116,0.00778005339057,7362.4759572,5.0,
52.0922780797,0.996619326565,0.00778776580797,0.591589977603,0.256654397501,2.41471094925,1.7606726528,0.00778776580797,7704.24602844,5.0,
45.5727197543,0.996894619737,0.00740548302258,0.585785414491,0.254215450287,2.43611892027,1.76568407372,0.00740548302258,7337.52628071,5.0,
40.9000275677,0.997027020215,0.0069600782859,0.565057313031,0.249839716708,2.47608571598,1.85057793793,0.0069600782859,6878.39615855,5.0,
45.0109901741,0.996923767799,0.00807820927909,0.584908395047,0.253334146042,2.39489915229,1.77874675095,0.00807820927909,7315.6931303,5.0,
42.4729171589,0.997013258525,0.00771211340491,0.577325419672,0.250151759402,2.43765788622,1.80037265674,0.00771211340491,7109.83507204,5.0,
47.1604368502,0.996807735722,0.00629619308763,0.574031688609,0.252714325268,2.46491093228,1.79763065139,0.00629619308763,7386.43097649,5.0,
44.0894917691,0.996976151776,0.00694233581451,0.568393261557,0.251675337159,2.43769723442,1.78344557341,0.00694233581451,7290.06566413,5.0,
40.902513587,0.997221655687,0.00610220825796,0.574182553663,0.252398133864,2.49770126768,1.72411094045,0.00610220825796,7360.76119295,5.0,
43.6422372204,0.996928982815,0.00640058865082,0.563020673329,0.250006963149,2.46491363791,1.85272674464,0.00640058865082,7105.3370486,5.0,
50.803144199,0.996605810411,0.00709352651455,0.575370187578,0.252492866115,2.4312364467,1.83177034105,0.00709352651455,7483.64682926,5.0,
45.4421151347,0.996922498577,0.00749129069703,0.57237517478,0.253207176985,2.39466660021,1.77388793715,0.00749129069703,7382.72264378,5.0,
43.4282746534,0.997016660447,0.00638464643093,0.569743772724,0.252174745682,2.47224898172,1.78146660365,0.00638464643093,7278.23948752,5.0,
42.813083353,0.997062298859,0.00667897585806,0.572998808508,0.252210571979,2.44904140416,1.76046343336,0.00667897585806,7286.58504629,5.0,
43.1706442974,0.997160974283,0.00649662548632,0.575980438868,0.254344837725,2.4876499653,1.75098948488,0.00649662548632,7602.93074444,5.0,
40.8947798519,0.997209511269,0.00741661747123,0.581439006117,0.255297276378,2.4455088975,1.74415170132,0.00741661747123,7327.3725262,5.0,
48.0940502914,0.996764914939,0.00729756311193,0.584492775114,0.255877739723,2.43124601036,1.78105308759,0.00729756311193,7433.11169403,5.0,
47.413114859,0.996814201942,0.00679753917469,0.580016460966,0.253336688308,2.42017170948,1.78886312618,0.00679753917469,7441.01919502,5.0,
50.0773545802,0.996816160132,0.00808477257787,0.599305480092,0.257018763994,2.3626314519,1.70537226292,0.00808477257787,7864.19428506,5.0,
47.2440138626,0.996970385942,0.00865723752938,0.598321813125,0.256854547485,2.33357475002,1.654822385,0.00865723752938,7797.00116544,5.0,
48.1896340383,0.996656312707,0.00772713488799,0.57698407009,0.251806793243,2.42496093432,1.86070169739,0.00772713488799,7206.09382732,5.0,
50.4242920999,0.996443016168,0.00691370210752,0.557503185617,0.245022433123,2.597207157,2.02650933365,0.00691370210752,7087.76534234,6.0,
45.8296264572,0.997004782129,0.00652631167861,0.581042629642,0.257346805539,2.44440222352,1.73075181159,0.00652631167861,7650.22109729,6.0,
57.7565276465,0.996288708551,0.00725793987597,0.589297055573,0.257988514922,2.41992456935,1.80628741336,0.00725793987597,7780.90488078,6.0,
47.8214570534,0.996902846055,0.00725790757197,0.585713286054,0.256454304983,2.43073052416,1.75663348693,0.00725790757197,7719.92558154,6.0,
51.5461439627,0.99659632409,0.00820409777704,0.587898667643,0.255229144114,2.40723585636,1.83133713374,0.00820409777704,7571.87856991,6.0,
44.6407333018,0.99706572997,0.00710850781755,0.588776635897,0.257091305357,2.43680547235,1.71978871298,0.00710850781755,7606.43862204,6.0,
55.1849229088,0.996427672373,0.00808070618716,0.590875490248,0.257365467637,2.38694573113,1.80179534893,0.00808070618716,7723.73408806,6.0,
48.1766033593,0.996992201094,0.00764918654993,0.590798551021,0.259214122097,2.38663947753,1.67844449039,0.00764918654993,8008.43352436,6.0,
50.2218735232,0.996722760743,0.0083080046725,0.594191706838,0.257075777868,2.36395375228,1.73633673992,0.0083080046725,7662.06381389,6.0,
56.0050261894,0.996409654382,0.0079429315969,0.593234866925,0.256491650986,2.40861545752,1.86130966446,0.0079429315969,7799.18269842,6.0,
43.7939311594,0.997122544545,0.00831262170957,0.598664300838,0.259119781914,2.36784729165,1.65408888626,0.00831262170957,7609.5887847,6.0,
45.9883157097,0.996991984066,0.00727371375396,0.589588223994,0.257516593654,2.42582616753,1.71797465737,0.00727371375396,7644.13252862,6.0,
46.593385712,0.996863730745,0.00754645885968,0.590615492879,0.257074469591,2.41735316882,1.72958510555,0.00754645885968,7427.9742519,6.0,
48.0314739879,0.996839621721,0.00823359413181,0.599212758376,0.259640357398,2.3546803222,1.66151494565,0.00823359413181,7598.82561719,6.0,
41.2013134058,0.997417851376,0.00806888624172,0.599294195496,0.259950773654,2.35527330727,1.56884057971,0.00806888624172,7977.86964983,6.0,
48.940835204,0.996786331348,0.00748695782858,0.58945986564,0.257374939808,2.41719991187,1.7492394258,0.00748695782858,7614.23015953,6.0,
56.6327386578,0.99622897559,0.0072637719483,0.586400328047,0.255323658653,2.43936069265,1.91283672023,0.0072637719483,7508.75567026,6.0,
54.9060875473,0.996479722228,0.00690952665141,0.588105555803,0.257658376535,2.43619344179,1.82563405797,0.00690952665141,7798.34903745,6.0,
52.8269213729,0.996603000145,0.00754105639668,0.588636625047,0.25777797098,2.41183551919,1.7892520282,0.00754105639668,7775.31894625,6.0,
41.0989091052,0.997186958982,0.00749551208881,0.587484613057,0.255654589146,2.43785358534,1.72576992754,0.00749551208881,7304.87102885,6.0,
58.6118708648,0.996224177723,0.008073967458,0.591733902102,0.256820475463,2.38510614192,1.86396798204,0.008073967458,7761.34976919,6.0,
61.6544531742,0.996070243839,0.00709184945691,0.588223347101,0.257791867085,2.42324857786,1.90044600662,0.00709184945691,7844.38573149,6.0,
40.1998833294,0.997327839986,0.00729213555456,0.59022489359,0.257067195239,2.43162660427,1.67401396109,0.00729213555456,7521.83622623,6.0,
49.1381955931,0.996737437537,0.00816175203814,0.591445836957,0.258418796514,2.37310736455,1.73991562303,0.00816175203814,7530.53822622,6.0,
57.1307990706,0.996398087022,0.00826441802848,0.59029861981,0.256698043173,2.38510037256,1.85589457309,0.00826441802848,7930.38609047,6.0,
43.3109714674,0.997182285015,0.00819713445872,0.590743570617,0.258099168539,2.37353317353,1.65342676827,0.00819713445872,7685.25340625,6.0,
49.6938159657,0.996815191272,0.00822681666451,0.592547760507,0.258008771616,2.3795251216,1.72173814587,0.00822681666451,7801.51275954,6.0,
44.3234015635,0.997186745378,0.00831843973825,0.591923896138,0.258509608099,2.372329408,1.67361029064,0.00831843973825,7877.4116832,6.0,
54.4398506419,0.996484820481,0.00779217979995,0.586416674939,0.255866848202,2.43633407663,1.83798292769,0.00779217979995,7743.33687787,6.0,
49.9749970463,0.996711577038,0.0076935598316,0.58934427475,0.256909047142,2.4164953443,1.77544108381,0.0076935598316,7598.3444799,6.0,
45.6764852119,0.9970537377,0.00759922459074,0.59266723506,0.25815806128,2.40469914286,1.68595177615,0.00759922459074,7751.44978123,6.0,
50.4340466486,0.996875651798,0.00776998773674,0.595431243251,0.258803116902,2.37904025093,1.75119870432,0.00776998773674,8071.02715056,6.0,
47.4256311043,0.997057763842,0.00797268141572,0.592067335219,0.260694415166,2.33901505086,1.63775992439,0.00797268141572,8059.34109151,6.0,
40.2600351489,0.997445570344,0.00744857002085,0.592820167627,0.258497567455,2.41824078326,1.61715057892,0.00744857002085,7880.28597196,6.0,
41.5417774299,0.997229848611,0.00846046156591,0.593207802084,0.25707865729,2.34758418746,1.66995264256,0.00846046156591,7497.96895398,6.0,
43.6937839674,0.997149331049,0.00890519447382,0.596805562835,0.258459384659,2.35908659584,1.64997095542,0.00890519447382,7663.64322004,6.0,
51.8613785838,0.996728532341,0.00806704229621,0.592429615553,0.258175522541,2.38460079937,1.76658987083,0.00806704229621,7926.18114189,6.0,
42.979521109,0.997164282361,0.00742965394232,0.59155319807,0.258347509292,2.41876073126,1.66207860744,0.00742965394232,7577.97884807,6.0,
49.1658814784,0.996804366309,0.00741819861046,0.589555107662,0.25840206993,2.41044370979,1.70638143904,0.00741819861046,7692.27985729,6.0,
51.9347407648,0.996584109107,0.00780614477487,0.589144704197,0.256003929126,2.4317011765,1.8382241454,0.00780614477487,7601.48011145,6.0,
48.8801714123,0.9966977421,0.00809748964403,0.586001846635,0.255024051983,2.42271223973,1.81379716052,0.00809748964403,7400.65559232,6.0,
53.9075668518,0.996554083958,0.00789427020709,0.592694980356,0.257771125413,2.382509706,1.80975061043,0.00789427020709,7821.57611689,6.0,
53.3772743384,0.996470203915,0.0077790236853,0.590194924653,0.25766356277,2.41263756785,1.7767702426,0.0077790236853,7560.60033644,6.0,
53.7554692423,0.99648901578,0.00812335288887,0.591805010481,0.257931399912,2.38930145103,1.78792533081,0.00812335288887,7654.94134871,6.0,
45.4387036271,0.997052682869,0.00760928977201,0.591898605904,0.257197156303,2.40444517471,1.69854432498,0.00760928977201,7708.09261294,6.0,
47.8217942659,0.996936706476,0.00780645755179,0.592448452563,0.258113248111,2.41343378673,1.73865784499,0.00780645755179,7805.29039853,6.0,
35.8707146936,0.997594636909,0.00808200125541,0.591446844189,0.256710345838,2.40695999589,1.62362407451,0.00808200125541,7456.08943434,6.0,
47.1898112595,0.99691406591,0.00827523074572,0.593024093434,0.257463967471,2.39614987273,1.71156023551,0.00827523074572,7645.70589032,6.0,
39.462754017,0.997525287822,0.00783212992916,0.594704033644,0.259826684031,2.39031801582,1.56632010082,0.00783212992916,7973.03571723,6.0,
49.0238485547,0.996755036329,0.00815886868161,0.589198743064,0.255446062287,2.41314237658,1.79059595542,0.00815886868161,7553.68697761,6.0,
42.588391521,0.99719406741,0.00838018509791,0.595038355562,0.253759420507,2.37391159835,1.69337537413,0.00838018509791,7588.39697741,7.0,
48.0843498937,0.996913660026,0.0069068132847,0.590900096853,0.257302547977,2.41571960802,1.74738352631,0.0069068132847,7789.25339305,7.0,
53.5258201402,0.996458504098,0.00681527306722,0.588210729973,0.255395647284,2.41310339528,1.83003505041,0.00681527306722,7556.39308666,7.0,
64.8390954828,0.995723308645,0.00700147923568,0.584028203842,0.254493425451,2.43396485972,1.96790573803,0.00700147923568,7579.95834555,7.0,
54.005722767,0.996459283268,0.00751781936074,0.593292701024,0.256687333566,2.40360091139,1.81152774496,0.00751781936074,7625.88252149,7.0,
48.0896000709,0.996829986471,0.00717786464762,0.589946887303,0.255713304475,2.43127095211,1.76902666194,0.00717786464762,7584.59298171,7.0,
52.7445972157,0.996565763901,0.00761143583145,0.593426263294,0.258307664533,2.38652844496,1.75247371219,0.00761143583145,7678.67487482,7.0,
53.9106854521,0.996517651037,0.00618224798341,0.572776866512,0.255132017087,2.45717981116,1.87021995117,0.00618224798341,7740.0200798,7.0,
45.9099371849,0.997015528571,0.0076584840446,0.595435790662,0.258382995385,2.38780613838,1.65675212665,0.0076584840446,7690.91549233,7.0,
46.3783450496,0.996972750482,0.00713398626185,0.591404666219,0.257657152374,2.37920906254,1.68299808995,0.00713398626185,7659.63186933,7.0,
44.0421097196,0.997190527165,0.00706957872994,0.590493979002,0.257780574468,2.42900499622,1.69018293163,0.00706957872994,7837.59629623,7.0,
38.0838920723,0.997467363224,0.00769390199231,0.600007544456,0.259516696944,2.38545862753,1.56061702505,0.00769390199231,7518.12944959,7.0,
53.3279527016,0.996556831834,0.00587397602211,0.57876667168,0.257613516489,2.46566050194,1.80070494644,0.00587397602211,7743.50642377,7.0,
45.2539825536,0.997017746338,0.00659781059373,0.587498245792,0.258639567669,2.42982946682,1.70700417454,0.00659781059373,7586.66771052,7.0,
49.8951564469,0.996736174747,0.00636980926002,0.582495631593,0.257966326119,2.43266320342,1.77027951717,0.00636980926002,7643.18403093,7.0,
51.6195233735,0.996650624471,0.00740006146315,0.588648545869,0.256676446799,2.42907033901,1.7771074551,0.00740006146315,7705.30814312,7.0,
43.5351513272,0.997088052367,0.00723448079545,0.590221565294,0.256364029926,2.41953965939,1.68839349008,0.00723448079545,7474.74524622,7.0,
50.4742832388,0.99669596715,0.00594626350148,0.577118175918,0.256038551221,2.46665272474,1.82137090422,0.00594626350148,7637.7528517,7.0,
44.616628761,0.997041091853,0.00617259575056,0.580312282851,0.257442619746,2.47023935466,1.74210135082,0.00617259575056,7538.81745168,7.0,
51.4518056868,0.9966537832,0.00735001473321,0.590070326936,0.257356228992,2.41464504282,1.79846014493,0.00735001473321,7687.50314901,7.0,
55.8321321676,0.996292702421,0.00681240291825,0.583889349945,0.254920583563,2.44588787616,1.86896955734,0.00681240291825,7529.53214707,7.0,
49.3075082703,0.99675361509,0.00677967357003,0.584765752237,0.255530603869,2.42190963724,1.76392170762,0.00677967357003,7593.76193198,7.0,
48.4319372243,0.996835029279,0.00708609873832,0.588097532016,0.258449099309,2.41406694686,1.70925389887,0.00708609873832,7650.80269165,7.0,
46.1247415525,0.996846105198,0.00683579353756,0.582033207272,0.255259431797,2.45655837445,1.79230909342,0.00683579353756,7311.89927351,7.0,
42.1376097787,0.99723353667,0.00686525276575,0.589048974349,0.259381489202,2.40108650386,1.64517121534,0.00686525276575,7615.34665981,7.0,
40.3964068407,0.997233825221,0.00637690587779,0.578307751344,0.255140716241,2.44859916938,1.72711631616,0.00637690587779,7301.37206075,7.0,
46.78755612,0.996944160717,0.00702272802439,0.588192183613,0.258980256661,2.41034616091,1.69942304663,0.00702272802439,7654.94813565,7.0,
51.3836075339,0.996507719144,0.00767139562545,0.584221958829,0.255914364678,2.40281577358,1.81812923362,0.00767139562545,7356.29000769,7.0,
56.8430337311,0.996251571889,0.00598215191715,0.577672721509,0.255796616242,2.48951453395,1.92567294817,0.00598215191715,7581.78729092,7.0,
51.1713014926,0.996572180751,0.00792887237571,0.581140506892,0.2543460437,2.38880008583,1.88140703765,0.00792887237571,7463.66477958,7.0,
47.1758107869,0.996816408528,0.0060711818736,0.577852584688,0.256127891361,2.48381925806,1.7972565178,0.0060711818736,7408.76481507,7.0,
41.9484483302,0.997118988035,0.00746432179736,0.584059852371,0.256111304151,2.41234801405,1.72934388784,0.00746432179736,7279.72792989,7.0,
50.9128268746,0.996637772488,0.0064151461122,0.572066997034,0.252581838871,2.45059242562,1.89980604127,0.0064151461122,7570.86314682,7.0,
55.0775367242,0.996552834466,0.00684797578221,0.581093520666,0.256945137502,2.43523994855,1.84113844912,0.00684797578221,7988.46085728,7.0,
46.3576594006,0.996935459284,0.00830915134348,0.5934524677,0.254783354741,2.37747844729,1.73474174937,0.00830915134348,7563.22363195,7.0,
49.3086183641,0.996829929876,0.00720832662069,0.590611364373,0.257958679841,2.39522453837,1.70981263784,0.00720832662069,7776.79873475,7.0,
47.4467450378,0.99685892241,0.00676460235866,0.581476183516,0.255708313253,2.44693470804,1.76848022999,0.00676460235866,7552.26004495,7.0,
52.4431120038,0.996492692287,0.00736543649027,0.583948563131,0.255827615747,2.40662578809,1.8268401465,0.00736543649027,7475.89993267,7.0,
57.1133920132,0.9962765041,0.00652059533604,0.57321597886,0.25449445962,2.45816821675,1.92289402174,0.00652059533604,7669.0023556,7.0,
37.6492054584,0.997457925664,0.00641291610597,0.578976637195,0.257326156782,2.45675571393,1.68782982829,0.00641291610597,7404.78991821,7.0,
51.4742561634,0.996612775619,0.00667753616093,0.584701929471,0.256351423089,2.44565816337,1.81001151938,0.00667753616093,7597.80194169,7.0,
41.2978300252,0.997305690864,0.00691807304768,0.58830826858,0.25918126298,2.41456235807,1.65156840737,0.00691807304768,7663.28157129,7.0,
46.9756788555,0.996860511692,0.00616493863529,0.58391167464,0.257862813644,2.45768197542,1.76477581522,0.00616493863529,7480.90864304,7.0,
51.4346275402,0.996609106048,0.0066309795236,0.58545810323,0.256962311405,2.44601685594,1.79479511263,0.0066309795236,7583.7385038,7.0,
48.3789505553,0.996537530567,0.00556710168759,0.568678826838,0.250437301101,2.52959289377,1.92999517565,0.00556710168759,6985.54742839,7.0,
48.5889773354,0.996796519449,0.00664208231045,0.59075031275,0.257292865677,2.44531341614,1.72178983538,0.00664208231045,7583.27325475,7.0,
48.6261273236,0.996719497826,0.0073807835822,0.589742407601,0.256834129678,2.4079788704,1.75575968809,0.0073807835822,7410.89349705,7.0,
57.068235074,0.996169060955,0.00711429733486,0.586037360448,0.256081012384,2.41765076207,1.86844281664,0.00711429733486,7448.07286845,7.0,
48.3213684428,0.996797698044,0.00707054926775,0.591140825753,0.257455936342,2.40274942501,1.7372819195,0.00707054926775,7544.39237781,7.0,
50.1715550173,0.996783746664,0.00680855144731,0.587359859224,0.258030039522,2.41000584933,1.72862515753,0.00680855144731,7799.50038428,7.0,
