90.1800500401,0.994890227489,0.316965685576,0.803182737885,0.105985345966,1.34626251164,1.27449999213,0.316965685576,8824.27249359,1.0,
86.8201324962,0.994991191147,0.381207244466,0.836410309932,0.0951703217903,1.16018289808,1.08891721349,0.381207244466,8666.49224189,1.0,
73.6661709862,0.995981859131,0.363544001748,0.834140326477,0.0996999860933,1.20255694352,1.00992462509,0.363544001748,9166.52154393,1.0,
69.7819572299,0.995962696403,0.383853642554,0.838587981329,0.0947326047593,1.158433775,0.975168767408,0.383853642554,8642.14884506,1.0,
81.4603534281,0.995439065503,0.386592625498,0.839130262459,0.0940620844119,1.144398503,1.05358384868,0.386592625498,8929.6879507,1.0,
63.7485971455,0.996416222692,0.346121504465,0.827835598949,0.103010794259,1.22690396951,0.952581472564,0.346121504465,8894.35405868,1.0,
88.0695825269,0.994993067656,0.353322593355,0.82667695698,0.10056752082,1.22342987219,1.14218162363,0.353322593355,8794.22570028,1.0,
76.2672363058,0.995778589866,0.343820716753,0.828535692997,0.103707301469,1.21473665538,1.04321704511,0.343820716753,9033.38385484,1.0,
75.2481266424,0.995737090131,0.351890244989,0.811115083441,0.0991419985094,1.30131810126,1.13246156509,0.351890244989,8825.99759139,1.0,
81.1492832303,0.995166955824,0.335662618033,0.803962390697,0.10219240456,1.32418361598,1.20524319816,0.335662618033,8395.53376078,1.0,
75.5690427859,0.995612795223,0.356891707396,0.8172203162,0.0993627692036,1.25767819071,1.11530787267,0.356891707396,8612.43218556,1.0,
95.5815669798,0.994541288876,0.358494993136,0.820224703096,0.0994824947784,1.26720015033,1.19796692316,0.358494993136,8755.32166471,1.0,
65.8743174558,0.9960341662,0.330928467691,0.799138117671,0.103461348208,1.32224822323,1.1040488442,0.330928467691,8305.22921285,1.0,
74.4221561315,0.995523832399,0.356331501082,0.810701254882,0.097656010654,1.28349593635,1.14954129884,0.356331501082,8313.15566832,1.0,
78.0280161765,0.995389741535,0.353883898074,0.81203370158,0.0996186267072,1.28632137284,1.13774567656,0.353883898074,8462.46647101,1.0,
77.0544713528,0.995488834868,0.375948589961,0.823204773809,0.0956705641619,1.22069145061,1.08378731373,0.375948589961,8540.41143169,1.0,
70.4595556185,0.996019265229,0.34873905951,0.819871558337,0.102722277599,1.26852140442,1.03378967411,0.34873905951,8850.4638522,1.0,
58.504026814,0.996696589184,0.366849438304,0.82543750032,0.0985288854907,1.24522620811,0.938755920628,0.366849438304,8855.64883657,1.0,
81.423704543,0.99539250748,0.346511689479,0.817716712126,0.102738612716,1.2823979,1.1136886497,0.346511689479,8836.00855003,1.0,
93.4584021778,0.99470344293,0.352596876595,0.819403846269,0.101521891454,1.25194320025,1.19324930369,0.352596876595,8822.60060203,1.0,
65.1174180554,0.996269844293,0.340281972682,0.816551608174,0.10506277057,1.28052930368,0.993652142441,0.340281972682,8728.53642733,1.0,
70.5034493068,0.995956092545,0.337882994677,0.814393834758,0.104705999557,1.28329821537,1.05265385765,0.337882994677,8717.52096586,1.0,
72.0983650411,0.99596363561,0.368927160837,0.825222354833,0.0985173205472,1.22508173052,1.02539457741,0.368927160837,8931.10211078,1.0,
70.6402130639,0.995911014045,0.334633213832,0.812507517004,0.105306888472,1.28205858266,1.0591873987,0.334633213832,8637.91263404,1.0,
94.8164801964,0.99458633106,0.332710565028,0.807414643528,0.104100131445,1.32086470245,1.26623078255,0.332710565028,8757.1858865,1.0,
90.8705392689,0.994841641735,0.335483355061,0.80625408333,0.102777053304,1.32841653328,1.25756345497,0.335483355061,8808.3667035,1.0,
83.5364112732,0.995274508484,0.320420370781,0.804576345456,0.107798001038,1.36081332909,1.19910305434,0.320420370781,8838.9124178,1.0,
73.6074084565,0.995629274832,0.33208250589,0.804181827371,0.104395167076,1.33759807166,1.13778029552,0.33208250589,8420.50296324,1.0,
78.2270704496,0.995263823714,0.357186469162,0.813066806341,0.0978626146767,1.29969123022,1.15646351634,0.357186469162,8258.48100239,1.0,
85.0053140097,0.995112703777,0.32598311688,0.797513841343,0.102989578055,1.35666093044,1.30499457112,0.32598311688,8696.41345453,1.0,
91.5373176604,0.994516690663,0.35200408747,0.81068114998,0.0985333224509,1.30340023022,1.23971738344,0.35200408747,8346.92598044,1.0,
74.6573006656,0.99560030108,0.311787837501,0.798787807892,0.109015316242,1.35590364261,1.14992525453,0.311787837501,8484.37625024,1.0,
65.4632960393,0.996237337933,0.351852805326,0.819025403841,0.101666202032,1.25462842409,1.0100080253,0.351852805326,8699.07843346,1.0,
73.0440652095,0.995552012811,0.383785917294,0.823574846677,0.0936674854117,1.22787558184,1.07432217659,0.383785917294,8210.87324955,1.0,
61.1117185164,0.996431574877,0.328119090702,0.80787090255,0.106386488715,1.30029966836,1.01493021133,0.328119090702,8563.01555203,1.0,
72.9818108861,0.995619838289,0.375697463752,0.823768584663,0.0959200230108,1.22573443474,1.05946120317,0.375697463752,8331.31042028,1.0,
83.8109427371,0.995245617302,0.396786546964,0.836144667286,0.0925403587468,1.17667204664,1.07380761302,0.396786546964,8814.00621102,1.0,
78.2037262585,0.995331231676,0.377858096009,0.821902239583,0.0943278667319,1.23895648521,1.11203638137,0.377858096009,8375.08803771,1.0,
62.4358432076,0.996250529915,0.392157074209,0.825420707139,0.0912384726593,1.24202190713,0.994054981196,0.392157074209,8325.95564122,1.0,
74.3683268029,0.995575229692,0.348332666103,0.81053319535,0.100281685629,1.30296058316,1.13005082692,0.348332666103,8403.92353327,1.0,
79.5065130844,0.995471208817,0.338424310893,0.809216106004,0.103322293876,1.28528467373,1.14870414955,0.338424310893,8778.04870069,1.0,
62.5961808998,0.996393917255,0.361687552738,0.824744751105,0.0999801850283,1.23087169292,0.96787518293,0.361687552738,8679.44886777,1.0,
81.4318211144,0.995293156624,0.345262730771,0.813937057114,0.101959554398,1.29776797197,1.15215975074,0.345262730771,8650.36443886,1.0,
89.827769123,0.994673164896,0.360003163679,0.816122101097,0.0972757522171,1.27488734762,1.22135832192,0.360003163679,8432.11853704,1.0,
81.5493886607,0.995083705378,0.352706969038,0.809956020319,0.0990861470328,1.27410108224,1.16976348959,0.352706969038,8293.93991778,1.0,
98.8902862358,0.99396255437,0.344865397743,0.802028287637,0.0992435346786,1.32204335673,1.33092574234,0.344865397743,8189.76542487,1.0,
67.0487765346,0.995915930078,0.369210827722,0.817883870375,0.0965726056669,1.26766524404,1.05016444004,0.369210827722,8208.47486973,1.0,
81.7313537585,0.995258984724,0.36168092176,0.820344624665,0.0988517032933,1.26065489669,1.12304520921,0.36168092176,8619.51108514,1.0,
72.4071252105,0.995856953421,0.306793480285,0.798368800173,0.110217297574,1.38622471975,1.13793765441,0.306793480285,8738.39140289,1.0,
75.7433523738,0.995721246541,0.345072609425,0.817919501762,0.103576072313,1.25040591561,1.08061023777,0.345072609425,8851.01140058,1.0,
63.2372515697,0.99657275208,0.313704512026,0.810870683996,0.110179929963,1.33963470447,1.01353443799,0.313704512026,9225.71029519,2.0,
71.0599962234,0.996047376149,0.348082929606,0.82530853396,0.102296959795,1.24633895428,1.01402539772,0.348082929606,8986.70069527,2.0,
81.0022250547,0.995356368924,0.309363030096,0.801180611646,0.10922424544,1.32447800725,1.17874081417,0.309363030096,8721.80745104,2.0,
73.4356087429,0.995909467737,0.333942317308,0.816414516201,0.104195470188,1.29662946566,1.0749295819,0.333942317308,8976.32529327,2.0,
74.3920549497,0.995963884406,0.314642486703,0.815221390812,0.110351370721,1.30072722706,1.05146737163,0.314642486703,9215.27015377,2.0,
84.6497962202,0.995268259323,0.291626684468,0.796486137917,0.113418297907,1.39664006936,1.21424570017,0.291626684468,8945.05077559,2.0,
90.9966262254,0.994882183992,0.315795703221,0.803845235965,0.107423359591,1.35896515133,1.24698106973,0.315795703221,8890.18148379,2.0,
110.812903429,0.993891421857,0.318182371501,0.812853275532,0.107774330665,1.29219872632,1.31776739209,0.318182371501,9070.40615672,2.0,
95.1185762168,0.994867294231,0.345245568022,0.824699838206,0.103238720166,1.2665641046,1.16206391918,0.345245568022,9266.174233,2.0,
99.35402288,0.99449437539,0.323594363501,0.812154533326,0.106174130567,1.32696970213,1.25564525012,0.323594363501,9022.96505798,2.0,
89.4990102126,0.994816554561,0.352157585104,0.818286627438,0.0999346968575,1.25605420061,1.19008324285,0.352157585104,8633.0788054,2.0,
82.6125887111,0.99524650786,0.323313681647,0.806960529837,0.105703387822,1.34824642106,1.16908841996,0.323313681647,8689.7426791,2.0,
71.8808777479,0.995843493561,0.323377619727,0.807314816357,0.105803558345,1.30370302368,1.08402492565,0.323377619727,8646.84596705,2.0,
97.5225306456,0.994405378082,0.288014130469,0.790098651513,0.112216127903,1.42161898832,1.34691183181,0.288014130469,8715.82154178,2.0,
75.67327574,0.995815632813,0.358462927698,0.827223789573,0.100772982426,1.22693531866,1.03279673952,0.358462927698,9041.42299429,2.0,
65.4994398024,0.996330093788,0.347395949356,0.823796090023,0.102841091788,1.22702826079,0.984898267479,0.347395949356,8920.63415122,2.0,
78.8213598955,0.995647026608,0.314463517234,0.811760507737,0.108891145872,1.31522640597,1.11642984154,0.314463517234,9053.82129982,2.0,
110.990899935,0.993785341562,0.33507958765,0.816479247851,0.10357656607,1.27985010429,1.30911737399,0.33507958765,8929.87304038,2.0,
88.3481754237,0.995198098978,0.323456609714,0.818846702501,0.107055493464,1.29607746852,1.15122189177,0.323456609714,9199.34451959,2.0,
75.7865662717,0.995668439325,0.315207441374,0.805586389194,0.108249303598,1.31689888606,1.11868164723,0.315207441374,8748.277014,2.0,
112.574193142,0.993414022162,0.314576163179,0.793957427529,0.10477151702,1.38840176207,1.48309493462,0.314576163179,8546.49358128,2.0,
80.9056900974,0.995512199818,0.320021362626,0.812206919488,0.106703166915,1.33507231341,1.14276385152,0.320021362626,9014.27836668,2.0,
82.8869124613,0.995326906664,0.315657425345,0.807787647752,0.108383012932,1.32867722493,1.15837227966,0.315657425345,8868.52738711,2.0,
89.5407795559,0.995137821039,0.346927520488,0.825369097967,0.10396978655,1.19845826143,1.11726384365,0.346927520488,9207.4829761,2.0,
85.0912823176,0.995294874944,0.284009195732,0.795443076228,0.115125134633,1.37849816368,1.22933956475,0.284009195732,9042.40117969,2.0,
84.2253379282,0.995322172476,0.352003165434,0.825531688146,0.101178950344,1.24671627945,1.10608192104,0.352003165434,9002.25511145,2.0,
85.8890242175,0.995086625495,0.358733237657,0.822705445803,0.0993004043888,1.24585560213,1.14536814112,0.358733237657,8739.72244894,2.0,
61.9410376245,0.996482977025,0.330463240868,0.812265222886,0.105402189487,1.3048534138,1.00254921399,0.330463240868,8806.06466714,2.0,
89.7601441407,0.994904967053,0.312401929943,0.808789275385,0.108399164188,1.33584092771,1.21329682607,0.312401929943,8808.64004124,2.0,
96.5578498481,0.994478586177,0.341509612697,0.818269746208,0.102174124852,1.2723951234,1.22548584557,0.341509612697,8743.94248835,2.0,
73.7637665424,0.995990289366,0.335143304135,0.822816185813,0.105088316224,1.27091222837,1.03630898991,0.335143304135,9197.25816145,2.0,
79.4368503045,0.995628352177,0.326038445264,0.819012513218,0.106784960067,1.32025484245,1.09152937104,0.326038445264,9085.45856333,2.0,
101.881718044,0.994204053428,0.342457507221,0.822069876281,0.102573204439,1.23911708901,1.22163842075,0.342457507221,8789.3148407,2.0,
95.2500243906,0.994747354919,0.336796117273,0.822507529984,0.103749941555,1.27584386074,1.18845615195,0.336796117273,9066.86278196,2.0,
88.4574706132,0.995061609165,0.343659043142,0.823889785884,0.10259097682,1.25504072698,1.14458764103,0.343659043142,8955.01114329,2.0,
92.7117342523,0.994645507661,0.319622739324,0.806504732648,0.10769506461,1.307791018,1.22733953327,0.319622739324,8657.29102079,2.0,
111.388166612,0.993770178191,0.318195768384,0.810566630477,0.106690007381,1.31148424038,1.36750538954,0.318195768384,8939.91580057,2.0,
87.8802278557,0.995078694412,0.294494834245,0.801621411491,0.113450655263,1.31256615156,1.21151867063,0.294494834245,8928.5925273,2.0,
71.5351366662,0.996029718557,0.363284558622,0.835033298101,0.100145701615,1.16143179144,0.972084533195,0.363284558622,9007.68976475,2.0,
76.0989394011,0.995726923315,0.327271594397,0.816432990138,0.106262655412,1.27055421862,1.07508694079,0.327271594397,8904.74049654,2.0,
86.3495869329,0.994962470597,0.348821035441,0.81486431868,0.100856919375,1.23547178584,1.18676139672,0.348821035441,8568.81414696,2.0,
90.6137547404,0.994942328018,0.36346112159,0.828046206885,0.098252766484,1.21481416127,1.1727344254,0.36346112159,8957.12031254,2.0,
91.2625297015,0.994702390766,0.342260643905,0.814222459458,0.101579125256,1.27140470093,1.21754394247,0.342260643905,8613.14546631,2.0,
86.9292530174,0.994997760483,0.31774816949,0.799893176844,0.106586479979,1.32243560004,1.25793167477,0.31774816949,8689.03114075,2.0,
108.393008545,0.993790724182,0.294116311944,0.79722104818,0.112435695436,1.34677634117,1.38194936191,0.294116311944,8727.83710368,2.0,
102.565121402,0.994459008418,0.300911257154,0.809719607854,0.1125250288,1.33270962285,1.25628255362,0.300911257154,9255.17132655,2.0,
83.1913798801,0.995494401123,0.336515458864,0.82234908661,0.10452255053,1.28733671197,1.11570913783,0.336515458864,9231.72342387,2.0,
100.168314214,0.994334927783,0.288431305852,0.797727568352,0.114061356245,1.38229351692,1.31706242427,0.288431305852,8840.84777838,2.0,
78.8694487718,0.99558237785,0.324478623353,0.814738549271,0.10701505305,1.29469058171,1.10329666871,0.324478623353,8926.68568053,2.0,
111.036500968,0.993704914173,0.318548901469,0.806590103949,0.106572735164,1.3249565896,1.37248737195,0.318548901469,8819.30000736,2.0,
94.3564776786,0.994953082267,0.342572506466,0.828847982946,0.102689706191,1.24212589583,1.15812050544,0.342572506466,9347.93102157,3.0,
124.059476939,0.993142108554,0.309223173698,0.810308109918,0.108168999163,1.31484436035,1.45356653921,0.309223173698,9045.04168445,3.0,
96.4814190625,0.994536359858,0.351874529415,0.824942377125,0.100156266794,1.23174126787,1.19777337173,0.351874529415,8829.27693956,3.0,
138.585378212,0.992170256352,0.327418967988,0.814002406436,0.104254135341,1.27918032979,1.52854647595,0.327418967988,8849.90628767,3.0,
83.2687957324,0.995438441267,0.330789857293,0.823099282134,0.105417352136,1.26502633279,1.1062565894,0.330789857293,9126.97285193,3.0,
101.799194322,0.994431884306,0.297199077326,0.809030407981,0.112195753458,1.32422850194,1.28704464272,0.297199077326,9141.26069981,3.0,
91.4326614109,0.994905969318,0.347522445885,0.829514297288,0.101880654435,1.21291850575,1.1267557318,0.347522445885,8974.49064576,3.0,
73.0244441297,0.995980937708,0.319775240518,0.817599646867,0.107634223477,1.28875147248,1.05656422603,0.319775240518,9084.76245044,3.0,
110.321570756,0.993987369168,0.353083316597,0.839162867659,0.10162441596,1.13540534292,1.19502903271,0.353083316597,9174.15100092,3.0,
78.871664385,0.995730394397,0.357923167001,0.839612969654,0.100866071335,1.15689154876,1.00473650254,0.357923167001,9236.4110072,3.0,
94.5582526869,0.994787546265,0.378868856614,0.842814622411,0.0951303761799,1.14809780499,1.12427575572,0.378868856614,9070.41649676,3.0,
94.8763237816,0.994888499891,0.334231848951,0.828930762438,0.104411246887,1.2366383134,1.15187178398,0.334231848951,9280.90028792,3.0,
86.3878644825,0.995184236973,0.313530077887,0.812316179761,0.108270747027,1.31702568098,1.17358258981,0.313530077887,8969.2945615,3.0,
96.701194354,0.994588239399,0.335325967256,0.818833086487,0.10372275767,1.25004559558,1.21598766306,0.335325967256,8934.37110819,3.0,
49.7513871186,0.997287548012,0.380262299971,0.844730810429,0.0968473940456,1.11633055003,0.790947143149,0.380262299971,9166.9349308,3.0,
59.6128168815,0.99662498914,0.364354600852,0.830455364017,0.0985008386849,1.18948500665,0.934713370785,0.364354600852,8828.00052308,3.0,
103.641493965,0.994291772227,0.34401965976,0.823855822812,0.102371454005,1.23517335681,1.23450093629,0.34401965976,9078.30629236,3.0,
88.0780279784,0.995001889679,0.355589500133,0.823507237729,0.10061102655,1.22029429761,1.12837338117,0.355589500133,8811.13284003,3.0,
123.790297251,0.993188082415,0.375362757273,0.836176821657,0.095888782325,1.19139006246,1.33220664369,0.375362757273,9086.30321035,3.0,
100.00203465,0.994514511598,0.352331702916,0.82906624337,0.101206831746,1.22186344424,1.18556861634,0.352331702916,9115.17784442,3.0,
93.0130765236,0.994862783472,0.345679694048,0.824489927953,0.101723662613,1.24751087686,1.18387071394,0.345679694048,9052.86730266,3.0,
79.4845615195,0.995390948605,0.342887265926,0.811308481525,0.101187885693,1.3091987166,1.16539363326,0.342887265926,8622.65821372,3.0,
83.5132622071,0.995219678569,0.336760108922,0.815597222199,0.103963182962,1.2746788697,1.15132417505,0.336760108922,8735.05150729,3.0,
109.204085037,0.993745628582,0.312554700729,0.800281509811,0.107344793826,1.35256330436,1.39428157799,0.312554700729,8730.2823871,3.0,
94.3086185463,0.99474687761,0.329053150932,0.814924053782,0.104729151806,1.27542834435,1.22838124911,0.329053150932,8976.43454158,3.0,
93.5264315725,0.994787713948,0.334793768055,0.820221611343,0.104665379695,1.25165987349,1.18649231302,0.334793768055,8971.56355282,3.0,
92.8439125714,0.994928311993,0.311835131136,0.815221126922,0.10927724598,1.29778249235,1.19785362476,0.311835131136,9153.15694092,3.0,
89.8195581362,0.994842218681,0.385020721938,0.8372612236,0.0937677306175,1.14050270926,1.11438889676,0.385020721938,8707.06680585,3.0,
78.998388645,0.99556695707,0.335736028112,0.821451377826,0.104020782449,1.29107846801,1.08505877354,0.335736028112,8910.49911987,3.0,
83.9566444791,0.995401282154,0.337821881372,0.828873280558,0.104392791823,1.21999498217,1.08170073487,0.337821881372,9128.38468673,3.0,
83.9909487167,0.995130453604,0.322250246996,0.805153986062,0.105595907176,1.32108241933,1.20643597854,0.322250246996,8624.10396021,3.0,
80.1941840155,0.995382020019,0.360126109026,0.825127177242,0.0991909490613,1.22294537125,1.08730585847,0.360126109026,8682.8028855,3.0,
86.6767596658,0.995167593953,0.377434691033,0.835096282919,0.095899471717,1.19185100842,1.09368518781,0.377434691033,8968.28193149,3.0,
83.2202473682,0.995386313654,0.333115985386,0.815277648606,0.104356207228,1.29590543099,1.15813466774,0.333115985386,9018.81325157,3.0,
93.2308785347,0.994828652743,0.341258980842,0.819814575657,0.10223923733,1.29643962516,1.21254937135,0.341258980842,9014.1639539,3.0,
74.3673086909,0.995704778779,0.3647075091,0.82649238081,0.0975005399944,1.2039011973,1.05599930762,0.3647075091,8654.64067999,3.0,
94.7888621379,0.994384409823,0.355520014856,0.812955505647,0.0975641851311,1.26961917485,1.26947080206,0.355520014856,8439.79520819,3.0,
99.2763379439,0.99443381792,0.36239709472,0.826870208645,0.0980522411885,1.20240612354,1.21797667941,0.36239709472,8917.81336614,3.0,
85.6002171553,0.995325811202,0.361092264749,0.829152490867,0.0996652988287,1.20311840879,1.10638090293,0.361092264749,9156.87531109,3.0,
97.1978032699,0.994615532263,0.347335646257,0.820857836376,0.102205382593,1.27649768705,1.22061716156,0.347335646257,9025.75344114,3.0,
80.8749169932,0.995305569799,0.348612173815,0.816137173093,0.100647624506,1.2760424762,1.13147492486,0.348612173815,8613.46474596,3.0,
92.6730255393,0.994789724409,0.333536330464,0.816489312465,0.104494773701,1.27815471215,1.20422508615,0.333536330464,8893.14329544,3.0,
102.15843837,0.994145235348,0.345632411373,0.814416892097,0.100416503104,1.27148152064,1.30459645313,0.345632411373,8724.38470519,3.0,
107.422250547,0.993738409718,0.347169675644,0.811892284717,0.099407182351,1.27253165136,1.36082707832,0.347169675644,8577.87284903,3.0,
71.111551716,0.996116152557,0.361842195418,0.828386579477,0.0993610197909,1.23135539248,1.01702308455,0.361842195418,9154.64900947,3.0,
76.5219877575,0.995827909651,0.31969180883,0.815524999835,0.108789258017,1.27170021841,1.07609246408,0.31969180883,9170.718197,3.0,
84.7183936805,0.995115584525,0.364656263098,0.826019898359,0.0969910655109,1.21272740004,1.15095123448,0.364656263098,8672.41842666,3.0,
77.6764827141,0.995747433919,0.331727247661,0.817493162658,0.105232490231,1.28174827632,1.10813073376,0.331727247661,9133.12560697,3.0,
96.0004437521,0.994511795058,0.363664238929,0.82553709278,0.0966171571276,1.25134716737,1.22222851658,0.363664238929,8746.42391591,3.0,
80.1496530237,0.995494460737,0.345370784404,0.816272527227,0.100878179648,1.27005472733,1.16501125116,0.345370784404,8894.56580607,3.0,
114.93848369,0.993708419574,0.28695772604,0.790798080098,0.113570082274,1.42757984161,1.46424806055,0.28695772604,9134.48486127,4.0,
101.79946498,0.994174123702,0.306425107013,0.798864872843,0.108875197064,1.35730066754,1.34415018332,0.306425107013,8736.83148163,4.0,
83.6185825111,0.99528044456,0.319437839131,0.808868747973,0.106822188859,1.26723413151,1.16862735842,0.319437839131,8858.76071013,4.0,
110.092928292,0.99372297776,0.290381722035,0.793259905407,0.112327237959,1.40078596666,1.40938016334,0.290381722035,8769.37861274,4.0,
91.3795622276,0.995063622686,0.305015785099,0.813386918026,0.111833172719,1.29181530019,1.17841665486,0.305015785099,9255.94090939,4.0,
98.9516058475,0.994431924973,0.326690462424,0.809373918134,0.104926187598,1.29976133759,1.28728068105,0.326690462424,8885.62780147,4.0,
116.622890997,0.99341594182,0.321191348918,0.805229679168,0.105655980446,1.32884299257,1.43765755559,0.321191348918,8856.4294467,4.0,
119.104851375,0.993237465458,0.29401748718,0.793227259479,0.11165240141,1.36335275969,1.47594454673,0.29401748718,8806.22868765,4.0,
128.813680782,0.993134207874,0.314485132584,0.814195115792,0.108398916026,1.27482346969,1.4591449118,0.314485132584,9380.73468973,4.0,
111.538041511,0.993758867947,0.294762704367,0.794997480247,0.111819472727,1.37181395956,1.4255236117,0.294762704367,8935.72686412,4.0,
85.0578954822,0.995343026333,0.338787127152,0.823790305757,0.104195351409,1.21869035488,1.12774394562,0.338787127152,9130.5338402,4.0,
73.5499992132,0.995856946076,0.282342180521,0.783912351275,0.115138076684,1.43501541727,1.19139718957,0.282342180521,8876.44592438,4.0,
91.2403625549,0.994616540398,0.29455674809,0.781002976715,0.110203130735,1.41888779552,1.34557585485,0.29455674809,8474.19142534,4.0,
109.234801492,0.993590723141,0.279415140437,0.773095939196,0.113164566956,1.4749864914,1.50615430613,0.279415140437,8521.80636797,4.0,
109.487447481,0.993749852933,0.308921157046,0.791894315106,0.108384992372,1.36643732478,1.4283120112,0.308921157046,8758.78969815,4.0,
106.902873373,0.994079441084,0.311386626698,0.792643642874,0.107182751739,1.39570432199,1.41799084171,0.311386626698,9027.85754549,4.0,
103.167299249,0.994117046907,0.305745373285,0.791956480479,0.108727202808,1.40958104963,1.37447166753,0.305745373285,8768.4108802,4.0,
76.3994256401,0.995564513717,0.332601484111,0.803041191527,0.103365741736,1.34858220582,1.16438496278,0.332601484111,8612.40421566,4.0,
129.571085304,0.992430102507,0.285288771885,0.772878121707,0.11038674964,1.44588299981,1.65901115675,0.285288771885,8558.45609385,4.0,
102.632497758,0.993786854767,0.243644318422,0.750226813481,0.119567719291,1.57106293658,1.55970668303,0.243644318422,8259.17514785,4.0,
56.1052007113,0.996698784981,0.337514082364,0.804016870935,0.102479660786,1.29706926839,1.01842357866,0.337514082364,8495.88813065,4.0,
96.6850210074,0.994561850082,0.289233523456,0.78921275432,0.113537564597,1.40753411323,1.33817369274,0.289233523456,8889.51095119,4.0,
87.9633668508,0.994997652413,0.296718483377,0.791936673316,0.112307418889,1.39920725508,1.26208122866,0.296718483377,8792.31774864,4.0,
91.5591779572,0.994523360325,0.28866860772,0.772794005106,0.109513096852,1.46284803382,1.41134872303,0.28866860772,8359.0882089,4.0,
115.438918,0.993157296798,0.268881591175,0.765529407437,0.114656704984,1.49549765291,1.58852853703,0.268881591175,8435.18377168,4.0,
103.223753324,0.994292718973,0.288353724693,0.797376324369,0.114163637958,1.3136464772,1.34720451935,0.288353724693,9043.16797516,4.0,
107.099870966,0.994235105661,0.300349308885,0.811595589309,0.112276756679,1.32496875783,1.30490959732,0.300349308885,9288.75891399,4.0,
112.310277109,0.993658319563,0.287448706433,0.793411572688,0.11284967307,1.38783541003,1.43514138696,0.287448706433,8854.92341611,4.0,
125.179640907,0.993068664293,0.297803212386,0.802101883578,0.1107371718,1.3431108799,1.47318132465,0.297803212386,9029.97965999,4.0,
96.3973673858,0.994801102282,0.309592535631,0.815098302307,0.108873031247,1.30422416544,1.23970007396,0.309592535631,9270.92705298,4.0,
108.427817904,0.994103984201,0.317893245273,0.817592717934,0.108844850471,1.26339809251,1.27250468143,0.317893245273,9194.90680654,4.0,
60.849464193,0.99677671405,0.298460953562,0.818912997755,0.113927899288,1.28513605884,0.944936977765,0.298460953562,9439.33709323,4.0,
106.394763096,0.99399989722,0.281217939651,0.789886037677,0.114410126816,1.4057309916,1.39613211852,0.281217939651,8866.07838152,4.0,
95.9807628759,0.9948134277,0.300969362933,0.810094865694,0.110867622699,1.31841389498,1.25477190829,0.300969362933,9252.81377606,4.0,
98.8738516735,0.994743595529,0.313660269904,0.817104626541,0.10877317945,1.29594751685,1.24254040189,0.313660269904,9405.13043864,4.0,
96.8172150624,0.994641788998,0.284449190731,0.798766973612,0.114561337517,1.39834710582,1.29169302428,0.284449190731,9034.48981145,4.0,
69.1811405372,0.99609856605,0.28928853586,0.797188117711,0.114046382609,1.37284857211,1.1125289147,0.28928853586,8866.27335268,4.0,
96.9621803648,0.99471817154,0.297622947864,0.804019076917,0.111504900531,1.35998267492,1.27088703205,0.297622947864,9178.7291478,4.0,
74.3769642323,0.995834088818,0.281541456342,0.791283417952,0.114270352086,1.40744158901,1.17876756519,0.281541456342,8926.91737153,4.0,
154.95354923,0.991599995433,0.312421110741,0.81410605088,0.107560934452,1.28588464942,1.63161182709,0.312421110741,9223.43355887,4.0,
92.5672504681,0.995021256736,0.306890183309,0.814977182144,0.10984616221,1.29632880661,1.20916772884,0.306890183309,9296.38763176,4.0,
95.5502399723,0.994886781669,0.318953587659,0.824179853729,0.107374237357,1.27338458122,1.16963917607,0.318953587659,9343.45394584,4.0,
109.31949834,0.994073029248,0.307168179024,0.815978396218,0.109485197019,1.30134832359,1.30842027412,0.307168179024,9221.81736246,4.0,
101.065941242,0.99431557065,0.28297164465,0.79018700064,0.113938748878,1.3820199944,1.37828919417,0.28297164465,8889.74485891,4.0,
91.7696391761,0.995070152112,0.336109399325,0.826706452582,0.104130125689,1.24189247761,1.15024311948,0.336109399325,9307.18279004,4.0,
62.4785755873,0.996577933766,0.31401089073,0.816875690735,0.109211653283,1.27596421774,0.992711136289,0.31401089073,9126.66458747,4.0,
100.888769296,0.994464165461,0.327794613881,0.823076362623,0.105295959892,1.25260854567,1.21998457883,0.327794613881,9112.88599623,4.0,
105.373919338,0.994133003526,0.294861973983,0.79944682258,0.112025226337,1.34677137631,1.36810964767,0.294861973983,8980.34745954,4.0,
109.893490063,0.993893765424,0.297273696698,0.800680639461,0.110108981836,1.37356671033,1.41231805379,0.297273696698,8998.47144418,4.0,
78.2690600954,0.995724860401,0.291741845175,0.806494316225,0.11477351591,1.33647828767,1.11786967537,0.291741845175,9153.90634301,4.0,
116.143338211,0.993442778108,0.286368958418,0.791448744291,0.114104599051,1.43552245782,1.4553085021,0.286368958418,8856.2815672,5.0,
104.725086154,0.99406389904,0.261993296376,0.787480012861,0.120468924793,1.43335571649,1.37382334891,0.261993296376,8821.08179798,5.0,
115.476904436,0.993758949396,0.289014034443,0.811659349851,0.115100163181,1.32761824429,1.34096523942,0.289014034443,9251.46210319,5.0,
118.392667076,0.993198426255,0.260701284653,0.779610293583,0.119330661271,1.47352976803,1.52028513431,0.260701284653,8703.32892902,5.0,
98.706736534,0.994580973599,0.273498760677,0.799421158548,0.117516239487,1.40871919917,1.31025193158,0.273498760677,9107.49831125,5.0,
100.526006703,0.99415699712,0.28819821635,0.780142902322,0.109657656307,1.44062962688,1.4187005303,0.28819821635,8602.34092435,5.0,
95.9757289651,0.994487881621,0.284581610465,0.778890386261,0.112158420026,1.44496421543,1.39761443925,0.284581610465,8705.94508006,5.0,
97.96052967,0.994554246177,0.28279281036,0.784940521594,0.11383729666,1.45791135343,1.38445451541,0.28279281036,8994.38474801,5.0,
80.9237375883,0.995185933674,0.275316891762,0.763974973223,0.111619483334,1.48574505932,1.37361091441,0.275316891762,8405.02122778,5.0,
93.3290232734,0.994872921968,0.300877644405,0.797966068603,0.111468293106,1.37804508224,1.26377598389,0.300877644405,9101.4101776,5.0,
113.918853168,0.993541905473,0.26223062987,0.771791293747,0.117627912297,1.48951265968,1.54010605989,0.26223062987,8819.95628161,5.0,
66.2888904625,0.996436580729,0.308007281632,0.803486833517,0.111209560243,1.31466012193,1.05862720106,0.308007281632,9300.29104459,5.0,
77.7204849801,0.995469379879,0.313781938255,0.792307392805,0.105852413554,1.37970220815,1.20801743536,0.313781938255,8576.69849343,5.0,
93.3790807094,0.994701982153,0.277267956695,0.780145002727,0.114242277686,1.43304413146,1.36136839289,0.277267956695,8812.87277407,5.0,
117.113292105,0.993190629522,0.302310275536,0.781004313009,0.106868697153,1.40296656773,1.54370328408,0.302310275536,8599.4375422,5.0,
94.4674314309,0.994498072645,0.319777038162,0.791974750294,0.10336098198,1.38179333876,1.34883003666,0.319777038162,8585.09898475,5.0,
93.0591496326,0.994693231686,0.270018182097,0.772585844456,0.114336917134,1.49205624468,1.41950148704,0.270018182097,8768.02256237,5.0,
96.0376386725,0.994643931289,0.308744224395,0.797480909782,0.108906164529,1.34964133876,1.28780153897,0.308744224395,8965.30738522,5.0,
105.083225542,0.993991629938,0.286598530875,0.78158294144,0.111609734096,1.46475699793,1.4374152229,0.286598530875,8744.40710471,5.0,
112.729923366,0.993730063197,0.317586771375,0.802343007375,0.10668808834,1.35492719208,1.38237737809,0.317586771375,8989.75970038,5.0,
91.7272089254,0.994779088937,0.30273762344,0.790836663271,0.109277507965,1.40747469493,1.30870981447,0.30273762344,8784.14858306,5.0,
118.484397866,0.993113562576,0.277521020706,0.772287568323,0.112695544805,1.46849078297,1.57885411257,0.277521020706,8602.74184206,5.0,
99.687456923,0.994539584181,0.291503385755,0.794533786617,0.113073113172,1.38831680389,1.32792648193,0.291503385755,9128.32584517,5.0,
124.777837574,0.992763949033,0.26584269001,0.768038013231,0.115022248324,1.52677231414,1.64442556138,0.26584269001,8622.16367371,5.0,
107.002763222,0.99395526388,0.284649554066,0.787691466575,0.114443786758,1.44757861167,1.40917717037,0.284649554066,8850.90441489,5.0,
86.9978095643,0.994880654796,0.282016664382,0.774109575192,0.111938845261,1.50052966248,1.34703299816,0.282016664382,8497.29253951,5.0,
100.925119199,0.993878607677,0.254018630344,0.757448001542,0.116870357627,1.54439586644,1.51993894475,0.254018630344,8243.64081507,5.0,
66.8859478513,0.996243543875,0.338655778644,0.812691629348,0.1031120026,1.31342536059,1.04317141104,0.338655778644,8898.19029712,5.0,
101.442387764,0.994045621348,0.269635693433,0.771649082467,0.114449972602,1.50666477603,1.4614093062,0.269635693433,8518.31319252,5.0,
98.439745708,0.994207568875,0.29357809213,0.784178207186,0.109663939929,1.42614630557,1.38926182945,0.29357809213,8497.06172864,5.0,
79.0417174149,0.995544593743,0.305191752248,0.799520475528,0.110446310949,1.39671178946,1.16661316464,0.305191752248,8869.1617777,5.0,
96.6230955641,0.994334614659,0.263121553509,0.771683056323,0.116709427859,1.5142074938,1.42091142268,0.263121553509,8527.62008892,5.0,
117.397510582,0.992633338885,0.24382428296,0.741399147042,0.116430836625,1.59414772441,1.70363656391,0.24382428296,7968.16310939,5.0,
94.2516483344,0.994422104541,0.260212605643,0.766552055481,0.1177084932,1.50506321403,1.42931281373,0.260212605643,8448.52259007,5.0,
93.2264598971,0.994317562395,0.263329153709,0.760661383753,0.113483489749,1.52879167288,1.47747879589,0.263329153709,8203.00063831,5.0,
92.2809611481,0.994846864461,0.267694266795,0.785503743069,0.118660363696,1.44840975723,1.30597176982,0.267694266795,8953.84010449,5.0,
69.6117389731,0.995935875537,0.314623800275,0.795857961679,0.106115973637,1.35894078349,1.16865410943,0.314623800275,8561.03732063,5.0,
84.3891406631,0.995186533729,0.308386782936,0.797770142821,0.108243956327,1.39196566338,1.23568112795,0.308386782936,8766.07419143,5.0,
97.8985711813,0.994237494022,0.271212936389,0.770570485389,0.114405831249,1.45970415191,1.45212513179,0.271212936389,8494.33806617,5.0,
78.4738705566,0.995571273807,0.318941089219,0.805954954261,0.106542199293,1.31970093948,1.17487607988,0.318941089219,8858.51086814,5.0,
70.9431965885,0.995905587904,0.319124485577,0.802637207143,0.106470849999,1.30897366373,1.13330815591,0.319124485577,8659.85046858,5.0,
78.3753214055,0.995441614643,0.317877042946,0.797978050346,0.105494712907,1.35433420941,1.20789784261,0.317877042946,8594.78465774,5.0,
81.2274040504,0.995353406594,0.290976369907,0.790224265104,0.111951441795,1.39107847219,1.23652457159,0.290976369907,8739.83879714,5.0,
86.0926450456,0.995160785962,0.289220662176,0.781495686319,0.111636706236,1.46599070495,1.30625973658,0.289220662176,8895.39188132,5.0,
101.001976428,0.99402490063,0.296853911336,0.782485188651,0.109082050712,1.44215475062,1.42788084785,0.296853911336,8451.93459943,5.0,
85.8014555697,0.995019713527,0.299895475877,0.788928155165,0.110332990852,1.41245712962,1.26193803207,0.299895475877,8614.07247702,5.0,
104.525682544,0.994038489266,0.253926609528,0.7731486858,0.120328436424,1.47937618512,1.43636563911,0.253926609528,8766.67816501,5.0,
108.070131709,0.994192961169,0.277757085464,0.797839780428,0.116950280755,1.38628024134,1.35942658421,0.277757085464,9305.43808511,5.0,
83.2937780296,0.995379801873,0.294300316982,0.798796761654,0.112343048845,1.35375916158,1.19842169035,0.294300316982,9013.89562125,5.0,
98.1121937403,0.994158663734,0.260823235347,0.762690696354,0.116012343217,1.50251311207,1.48642150152,0.260823235347,8398.32570886,5.0,
100.404066154,0.993631712194,0.368062475208,0.790924144155,0.0866008715504,1.40631615011,1.47764087554,0.368062475208,7883.12881036,6.0,
91.0886937639,0.994815213491,0.368083901066,0.817858144847,0.0959088246131,1.25440001307,1.22715384979,0.368083901066,8784.22801062,6.0,
92.1343545925,0.994727633977,0.379204058685,0.824338581085,0.0943712306391,1.2306297632,1.19012887693,0.379204058685,8737.05792031,6.0,
106.669045933,0.993869305963,0.368193700135,0.810440381056,0.0943639392962,1.26989347209,1.35997419314,0.368193700135,8699.58974355,6.0,
101.852800201,0.993916719151,0.38324038724,0.817156278996,0.0913444673364,1.23997282868,1.32405860045,0.38324038724,8371.62759345,6.0,
102.289552943,0.994035104184,0.369736282462,0.812183859259,0.0940403616957,1.27380147034,1.34424145148,0.369736282462,8574.29501733,6.0,
91.8359517852,0.994663506918,0.386672256806,0.825063285146,0.0925088178752,1.19723050267,1.21545736361,0.386672256806,8604.44349922,6.0,
82.5601944956,0.995463153391,0.382108007313,0.829261615806,0.0953393866348,1.17993809325,1.06779020913,0.382108007313,9098.83346915,6.0,
97.616818518,0.994281478601,0.391673519355,0.825921009306,0.091381897758,1.17204294859,1.23554107854,0.391673519355,8535.14498882,6.0,
121.9028718,0.993012859758,0.37841999979,0.820633144474,0.0933276964564,1.238595208,1.43131127162,0.37841999979,8723.37376831,6.0,
107.551410722,0.993745842935,0.36293200215,0.816889141131,0.0972711267181,1.24412244652,1.32935844781,0.36293200215,8598.39380498,6.0,
108.643407449,0.993805201758,0.359068338577,0.813211394322,0.0975323287081,1.27555656981,1.37076114494,0.359068338577,8768.90568529,6.0,
105.908785347,0.993645429567,0.381731139221,0.819562536284,0.0927961608455,1.2215600014,1.32401768714,0.381731139221,8333.27653343,6.0,
74.8575870588,0.995598501033,0.380550753668,0.824508460023,0.095031679999,1.18811177401,1.08005476089,0.380550753668,8503.62688824,6.0,
79.9749327291,0.995527110614,0.386767547707,0.83166664799,0.0947819768395,1.16487332601,1.07371949205,0.386767547707,8939.96316743,6.0,
95.5860879007,0.994445214922,0.369031934802,0.815736117686,0.0954944761353,1.25495517205,1.27262270059,0.369031934802,8603.9342345,6.0,
149.917137957,0.99115032817,0.355621852971,0.805515568573,0.0962254937103,1.30087356988,1.6889864514,0.355621852971,8470.20888652,6.0,
112.807292011,0.993558674977,0.387464966703,0.82403491036,0.0920421991535,1.20853265053,1.34584965932,0.387464966703,8756.5284792,6.0,
97.5005869487,0.994479396706,0.368027916647,0.820196291679,0.0965503878401,1.23203121773,1.25741081685,0.368027916647,8830.61018438,6.0,
110.915858629,0.993303368795,0.360888914222,0.808320846357,0.0955354474784,1.29402371576,1.4183747974,0.360888914222,8281.60536409,6.0,
102.22128279,0.994054932719,0.388043830286,0.826240820003,0.0926035891937,1.19496537549,1.27475019276,0.388043830286,8597.26029401,6.0,
119.646938583,0.9932296962,0.387197087171,0.825601637648,0.0929820114462,1.1952509005,1.36294670254,0.387197087171,8836.04443803,6.0,
87.0756140931,0.994737923633,0.403266040505,0.824703880013,0.0876298885633,1.20072902038,1.20064202426,0.403266040505,8273.88354089,6.0,
88.7443736329,0.994742151429,0.373132163278,0.818019781795,0.0949956228519,1.22360957763,1.19091724496,0.373132163278,8439.20300389,6.0,
106.280186942,0.993946032915,0.390762613904,0.828290204087,0.0920348708131,1.1843042094,1.2716455019,0.390762613904,8777.72603219,6.0,
81.1479142079,0.995295788925,0.37755597034,0.823194700645,0.0948121124095,1.20470116957,1.11280743993,0.37755597034,8625.0290342,6.0,
81.7179499284,0.99528253686,0.381753984719,0.824804142208,0.0940759681952,1.20969404636,1.12331901367,0.381753984719,8661.18241692,6.0,
75.2655179468,0.995697699837,0.390688056703,0.830413404758,0.0931137942146,1.17824559148,1.04155533525,0.390688056703,8747.06023388,6.0,
102.202001605,0.994123507584,0.369025018196,0.816995036378,0.0950337606374,1.27506633199,1.28717997136,0.369025018196,8695.93282327,6.0,
104.64168437,0.993856688866,0.375650387169,0.814989053502,0.0931806074785,1.25600166945,1.35283324679,0.375650387169,8516.71697007,6.0,
87.9114761837,0.994978040013,0.367102456812,0.819736535888,0.0966523575421,1.25344051522,1.1867503816,0.367102456812,8752.70976112,6.0,
134.224211239,0.992536109889,0.384143718953,0.826762358794,0.0936562611856,1.19275468544,1.46184519033,0.384143718953,8991.56218537,6.0,
67.5432500905,0.996276944113,0.398943556952,0.836303090005,0.0926297865264,1.11584553492,0.946542038427,0.398943556952,9067.7678374,6.0,
99.1155234543,0.994390299428,0.374341359263,0.81919155592,0.0943223770858,1.25871647376,1.27697367386,0.374341359263,8834.29714113,6.0,
103.891907032,0.993887350639,0.36479650567,0.813125718832,0.0963422406843,1.23228731863,1.34474499992,0.36479650567,8498.10784911,6.0,
90.92298856,0.994622459412,0.377857070211,0.820911613455,0.0943271069372,1.23582242012,1.20839667029,0.377857070211,8453.92904625,6.0,
94.7969787093,0.994585784746,0.402418090683,0.833418137274,0.0902553924579,1.15766419347,1.18282270374,0.402418090683,8754.45233123,6.0,
85.3687453776,0.994994090373,0.368026074283,0.816296089891,0.0960052940122,1.26486456191,1.18905411572,0.368026074283,8526.79650111,6.0,
86.8350957529,0.994935899653,0.402713087389,0.833721031955,0.0901138771683,1.16239646889,1.10297408299,0.402713087389,8573.84840943,6.0,
128.286862106,0.992500353795,0.370627782452,0.813574663214,0.0931361029009,1.28151637827,1.53077467781,0.370627782452,8552.86093497,6.0,
95.8480353743,0.994088426496,0.392229763883,0.819603582707,0.0890197862283,1.23779455243,1.28976695149,0.392229763883,8106.79485068,6.0,
111.922673842,0.993587850572,0.385124124068,0.826387974843,0.0930757180774,1.19409699316,1.32653857653,0.385124124068,8727.39126709,6.0,
80.6475522825,0.995118310302,0.414275330434,0.835179763007,0.087208977141,1.15569100108,1.07527577145,0.414275330434,8260.19569633,6.0,
96.6459110293,0.994285660709,0.396889040915,0.830627939198,0.0907420732258,1.18406105639,1.19418086831,0.396889040915,8456.37542393,6.0,
114.071843774,0.99344850751,0.356473500877,0.813032515827,0.0980862358341,1.28646004158,1.39641536452,0.356473500877,8705.79062279,6.0,
106.188128845,0.99389287808,0.384105765135,0.82645117433,0.0932745788592,1.22484856454,1.28293128137,0.384105765135,8693.80263569,6.0,
94.0539583628,0.994268090063,0.386173319425,0.819808966118,0.0913900890505,1.23615314435,1.24355379314,0.386173319425,8204.41697379,6.0,
72.5717729626,0.9956780045,0.380956184544,0.824910085271,0.0937335841598,1.23410028349,1.05732269587,0.380956184544,8395.63263894,6.0,
70.1564650899,0.996017011867,0.394504340857,0.833739343321,0.092627589541,1.18309010546,0.989271270988,0.394504340857,8807.0140742,6.0,
97.6548332783,0.994218697771,0.357272289043,0.810030729692,0.0969483189112,1.30943267337,1.31283261735,0.357272289043,8445.74711787,6.0,
91.9067617114,0.994612522616,0.33918874448,0.798106451455,0.0997650831456,1.32227327846,1.31214338542,0.33918874448,8529.66566349,7.0,
80.856085855,0.995481987225,0.337281937263,0.808315702967,0.10334747424,1.30364796974,1.16458795575,0.337281937263,8948.19137051,7.0,
107.438971502,0.993883782322,0.346379892613,0.815567796837,0.100201189849,1.2562573354,1.31906717651,0.346379892613,8783.12195234,7.0,
84.5868951518,0.995091907643,0.356238158832,0.809490401653,0.0977589287828,1.27692088912,1.199433508,0.356238158832,8617.08565622,7.0,
122.05974917,0.992936847609,0.350315090673,0.81124295319,0.099467869741,1.28493601423,1.430379707,0.350315090673,8640.60000475,7.0,
87.9705266802,0.994845624823,0.355436296818,0.806514495337,0.0964237763623,1.3151102637,1.28531369494,0.355436296818,8533.57814147,7.0,
59.4360084344,0.996513812081,0.390126107503,0.831940462981,0.0935399036823,1.17454220445,0.919562857008,0.390126107503,8524.49517644,7.0,
95.4745629357,0.994670538805,0.361044171209,0.815256772623,0.097355955148,1.24964540522,1.24757273915,0.361044171209,8956.92510454,7.0,
76.7510802688,0.995563535413,0.366948714961,0.819692564933,0.0972720371494,1.24009646867,1.10168846087,0.366948714961,8649.99424025,7.0,
82.1523281248,0.995303080853,0.371900857043,0.828706648609,0.0964640889609,1.17829170642,1.07351020472,0.371900857043,8745.36664667,7.0,
92.9803962297,0.994734538151,0.360293262482,0.812569817143,0.0974839619799,1.28167758486,1.23443012479,0.360293262482,8829.27261632,7.0,
72.9310988371,0.995679938679,0.35717592804,0.816163803536,0.0996087396343,1.26602682335,1.07053769532,0.35717592804,8440.97958518,7.0,
86.6559458056,0.995114532291,0.378551591599,0.826749900458,0.0957210580583,1.21108406338,1.12465184346,0.378551591599,8868.38168506,7.0,
100.891743379,0.994177047974,0.353871633024,0.814232660504,0.099400706269,1.27818630369,1.28110591827,0.353871633024,8663.28135019,7.0,
86.925139656,0.994961097707,0.403440123319,0.834881093468,0.0903630610371,1.1462326978,1.10542888165,0.403440123319,8624.83261015,7.0,
95.7182866764,0.994521244739,0.339970716523,0.805552318648,0.10129885965,1.32922712641,1.27831122441,0.339970716523,8735.40449551,7.0,
96.2380792774,0.994315784451,0.353902533893,0.810161739986,0.0988841556061,1.29218172391,1.26799634927,0.353902533893,8465.35288753,7.0,
107.654786071,0.993918320369,0.363319433828,0.818157017107,0.0977221378691,1.2513611986,1.29969315017,0.363319433828,8850.74458075,7.0,
90.6228453634,0.994735082508,0.363506798758,0.813421858429,0.0967506415337,1.27321446022,1.2218854742,0.363506798758,8606.2930233,7.0,
118.637185479,0.993101977058,0.372016572459,0.81736953015,0.0945902836501,1.23962760942,1.40067192245,0.372016572459,8599.20971937,7.0,
99.9422555823,0.994188098094,0.346898401395,0.804793720901,0.0991488337472,1.30771075191,1.32445514485,0.346898401395,8598.05915493,7.0,
89.5121591213,0.994904364261,0.349641697842,0.814284627939,0.100141416414,1.26528545506,1.18588805489,0.349641697842,8783.51162399,7.0,
87.4723866623,0.994944930482,0.374858188242,0.823958791681,0.0959725967984,1.22138409513,1.13977088546,0.374858188242,8651.37503583,7.0,
107.453665675,0.993544668344,0.353723712683,0.804346070112,0.0966969129937,1.3081572393,1.39356087429,0.353723712683,8322.86173698,7.0,
83.4071472407,0.995236031238,0.359986714075,0.818005560906,0.0993569267888,1.2317791415,1.13603990621,0.359986714075,8753.95614618,7.0,
66.5654849014,0.996122791351,0.303479545899,0.788557411867,0.10997515981,1.38120393768,1.13644274497,0.303479545899,8583.60125984,7.0,
90.7998835544,0.994815147905,0.363329424796,0.820382279046,0.0982261606801,1.23863395074,1.17700671922,0.363329424796,8756.26554876,7.0,
110.559450188,0.993356409611,0.359969535697,0.8085778593,0.0962371261312,1.2707764589,1.38961588695,0.359969535697,8320.44006427,7.0,
126.655944232,0.992792938452,0.343393373801,0.805565898099,0.100153183739,1.3302578114,1.50371839053,0.343393373801,8786.93371636,7.0,
116.223103432,0.993189992219,0.349054365494,0.804669954747,0.0978446881411,1.26776181393,1.45881131096,0.349054365494,8533.10512808,7.0,
113.578674723,0.993371799685,0.360817722173,0.811908917728,0.0963153872316,1.28559924157,1.37832853389,0.360817722173,8567.83661691,7.0,
105.34055768,0.993639559301,0.364396332367,0.809986149951,0.0947180358074,1.25947439359,1.36089474264,0.364396332367,8280.92354122,7.0,
119.095016444,0.993252316194,0.344371895026,0.805466398225,0.0980812790579,1.2856284905,1.46319847677,0.344371895026,8824.97232853,7.0,
93.6785740138,0.99481602057,0.387946036861,0.827410757397,0.0929439198749,1.18557505949,1.18027506334,0.387946036861,9035.18664441,7.0,
88.0960550127,0.994826402665,0.359377107009,0.811475225441,0.095998948484,1.26643321694,1.25004642087,0.359377107009,8514.00382681,7.0,
77.2798108546,0.995590030099,0.385841737561,0.831230076785,0.0940182056039,1.17199042404,1.04495586083,0.385841737561,8761.94438567,7.0,
88.0497726164,0.994903855576,0.356790481651,0.810569556111,0.0963044631425,1.29034154307,1.24482210578,0.356790481651,8638.66446528,7.0,
91.4966041952,0.994711644628,0.352544188618,0.811327761968,0.097964314997,1.26248130178,1.25258147256,0.352544188618,8650.55008816,7.0,
98.783571732,0.994465401903,0.35394544794,0.814626930252,0.0992223341862,1.26166476531,1.26736534013,0.35394544794,8924.11911909,7.0,
110.629627532,0.9934899882,0.37461878983,0.815960004495,0.0938038788577,1.24601048023,1.35114006515,0.37461878983,8496.86929834,7.0,
105.469848463,0.993952968227,0.350039171017,0.811247480377,0.100055768718,1.28790425987,1.32329698343,0.350039171017,8720.79202978,7.0,
101.08047963,0.994295382911,0.348499194476,0.812929946301,0.101195120033,1.26256326569,1.27976522054,0.348499194476,8859.54636233,7.0,
97.6258713748,0.994351610517,0.36705414146,0.81824224148,0.0968182339673,1.23441828769,1.24172685644,0.36705414146,8641.94767118,7.0,
106.374251365,0.993859765327,0.376885637799,0.822440389925,0.0949363364257,1.21712909706,1.28215235488,0.376885637799,8662.12133969,7.0,
137.257168484,0.991798739592,0.289405442963,0.770711740636,0.107568940676,1.46214763076,1.73169680089,0.289405442963,8368.10561932,7.0,
104.69256794,0.994109052731,0.33644252127,0.812347395497,0.103221350843,1.2943541308,1.3005523297,0.33644252127,8885.95084781,7.0,
104.738102881,0.99387051172,0.376469056799,0.825702582168,0.094070389885,1.18445239968,1.26868872838,0.376469056799,8543.9225398,7.0,
108.395102991,0.993800973026,0.335050959925,0.809491375782,0.102656282551,1.27882533084,1.35536043053,0.335050959925,8742.97868246,7.0,
107.371812302,0.993904315101,0.351676051252,0.818602645987,0.10046642015,1.23088038233,1.29657901777,0.351676051252,8807.27111266,7.0,
86.9382539458,0.99522468117,0.346919637508,0.817977953988,0.102540194241,1.24646647453,1.15686320792,0.346919637508,9102.92553105,7.0,
