672.209292413,0.962898738632,0.266110811919,0.738175339869,0.10641357298,1.4969362986,4.8617504973,0.266110811919,9059.11642393,1.0,
641.610542768,0.965137973442,0.284253109879,0.762780070773,0.10813494511,1.39431752864,4.43307757886,0.284253109879,9201.73609374,1.0,
623.618925831,0.967645769632,0.273018609407,0.758745001679,0.108498684997,1.44224050278,4.25959079284,0.273018609407,9637.81848786,1.0,
575.500355215,0.968697302861,0.286706492688,0.765714181042,0.109192687174,1.39146782203,4.08290707587,0.286706492688,9192.76377039,1.0,
581.211139528,0.969495526774,0.280354996111,0.762334322143,0.106609705611,1.40461097942,4.03893151463,0.280354996111,9524.74440091,1.0,
519.402244956,0.971907790686,0.277888561514,0.761570883061,0.111214926365,1.40402107985,3.72477976698,0.277888561514,9245.21280712,1.0,
616.718385905,0.96641267789,0.287686396286,0.763542979992,0.105230983757,1.39047397499,4.28573458369,0.287686396286,9178.70845809,1.0,
627.734441603,0.966464294939,0.283793410367,0.769720191536,0.107716447805,1.37206925296,4.25163398693,0.283793410367,9359.19552686,1.0,
580.508383063,0.968608713053,0.284055304129,0.734878095579,0.0969011838964,1.50284433133,4.36572890026,0.284055304129,9246.5530036,1.0,
547.846902529,0.968453174642,0.27841114783,0.738355795427,0.0995969604324,1.47865146856,4.24772662688,0.27841114783,8683.61876798,1.0,
589.192952543,0.96737514678,0.282065537377,0.744884617131,0.102531532652,1.45155565397,4.37510656436,0.282065537377,9029.93981412,1.0,
605.855427678,0.967099064683,0.267737924704,0.740383844301,0.103566237507,1.51734703145,4.41155157715,0.267737924704,9206.0959159,1.0,
505.041489059,0.970553774329,0.281262211446,0.740182852956,0.101510858424,1.46259913767,3.91346973572,0.281262211446,8575.65744919,1.0,
562.188263711,0.967751931394,0.274048267268,0.738638493028,0.102793662952,1.49671095436,4.35137823245,0.274048267268,8716.70976294,1.0,
535.827720943,0.969888207564,0.263326935232,0.731086416173,0.102376982952,1.5370899309,4.08788007957,0.263326935232,8898.59916895,1.0,
614.040423416,0.966154152541,0.275923192419,0.734895874668,0.0985229182634,1.49447403197,4.52848820688,0.275923192419,9071.62802068,1.0,
579.678743961,0.96859453139,0.268325012894,0.746673273516,0.108230656833,1.48760977348,4.16950838306,0.268325012894,9228.80259543,1.0,
512.598607559,0.97252692172,0.274932467849,0.737430312702,0.103101724658,1.51366288086,3.97058823529,0.274932467849,9328.41378368,1.0,
649.731173629,0.964764013882,0.261839425096,0.73718472947,0.106669266483,1.51703873349,4.68712702472,0.261839425096,9219.46304507,1.0,
636.19359193,0.96545132068,0.268510241283,0.743349862645,0.10583897076,1.48086369293,4.53061949417,0.268510241283,9206.59365893,1.0,
559.757033248,0.969176305287,0.266257995305,0.747425326169,0.108859381437,1.48223617432,4.06621199204,0.266257995305,9079.79100489,1.0,
525.542909918,0.970941277325,0.263479095053,0.749023781463,0.108927507274,1.48073563934,3.89514066496,0.263479095053,9039.39833622,1.0,
570.941318556,0.969745422282,0.281777358344,0.747161899077,0.106009856249,1.45416107118,4.07942597329,0.281777358344,9435.61870008,1.0,
568.597115658,0.968165339432,0.26467152173,0.744402986768,0.108524341635,1.47308448055,4.15764421711,0.26467152173,8930.42276026,1.0,
664.010230179,0.963456627201,0.269098258138,0.737199297879,0.103070187902,1.50370031474,4.83006535948,0.269098258138,9085.02548351,1.0,
661.39258312,0.963863810012,0.27281914821,0.730199819221,0.0998620715847,1.52092620149,4.82011935209,0.27281914821,9151.0400609,1.0,
636.599317988,0.965265292471,0.265057402429,0.739675429114,0.104360686329,1.5126210537,4.63256606991,0.265057402429,9163.73511206,1.0,
553.336601307,0.968380345044,0.272286730153,0.742005236654,0.104370741126,1.49833866283,4.21355498721,0.272286730153,8749.88360997,1.0,
607.58226769,0.965003776433,0.261561855057,0.727096453241,0.1036176699,1.56713313264,4.66396703609,0.261561855057,8680.25737045,1.0,
565.926683717,0.968622126685,0.269505538521,0.72544831702,0.096511313167,1.52256590469,4.48294970162,0.269505538521,9017.4659054,1.0,
642.407360045,0.963125999904,0.271654934795,0.738887049857,0.100681913847,1.52383755755,4.78559249787,0.271654934795,8711.42385181,1.0,
552.809747087,0.968301172338,0.261889078417,0.738298426118,0.109214342179,1.49573140793,4.13071895425,0.261889078417,8721.17149551,1.0,
531.801932367,0.970741722373,0.260831116447,0.74255014927,0.110121743871,1.49550512965,3.99801079852,0.260831116447,9088.77785427,1.0,
533.834896277,0.969571388726,0.283673511577,0.745413547734,0.102886721775,1.480941194,4.06692242114,0.283673511577,8773.09064927,1.0,
459.815217391,0.973909525696,0.283402129277,0.752228499431,0.104622376811,1.42800198536,3.59853651606,0.283402129277,8811.95368936,1.0,
535.293407218,0.969681435767,0.28069064812,0.747834380789,0.102207421873,1.46719022131,4.08411480534,0.28069064812,8828.4800662,1.0,
661.811238988,0.965062408136,0.277459770413,0.753530266938,0.106311528833,1.47819281019,4.60834043762,0.277459770413,9472.58609281,1.0,
592.023373117,0.966761045053,0.273645660496,0.735350906283,0.101898514162,1.51491937983,4.421923842,0.273645660496,8906.68641384,1.0,
565.474140381,0.968382055028,0.280185020044,0.730038783981,0.0969437609661,1.56162037555,4.28317703893,0.280185020044,8942.29749716,1.0,
539.357132708,0.96929386786,0.268458579218,0.735601643498,0.101325576487,1.52549428592,4.20098039216,0.268458579218,8781.68296256,1.0,
574.631855641,0.968480058094,0.255163662757,0.721538605969,0.102885175264,1.5284751172,4.4168797954,0.255163662757,9113.93003973,1.0,
566.373685706,0.968962086511,0.270658022487,0.747684812196,0.10854509666,1.46092409697,4.14890593919,0.270658022487,9123.77250861,1.0,
623.794970162,0.965341291958,0.273348386597,0.738090686385,0.10276561391,1.50831299454,4.61636828645,0.273348386597,8999.10881571,1.0,
613.326868429,0.965314451628,0.278122918326,0.739017388482,0.0994676304706,1.50202033213,4.59470019892,0.278122918326,8840.89050124,1.0,
530.461565786,0.969330514035,0.275548294199,0.737556765157,0.10226499684,1.48561472342,4.0608837738,0.275548294199,8648.74759533,1.0,
629.032253481,0.963152118885,0.262465396107,0.729527005748,0.102342963478,1.53320912825,4.68599033816,0.262465396107,8536.60452909,1.0,
556.275007104,0.968005831903,0.276296273685,0.740177404216,0.101227620643,1.51509527146,4.23849104859,0.276296273685,8693.83990746,1.0,
618.172776357,0.965886437606,0.27800271671,0.738764581433,0.101853982629,1.49381340033,4.45950554135,0.27800271671,9061.05277356,1.0,
555.183574879,0.969129446124,0.272199475974,0.744962789596,0.106050584491,1.48970567885,4.16425120773,0.272199475974,8992.12202513,1.0,
545.237496448,0.970367194921,0.275090886069,0.755052504427,0.109129099881,1.42878811233,3.97733731174,0.275090886069,9200.22661092,1.0,
496.127024723,0.973887199436,0.255427252343,0.740610434011,0.109964903323,1.51706630745,3.70744529696,0.255427252343,9497.44668114,2.0,
449.448920148,0.976134370624,0.262801149058,0.753993057085,0.112113827202,1.45568062747,3.37872975277,0.262801149058,9393.10447035,2.0,
569.433290708,0.968123308574,0.256106722561,0.741891930199,0.113689090495,1.45844686185,4.21874111964,0.256106722561,8931.92085585,2.0,
535.292767832,0.971253402049,0.256769254728,0.745300897172,0.10905986393,1.50591942342,3.94252628588,0.256769254728,9311.99092935,2.0,
574.089869281,0.969683484138,0.246423840426,0.746586085421,0.115473321511,1.49057468888,4.03786587099,0.246423840426,9467.2295968,2.0,
572.811310031,0.968634442247,0.236724969094,0.732947411062,0.113751527853,1.55513888519,4.23188405797,0.236724969094,9133.10366002,2.0,
611.704319409,0.966590442348,0.243609610509,0.732594589275,0.110878228621,1.56215821502,4.46604148906,0.243609610509,9154.9580896,2.0,
672.110826939,0.963885477876,0.240849011024,0.739969593523,0.114544154432,1.50396338798,4.70517192384,0.240849011024,9304.20049048,2.0,
702.987709577,0.96350387182,0.236485686317,0.73004305932,0.114591301188,1.57263793942,4.83411480534,0.236485686317,9632.31513841,2.0,
716.42625746,0.961468408148,0.237338968395,0.732136215507,0.112254747585,1.57090709185,5.01591361182,0.237338968395,9298.89488718,2.0,
586.112318841,0.967500992285,0.260864871419,0.747710224959,0.108868630582,1.4908168096,4.27401250355,0.260864871419,9019.11396962,2.0,
615.363739699,0.965762758789,0.250074071167,0.73643185554,0.109200504924,1.5522099425,4.53495311168,0.250074071167,8986.31297721,2.0,
461.604930378,0.974125067546,0.251010640407,0.740995690985,0.112478132725,1.49116335083,3.61970730321,0.251010640407,8921.11918996,2.0,
619.687695368,0.965267721749,0.253677737409,0.737585112869,0.106557805019,1.52346069332,4.59306621199,0.253677737409,8922.39227248,2.0,
465.371483376,0.975542509672,0.267939435021,0.75251389935,0.109098172516,1.46037144642,3.52479397556,0.267939435021,9508.71722597,2.0,
477.539855072,0.974402698739,0.269396501079,0.753420640126,0.1070554407,1.4295081521,3.49936061381,0.269396501079,9309.31224339,2.0,
593.462418301,0.96811582344,0.252850680038,0.745931039946,0.111948313521,1.48663939687,4.20780051151,0.252850680038,9306.98586614,2.0,
772.511508951,0.958278685529,0.248157497387,0.738072220247,0.108806592454,1.51573311432,5.32310315431,0.248157497387,9259.14998708,2.0,
636.812659847,0.966397037235,0.250971929188,0.748407281937,0.11320497667,1.49078793207,4.4699488491,0.250971929188,9475.88460916,2.0,
542.185919295,0.969757703894,0.238794469854,0.73684458445,0.115717006769,1.52340597899,4.05207445297,0.238794469854,8959.07200423,2.0,
728.407999432,0.958569694202,0.230451349193,0.71518020393,0.106920417548,1.62210764114,5.38498152884,0.230451349193,8791.23071272,2.0,
615.25390736,0.966869523667,0.255680646797,0.741438275801,0.110918330114,1.52152127821,4.42142654163,0.255680646797,9286.93348024,2.0,
620.971795965,0.965951819968,0.240978529577,0.734275589026,0.11317038882,1.52736096954,4.49836601307,0.240978529577,9119.24118389,2.0,
578.502344416,0.969840919905,0.254078809864,0.748977069734,0.114455661419,1.42568292951,4.04028132992,0.254078809864,9589.67937239,2.0,
627.423202614,0.965940388262,0.245070704149,0.737240138113,0.112079916062,1.49111262408,4.49765558397,0.245070704149,9211.0371441,2.0,
665.871767548,0.964618597614,0.242766816295,0.736745261586,0.113515220394,1.54245093198,4.71902529128,0.242766816295,9411.55865158,2.0,
581.03516624,0.968445826736,0.254682008382,0.744483214892,0.112047288833,1.50440699189,4.16034384768,0.254682008382,9206.76099926,2.0,
498.083617505,0.97267935777,0.248748340616,0.740259292969,0.112156010846,1.52916099484,3.76406649616,0.248748340616,9114.93363717,2.0,
625.576868429,0.96540718145,0.241814964451,0.738948303493,0.112087221037,1.53594132954,4.55129298096,0.241814964451,9041.47097579,2.0,
669.791631145,0.96309277751,0.245594602709,0.741667789438,0.113019436533,1.52497663917,4.69671781756,0.245594602709,9073.99791787,2.0,
555.52735152,0.970936719043,0.250810674501,0.750139261241,0.114269725526,1.48614865071,3.9240551293,0.250810674501,9556.34808229,2.0,
659.055839727,0.964968068037,0.243215472762,0.740894794056,0.113970521536,1.54720397765,4.59917590224,0.243215472762,9406.50148023,2.0,
588.454319409,0.96774756565,0.255018649622,0.746480878613,0.112874908859,1.47060151231,4.21121057118,0.255018649622,9124.49489849,2.0,
704.340437624,0.962493321399,0.242663159057,0.736768420975,0.114215340032,1.54050710008,4.87453822109,0.242663159057,9390.00765464,2.0,
569.523515203,0.969508756531,0.254247261709,0.746403467812,0.115811673912,1.48365706713,4.12908496732,0.254247261709,9331.14444214,2.0,
619.436629724,0.965276253546,0.25275928724,0.743546099554,0.111728630095,1.47760612951,4.4154589372,0.25275928724,8920.95373253,2.0,
753.8466894,0.95904104113,0.237095385493,0.735625991287,0.114839860238,1.52017097533,5.23699914749,0.237095385493,9204.4606948,2.0,
566.650682012,0.968785936139,0.248368173229,0.738953361645,0.113080652113,1.44785007136,4.1626172208,0.248368173229,9075.70847814,2.0,
518.060386473,0.972615292137,0.263938723905,0.7599852429,0.117286251261,1.40309880342,3.64663256607,0.263938723905,9453.69903371,2.0,
517.950341006,0.971756809815,0.249712981799,0.742978913933,0.112902060859,1.48646837144,3.86381074169,0.249712981799,9171.48304363,2.0,
558.880505826,0.96878087151,0.260288876744,0.747706603063,0.110836782847,1.44330648041,4.08425689116,0.260288876744,8943.02180311,2.0,
627.544899119,0.966857816908,0.26213059201,0.750604965541,0.112989528641,1.45477672373,4.36047172492,0.26213059201,9465.0087933,2.0,
594.092355783,0.966902842889,0.250138633607,0.741741062345,0.113238834084,1.49540422991,4.29482807616,0.250138633607,8975.25584575,2.0,
564.35961921,0.968414376581,0.238184760583,0.723426605429,0.110341076073,1.54048141911,4.24694515487,0.238184760583,8936.15667966,2.0,
638.246945155,0.964259055052,0.24424018447,0.744089935843,0.115741274878,1.46172577324,4.54717249219,0.24424018447,8925.8513296,2.0,
740.261579994,0.960782002374,0.234780555537,0.740258398497,0.116860550203,1.51648098555,5.00625177607,0.234780555537,9440.16820413,2.0,
586.525788576,0.969399216891,0.262199888625,0.7497441829,0.111071573251,1.49220932023,4.19160272805,0.262199888625,9582.075396,2.0,
670.470161978,0.962702698828,0.234988132463,0.732597586623,0.116240627975,1.54055671178,4.88874680307,0.234988132463,8985.0366284,2.0,
573.421923842,0.968844927472,0.244326509984,0.738549431795,0.111963298586,1.52307920418,4.234228474,0.244326509984,9203.76733624,2.0,
667.118357488,0.963274271762,0.248789242274,0.732183960855,0.11252440949,1.51912503177,4.83304916169,0.248789242274,9082.43879,2.0,
720.554418869,0.962854820826,0.263441857586,0.751645755219,0.10844722981,1.46851814981,4.90053992612,0.263441857586,9699.16466802,3.0,
814.760798522,0.955885014494,0.247940219945,0.743064678928,0.111907000354,1.489810047,5.68591929525,0.247940219945,9235.12892952,3.0,
615.0966894,0.966607921038,0.277612838712,0.75968737236,0.105319102822,1.4187946019,4.35372264848,0.277612838712,9209.98404205,3.0,
872.041844274,0.952278739133,0.259402273745,0.745224909629,0.109685449567,1.45476108452,5.788647343,0.259402273745,9137.60282794,3.0,
651.647911338,0.965438573599,0.266600693059,0.75419721735,0.110670917763,1.44209679058,4.45637965331,0.266600693059,9427.42596001,3.0,
685.996447855,0.96316154283,0.265932498051,0.756659995789,0.109974393684,1.4236407231,4.69835180449,0.265932498051,9310.87375203,3.0,
664.72705314,0.964344519553,0.276118121324,0.763609006335,0.108892821819,1.40127620763,4.52500710429,0.276118121324,9321.52708103,3.0,
602.90601023,0.967764840983,0.263978747369,0.747537513472,0.106581328721,1.45643799776,4.26676612674,0.263978747369,9351.80050362,3.0,
721.07054561,0.962179934201,0.267359735778,0.762924769168,0.111980423753,1.36396353704,4.68861892583,0.267359735778,9532.97131616,3.0,
632.237425405,0.967290237475,0.265866593084,0.763465953117,0.112629120537,1.39141012728,4.23799374822,0.265866593084,9664.3536456,3.0,
694.545609548,0.963869964056,0.282850976403,0.758915412543,0.104173459266,1.40523271245,4.69366297244,0.282850976403,9611.748112,3.0,
679.243748224,0.964612826502,0.256974651308,0.747910638415,0.111582758559,1.45356159056,4.62553282182,0.256974651308,9597.48371933,3.0,
591.13867576,0.967933866274,0.265093024826,0.750477329505,0.108175886936,1.45485467965,4.27138391589,0.265093024826,9218.55677926,3.0,
657.119991475,0.964552890513,0.261644677887,0.752833177512,0.108489173272,1.43363416164,4.48046319977,0.261644677887,9270.05098958,3.0,
330.948707019,0.983001266856,0.28842605816,0.771716331426,0.108540468617,1.34941783919,2.58638817846,0.28842605816,9702.85044498,3.0,
434.189542484,0.976641686882,0.284613199922,0.762875555458,0.105906197825,1.38852123291,3.25774367718,0.284613199922,9277.82288916,3.0,
713.591858483,0.96218787571,0.264145614426,0.741649962757,0.105044595565,1.46438115027,4.87361466326,0.264145614426,9436.78578311,3.0,
611.757885763,0.966770586871,0.270153635996,0.745786383754,0.104588817545,1.45961575396,4.4126172208,0.270153635996,9205.06605682,3.0,
842.391162262,0.956226254982,0.273117239738,0.751176710466,0.10597993509,1.46080491523,5.52401250355,0.273117239738,9622.10523579,3.0,
694.235649332,0.963519627515,0.265076490542,0.746091255113,0.107085884734,1.4667392569,4.71874111964,0.265076490542,9516.40712552,3.0,
735.287013356,0.960945321087,0.268208576412,0.749884947051,0.105745329165,1.456895223,5.01420858198,0.268208576412,9413.60796001,3.0,
582.853225348,0.967666017983,0.264533342362,0.736497436996,0.102427088542,1.52218032105,4.38604717249,0.264533342362,9013.54756417,3.0,
583.838519466,0.96782297564,0.266290205866,0.746474274003,0.108972785836,1.45992251055,4.21391020176,0.266290205866,9072.89361507,3.0,
673.322961068,0.962525206579,0.26616694571,0.742313858321,0.102965922663,1.48374098329,4.90963341858,0.26616694571,8983.42252947,3.0,
635.526143791,0.965668486528,0.258274914218,0.739322380509,0.106398429194,1.47955030813,4.61665245808,0.258274914218,9256.05915864,3.0,
611.60009946,0.967025954491,0.282681969378,0.763333948303,0.109599466535,1.38343534805,4.25440466041,0.282681969378,9273.93686038,3.0,
664.957800512,0.964634103897,0.262499191455,0.749789976657,0.110854720125,1.43053341844,4.57445296959,0.262499191455,9401.1162416,3.0,
597.868357488,0.967789141127,0.278613415211,0.761552718439,0.105774658439,1.39720947639,4.18677181017,0.278613415211,9280.51008963,3.0,
644.991616937,0.965124744969,0.270010036048,0.75218056913,0.103514202873,1.47382938697,4.53012219381,0.270010036048,9246.99460324,3.0,
686.841432225,0.963636625546,0.266439367713,0.757935018954,0.111123721803,1.40675049305,4.65743108838,0.266439367713,9444.10263425,3.0,
641.553495311,0.963905047025,0.261072448344,0.737396985397,0.108074459731,1.49051953102,4.65963341858,0.261072448344,8887.29989397,3.0,
634.819053708,0.965125756322,0.273044561569,0.754092281755,0.104256686195,1.45537280564,4.51697925547,0.273044561569,9101.75192233,3.0,
737.142512077,0.96133254944,0.263191582237,0.750280971983,0.110476320415,1.48014177783,4.89386189258,0.263191582237,9531.81669058,3.0,
622.243606138,0.966714134194,0.262528646302,0.743331670208,0.107161263351,1.50236764916,4.48088945723,0.262528646302,9347.04221101,3.0,
699.291773231,0.962689446945,0.260179758549,0.742288815912,0.106411736282,1.51792603728,4.85059676044,0.260179758549,9371.81943408,3.0,
499.364805342,0.972539546257,0.284702785859,0.755419959603,0.104797779618,1.41429169928,3.67512077295,0.284702785859,9077.59237415,3.0,
640.570616652,0.963797302176,0.272128029297,0.739812073093,0.100952205437,1.48981367028,4.71582836033,0.272128029297,8847.14177511,3.0,
696.857772094,0.962782665533,0.272633516054,0.743220491635,0.10323364194,1.45092922992,4.8789428815,0.272633516054,9361.99119769,3.0,
658.479113384,0.965694689673,0.277948329214,0.750589557694,0.104514568555,1.42994213509,4.50781472009,0.277948329214,9598.57291645,3.0,
582.685777209,0.969115931841,0.26687506324,0.744133560931,0.106513159309,1.50094044316,4.29774083546,0.26687506324,9434.31563205,3.0,
554.23827792,0.96923205232,0.262321261167,0.74194822914,0.106955372148,1.5070106021,4.06194941745,0.262321261167,9004.19784144,3.0,
621.214762717,0.966368861951,0.26610999429,0.748757459099,0.10941189003,1.44947781903,4.3567064507,0.26610999429,9235.85152215,3.0,
687.007956806,0.962159460023,0.267353992184,0.74241812173,0.105467152003,1.47735226164,4.882495027,0.267353992184,9077.6711594,3.0,
692.528275078,0.961345813647,0.268518659837,0.746859444899,0.107787805458,1.46272598848,4.90920716113,0.268518659837,8957.99834928,3.0,
570.577720943,0.970264367586,0.272649596099,0.742312116452,0.102704614224,1.49633113585,4.1010230179,0.272649596099,9593.41779492,3.0,
580.307189542,0.96919013768,0.261918593829,0.747479509712,0.110339250189,1.44480187041,4.05314009662,0.261918593829,9417.54355936,3.0,
618.159491333,0.966108826032,0.274813517913,0.750200704371,0.102728672117,1.44526395183,4.4892725206,0.274813517913,9120.15990061,3.0,
575.524012504,0.96956987796,0.256305224809,0.739628129334,0.108987083212,1.50213673358,4.23742540494,0.256305224809,9454.92303923,3.0,
663.023017903,0.96403213194,0.275374452057,0.743347258455,0.09908997683,1.49893862015,4.83404376243,0.275374452057,9216.96857046,3.0,
583.736430804,0.96850764423,0.269766705501,0.742156017831,0.104362292101,1.47794406868,4.27834612106,0.269766705501,9267.90671157,3.0,
752.415458937,0.959592522921,0.230113436086,0.708793571862,0.110295983922,1.6167529421,5.38888888889,0.230113436086,9313.03017139,4.0,
682.954319409,0.96175988913,0.225538587626,0.723389319498,0.116577962949,1.5784036513,4.93101733447,0.225538587626,8931.91021095,4.0,
498.640167661,0.972541878738,0.250596152773,0.741193994018,0.111314504844,1.45629368012,3.75326797386,0.250596152773,9080.74169911,4.0,
746.025433362,0.958295622615,0.233175357239,0.723461293002,0.110666807376,1.56826883118,5.26598465473,0.233175357239,8945.76389697,4.0,
575.857701051,0.969495142715,0.236997704016,0.737424715038,0.119609436202,1.4864671209,4.13519465757,0.236997704016,9437.57914059,4.0,
614.445936346,0.966472920713,0.242471823683,0.727884348934,0.111820217487,1.53193330015,4.51157999432,0.242471823683,9164.17394845,4.0,
780.902671213,0.957190811626,0.230319680578,0.723734915066,0.112622170788,1.56625393009,5.47186700767,0.230319680578,9122.20620589,4.0,
800.424694515,0.955323794897,0.236252571091,0.72481914175,0.10930401688,1.52596152047,5.54646206309,0.236252571091,8958.064955,4.0,
815.058539358,0.957581587163,0.238293575952,0.737714836745,0.116970294739,1.47211716183,5.41986359761,0.238293575952,9609.14070281,4.0,
734.218030691,0.959684118178,0.22579964357,0.722074391257,0.115017958594,1.56100257083,5.15636544473,0.22579964357,9106.49540133,4.0,
526.058184143,0.972296910272,0.261618705536,0.75024429624,0.114916169558,1.41120625755,3.84974424552,0.261618705536,9485.17447842,4.0,
525.625959079,0.970921286814,0.234980511349,0.713048166193,0.109974723109,1.59280066736,4.1461352657,0.234980511349,9040.42801136,4.0,
589.946220517,0.965982888864,0.242542957441,0.718127100813,0.107657372758,1.56729010611,4.57040352373,0.242542957441,8672.70019261,4.0,
659.293833475,0.962096932312,0.237825629488,0.712704974827,0.107767930507,1.59350116637,5.01307189542,0.237825629488,8699.66775934,4.0,
683.27294686,0.961865733638,0.231855673108,0.704429180555,0.107818178023,1.598635763,5.13043478261,0.231855673108,8959.17213641,4.0,
750.877237852,0.959538276051,0.239991216843,0.710278705411,0.10641294827,1.61040209102,5.42483660131,0.239991216843,9280.60720634,4.0,
608.097186701,0.966224469886,0.232551758364,0.708408368279,0.109398931615,1.62992228365,4.68670076726,0.232551758364,9004.58911306,4.0,
540.28587667,0.969775077525,0.243927860134,0.719057914093,0.105079334359,1.6036421387,4.24893435635,0.243927860134,8941.46445675,4.0,
711.198564933,0.959170894627,0.226717629406,0.702652304902,0.109079316521,1.61707486283,5.31550156294,0.226717629406,8712.60357303,4.0,
616.953253765,0.963266387821,0.22557362456,0.698735649716,0.109794013747,1.6388281456,4.87524865018,0.22557362456,8396.053112,4.0,
344.62915601,0.980516542964,0.271124242845,0.739753538985,0.104349108814,1.47679406817,2.94401818698,0.271124242845,8835.48522854,4.0,
629.095907928,0.965288950106,0.235104548757,0.724325448341,0.112399898145,1.56733192515,4.64649048025,0.235104548757,9063.4139632,4.0,
585.235649332,0.967441827764,0.233393422028,0.718524310912,0.11234985486,1.58773150498,4.42362887184,0.233393422028,8986.82522697,4.0,
611.677749361,0.964308969731,0.240349853323,0.707467445492,0.103495635264,1.60399896136,4.82310315431,0.240349853323,8570.29367817,4.0,
728.299303779,0.957378837393,0.224916815798,0.700432346339,0.107628384634,1.64084903507,5.56869849389,0.224916815798,8544.46283282,4.0,
657.319408923,0.9639991355,0.228896753071,0.726455329349,0.117048509881,1.48007964002,4.72975277067,0.228896753071,9130.44558863,4.0,
749.005328218,0.960466947696,0.231210523137,0.737346268338,0.119689088575,1.51392547818,5.01811594203,0.231210523137,9474.82207989,4.0,
698.66112532,0.961172992342,0.226367017807,0.724675786007,0.116147906071,1.55937678956,5.06294401819,0.226367017807,8997.73864903,4.0,
802.830917874,0.956138520969,0.227522883327,0.727366395046,0.115784074568,1.54136630231,5.54191531685,0.227522883327,9151.89062935,4.0,
657.461281614,0.965431518094,0.244401378592,0.746647204971,0.115136800461,1.46560950986,4.59938903097,0.244401378592,9510.96636561,4.0,
663.992540494,0.964763042679,0.23145495395,0.736353982018,0.119564721539,1.49505988322,4.5794970162,0.23145495395,9423.27212612,4.0,
424.914748508,0.977928140849,0.252025823199,0.757046120371,0.114360269709,1.42871830719,3.17036089798,0.252025823199,9627.93007737,4.0,
671.022165388,0.962835108197,0.237137458078,0.73494501784,0.111492391787,1.53433392296,4.82551861324,0.237137458078,9027.648485,4.0,
700.769820972,0.962844910045,0.236609087791,0.742210459206,0.115853338809,1.49594144527,4.78758169935,0.236609087791,9430.33406488,4.0,
632.739698778,0.967268775701,0.248830759678,0.742370567597,0.115718402075,1.47888505135,4.42895709008,0.248830759678,9667.28453326,4.0,
681.424765558,0.962994776793,0.236296985528,0.740006876508,0.117866910266,1.53200653585,4.84363455527,0.236296985528,9206.88176854,4.0,
507.01733447,0.971948693888,0.240427639152,0.739938294408,0.111907659439,1.51155073304,3.86345552714,0.240427639152,9039.58261677,4.0,
574.491261722,0.969441318285,0.249551030613,0.74408961733,0.112342234298,1.49805510924,4.13803637397,0.249551030613,9399.82236126,4.0,
552.963981245,0.969487652626,0.231342141281,0.722809208458,0.110605963743,1.57836675908,4.23437055982,0.231342141281,9063.62467957,4.0,
923.450056834,0.951057493344,0.234795192113,0.740640556679,0.115208068632,1.48957039595,5.97520602444,0.234795192113,9434.37186151,4.0,
612.954248366,0.967724828117,0.235814402487,0.740341440854,0.11817154906,1.49286398239,4.39002557545,0.235814402487,9495.40932175,4.0,
683.649616368,0.964303631602,0.234295933471,0.742164905687,0.11712733375,1.50823778938,4.65515771526,0.234295933471,9576.02499772,4.0,
699.61793123,0.962926607039,0.235190692575,0.746391885701,0.12078915499,1.48386695849,4.70886615516,0.235190692575,9436.62811343,4.0,
644.030051151,0.964505627384,0.245608603351,0.738538518634,0.110298630222,1.46948377808,4.64982949702,0.245608603351,9073.45415295,4.0,
579.965757317,0.969945891034,0.246885780847,0.743729556678,0.114818308942,1.48019741178,4.18797953964,0.246885780847,9646.87812761,4.0,
433.33716965,0.976926458959,0.247294111025,0.754454278638,0.119520823497,1.44084154621,3.26015913612,0.247294111025,9374.21816438,4.0,
635.220161978,0.96610496469,0.243906783465,0.742623429912,0.115168534766,1.48638912797,4.52010514351,0.243906783465,9369.99686515,4.0,
665.124680307,0.963698908282,0.235710351576,0.733559648689,0.114699121159,1.50936629444,4.76605569764,0.235710351576,9163.05177531,4.0,
700.041062802,0.961816947396,0.225926588105,0.727240512054,0.114646198023,1.57279221139,5.05470304064,0.225926588105,9167.30039109,4.0,
543.759448707,0.970891221239,0.240976086783,0.750392334654,0.118195463576,1.47309683287,3.87723785166,0.240976086783,9341.25183949,4.0,
729.529482808,0.959475977151,0.215565285547,0.70975680181,0.116422015186,1.65442427036,5.26477692526,0.215565285547,9003.89193674,5.0,
642.236786019,0.964018853201,0.214732969103,0.724718578168,0.119552658431,1.56579628339,4.66531685138,0.214732969103,8926.94789736,5.0,
739.542625746,0.960593841054,0.218225851608,0.729325406902,0.120076331056,1.5365102517,5.05100880932,0.218225851608,9384.35477198,5.0,
728.511082694,0.958469668887,0.204586016672,0.704921099688,0.117218677795,1.65572753444,5.44273941461,0.204586016672,8770.83162071,5.0,
591.759377664,0.968051037454,0.217488137913,0.735413529776,0.121471218248,1.55420535635,4.35841148053,0.217488137913,9259.8799558,5.0,
643.893293549,0.963208813083,0.214642504971,0.702441997403,0.110130183943,1.65256624187,4.88519465757,0.214642504971,8753.1990003,5.0,
590.930591077,0.966655272372,0.224041790835,0.704882869574,0.109507763945,1.63210015579,4.59754191532,0.224041790835,8863.54232551,5.0,
643.570900824,0.965047142119,0.231709166033,0.714265116978,0.1123515845,1.60612283367,4.86558681444,0.231709166033,9209.40624478,5.0,
539.22925547,0.968478197542,0.224696187085,0.694627657814,0.102925798673,1.65657532109,4.47733731174,0.224696187085,8555.74620808,5.0,
654.108766695,0.964925767533,0.230301258681,0.71957381216,0.113473925341,1.58024085382,4.69188689969,0.230301258681,9326.17022808,5.0,
700.100809889,0.960787773681,0.213112579049,0.700508988158,0.112763662383,1.64408059391,5.30683432793,0.213112579049,8927.58500729,5.0,
335.694302359,0.982358633364,0.240189093252,0.724537116178,0.111647384412,1.52441909034,2.94906223359,0.240189093252,9502.21010079,5.0,
490.758454106,0.972251405567,0.229255369362,0.714455953559,0.10783775474,1.61788403903,3.99261153737,0.229255369362,8839.29521426,5.0,
647.752841716,0.963667480728,0.219281027582,0.707108416762,0.109826380389,1.61801281444,4.88796533106,0.219281027582,8916.44897359,5.0,
703.424055129,0.959824426279,0.221011444308,0.691167731457,0.105322730797,1.65574838736,5.41965046888,0.221011444308,8756.56963301,5.0,
548.750426257,0.968941514778,0.228448005755,0.710013624242,0.104985408305,1.64870446615,4.4261864166,0.228448005755,8836.67795369,5.0,
530.910983234,0.970201916222,0.217233209142,0.702186783673,0.108999334685,1.6612328406,4.38185564081,0.217233209142,8909.59404019,5.0,
536.830207445,0.970670873266,0.225607541038,0.716644077229,0.114780670583,1.5938004168,4.10556976414,0.225607541038,9153.60104601,5.0,
608.543620347,0.965921875021,0.220722498117,0.703170556589,0.112791177136,1.66581621939,4.71810173345,0.220722498117,8930.16067049,5.0,
707.355285592,0.961633385166,0.222723792434,0.715669401817,0.116358047246,1.62538355981,5.0802074453,0.222723792434,9219.98872728,5.0,
579.333759591,0.967801024294,0.22265965395,0.715146510087,0.114365984761,1.63511228426,4.46376811594,0.22265965395,8997.23280142,5.0,
720.746021597,0.958702873744,0.218859443733,0.701557982173,0.112055788471,1.64341608264,5.41084114805,0.218859443733,8726.80919517,5.0,
638.251420858,0.965667013671,0.227648515617,0.716453741616,0.113167923923,1.58102384605,4.72513498153,0.227648515617,9298.74081081,5.0,
701.63647343,0.959969660655,0.214328060855,0.702463220888,0.111937998249,1.68070547863,5.31095481671,0.214328060855,8767.17901683,5.0,
697.712844558,0.961205394003,0.211319507685,0.708438265969,0.117431593336,1.6672606737,5.10684853652,0.211319507685,8992.39503316,5.0,
551.111892583,0.968175299195,0.214150867442,0.695485323777,0.105763318058,1.71637952617,4.52976697926,0.214150867442,8664.30040989,5.0,
621.677465189,0.962995580089,0.221558327339,0.696532052235,0.107930896253,1.64422479801,4.97953964194,0.221558327339,8400.04338255,5.0,
422.687482239,0.977239790446,0.269113560931,0.736986798769,0.101783408499,1.52532851512,3.53331912475,0.269113560931,9261.61268353,5.0,
688.756464905,0.960191110996,0.215173106074,0.699516489069,0.108823139733,1.67996011442,5.34256891162,0.215173106074,8652.24689906,5.0,
573.223429952,0.966992823512,0.225727712371,0.707674849758,0.10844307026,1.6233201684,4.56628303495,0.225727712371,8684.86483052,5.0,
375.301577153,0.979477041473,0.248087867664,0.734271795312,0.107376994148,1.56145147423,3.25056834328,0.248087867664,9139.07745642,5.0,
624.755328218,0.963839099719,0.212353485859,0.699199603076,0.111523872149,1.68246769109,4.88022165388,0.212353485859,8640.96335427,5.0,
711.38647343,0.955944529072,0.2105701352,0.683194386902,0.105279740748,1.71703666247,5.62929809605,0.2105701352,8073.75858716,5.0,
564.06592782,0.967182807907,0.218802118827,0.711823134461,0.110713775252,1.61907561804,4.57004830918,0.218802118827,8593.62173864,5.0,
574.410556976,0.965371659083,0.209014822389,0.687526546016,0.10457759644,1.70392600012,4.90799943166,0.209014822389,8295.42236551,5.0,
643.507956806,0.964285565326,0.20275228591,0.707396200916,0.122076323244,1.65443946059,4.72932651321,0.20275228591,9007.57181178,5.0,
474.743677181,0.973181538605,0.25657236755,0.733576193094,0.106496870603,1.51273336561,3.77905655016,0.25657236755,8838.5075355,5.0,
602.538150043,0.966479354477,0.234771369824,0.721184686618,0.109568351937,1.61687613067,4.51086956522,0.234771369824,8991.00557236,5.0,
578.720659278,0.966289543037,0.213965497735,0.709746740603,0.115033565331,1.62696069971,4.52983802217,0.213965497735,8585.28400765,5.0,
490.302998011,0.973120452039,0.239325293028,0.72784769844,0.113206502447,1.54116041925,3.86551577153,0.239325293028,9119.77157686,5.0,
464.037865871,0.974085706732,0.259425672077,0.741393445039,0.107855763143,1.46212604873,3.64982949702,0.259425672077,8932.40302728,5.0,
491.528204035,0.972292410856,0.240849354226,0.722627212968,0.107762436931,1.5756170112,4.03189826655,0.240849354226,8864.69709948,5.0,
451.008525149,0.974681850507,0.235838870804,0.724511164861,0.11028167772,1.56346374123,3.64592213697,0.235838870804,8897.96805231,5.0,
596.465757317,0.967067026542,0.224004290919,0.692962716563,0.10479569012,1.69926801439,4.68258027849,0.224004290919,9056.93532425,5.0,
613.907644217,0.964476307826,0.226008956696,0.705686853991,0.10669072196,1.65634946808,4.87368570617,0.226008956696,8641.32487878,5.0,
492.833333333,0.972090787406,0.230727697836,0.711493863702,0.108263568185,1.62082935611,4.02685421995,0.230727697836,8830.66544847,5.0,
696.52244956,0.960623797998,0.212972613009,0.709333604678,0.115208193951,1.61128840113,5.16510372265,0.212972613009,8843.92602122,5.0,
634.89428815,0.966297546256,0.220468851308,0.728219137496,0.119787744654,1.55704147403,4.57630008525,0.220468851308,9424.26519596,5.0,
515.792270531,0.972002858186,0.241587532254,0.738810668002,0.115255507477,1.49908895438,3.89286729184,0.241587532254,9211.04629524,5.0,
499.310173345,0.970675884569,0.215017494039,0.701736482572,0.112689463583,1.63814721887,4.26328502415,0.215017494039,8516.42780912,5.0,
641.461921,0.961668577275,0.284025627211,0.697932923665,0.0755006075546,1.67825817815,5.37709576584,0.284025627211,8367.31166484,6.0,
665.017902813,0.964012585352,0.295083630769,0.741498101633,0.0937590041918,1.46210390587,4.77621483376,0.295083630769,9239.58985813,6.0,
635.806834328,0.965815661789,0.299080576751,0.748036830527,0.0961317278475,1.44278514024,4.52252060244,0.299080576751,9297.44673835,6.0,
659.43336175,0.96404794337,0.29121719257,0.732211384358,0.0941597666302,1.48616909352,4.81940892299,0.29121719257,9170.80530936,6.0,
666.550937766,0.96249786016,0.297829543207,0.737345688882,0.0908429366376,1.47167604823,4.95545609548,0.297829543207,8886.65352557,6.0,
673.381500426,0.962876431554,0.29047823729,0.730841148068,0.092514402338,1.48866690402,4.94160272805,0.29047823729,9069.46083864,6.0,
665.688121625,0.963720742551,0.298453394438,0.745856814225,0.0925991261649,1.42215887182,4.76768968457,0.298453394438,9174.62373724,6.0,
565.753481103,0.97050504066,0.309773634961,0.753065837638,0.0931285476667,1.38547953091,4.01832907076,0.309773634961,9590.25754973,6.0,
681.361750497,0.962465853749,0.306866800944,0.74772935961,0.0920363587709,1.3974011084,4.8445581131,0.306866800944,9076.55852819,6.0,
797.518044899,0.956903740215,0.300733389344,0.743836439251,0.0942469033533,1.43802805953,5.58354646206,0.300733389344,9252.75242995,6.0,
735.021454959,0.95914686155,0.296204792463,0.746848744664,0.0962105661927,1.4206226972,5.15885194658,0.296204792463,8995.95665371,6.0,
712.758027849,0.96130760801,0.283116261813,0.736978177954,0.0984518177282,1.47313516149,5.03523728332,0.283116261813,9211.37072736,6.0,
722.800937766,0.959202044252,0.283717512152,0.737922457443,0.0941342050564,1.48082455433,5.23429951691,0.283717512152,8858.29846761,6.0,
580.012787724,0.967737619657,0.304959756079,0.759773695045,0.0983181952593,1.37342968057,4.2091503268,0.304959756079,8988.59176481,6.0,
614.147200909,0.967690534549,0.295402516328,0.753755510726,0.100395037905,1.40321652893,4.31202046036,0.295402516328,9504.13744605,6.0,
691.467391304,0.961991750658,0.293447392836,0.746782021906,0.0947241677121,1.44762726443,4.85926399545,0.293447392836,9096.52635231,6.0,
962.731884058,0.945880438083,0.275649892222,0.728712163319,0.0944295614294,1.51232065718,6.61452117079,0.275649892222,8894.49073456,6.0,
782.467391304,0.958128285831,0.293061532326,0.741190658531,0.0943967613497,1.45300907474,5.4089940324,0.293061532326,9344.03933834,6.0,
736.691673771,0.960346798491,0.284184782306,0.731022129638,0.0949106074154,1.4749281332,5.25745950554,0.284184782306,9289.61381106,6.0,
740.584327934,0.95739454377,0.286079986685,0.734617687379,0.095782609756,1.49340033841,5.43215402103,0.286079986685,8691.42561763,6.0,
732.767902813,0.960071057611,0.291369463428,0.740029987287,0.0958990319638,1.44757032972,5.25298380222,0.291369463428,9175.60768689,6.0,
746.302998011,0.960385840132,0.291491895859,0.74884579379,0.0968936206999,1.43281805831,5.12510656436,0.291491895859,9419.45519749,6.0,
606.859192953,0.966078055953,0.294653880719,0.743516164716,0.094712851557,1.47132464433,4.54774083546,0.294653880719,8944.93535093,6.0,
598.217604433,0.966425705642,0.287363987854,0.743930855821,0.0979455289869,1.44703851035,4.40387894288,0.287363987854,8909.25882849,6.0,
730.391943734,0.961079294618,0.291794035157,0.742121002236,0.0979875217731,1.44036508105,5.09470019892,0.291794035157,9382.81631218,6.0,
613.885052572,0.966314318482,0.290164176753,0.741920550692,0.095325870746,1.44670238973,4.46987780619,0.290164176753,9111.95832938,6.0,
628.199630577,0.965938184178,0.285406068272,0.74290326135,0.0995379524524,1.4569491956,4.59562375675,0.285406068272,9222.15508667,6.0,
538.892441034,0.971079116492,0.301133583605,0.749361978805,0.0957193929535,1.41959756451,4.01264563797,0.301133583605,9316.78607809,6.0,
760.546248934,0.958542173094,0.279869889524,0.728183987478,0.0930323899526,1.54067633884,5.45176186417,0.279869889524,9172.39689754,6.0,
727.491190679,0.95969208324,0.296775417029,0.742614903652,0.0926119837515,1.45423041824,5.28047740835,0.296775417029,9024.36339337,6.0,
611.331628303,0.966827817623,0.285875054438,0.742862321583,0.0981551537889,1.47293432189,4.50582551861,0.285875054438,9214.9736435,6.0,
844.945368002,0.955937284547,0.282704721683,0.740389628362,0.0981080498044,1.45565827401,5.68677181017,0.282704721683,9587.82665049,6.0,
580.746305769,0.969985043515,0.30695696225,0.763058881722,0.0972692728511,1.35456599383,4.01584256891,0.30695696225,9662.69144053,6.0,
703.286445013,0.962364769271,0.299071754429,0.743583864671,0.0932982099948,1.46314053639,5.03410059676,0.299071754429,9343.45866084,6.0,
681.924410344,0.961769906439,0.291015581311,0.743686405911,0.0953033064896,1.41773222909,4.89926115374,0.291015581311,8918.68612957,6.0,
622.474566638,0.965280550856,0.300891777281,0.746746453932,0.0963460114696,1.43783535055,4.5021312873,0.300891777281,8963.79026814,6.0,
697.565785735,0.962903427649,0.300405469484,0.749234969119,0.0960923396226,1.42105430172,4.89343563512,0.300405469484,9402.02478985,6.0,
651.726626883,0.963714095693,0.28976058075,0.732683814948,0.0922614955539,1.4970393721,4.87269110543,0.28976058075,8980.43798739,6.0,
615.579781188,0.966663633693,0.298306675385,0.747440393426,0.0942117404307,1.44597962071,4.35642227906,0.298306675385,9233.29869823,6.0,
809.466041489,0.955049264249,0.296558694768,0.7303339291,0.0899722112732,1.49469627906,5.78317703893,0.296558694768,9004.05341355,6.0,
657.188618926,0.962169691063,0.301994789621,0.734426185564,0.0879368939732,1.48697612243,4.99580846831,0.301994789621,8685.98001853,6.0,
696.210997442,0.962503860662,0.296940598356,0.750619048075,0.0982748007336,1.4145927588,4.85080988917,0.296940598356,9283.76907252,6.0,
644.919295254,0.964085462697,0.297382976237,0.744648161571,0.0944043455529,1.46428931307,4.65870986076,0.297382976237,8978.53895495,6.0,
664.338306337,0.963297225437,0.305167151309,0.750009227502,0.0948229471244,1.42725367336,4.76626882637,0.305167151309,9050.33539676,6.0,
713.941815857,0.960981252102,0.286246803271,0.740760520791,0.0966472492296,1.46989232906,5.14414606422,0.286246803271,9149.1109517,6.0,
742.617362887,0.959870864495,0.291219110466,0.741752786339,0.0985446655666,1.47796840388,5.20048309179,0.291219110466,9252.88216586,6.0,
647.514847968,0.963075140196,0.283587125498,0.739481818194,0.096242054869,1.49799319642,4.76321398124,0.283587125498,8768.17587188,6.0,
561.948280762,0.968603354096,0.290361820995,0.746853413289,0.0954451176993,1.47585082186,4.21540210287,0.290361820995,8949.17696748,6.0,
574.805484513,0.969527991269,0.296652853373,0.752328587648,0.101164025378,1.44008535517,4.12972435351,0.296652853373,9431.69663666,6.0,
681.130434783,0.961639875967,0.292616832781,0.746705780696,0.0957041025514,1.47675460085,4.97513498153,0.292616832781,8878.10521923,6.0,
659.039926115,0.962687105643,0.286318118724,0.726594424272,0.0900959317393,1.48570670906,4.93861892583,0.286318118724,8831.26245594,7.0,
575.289357772,0.969044116404,0.27535060958,0.740681925334,0.100490311095,1.47980012296,4.27926967889,0.27535060958,9292.21693475,7.0,
758.786729184,0.958569715966,0.269586534302,0.743631125701,0.106204199492,1.45009940322,5.22236430804,0.269586534302,9157.39231435,7.0,
606.787297528,0.966465156182,0.273491431365,0.72794315169,0.0966679398908,1.51306060753,4.56138107417,0.273491431365,9046.99943244,7.0,
752.854859335,0.958290388421,0.267016916894,0.73497871436,0.104437694795,1.50574489377,5.26733447002,0.267016916894,9024.9881949,7.0,
602.422634271,0.966448346677,0.285701686723,0.736776183115,0.0938699626232,1.50471799698,4.57750781472,0.285701686723,8977.74122273,7.0,
479.411480534,0.973708269945,0.283966263279,0.743498422109,0.101021145814,1.45737813156,3.71895424837,0.283966263279,9117.01143327,7.0,
650.001776073,0.965467334378,0.275156215667,0.734958489673,0.098833891032,1.48250104292,4.66091219096,0.275156215667,9410.83694941,7.0,
573.965402103,0.968555825956,0.279360889988,0.747613957238,0.101782421628,1.46287111202,4.25156294402,0.279360889988,9127.63927623,7.0,
597.525717533,0.967583363911,0.275993912315,0.751975373873,0.106250893336,1.42037983174,4.28928672918,0.275993912315,9216.47273665,7.0,
640.217817562,0.965589739819,0.27624268363,0.73509058539,0.100478021017,1.50757584398,4.64379084967,0.27624268363,9302.81009431,7.0,
547.791844274,0.969058082355,0.277455793302,0.747537404174,0.103903369586,1.47351864278,4.09946007388,0.277455793302,8851.93753267,7.0,
629.643222506,0.966568925431,0.282772039836,0.747812952127,0.100734591821,1.4643369248,4.36871270247,0.282772039836,9413.2831917,7.0,
732.907360045,0.959672035083,0.267786235498,0.735980049871,0.10413211238,1.51080886842,5.12787723785,0.267786235498,9086.83789964,7.0,
576.223572038,0.968963887247,0.301562425177,0.756391661997,0.0967794706162,1.40436735869,4.08432793407,0.301562425177,9280.1380287,7.0,
595.186700767,0.967304875922,0.280114986553,0.735921222128,0.0982022844802,1.50141399611,4.43066211992,0.280114986553,9102.07129593,7.0,
650.933432793,0.963410403373,0.279577602155,0.740966131086,0.0996184450272,1.48685962401,4.68691389599,0.279577602155,8895.32724896,7.0,
730.018329071,0.960778210536,0.279569365296,0.735904531691,0.100722641598,1.48079022384,5.12134129014,0.279569365296,9306.28534604,7.0,
641.35350952,0.9645930867,0.272092740008,0.729088214468,0.100323819356,1.5352653371,4.75120772947,0.272092740008,9056.8966586,7.0,
701.441247513,0.961555430321,0.27095174323,0.733933948705,0.101041907138,1.49770315038,5.00490196078,0.27095174323,9122.37114156,7.0,
689.971938051,0.961576851309,0.261566013863,0.722259608418,0.0993052591077,1.55182823886,5.05789997158,0.261566013863,8978.75935053,7.0,
611.898408639,0.9665556651,0.272507732352,0.734511281399,0.102207129425,1.48541311066,4.4627735152,0.272507732352,9149.05247012,7.0,
574.183859051,0.968715181111,0.289030790994,0.752053301932,0.101741390782,1.44246542673,4.0895140665,0.289030790994,9174.33517058,7.0,
687.000710429,0.960632054053,0.264391014281,0.726640884344,0.0993218930571,1.55353810843,5.12674055129,0.264391014281,8725.38170215,7.0,
636.493321966,0.965285808446,0.280630850138,0.740493460307,0.101582862088,1.45343533849,4.56308610401,0.280630850138,9167.62415407,7.0,
462.59789713,0.973584330496,0.224055064695,0.707044559906,0.113539576496,1.62100422057,3.78644501279,0.224055064695,8756.32184504,7.0,
696.664748508,0.962136820375,0.276031937129,0.738853017382,0.102260460987,1.47629291901,4.84519749929,0.276031937129,9199.8898895,7.0,
715.990906508,0.959123379172,0.277219205674,0.731686155321,0.0975982633788,1.48294465927,5.17306052856,0.277219205674,8757.12821105,7.0,
897.333759591,0.951219397951,0.262438717162,0.724059730033,0.0992929653553,1.55849694523,6.1354077863,0.262438717162,9197.64949491,7.0,
663.787439614,0.962702105828,0.276235910429,0.731753393781,0.0979442220512,1.46192507597,4.929809605,0.276235910429,8897.23653814,7.0,
754.236288718,0.958248214087,0.262930162902,0.727972684831,0.100142823228,1.54458126625,5.35578289287,0.262930162902,9032.38355231,7.0,
735.996234726,0.957690307768,0.283093035082,0.740621594906,0.098265122069,1.4623224529,5.25184711566,0.283093035082,8697.92940833,7.0,
730.707871554,0.960163598542,0.262215009722,0.724256064107,0.0985672901136,1.51554071835,5.26030122194,0.262215009722,9171.71906216,7.0,
684.238846263,0.964485149072,0.279564762345,0.737910242413,0.0981287337897,1.47738005497,4.76967888605,0.279564762345,9632.41389563,7.0,
554.357203751,0.968997519825,0.283376298244,0.738447408789,0.0984370457406,1.46211353377,4.35393577721,0.283376298244,8940.52992879,7.0,
615.523302074,0.967038242644,0.278150233204,0.749343581662,0.10370916447,1.44913541013,4.35024154589,0.278150233204,9337.0058492,7.0,
573.447144075,0.968427657646,0.276328262174,0.737326213076,0.0988214631777,1.49666638887,4.34853651606,0.276328262174,9079.19316393,7.0,
613.787936914,0.966114714329,0.279782958358,0.738538512931,0.0975788568875,1.44635686976,4.49680306905,0.279782958358,9056.55393201,7.0,
651.760372265,0.965094983981,0.273992537244,0.72942813375,0.099846163007,1.4892056945,4.71050014209,0.273992537244,9337.20506405,7.0,
674.014776925,0.962603497239,0.276840189025,0.733500202527,0.0960464652548,1.50769512685,4.86231884058,0.276840189025,9011.95290417,7.0,
695.157431088,0.962011946164,0.257813195868,0.730447797449,0.105484052562,1.53189893495,5.00198920148,0.257813195868,9150.2750556,7.0,
716.27124183,0.96124797551,0.262052745616,0.737040817072,0.106446315798,1.49299334678,4.97584541063,0.262052745616,9241.59726251,7.0,
667.971085536,0.963350789831,0.262638642692,0.735648476277,0.104406522872,1.51775632122,4.78893151463,0.262638642692,9113.17428994,7.0,
773.596121057,0.957917352099,0.270814139231,0.731888753297,0.103421365008,1.50173289486,5.30726058539,0.270814139231,9192.39962182,7.0,
843.866794544,0.950355165241,0.208023815182,0.686131613816,0.109089247472,1.70935380884,6.18378800796,0.208023815182,8500.36215175,7.0,
750.213412901,0.959225040039,0.269671981621,0.748767117177,0.107281146172,1.47222838818,5.08084683149,0.269671981621,9200.37125133,7.0,
655.552074453,0.96365873275,0.281652109633,0.751970467025,0.103697751568,1.42043619795,4.62695368002,0.281652109633,9020.59678405,7.0,
715.094771242,0.96045485087,0.259867353459,0.73953112741,0.108515644949,1.47772047878,5.00838306337,0.259867353459,9042.7998275,7.0,
747.57374254,0.959220969645,0.264044511018,0.738439674707,0.109241089915,1.46398930701,5.17036089798,0.264044511018,9167.09534216,7.0,
635.692242114,0.966352821235,0.275113396113,0.747852563929,0.107361520782,1.43758265989,4.44927536232,0.275113396113,9448.06070363,7.0,
